#           k/h    P           
 0.99999997E-04 0.58091016E+03
 0.10202013E-03 0.59159363E+03
 0.10408108E-03 0.60245129E+03
 0.10618366E-03 0.61348480E+03
 0.10832871E-03 0.62469574E+03
 0.11051710E-03 0.63608551E+03
 0.11274968E-03 0.64765564E+03
 0.11502737E-03 0.65940735E+03
 0.11735109E-03 0.67134204E+03
 0.11972173E-03 0.68346088E+03
 0.12214028E-03 0.69576508E+03
 0.12460767E-03 0.70825555E+03
 0.12712492E-03 0.72093335E+03
 0.12969300E-03 0.73379919E+03
 0.13231297E-03 0.74685388E+03
 0.13498588E-03 0.76009814E+03
 0.13771278E-03 0.77353241E+03
 0.14049475E-03 0.78715717E+03
 0.14333293E-03 0.80097260E+03
 0.14622846E-03 0.81497900E+03
 0.14918247E-03 0.82917639E+03
 0.15219615E-03 0.84356470E+03
 0.15527071E-03 0.85814362E+03
 0.15840739E-03 0.87291272E+03
 0.16160744E-03 0.88787164E+03
 0.16487212E-03 0.90301965E+03
 0.16820275E-03 0.91835596E+03
 0.17160067E-03 0.93387958E+03
 0.17506724E-03 0.94958948E+03
 0.17860383E-03 0.96548431E+03
 0.18221186E-03 0.98156268E+03
 0.18589280E-03 0.99782312E+03
 0.18964807E-03 0.10142639E+04
 0.19347922E-03 0.10308832E+04
 0.19738778E-03 0.10476788E+04
 0.20137527E-03 0.10646489E+04
 0.20544330E-03 0.10817911E+04
 0.20959355E-03 0.10991030E+04
 0.21382760E-03 0.11165823E+04
 0.21814722E-03 0.11342261E+04
 0.22255408E-03 0.11520317E+04
 0.22704997E-03 0.11699966E+04
 0.23163669E-03 0.11881180E+04
 0.23631606E-03 0.12063928E+04
 0.24108996E-03 0.12248181E+04
 0.24596031E-03 0.12433910E+04
 0.25092901E-03 0.12621086E+04
 0.25599814E-03 0.12809681E+04
 0.26116965E-03 0.12999664E+04
 0.26644560E-03 0.13191006E+04
 0.27182818E-03 0.13383679E+04
 0.27731949E-03 0.13577662E+04
 0.28292168E-03 0.13772928E+04
 0.28863709E-03 0.13969454E+04
 0.29446793E-03 0.14167214E+04
 0.30041661E-03 0.14366193E+04
 0.30648540E-03 0.14566377E+04
 0.31267683E-03 0.14767754E+04
 0.31899329E-03 0.14970309E+04
 0.32543740E-03 0.15174033E+04
 0.33201167E-03 0.15378926E+04
 0.33871876E-03 0.15584991E+04
 0.34556136E-03 0.15792236E+04
 0.35254212E-03 0.16000665E+04
 0.35966394E-03 0.16210291E+04
 0.36692963E-03 0.16421134E+04
 0.37434211E-03 0.16633226E+04
 0.38190430E-03 0.16846599E+04
 0.38961932E-03 0.17061283E+04
 0.39749016E-03 0.17277319E+04
 0.40552000E-03 0.17494760E+04
 0.41371203E-03 0.17713661E+04
 0.42206954E-03 0.17934088E+04
 0.43059592E-03 0.18156102E+04
 0.43929456E-03 0.18379778E+04
 0.44816890E-03 0.18605197E+04
 0.45722249E-03 0.18832451E+04
 0.46645897E-03 0.19061633E+04
 0.47588209E-03 0.19292844E+04
 0.48549555E-03 0.19526188E+04
 0.49530319E-03 0.19761781E+04
 0.50530903E-03 0.19999742E+04
 0.51551696E-03 0.20240200E+04
 0.52593107E-03 0.20483284E+04
 0.53655554E-03 0.20729133E+04
 0.54739468E-03 0.20977888E+04
 0.55845280E-03 0.21229695E+04
 0.56973431E-03 0.21484709E+04
 0.58124372E-03 0.21743088E+04
 0.59298560E-03 0.22004995E+04
 0.60496473E-03 0.22270596E+04
 0.61718578E-03 0.22540051E+04
 0.62965375E-03 0.22813540E+04
 0.64237369E-03 0.23091243E+04
 0.65535045E-03 0.23373337E+04
 0.66858943E-03 0.23660000E+04
 0.68209582E-03 0.23951411E+04
 0.69587503E-03 0.24247759E+04
 0.70993265E-03 0.24549231E+04
 0.72427420E-03 0.24856023E+04
 0.73890563E-03 0.25168313E+04
 0.75383246E-03 0.25486287E+04
 0.76906086E-03 0.25810134E+04
 0.78459689E-03 0.26140056E+04
 0.80044678E-03 0.26476243E+04
 0.81661687E-03 0.26818872E+04
 0.83311368E-03 0.27168127E+04
 0.84994361E-03 0.27524204E+04
 0.86711359E-03 0.27887290E+04
 0.88463066E-03 0.28257578E+04
 0.90250134E-03 0.28635239E+04
 0.92073303E-03 0.29020449E+04
 0.93933311E-03 0.29413396E+04
 0.95830887E-03 0.29814263E+04
 0.97766798E-03 0.30223230E+04
 0.99741819E-03 0.30640459E+04
 0.10175674E-02 0.31066123E+04
 0.10381236E-02 0.31500391E+04
 0.10590950E-02 0.31943438E+04
 0.10804901E-02 0.32395432E+04
 0.11023175E-02 0.32856523E+04
 0.11245857E-02 0.33326875E+04
 0.11473041E-02 0.33806641E+04
 0.11704812E-02 0.34295981E+04
 0.11941264E-02 0.34795051E+04
 0.12182494E-02 0.35303994E+04
 0.12428596E-02 0.35822952E+04
 0.12679670E-02 0.36352070E+04
 0.12935817E-02 0.36891497E+04
 0.13197137E-02 0.37441367E+04
 0.13463736E-02 0.38001814E+04
 0.13735722E-02 0.38572969E+04
 0.14013201E-02 0.39154958E+04
 0.14296286E-02 0.39747913E+04
 0.14585090E-02 0.40351953E+04
 0.14879731E-02 0.40967192E+04
 0.15180323E-02 0.41593740E+04
 0.15486985E-02 0.42231709E+04
 0.15799842E-02 0.42881201E+04
 0.16119020E-02 0.43542329E+04
 0.16444647E-02 0.44215186E+04
 0.16776850E-02 0.44899863E+04
 0.17115764E-02 0.45596465E+04
 0.17461524E-02 0.46305073E+04
 0.17814270E-02 0.47025771E+04
 0.18174142E-02 0.47758647E+04
 0.18541284E-02 0.48503765E+04
 0.18915841E-02 0.49261206E+04
 0.19297971E-02 0.50031030E+04
 0.19687817E-02 0.50813306E+04
 0.20085536E-02 0.51608081E+04
 0.20491290E-02 0.52415410E+04
 0.20905242E-02 0.53235337E+04
 0.21327557E-02 0.54067905E+04
 0.21758399E-02 0.54913149E+04
 0.22197948E-02 0.55771113E+04
 0.22646377E-02 0.56641826E+04
 0.23103864E-02 0.57525317E+04
 0.23570592E-02 0.58421592E+04
 0.24046749E-02 0.59330645E+04
 0.24532524E-02 0.60252446E+04
 0.25028118E-02 0.61186963E+04
 0.25533722E-02 0.62134150E+04
 0.26049537E-02 0.63093945E+04
 0.26575772E-02 0.64066318E+04
 0.27112637E-02 0.65051226E+04
 0.27660348E-02 0.66048623E+04
 0.28219123E-02 0.67058442E+04
 0.28789188E-02 0.68080615E+04
 0.29370766E-02 0.69115063E+04
 0.29964095E-02 0.70161680E+04
 0.30569409E-02 0.71220352E+04
 0.31186952E-02 0.72290962E+04
 0.31816978E-02 0.73373369E+04
 0.32459723E-02 0.74467437E+04
 0.33115451E-02 0.75573008E+04
 0.33784427E-02 0.76689922E+04
 0.34466919E-02 0.77817983E+04
 0.35163197E-02 0.78957012E+04
 0.35873537E-02 0.80106797E+04
 0.36598232E-02 0.81267104E+04
 0.37337563E-02 0.82437705E+04
 0.38091831E-02 0.83618350E+04
 0.38861334E-02 0.84808760E+04
 0.39646388E-02 0.86008662E+04
 0.40447293E-02 0.87217764E+04
 0.41264393E-02 0.88435752E+04
 0.42097992E-02 0.89662295E+04
 0.42948425E-02 0.90897051E+04
 0.43816040E-02 0.92139619E+04
 0.44701183E-02 0.93389580E+04
 0.45604203E-02 0.94646514E+04
 0.46525472E-02 0.95909941E+04
 0.47465344E-02 0.97179443E+04
 0.48424210E-02 0.98454629E+04
 0.49402444E-02 0.99735127E+04
 0.50400435E-02 0.10102054E+05
 0.51418589E-02 0.10231047E+05
 0.52457317E-02 0.10360439E+05
 0.53517036E-02 0.10490158E+05
 0.54598148E-02 0.10620125E+05
 0.55701104E-02 0.10750256E+05
 0.56826337E-02 0.10880467E+05
 0.57974309E-02 0.11010680E+05
 0.59145465E-02 0.11140831E+05
 0.60340283E-02 0.11270859E+05
 0.61559235E-02 0.11400701E+05
 0.62802811E-02 0.11530290E+05
 0.64071510E-02 0.11659554E+05
 0.65365843E-02 0.11788406E+05
 0.66686315E-02 0.11916759E+05
 0.68033468E-02 0.12044521E+05
 0.69407835E-02 0.12171598E+05
 0.70809964E-02 0.12297895E+05
 0.72240415E-02 0.12423312E+05
 0.73699774E-02 0.12547749E+05
 0.75188605E-02 0.12671102E+05
 0.76707508E-02 0.12793266E+05
 0.78257136E-02 0.12914131E+05
 0.79838037E-02 0.13033587E+05
 0.81450874E-02 0.13151517E+05
 0.83096288E-02 0.13267805E+05
 0.84774951E-02 0.13382332E+05
 0.86487513E-02 0.13494977E+05
 0.88234674E-02 0.13605608E+05
 0.90017123E-02 0.13714098E+05
 0.91835596E-02 0.13820312E+05
 0.93690790E-02 0.13924120E+05
 0.95583471E-02 0.14025382E+05
 0.97514391E-02 0.14123957E+05
 0.99484306E-02 0.14219703E+05
 0.10149402E-01 0.14312477E+05
 0.10354433E-01 0.14402134E+05
 0.10563606E-01 0.14488515E+05
 0.10777006E-01 0.14571448E+05
 0.10994715E-01 0.14650761E+05
 0.11216822E-01 0.14726280E+05
 0.11443418E-01 0.14797834E+05
 0.11674589E-01 0.14865285E+05
 0.11910431E-01 0.14928521E+05
 0.12151038E-01 0.14987430E+05
 0.12396505E-01 0.15041909E+05
 0.12646930E-01 0.15091843E+05
 0.12902415E-01 0.15136968E+05
 0.13163067E-01 0.15176909E+05
 0.13428980E-01 0.15211291E+05
 0.13700262E-01 0.15239742E+05
 0.13977026E-01 0.15261939E+05
 0.14259379E-01 0.15278124E+05
 0.14547437E-01 0.15288908E+05
 0.14841316E-01 0.15294920E+05
 0.15141129E-01 0.15296790E+05
 0.15447001E-01 0.15295042E+05
 0.15759049E-01 0.15289045E+05
 0.16077405E-01 0.15277502E+05
 0.16402189E-01 0.15259120E+05
 0.16733535E-01 0.15232621E+05
 0.17071573E-01 0.15196885E+05
 0.17416442E-01 0.15152033E+05
 0.17768279E-01 0.15098818E+05
 0.18127220E-01 0.15038006E+05
 0.18493414E-01 0.14970361E+05
 0.18867005E-01 0.14896511E+05
 0.19248145E-01 0.14816074E+05
 0.19636983E-01 0.14728236E+05
 0.20033674E-01 0.14632212E+05
 0.20438381E-01 0.14527252E+05
 0.20851264E-01 0.14412816E+05
 0.21272486E-01 0.14289461E+05
 0.21702228E-01 0.14158167E+05
 0.22140643E-01 0.14019903E+05
 0.22587912E-01 0.13875621E+05
 0.23044219E-01 0.13726148E+05
 0.23509743E-01 0.13571739E+05
 0.23984671E-01 0.13412455E+05
 0.24469191E-01 0.13248370E+05
 0.24963502E-01 0.13079569E+05
 0.25467798E-01 0.12906129E+05
 0.25982281E-01 0.12728028E+05
 0.26507158E-01 0.12545236E+05
 0.27042639E-01 0.12357743E+05
 0.27588934E-01 0.12165557E+05
 0.28146267E-01 0.11968797E+05
 0.28714858E-01 0.11767976E+05
 0.29294936E-01 0.11563689E+05
 0.29886734E-01 0.11356518E+05
 0.30490484E-01 0.11147021E+05
 0.31106433E-01 0.10935807E+05
 0.31734824E-01 0.10723725E+05
 0.32375909E-01 0.10511634E+05
 0.33029947E-01 0.10300339E+05
 0.33697195E-01 0.10090588E+05
 0.34377921E-01 0.98830156E+04
 0.35072401E-01 0.96780225E+04
 0.35780910E-01 0.94759385E+04
 0.36503751E-01 0.92770645E+04
 0.37241172E-01 0.90816768E+04
 0.37993494E-01 0.88901621E+04
 0.38761012E-01 0.87032617E+04
 0.39544035E-01 0.85217178E+04
 0.40342879E-01 0.83462031E+04
 0.41157857E-01 0.81773301E+04
 0.41989300E-01 0.80154575E+04
 0.42837542E-01 0.78604277E+04
 0.43702915E-01 0.77120137E+04
 0.44585772E-01 0.75700000E+04
 0.45486465E-01 0.74341821E+04
 0.46405349E-01 0.73043970E+04
 0.47342800E-01 0.71805308E+04
 0.48299186E-01 0.70624780E+04
 0.49274895E-01 0.69501367E+04
 0.50270312E-01 0.68433018E+04
 0.51285837E-01 0.67413936E+04
 0.52321881E-01 0.66437827E+04
 0.53378850E-01 0.65498735E+04
 0.54457176E-01 0.64590552E+04
 0.55557281E-01 0.63705752E+04
 0.56679614E-01 0.62836841E+04
 0.57824615E-01 0.61976694E+04
 0.58992747E-01 0.61117881E+04
 0.60184479E-01 0.60252339E+04
 0.61400317E-01 0.59372388E+04
 0.62640682E-01 0.58469712E+04
 0.63906111E-01 0.57530229E+04
 0.65197095E-01 0.56538682E+04
 0.66514164E-01 0.55482388E+04
 0.67857832E-01 0.54364712E+04
 0.69228657E-01 0.53198853E+04
 0.70627168E-01 0.51995952E+04
 0.72053924E-01 0.50745513E+04
 0.73509507E-01 0.49423633E+04
 0.74994497E-01 0.48013096E+04
 0.76509491E-01 0.46529937E+04
 0.78055084E-01 0.45003979E+04
 0.79631895E-01 0.43459297E+04
 0.81240565E-01 0.41907432E+04
 0.82881734E-01 0.40357061E+04
 0.84556051E-01 0.38820637E+04
 0.86264193E-01 0.37313486E+04
 0.88006847E-01 0.35849937E+04
 0.89784704E-01 0.34445220E+04
 0.91598473E-01 0.33112678E+04
 0.93448877E-01 0.31864084E+04
 0.95336676E-01 0.30710872E+04
 0.97262599E-01 0.29662639E+04
 0.99227436E-01 0.28723518E+04
 0.10123201E+00 0.27892578E+04
 0.10327702E+00 0.27167329E+04
 0.10536335E+00 0.26536265E+04
 0.10749183E+00 0.25985588E+04
 0.10966332E+00 0.25498733E+04
 0.11187866E+00 0.25055095E+04
 0.11413875E+00 0.24634631E+04
 0.11644451E+00 0.24216614E+04
 0.11879683E+00 0.23781418E+04
 0.12119669E+00 0.23311992E+04
 0.12364503E+00 0.22793608E+04
 0.12614281E+00 0.22216677E+04
 0.12869108E+00 0.21575796E+04
 0.13129081E+00 0.20871921E+04
 0.13394305E+00 0.20110992E+04
 0.13664888E+00 0.19304796E+04
 0.13940936E+00 0.18468915E+04
 0.14222562E+00 0.17623943E+04
 0.14509876E+00 0.16792108E+04
 0.14802995E+00 0.15997961E+04
 0.15102035E+00 0.15263357E+04
 0.15407117E+00 0.14605635E+04
 0.15718360E+00 0.14033665E+04
 0.16035892E+00 0.13547758E+04
 0.16359837E+00 0.13139526E+04
 0.16690327E+00 0.12795929E+04
 0.17027503E+00 0.12500494E+04
 0.17371480E+00 0.12234619E+04
 0.17722408E+00 0.11977769E+04
 0.18080424E+00 0.11707517E+04
 0.18445672E+00 0.11404041E+04
 0.18818299E+00 0.11054546E+04
 0.19198453E+00 0.10657383E+04
 0.19586287E+00 0.10222066E+04
 0.19981956E+00 0.97643604E+03
 0.20385619E+00 0.93025555E+03
 0.20797436E+00 0.88551801E+03
 0.21217570E+00 0.84399133E+03
 0.21646193E+00 0.80708057E+03
 0.22083476E+00 0.77547858E+03
 0.22529592E+00 0.74897998E+03
 0.22984719E+00 0.72657465E+03
 0.23449039E+00 0.70673456E+03
 0.23922741E+00 0.68769647E+03
 0.24406013E+00 0.66777832E+03
 0.24899045E+00 0.64580908E+03
 0.25402039E+00 0.62147333E+03
 0.25915194E+00 0.59530011E+03
 0.26438716E+00 0.56836487E+03
 0.26972812E+00 0.54198535E+03
 0.27517700E+00 0.51744629E+03
 0.28073606E+00 0.49563586E+03
 0.28640729E+00 0.47673550E+03
 0.29219311E+00 0.46023053E+03
 0.29809579E+00 0.44517545E+03
 0.30411756E+00 0.43048898E+03
 0.31026131E+00 0.41526080E+03
 0.31652883E+00 0.39908865E+03
 0.32292327E+00 0.38221436E+03
 0.32944661E+00 0.36531927E+03
 0.33610201E+00 0.34917514E+03
 0.34289157E+00 0.33436017E+03
 0.34981859E+00 0.32105594E+03
 0.35688522E+00 0.30898956E+03
 0.36409497E+00 0.29761505E+03
 0.37145033E+00 0.28638165E+03
 0.37895393E+00 0.27495050E+03
 0.38660949E+00 0.26336661E+03
 0.39441931E+00 0.25199057E+03
 0.40238729E+00 0.24117239E+03
 0.41051584E+00 0.23112712E+03
 0.41880903E+00 0.22184534E+03
 0.42726934E+00 0.21306134E+03
 0.43590093E+00 0.20450761E+03
 0.44470647E+00 0.19604478E+03
 0.45369038E+00 0.18769951E+03
 0.46285531E+00 0.17965269E+03
 0.47220579E+00 0.17204201E+03
 0.48174477E+00 0.16487175E+03
 0.49147689E+00 0.15806209E+03
 0.50140512E+00 0.15147481E+03
 0.51153439E+00 0.14505280E+03
 0.52186781E+00 0.13883357E+03
 0.53241050E+00 0.13287338E+03
 0.54316562E+00 0.12721461E+03
 0.55413854E+00 0.12181834E+03
 0.56533259E+00 0.11662859E+03
 0.57675338E+00 0.11161266E+03
 0.58840430E+00 0.10678766E+03
 0.60029107E+00 0.10216840E+03
 0.61241806E+00 0.97752419E+02
 0.62478942E+00 0.93524582E+02
 0.63741130E+00 0.89471016E+02
 0.65028751E+00 0.85582512E+02
 0.66342449E+00 0.81853012E+02
 0.67682624E+00 0.78276688E+02
 0.69049937E+00 0.74847878E+02
 0.70444804E+00 0.71561096E+02
 0.71867913E+00 0.68411034E+02
 0.73319703E+00 0.65392525E+02
 0.74800897E+00 0.62500587E+02
 0.76311934E+00 0.59730373E+02
 0.77853578E+00 0.57077209E+02
 0.79426283E+00 0.54536556E+02
 0.81030840E+00 0.52104042E+02
 0.82667732E+00 0.49775425E+02
 0.84337759E+00 0.47546616E+02
 0.86041462E+00 0.45413654E+02
 0.87779653E+00 0.43372719E+02
 0.89552867E+00 0.41420116E+02
 0.91362000E+00 0.39552219E+02
 0.93207598E+00 0.37765522E+02
 0.95090556E+00 0.36056652E+02
 0.97011465E+00 0.34422379E+02
 0.98971266E+00 0.32859589E+02
 0.10097067E+01 0.31365290E+02
 0.10301036E+01 0.29936619E+02
 0.10509136E+01 0.28570812E+02
 0.10721428E+01 0.27265226E+02
 0.10938021E+01 0.26017317E+02
 0.11158978E+01 0.24824642E+02
 0.11384410E+01 0.23684862E+02
 0.11614385E+01 0.22595722E+02
 0.11849015E+01 0.21555069E+02
 0.12088375E+01 0.20560829E+02
 0.12332582E+01 0.19611013E+02
 0.12581712E+01 0.18703711E+02
 0.12835884E+01 0.17837078E+02
 0.13095180E+01 0.17009348E+02
 0.13359727E+01 0.16218830E+02
 0.13629605E+01 0.15463901E+02
 0.13904947E+01 0.14743010E+02
 0.14185839E+01 0.14054668E+02
 0.14472418E+01 0.13397453E+02
 0.14764773E+01 0.12770002E+02
 0.15063047E+01 0.12171009E+02
 0.15367334E+01 0.11599224E+02
 0.15677782E+01 0.11053450E+02
 0.15994486E+01 0.10532541E+02
 0.16317604E+01 0.10035400E+02
 0.16647232E+01 0.95609779E+01
 0.16983536E+01 0.91082687E+01
 0.17326634E+01 0.86763134E+01
 0.17676648E+01 0.82642136E+01
 0.18033748E+01 0.78711243E+01
 0.18398044E+01 0.74962330E+01
 0.18769718E+01 0.71387548E+01
 0.19148883E+01 0.67979350E+01
 0.19535724E+01 0.64730468E+01
 0.19930363E+01 0.61633916E+01
 0.20332992E+01 0.58682971E+01
 0.20743735E+01 0.55871177E+01
 0.21162796E+01 0.53192325E+01
 0.21590302E+01 0.50640459E+01
 0.22026465E+01 0.48209858E+01
 0.22471418E+01 0.45895033E+01
 0.22925382E+01 0.43690720E+01
 0.23388493E+01 0.41591873E+01
 0.23860984E+01 0.39593649E+01
