#           k/h    P           
 0.99999997E-04 0.97301455E+04
 0.10202013E-03 0.98087695E+04
 0.10408108E-03 0.98845146E+04
 0.10618366E-03 0.99572236E+04
 0.10832871E-03 0.10026742E+05
 0.11051710E-03 0.10092917E+05
 0.11274968E-03 0.10155599E+05
 0.11502737E-03 0.10214641E+05
 0.11735109E-03 0.10269896E+05
 0.11972173E-03 0.10321223E+05
 0.12214028E-03 0.10368484E+05
 0.12460767E-03 0.10411555E+05
 0.12712492E-03 0.10450309E+05
 0.12969300E-03 0.10484629E+05
 0.13231297E-03 0.10514399E+05
 0.13498588E-03 0.10539520E+05
 0.13771278E-03 0.10559902E+05
 0.14049475E-03 0.10575463E+05
 0.14333293E-03 0.10586127E+05
 0.14622846E-03 0.10591824E+05
 0.14918247E-03 0.10592506E+05
 0.15219615E-03 0.10588138E+05
 0.15527071E-03 0.10578694E+05
 0.15840739E-03 0.10564156E+05
 0.16160744E-03 0.10544514E+05
 0.16487212E-03 0.10519781E+05
 0.16820275E-03 0.10489990E+05
 0.17160067E-03 0.10455180E+05
 0.17506724E-03 0.10415397E+05
 0.17860383E-03 0.10370699E+05
 0.18221186E-03 0.10321167E+05
 0.18589280E-03 0.10266901E+05
 0.18964807E-03 0.10208007E+05
 0.19347922E-03 0.10144598E+05
 0.19738778E-03 0.10076792E+05
 0.20137527E-03 0.10004736E+05
 0.20544330E-03 0.99285908E+04
 0.20959355E-03 0.98485205E+04
 0.21382760E-03 0.97646914E+04
 0.21814722E-03 0.96772764E+04
 0.22255408E-03 0.95864697E+04
 0.22704997E-03 0.94924766E+04
 0.23163669E-03 0.93955020E+04
 0.23631606E-03 0.92957510E+04
 0.24108996E-03 0.91934258E+04
 0.24596031E-03 0.90887520E+04
 0.25092901E-03 0.89819561E+04
 0.25599814E-03 0.88732607E+04
 0.26116965E-03 0.87628848E+04
 0.26644560E-03 0.86510430E+04
 0.27182818E-03 0.85379629E+04
 0.27731949E-03 0.84238711E+04
 0.28292168E-03 0.83089844E+04
 0.28863709E-03 0.81935146E+04
 0.29446793E-03 0.80776650E+04
 0.30041661E-03 0.79616455E+04
 0.30648540E-03 0.78456602E+04
 0.31267683E-03 0.77299028E+04
 0.31899329E-03 0.76145581E+04
 0.32543740E-03 0.74998037E+04
 0.33201167E-03 0.73858145E+04
 0.33871876E-03 0.72727573E+04
 0.34556136E-03 0.71607905E+04
 0.35254212E-03 0.70500610E+04
 0.35966394E-03 0.69407085E+04
 0.36692963E-03 0.68328657E+04
 0.37434211E-03 0.67266572E+04
 0.38190430E-03 0.66221982E+04
 0.38961932E-03 0.65195962E+04
 0.39749016E-03 0.64189502E+04
 0.40552000E-03 0.63203486E+04
 0.41371203E-03 0.62238721E+04
 0.42206954E-03 0.61295952E+04
 0.43059592E-03 0.60375869E+04
 0.43929456E-03 0.59479077E+04
 0.44816890E-03 0.58606060E+04
 0.45722249E-03 0.57757261E+04
 0.46645897E-03 0.56933071E+04
 0.47588209E-03 0.56133848E+04
 0.48549555E-03 0.55359888E+04
 0.49530319E-03 0.54611353E+04
 0.50530903E-03 0.53888384E+04
 0.51551696E-03 0.53191099E+04
 0.52593107E-03 0.52519609E+04
 0.53655554E-03 0.51873955E+04
 0.54739468E-03 0.51254087E+04
 0.55845280E-03 0.50659922E+04
 0.56973431E-03 0.50091392E+04
 0.58124372E-03 0.49548442E+04
 0.59298560E-03 0.49030952E+04
 0.60496473E-03 0.48538716E+04
 0.61718578E-03 0.48071533E+04
 0.62965375E-03 0.47629209E+04
 0.64237369E-03 0.47211577E+04
 0.65535045E-03 0.46818442E+04
 0.66858943E-03 0.46449512E+04
 0.68209582E-03 0.46104512E+04
 0.69587503E-03 0.45783203E+04
 0.70993265E-03 0.45485366E+04
 0.72427420E-03 0.45210762E+04
 0.73890563E-03 0.44959067E+04
 0.75383246E-03 0.44730005E+04
 0.76906086E-03 0.44523315E+04
 0.78459689E-03 0.44338770E+04
 0.80044678E-03 0.44176113E+04
 0.81661687E-03 0.44035054E+04
 0.83311368E-03 0.43915308E+04
 0.84994361E-03 0.43816636E+04
 0.86711359E-03 0.43738818E+04
 0.88463066E-03 0.43681626E+04
 0.90250134E-03 0.43644785E+04
 0.92073303E-03 0.43628062E+04
 0.93933311E-03 0.43631230E+04
 0.95830887E-03 0.43654111E+04
 0.97766798E-03 0.43696494E+04
 0.99741819E-03 0.43758154E+04
 0.10175674E-02 0.43838892E+04
 0.10381236E-02 0.43938525E+04
 0.10590950E-02 0.44056895E+04
 0.10804901E-02 0.44193828E+04
 0.11023175E-02 0.44349155E+04
 0.11245857E-02 0.44522705E+04
 0.11473041E-02 0.44714341E+04
 0.11704812E-02 0.44923926E+04
 0.11941264E-02 0.45151333E+04
 0.12182494E-02 0.45396426E+04
 0.12428596E-02 0.45659082E+04
 0.12679670E-02 0.45939185E+04
 0.12935817E-02 0.46236631E+04
 0.13197137E-02 0.46551328E+04
 0.13463736E-02 0.46883164E+04
 0.13735722E-02 0.47232061E+04
 0.14013201E-02 0.47597925E+04
 0.14296286E-02 0.47980679E+04
 0.14585090E-02 0.48380249E+04
 0.14879731E-02 0.48796558E+04
 0.15180323E-02 0.49229541E+04
 0.15486985E-02 0.49679126E+04
 0.15799842E-02 0.50145249E+04
 0.16119020E-02 0.50627856E+04
 0.16444647E-02 0.51126890E+04
 0.16776850E-02 0.51642305E+04
 0.17115764E-02 0.52174043E+04
 0.17461524E-02 0.52722046E+04
 0.17814270E-02 0.53286274E+04
 0.18174142E-02 0.53866685E+04
 0.18541284E-02 0.54463228E+04
 0.18915841E-02 0.55075845E+04
 0.19297971E-02 0.55704487E+04
 0.19687817E-02 0.56349102E+04
 0.20085536E-02 0.57009639E+04
 0.20491290E-02 0.57686050E+04
 0.20905242E-02 0.58378271E+04
 0.21327557E-02 0.59086235E+04
 0.21758399E-02 0.59809883E+04
 0.22197948E-02 0.60549165E+04
 0.22646377E-02 0.61304033E+04
 0.23103864E-02 0.62074404E+04
 0.23570592E-02 0.62860205E+04
 0.24046749E-02 0.63661362E+04
 0.24532524E-02 0.64477788E+04
 0.25028118E-02 0.65309390E+04
 0.25533722E-02 0.66156064E+04
 0.26049537E-02 0.67017690E+04
 0.26575772E-02 0.67894180E+04
 0.27112637E-02 0.68785430E+04
 0.27660348E-02 0.69691333E+04
 0.28219123E-02 0.70611772E+04
 0.28789188E-02 0.71546606E+04
 0.29370766E-02 0.72495703E+04
 0.29964095E-02 0.73458921E+04
 0.30569409E-02 0.74436099E+04
 0.31186952E-02 0.75427056E+04
 0.31816978E-02 0.76431616E+04
 0.32459723E-02 0.77449590E+04
 0.33115451E-02 0.78480791E+04
 0.33784427E-02 0.79525015E+04
 0.34466919E-02 0.80582031E+04
 0.35163197E-02 0.81651602E+04
 0.35873537E-02 0.82733486E+04
 0.36598232E-02 0.83827432E+04
 0.37337563E-02 0.84933164E+04
 0.38091831E-02 0.86050391E+04
 0.38861334E-02 0.87178799E+04
 0.39646388E-02 0.88318076E+04
 0.40447293E-02 0.89467920E+04
 0.41264393E-02 0.90627979E+04
 0.42097992E-02 0.91797900E+04
 0.42948425E-02 0.92977285E+04
 0.43816040E-02 0.94165723E+04
 0.44701183E-02 0.95362773E+04
 0.45604203E-02 0.96567988E+04
 0.46525472E-02 0.97780859E+04
 0.47465344E-02 0.99000947E+04
 0.48424210E-02 0.10022783E+05
 0.49402444E-02 0.10146112E+05
 0.50400435E-02 0.10270040E+05
 0.51418589E-02 0.10394524E+05
 0.52457317E-02 0.10519510E+05
 0.53517036E-02 0.10644922E+05
 0.54598148E-02 0.10770680E+05
 0.55701104E-02 0.10896698E+05
 0.56826337E-02 0.11022890E+05
 0.57974309E-02 0.11149175E+05
 0.59145465E-02 0.11275488E+05
 0.60340283E-02 0.11401767E+05
 0.61559235E-02 0.11527944E+05
 0.62802811E-02 0.11653954E+05
 0.64071510E-02 0.11779722E+05
 0.65365843E-02 0.11905158E+05
 0.66686315E-02 0.12030176E+05
 0.68033468E-02 0.12154680E+05
 0.69407835E-02 0.12278576E+05
 0.70809964E-02 0.12401768E+05
 0.72240415E-02 0.12524153E+05
 0.73699774E-02 0.12645630E+05
 0.75188605E-02 0.12766093E+05
 0.76707508E-02 0.12885436E+05
 0.78257136E-02 0.13003548E+05
 0.79838037E-02 0.13120314E+05
 0.81450874E-02 0.13235622E+05
 0.83096288E-02 0.13349351E+05
 0.84774951E-02 0.13461382E+05
 0.86487513E-02 0.13571592E+05
 0.88234674E-02 0.13679849E+05
 0.90017123E-02 0.13786022E+05
 0.91835596E-02 0.13889979E+05
 0.93690790E-02 0.13991584E+05
 0.95583471E-02 0.14090698E+05
 0.97514391E-02 0.14187181E+05
 0.99484306E-02 0.14280886E+05
 0.10149402E-01 0.14371671E+05
 0.10354433E-01 0.14459390E+05
 0.10563606E-01 0.14543884E+05
 0.10777006E-01 0.14624979E+05
 0.10994715E-01 0.14702500E+05
 0.11216822E-01 0.14776274E+05
 0.11443418E-01 0.14846130E+05
 0.11674589E-01 0.14911926E+05
 0.11910431E-01 0.14973551E+05
 0.12151038E-01 0.15030895E+05
 0.12396505E-01 0.15083850E+05
 0.12646930E-01 0.15132302E+05
 0.12902415E-01 0.15175985E+05
 0.13163067E-01 0.15214525E+05
 0.13428980E-01 0.15247544E+05
 0.13700262E-01 0.15274667E+05
 0.13977026E-01 0.15295573E+05
 0.14259379E-01 0.15310502E+05
 0.14547437E-01 0.15320067E+05
 0.14841316E-01 0.15324897E+05
 0.15141129E-01 0.15325626E+05
 0.15447001E-01 0.15322773E+05
 0.15759049E-01 0.15315707E+05
 0.16077405E-01 0.15303130E+05
 0.16402189E-01 0.15283743E+05
 0.16733535E-01 0.15256267E+05
 0.17071573E-01 0.15219580E+05
 0.17416442E-01 0.15173803E+05
 0.17768279E-01 0.15119689E+05
 0.18127220E-01 0.15058007E+05
 0.18493414E-01 0.14989520E+05
 0.18867005E-01 0.14914855E+05
 0.19248145E-01 0.14833633E+05
 0.19636983E-01 0.14745035E+05
 0.20033674E-01 0.14648275E+05
 0.20438381E-01 0.14542604E+05
 0.20851264E-01 0.14427479E+05
 0.21272486E-01 0.14303456E+05
 0.21702228E-01 0.14171519E+05
 0.22140643E-01 0.14032634E+05
 0.22587912E-01 0.13887754E+05
 0.23044219E-01 0.13737708E+05
 0.23509743E-01 0.13582748E+05
 0.23984671E-01 0.13422935E+05
 0.24469191E-01 0.13258342E+05
 0.24963502E-01 0.13089055E+05
 0.25467798E-01 0.12915146E+05
 0.25982281E-01 0.12736597E+05
 0.26507158E-01 0.12553375E+05
 0.27042639E-01 0.12365469E+05
 0.27588934E-01 0.12172889E+05
 0.28146267E-01 0.11975753E+05
 0.28714858E-01 0.11774571E+05
 0.29294936E-01 0.11569940E+05
 0.29886734E-01 0.11362438E+05
 0.30490484E-01 0.11152625E+05
 0.31106433E-01 0.10941106E+05
 0.31734824E-01 0.10728735E+05
 0.32375909E-01 0.10516372E+05
 0.33029947E-01 0.10304822E+05
 0.33697195E-01 0.10094836E+05
 0.34377921E-01 0.98870469E+04
 0.35072401E-01 0.96818486E+04
 0.35780910E-01 0.94795625E+04
 0.36503751E-01 0.92804863E+04
 0.37241172E-01 0.90848857E+04
 0.37993494E-01 0.88931514E+04
 0.38761012E-01 0.87060449E+04
 0.39544035E-01 0.85243311E+04
 0.40342879E-01 0.83487051E+04
 0.41157857E-01 0.81797969E+04
 0.41989300E-01 0.80179688E+04
 0.42837542E-01 0.78630278E+04
 0.43702915E-01 0.77147085E+04
 0.44585772E-01 0.75727598E+04
 0.45486465E-01 0.74369448E+04
 0.46405349E-01 0.73070942E+04
 0.47342800E-01 0.71831191E+04
 0.48299186E-01 0.70649399E+04
 0.49274895E-01 0.69524785E+04
 0.50270312E-01 0.68455464E+04
 0.51285837E-01 0.67435605E+04
 0.52321881E-01 0.66458838E+04
 0.53378850E-01 0.65519136E+04
 0.54457176E-01 0.64610327E+04
 0.55557281E-01 0.63724902E+04
 0.56679614E-01 0.62855376E+04
 0.57824615E-01 0.61994639E+04
 0.58992747E-01 0.61135269E+04
 0.60184479E-01 0.60269194E+04
 0.61400317E-01 0.59388730E+04
 0.62640682E-01 0.58485562E+04
 0.63906111E-01 0.57545586E+04
 0.65197095E-01 0.56553555E+04
 0.66514164E-01 0.55496772E+04
 0.67857832E-01 0.54378604E+04
 0.69228657E-01 0.53212256E+04
 0.70627168E-01 0.52008872E+04
 0.72053924E-01 0.50757949E+04
 0.73509507E-01 0.49435586E+04
 0.74994497E-01 0.48024561E+04
 0.76509491E-01 0.46540908E+04
 0.78055084E-01 0.45014468E+04
 0.79631895E-01 0.43469312E+04
 0.81240565E-01 0.41916982E+04
 0.82881734E-01 0.40366157E+04
 0.84556051E-01 0.38829292E+04
 0.86264193E-01 0.37321716E+04
 0.88006847E-01 0.35857769E+04
 0.89784704E-01 0.34452671E+04
 0.91598473E-01 0.33119773E+04
 0.93448877E-01 0.31870850E+04
 0.95336676E-01 0.30717332E+04
 0.97262599E-01 0.29668826E+04
 0.99227436E-01 0.28729458E+04
 0.10123201E+00 0.27898303E+04
 0.10327702E+00 0.27172859E+04
 0.10536335E+00 0.26541626E+04
 0.10749183E+00 0.25990801E+04
 0.10966332E+00 0.25503809E+04
 0.11187866E+00 0.25060049E+04
 0.11413875E+00 0.24639475E+04
 0.11644451E+00 0.24221348E+04
 0.11879683E+00 0.23786040E+04
 0.12119669E+00 0.23316494E+04
 0.12364503E+00 0.22797981E+04
 0.12614281E+00 0.22220911E+04
 0.12869108E+00 0.21579885E+04
 0.13129081E+00 0.20875859E+04
 0.13394305E+00 0.20114768E+04
 0.13664888E+00 0.19308401E+04
 0.13940936E+00 0.18472349E+04
 0.14222562E+00 0.17627207E+04
 0.14509876E+00 0.16795204E+04
 0.14802995E+00 0.16000897E+04
 0.15102035E+00 0.15266146E+04
 0.15407117E+00 0.14608292E+04
 0.15718360E+00 0.14036208E+04
 0.16035892E+00 0.13550205E+04
 0.16359837E+00 0.13141892E+04
 0.16690327E+00 0.12798224E+04
 0.17027503E+00 0.12502727E+04
 0.17371480E+00 0.12236798E+04
 0.17722408E+00 0.11979896E+04
 0.18080424E+00 0.11709592E+04
 0.18445672E+00 0.11406057E+04
 0.18818299E+00 0.11056495E+04
 0.19198453E+00 0.10659255E+04
 0.19586287E+00 0.10223858E+04
 0.19981956E+00 0.97660681E+03
 0.20385619E+00 0.93041772E+03
 0.20797436E+00 0.88567218E+03
 0.21217570E+00 0.84413794E+03
 0.21646193E+00 0.80722028E+03
 0.22083476E+00 0.77561243E+03
 0.22529592E+00 0.74910907E+03
 0.22984719E+00 0.72669983E+03
 0.23449039E+00 0.70685608E+03
 0.23922741E+00 0.68781445E+03
 0.24406013E+00 0.66789270E+03
 0.24899045E+00 0.64591956E+03
 0.25402039E+00 0.62157941E+03
 0.25915194E+00 0.59540155E+03
 0.26438716E+00 0.56846161E+03
 0.26972812E+00 0.54207751E+03
 0.27517700E+00 0.51753406E+03
 0.28073606E+00 0.49571985E+03
 0.28640729E+00 0.47681631E+03
 0.29219311E+00 0.46030844E+03
 0.29809579E+00 0.44525070E+03
 0.30411756E+00 0.43056168E+03
 0.31026131E+00 0.41533081E+03
 0.31652883E+00 0.39915585E+03
 0.32292327E+00 0.38227872E+03
 0.32944661E+00 0.36538071E+03
 0.33610201E+00 0.34923370E+03
 0.34289157E+00 0.33441638E+03
 0.34981859E+00 0.32110971E+03
 0.35688522E+00 0.30904135E+03
 0.36409497E+00 0.29766489E+03
 0.37145033E+00 0.28642950E+03
 0.37895393E+00 0.27499652E+03
 0.38660949E+00 0.26341058E+03
 0.39441931E+00 0.25203264E+03
 0.40238729E+00 0.24121262E+03
 0.41051584E+00 0.23116562E+03
 0.41880903E+00 0.22188232E+03
 0.42726934E+00 0.21309685E+03
 0.43590093E+00 0.20454163E+03
 0.44470647E+00 0.19607741E+03
 0.45369038E+00 0.18773068E+03
 0.46285531E+00 0.17968256E+03
 0.47220579E+00 0.17207062E+03
 0.48174477E+00 0.16489914E+03
 0.49147689E+00 0.15808830E+03
 0.50140512E+00 0.15149994E+03
 0.51153439E+00 0.14507683E+03
 0.52186781E+00 0.13885658E+03
 0.53241050E+00 0.13289539E+03
 0.54316562E+00 0.12723567E+03
 0.55413854E+00 0.12183852E+03
 0.56533259E+00 0.11664790E+03
 0.57675338E+00 0.11163114E+03
 0.58840430E+00 0.10680534E+03
 0.60029107E+00 0.10218530E+03
 0.61241806E+00 0.97768593E+02
 0.62478942E+00 0.93540047E+02
 0.63741130E+00 0.89485802E+02
 0.65028751E+00 0.85596657E+02
 0.66342449E+00 0.81866531E+02
 0.67682624E+00 0.78289612E+02
 0.69049937E+00 0.74860229E+02
 0.70444804E+00 0.71572906E+02
 0.71867913E+00 0.68422325E+02
 0.73319703E+00 0.65403320E+02
 0.74800897E+00 0.62510899E+02
 0.76311934E+00 0.59740227E+02
 0.77853578E+00 0.57086624E+02
 0.79426283E+00 0.54545555E+02
 0.81030840E+00 0.52112637E+02
 0.82667732E+00 0.49783638E+02
 0.84337759E+00 0.47554459E+02
 0.86041462E+00 0.45421143E+02
 0.87779653E+00 0.43379875E+02
 0.89552867E+00 0.41426949E+02
 0.91362000E+00 0.39558743E+02
 0.93207598E+00 0.37771748E+02
 0.95090556E+00 0.36062599E+02
 0.97011465E+00 0.34428055E+02
 0.98971266E+00 0.32865005E+02
 0.10097067E+01 0.31370461E+02
 0.10301036E+01 0.29941551E+02
 0.10509136E+01 0.28575521E+02
 0.10721428E+01 0.27269718E+02
 0.10938021E+01 0.26021603E+02
 0.11158978E+01 0.24828732E+02
 0.11384410E+01 0.23688763E+02
 0.11614385E+01 0.22599443E+02
 0.11849015E+01 0.21558619E+02
 0.12088375E+01 0.20564213E+02
 0.12332582E+01 0.19614241E+02
 0.12581712E+01 0.18706789E+02
 0.12835884E+01 0.17840014E+02
 0.13095180E+01 0.17012146E+02
 0.13359727E+01 0.16221497E+02
 0.13629605E+01 0.15466444E+02
 0.13904947E+01 0.14745433E+02
 0.14185839E+01 0.14056978E+02
 0.14472418E+01 0.13399655E+02
 0.14764773E+01 0.12772101E+02
 0.15063047E+01 0.12173009E+02
 0.15367334E+01 0.11601130E+02
 0.15677782E+01 0.11055265E+02
 0.15994486E+01 0.10534271E+02
 0.16317604E+01 0.10037048E+02
 0.16647232E+01 0.95625477E+01
 0.16983536E+01 0.91097651E+01
 0.17326634E+01 0.86777372E+01
 0.17676648E+01 0.82655697E+01
 0.18033748E+01 0.78724170E+01
 0.18398044E+01 0.74974637E+01
 0.18769718E+01 0.71399269E+01
 0.19148883E+01 0.67990513E+01
 0.19535724E+01 0.64741096E+01
 0.19930363E+01 0.61644034E+01
 0.20332992E+01 0.58692608E+01
 0.20743735E+01 0.55880351E+01
 0.21162796E+01 0.53201060E+01
 0.21590302E+01 0.50648775E+01
 0.22026465E+01 0.48217778E+01
 0.22471418E+01 0.45902572E+01
 0.22925382E+01 0.43697901E+01
 0.23388493E+01 0.41598706E+01
 0.23860984E+01 0.39600155E+01
