#          k/h    CDM            baryon         photon         nu             mass_nu        total          no_nu          total_de       Weyl           v_CDM          v_b            v_b-v_c        ISW            log_grow       pert_vel    
   0.994668E-05   0.491162E+08   0.491162E+08   0.654713E+08   0.654709E+08   0.491196E+08   0.491162E+08   0.491162E+08   0.491337E+08  -0.443772E+00   0.408724E+07   0.408724E+07   0.679268E+01   0.932465E+05   0.975502E+00  -0.410930E+14
   0.109829E-04   0.491091E+08   0.491091E+08   0.654582E+08   0.654576E+08   0.491125E+08   0.491091E+08   0.491091E+08   0.491266E+08  -0.443708E+00   0.408712E+07   0.408712E+07   0.750008E+01   0.770404E+05   0.975316E+00  -0.372147E+14
   0.121272E-04   0.491005E+08   0.491005E+08   0.654421E+08   0.654415E+08   0.491038E+08   0.491005E+08   0.491005E+08   0.491180E+08  -0.443630E+00   0.408697E+07   0.408697E+07   0.828108E+01   0.637477E+05   0.975089E+00  -0.337021E+14
   0.133906E-04   0.490900E+08   0.490900E+08   0.654226E+08   0.654218E+08   0.490933E+08   0.490900E+08   0.490900E+08   0.491075E+08  -0.443535E+00   0.408678E+07   0.408678E+07   0.914332E+01   0.528445E+05   0.974812E+00  -0.305209E+14
   0.147857E-04   0.490771E+08   0.490771E+08   0.653988E+08   0.653978E+08   0.490805E+08   0.490772E+08   0.490771E+08   0.490946E+08  -0.443419E+00   0.408656E+07   0.408656E+07   0.100952E+02   0.439010E+05   0.974476E+00  -0.276396E+14
   0.163261E-04   0.490615E+08   0.490615E+08   0.653697E+08   0.653686E+08   0.490648E+08   0.490616E+08   0.490615E+08   0.490790E+08  -0.443278E+00   0.408629E+07   0.408629E+07   0.111460E+02   0.365648E+05   0.974065E+00  -0.250301E+14
   0.180270E-04   0.490425E+08   0.490425E+08   0.653344E+08   0.653330E+08   0.490458E+08   0.490425E+08   0.490425E+08   0.490600E+08  -0.443106E+00   0.408596E+07   0.408596E+07   0.123060E+02   0.305466E+05   0.973566E+00  -0.226666E+14
   0.199051E-04   0.490194E+08   0.490194E+08   0.652913E+08   0.652896E+08   0.490226E+08   0.490194E+08   0.490194E+08   0.490368E+08  -0.442897E+00   0.408555E+07   0.408555E+07   0.135864E+02   0.256093E+05   0.972958E+00  -0.205259E+14
   0.219788E-04   0.489912E+08   0.489912E+08   0.652389E+08   0.652368E+08   0.489944E+08   0.489912E+08   0.489912E+08   0.490086E+08  -0.442642E+00   0.408506E+07   0.408506E+07   0.149997E+02   0.215581E+05   0.972217E+00  -0.185870E+14
   0.242687E-04   0.489569E+08   0.489569E+08   0.651751E+08   0.651725E+08   0.489600E+08   0.489569E+08   0.489569E+08   0.489743E+08  -0.442332E+00   0.408447E+07   0.408447E+07   0.165594E+02   0.182336E+05   0.971317E+00  -0.168308E+14
   0.267970E-04   0.489151E+08   0.489151E+08   0.650974E+08   0.650943E+08   0.489182E+08   0.489152E+08   0.489151E+08   0.489325E+08  -0.441955E+00   0.408374E+07   0.408374E+07   0.182805E+02   0.155045E+05   0.970221E+00  -0.152401E+14
   0.295888E-04   0.488644E+08   0.488644E+08   0.650029E+08   0.649991E+08   0.488674E+08   0.488644E+08   0.488644E+08   0.488818E+08  -0.441497E+00   0.408285E+07   0.408285E+07   0.201796E+02   0.132635E+05   0.968889E+00  -0.137992E+14
   0.326714E-04   0.488028E+08   0.488028E+08   0.648880E+08   0.648834E+08   0.488057E+08   0.488028E+08   0.488028E+08   0.488201E+08  -0.440940E+00   0.408178E+07   0.408178E+07   0.222746E+02   0.114221E+05   0.967272E+00  -0.124939E+14
   0.360752E-04   0.487279E+08   0.487279E+08   0.647484E+08   0.647428E+08   0.487307E+08   0.487279E+08   0.487279E+08   0.487452E+08  -0.440263E+00   0.408047E+07   0.408047E+07   0.245854E+02   0.990779E+04   0.965308E+00  -0.113114E+14
   0.398336E-04   0.486371E+08   0.486371E+08   0.645789E+08   0.645721E+08   0.486398E+08   0.486371E+08   0.486371E+08   0.486544E+08  -0.439443E+00   0.407888E+07   0.407888E+07   0.271335E+02   0.866098E+04   0.962928E+00  -0.102402E+14
   0.439836E-04   0.485271E+08   0.485271E+08   0.643733E+08   0.643649E+08   0.485296E+08   0.485271E+08   0.485271E+08   0.485443E+08  -0.438449E+00   0.407695E+07   0.407695E+07   0.299425E+02   0.763258E+04   0.960044E+00  -0.926960E+13
   0.485659E-04   0.483939E+08   0.483939E+08   0.641240E+08   0.641139E+08   0.483963E+08   0.483939E+08   0.483939E+08   0.484110E+08  -0.437246E+00   0.407462E+07   0.407461E+07   0.330380E+02   0.678215E+04   0.956556E+00  -0.839018E+13
   0.536256E-04   0.482330E+08   0.482330E+08   0.638223E+08   0.638100E+08   0.482351E+08   0.482330E+08   0.482330E+08   0.482501E+08  -0.435792E+00   0.407179E+07   0.407178E+07   0.364478E+02   0.607631E+04   0.952344E+00  -0.759326E+13
   0.592125E-04   0.480390E+08   0.480389E+08   0.634578E+08   0.634427E+08   0.480408E+08   0.480390E+08   0.480390E+08   0.480559E+08  -0.434038E+00   0.406836E+07   0.406836E+07   0.402018E+02   0.548748E+04   0.947270E+00  -0.687104E+13
   0.653814E-04   0.478055E+08   0.478055E+08   0.630180E+08   0.629997E+08   0.478070E+08   0.478055E+08   0.478055E+08   0.478223E+08  -0.431929E+00   0.406423E+07   0.406422E+07   0.443321E+02   0.499276E+04   0.941171E+00  -0.621642E+13
   0.721930E-04   0.475254E+08   0.475253E+08   0.624887E+08   0.624665E+08   0.475265E+08   0.475254E+08   0.475254E+08   0.475421E+08  -0.429398E+00   0.405925E+07   0.405924E+07   0.488729E+02   0.457310E+04   0.933863E+00  -0.562299E+13
   0.797142E-04   0.471904E+08   0.471903E+08   0.618533E+08   0.618264E+08   0.471910E+08   0.471904E+08   0.471904E+08   0.472069E+08  -0.426371E+00   0.405327E+07   0.405326E+07   0.538602E+02   0.421260E+04   0.925136E+00  -0.508494E+13
   0.880190E-04   0.467913E+08   0.467913E+08   0.610931E+08   0.610604E+08   0.467913E+08   0.467913E+08   0.467913E+08   0.468077E+08  -0.422765E+00   0.404610E+07   0.404609E+07   0.593317E+02   0.389798E+04   0.914762E+00  -0.459702E+13
   0.971891E-04   0.463183E+08   0.463182E+08   0.601868E+08   0.601473E+08   0.463176E+08   0.463183E+08   0.463183E+08   0.463344E+08  -0.418491E+00   0.403755E+07   0.403753E+07   0.653259E+02   0.361809E+04   0.902490E+00  -0.415447E+13
   0.107314E-03   0.457607E+08   0.457606E+08   0.591113E+08   0.590635E+08   0.457590E+08   0.457606E+08   0.457606E+08   0.457764E+08  -0.413452E+00   0.402738E+07   0.402736E+07   0.718818E+02   0.336367E+04   0.888063E+00  -0.375301E+13
   0.118495E-03   0.451076E+08   0.451075E+08   0.578416E+08   0.577839E+08   0.451048E+08   0.451076E+08   0.451076E+08   0.451230E+08  -0.407551E+00   0.401535E+07   0.401532E+07   0.790370E+02   0.312706E+04   0.871223E+00  -0.338875E+13
   0.130840E-03   0.443486E+08   0.443485E+08   0.563516E+08   0.562822E+08   0.443445E+08   0.443486E+08   0.443486E+08   0.443636E+08  -0.400693E+00   0.400122E+07   0.400118E+07   0.868269E+02   0.290210E+04   0.851728E+00  -0.305821E+13
   0.144471E-03   0.434744E+08   0.434743E+08   0.546155E+08   0.545321E+08   0.434687E+08   0.434744E+08   0.434744E+08   0.434890E+08  -0.392794E+00   0.398471E+07   0.398467E+07   0.952820E+02   0.268405E+04   0.829379E+00  -0.275823E+13
   0.159522E-03   0.424778E+08   0.424777E+08   0.526086E+08   0.525088E+08   0.424701E+08   0.424778E+08   0.424778E+08   0.424918E+08  -0.383788E+00   0.396559E+07   0.396554E+07   0.104425E+03   0.246960E+04   0.804041E+00  -0.248600E+13
   0.176142E-03   0.413548E+08   0.413546E+08   0.503098E+08   0.501909E+08   0.413447E+08   0.413548E+08   0.413548E+08   0.413682E+08  -0.373640E+00   0.394365E+07   0.394359E+07   0.114269E+03   0.225682E+04   0.775677E+00  -0.223899E+13
   0.194493E-03   0.401059E+08   0.401056E+08   0.477034E+08   0.475624E+08   0.400928E+08   0.401058E+08   0.401059E+08   0.401185E+08  -0.362354E+00   0.391874E+07   0.391867E+07   0.124808E+03   0.204514E+04   0.744376E+00  -0.201492E+13
   0.214755E-03   0.387369E+08   0.387366E+08   0.447815E+08   0.446154E+08   0.387202E+08   0.387367E+08   0.387368E+08   0.387487E+08  -0.349982E+00   0.389078E+07   0.389070E+07   0.136018E+03   0.183529E+04   0.710375E+00  -0.181179E+13
   0.237129E-03   0.372598E+08   0.372595E+08   0.415465E+08   0.413523E+08   0.372389E+08   0.372597E+08   0.372598E+08   0.372708E+08  -0.336633E+00   0.385981E+07   0.385970E+07   0.147844E+03   0.162908E+04   0.674078E+00  -0.162778E+13
   0.261834E-03   0.356932E+08   0.356927E+08   0.380139E+08   0.377889E+08   0.356669E+08   0.356930E+08   0.356931E+08   0.357031E+08  -0.322474E+00   0.382598E+07   0.382586E+07   0.160195E+03   0.142913E+04   0.636048E+00  -0.146127E+13
   0.289112E-03   0.340611E+08   0.340605E+08   0.342138E+08   0.339561E+08   0.340285E+08   0.340608E+08   0.340610E+08   0.340699E+08  -0.307722E+00   0.378960E+07   0.378945E+07   0.172937E+03   0.123847E+04   0.596984E+00  -0.131081E+13
   0.319233E-03   0.323922E+08   0.323915E+08   0.301936E+08   0.299026E+08   0.323519E+08   0.323919E+08   0.323921E+08   0.323999E+08  -0.292637E+00   0.375109E+07   0.375091E+07   0.185877E+03   0.106012E+04   0.557680E+00  -0.117507E+13
   0.352491E-03   0.307178E+08   0.307170E+08   0.260196E+08   0.256964E+08   0.306681E+08   0.307175E+08   0.307177E+08   0.307244E+08  -0.277501E+00   0.371101E+07   0.371080E+07   0.198762E+03   0.896648E+03   0.518962E+00  -0.105282E+13
   0.389215E-03   0.290695E+08   0.290686E+08   0.217784E+08   0.214271E+08   0.290085E+08   0.290691E+08   0.290694E+08   0.290749E+08  -0.262599E+00   0.367001E+07   0.366977E+07   0.211267E+03   0.749914E+03   0.481624E+00  -0.942952E+12
   0.429764E-03   0.274767E+08   0.274756E+08   0.175779E+08   0.172059E+08   0.274020E+08   0.274762E+08   0.274765E+08   0.274809E+08  -0.248198E+00   0.362878E+07   0.362849E+07   0.222995E+03   0.620861E+03   0.446365E+00  -0.844385E+12
   0.474538E-03   0.259648E+08   0.259636E+08   0.135463E+08   0.131645E+08   0.258735E+08   0.259642E+08   0.259646E+08   0.259678E+08  -0.234527E+00   0.358799E+07   0.358766E+07   0.233483E+03   0.509516E+03   0.413739E+00  -0.756118E+12
   0.523976E-03   0.245537E+08   0.245522E+08   0.982608E+07   0.944901E+07   0.244423E+08   0.245530E+08   0.245535E+08   0.245556E+08  -0.221766E+00   0.354827E+07   0.354789E+07   0.242222E+03   0.415108E+03   0.384127E+00  -0.677195E+12
   0.578566E-03   0.232571E+08   0.232553E+08   0.656263E+07   0.620670E+07   0.231214E+08   0.232561E+08   0.232568E+08   0.232578E+08  -0.210039E+00   0.351016E+07   0.350973E+07   0.248688E+03   0.336272E+03   0.357729E+00  -0.606711E+12
   0.638842E-03   0.220822E+08   0.220802E+08   0.388227E+07   0.356265E+07   0.219173E+08   0.220811E+08   0.220819E+08   0.220821E+08  -0.199413E+00   0.347405E+07   0.347356E+07   0.252396E+03   0.271280E+03   0.334579E+00  -0.543811E+12
   0.705398E-03   0.210310E+08   0.210287E+08   0.186270E+07   0.158847E+07   0.208311E+08   0.210297E+08   0.210306E+08   0.210302E+08  -0.189906E+00   0.344018E+07   0.343964E+07   0.252963E+03   0.218251E+03   0.314574E+00  -0.487698E+12
   0.778888E-03   0.201006E+08   0.200979E+08   0.501921E+06   0.270187E+06   0.198585E+08   0.200990E+08   0.201001E+08   0.200991E+08  -0.181491E+00   0.340866E+07   0.340807E+07   0.250174E+03   0.175324E+03   0.297505E+00  -0.437635E+12
   0.860035E-03   0.192843E+08   0.192814E+08  -0.297745E+06  -0.506387E+06   0.189920E+08   0.192825E+08   0.192838E+08   0.192824E+08  -0.174110E+00   0.337945E+07   0.337882E+07   0.244024E+03   0.140770E+03   0.283099E+00  -0.392946E+12
   0.949635E-03   0.185733E+08   0.185701E+08  -0.708900E+06  -0.930447E+06   0.182210E+08   0.185711E+08   0.185728E+08   0.185709E+08  -0.167681E+00   0.335241E+07   0.335174E+07   0.234718E+03   0.113057E+03   0.271049E+00  -0.353022E+12
   0.104857E-02   0.179571E+08   0.179535E+08  -0.910715E+06  -0.119036E+07   0.175337E+08   0.179545E+08   0.179565E+08   0.179542E+08  -0.162110E+00   0.332728E+07   0.332658E+07   0.222626E+03   0.908738E+02   0.261040E+00  -0.317317E+12
   0.115781E-02   0.174244E+08   0.174206E+08  -0.999500E+06  -0.137761E+07   0.169172E+08   0.174214E+08   0.174238E+08   0.174211E+08  -0.157293E+00   0.330376E+07   0.330304E+07   0.208206E+03   0.731258E+02   0.252772E+00  -0.285345E+12
   0.127844E-02   0.169641E+08   0.169602E+08  -0.954076E+06  -0.145251E+07   0.163589E+08   0.169606E+08   0.169635E+08   0.169603E+08  -0.153131E+00   0.328149E+07   0.328075E+07   0.191969E+03   0.589195E+02   0.245970E+00  -0.256680E+12
   0.141163E-02   0.165655E+08   0.165614E+08  -0.726014E+06  -0.134409E+07   0.158472E+08   0.165614E+08   0.165648E+08   0.165612E+08  -0.149526E+00   0.326008E+07   0.325935E+07   0.174528E+03   0.475350E+02   0.240388E+00  -0.230945E+12
   0.155869E-02   0.162184E+08   0.162143E+08  -0.391696E+06   0.408043E+06   0.153710E+08   0.162137E+08   0.162177E+08   0.162137E+08  -0.146388E+00   0.323906E+07   0.323833E+07   0.156668E+03   0.384001E+02   0.235814E+00  -0.207806E+12
   0.172108E-02   0.159136E+08   0.159095E+08  -0.143416E+06   0.328386E+06   0.149203E+08   0.159082E+08   0.159129E+08   0.159082E+08  -0.143630E+00   0.321816E+07   0.321744E+07   0.139295E+03   0.310530E+02   0.232073E+00  -0.186984E+12
   0.190039E-02   0.156428E+08   0.156386E+08  -0.551776E+05   0.264757E+06   0.144865E+08   0.156366E+08   0.156421E+08   0.156366E+08  -0.141177E+00   0.319694E+07   0.319624E+07   0.123234E+03   0.251342E+02   0.229016E+00  -0.168226E+12
   0.209838E-02   0.153984E+08   0.153942E+08  -0.199415E+05   0.213760E+06   0.140628E+08   0.153914E+08   0.153977E+08   0.153914E+08  -0.138963E+00   0.317502E+07   0.317433E+07   0.109053E+03   0.203575E+02   0.226517E+00  -0.151308E+12
   0.231699E-02   0.151738E+08   0.151696E+08  -0.320843E+05   0.172768E+06   0.136434E+08   0.151658E+08   0.151731E+08   0.151658E+08  -0.136926E+00   0.315198E+07   0.315131E+07   0.970497E+02   0.164960E+02   0.224472E+00  -0.136038E+12
   0.255838E-02   0.149631E+08   0.149588E+08  -0.125466E+06   0.139736E+06   0.132238E+08   0.149542E+08   0.149624E+08   0.149542E+08  -0.135015E+00   0.312748E+07   0.312681E+07   0.871553E+02   0.133700E+02   0.222800E+00  -0.122245E+12
   0.282492E-02   0.147613E+08   0.147568E+08  -0.149414E+06   0.113065E+06   0.128002E+08   0.147513E+08   0.147605E+08   0.147513E+08  -0.133183E+00   0.310115E+07   0.310048E+07   0.788647E+02   0.108362E+02   0.221430E+00  -0.109778E+12
   0.311923E-02   0.145638E+08   0.145591E+08  -0.122445E+06   0.914944E+05   0.123692E+08   0.145526E+08   0.145630E+08   0.145526E+08  -0.131389E+00   0.307266E+07   0.307199E+07   0.715192E+02   0.878076E+01   0.220308E+00  -0.985072E+11
   0.344419E-02   0.143666E+08   0.143617E+08  -0.646822E+05   0.740274E+05   0.119274E+08   0.143543E+08   0.143658E+08   0.143543E+08  -0.129598E+00   0.304171E+07   0.304104E+07   0.645904E+02   0.711215E+01   0.219389E+00  -0.883140E+11
   0.380302E-02   0.141664E+08   0.141612E+08  -0.394615E+05   0.598706E+05   0.114717E+08   0.141528E+08   0.141655E+08   0.141528E+08  -0.127779E+00   0.300798E+07   0.300732E+07   0.579579E+02   0.575707E+01   0.218634E+00  -0.790946E+11
   0.419923E-02   0.139601E+08   0.139545E+08  -0.415690E+05   0.483902E+05   0.110000E+08   0.139451E+08   0.139591E+08   0.139451E+08  -0.125904E+00   0.297121E+07   0.297055E+07   0.518669E+02   0.465638E+01   0.218014E+00  -0.707560E+11
   0.463671E-02   0.137449E+08   0.137389E+08  -0.509789E+05   0.390775E+05   0.105103E+08   0.137286E+08   0.137439E+08   0.137286E+08  -0.123949E+00   0.293110E+07   0.293045E+07   0.465668E+02   0.376232E+01   0.217504E+00  -0.632149E+11
   0.511978E-02   0.135185E+08   0.135120E+08  -0.305489E+05   0.315230E+05   0.100034E+08   0.135007E+08   0.135174E+08   0.135007E+08  -0.121892E+00   0.288739E+07   0.288674E+07   0.419701E+02   0.303628E+01   0.217084E+00  -0.563967E+11
   0.565317E-02   0.132790E+08   0.132719E+08  -0.119159E+05   0.253969E+05   0.945471E+07   0.132597E+08   0.132778E+08   0.132597E+08  -0.119716E+00   0.283991E+07   0.283927E+07   0.377849E+02   0.244700E+01   0.216736E+00  -0.502356E+11
   0.624213E-02   0.130238E+08   0.130159E+08  -0.623092E+04   0.204298E+05   0.889712E+07   0.130029E+08   0.130225E+08   0.130029E+08  -0.117397E+00   0.278823E+07   0.278760E+07   0.339187E+02   0.196890E+01   0.216449E+00  -0.446679E+11
   0.689245E-02   0.127513E+08   0.127426E+08   0.194342E+05   0.164057E+05   0.831807E+07   0.127289E+08   0.127498E+08   0.127289E+08  -0.114923E+00   0.273220E+07   0.273157E+07   0.305008E+02   0.158135E+01   0.216211E+00  -0.396404E+11
   0.761052E-02   0.124600E+08   0.124502E+08   0.155078E+05   0.131482E+05   0.772642E+07   0.124359E+08   0.124583E+08   0.124359E+08  -0.112278E+00   0.267157E+07   0.267094E+07   0.274873E+02   0.126752E+01   0.216013E+00  -0.351035E+11
   0.840340E-02   0.121482E+08   0.121371E+08  -0.234297E+04   0.105141E+05   0.713093E+07   0.121226E+08   0.121463E+08   0.121226E+08  -0.109449E+00   0.260611E+07   0.260548E+07   0.247580E+02   0.101364E+01   0.215848E+00  -0.310124E+11
   0.927889E-02   0.118146E+08   0.118021E+08   0.971432E+04   0.838662E+04   0.653155E+07   0.117875E+08   0.118125E+08   0.117875E+08  -0.106424E+00   0.253561E+07   0.253499E+07   0.223346E+02   0.808564E+00   0.215710E+00  -0.273265E+11
   0.102456E-01   0.114580E+08   0.114438E+08   0.691632E+03   0.667088E+04   0.592821E+07   0.114295E+08   0.114556E+08   0.114295E+08  -0.103191E+00   0.245988E+07   0.245926E+07   0.201797E+02   0.643147E+00   0.215594E+00  -0.240090E+11
   0.113130E-01   0.110772E+08   0.110609E+08   0.342358E+04   0.528938E+04   0.532784E+07   0.110473E+08   0.110745E+08   0.110473E+08  -0.997404E-01   0.237869E+07   0.237807E+07   0.182610E+02   0.509937E+00   0.215497E+00  -0.210260E+11
   0.124916E-01   0.106710E+08   0.106523E+08   0.598416E+03   0.417907E+04   0.473846E+07   0.106398E+08   0.106679E+08   0.106398E+08  -0.960618E-01   0.229185E+07   0.229123E+07   0.165578E+02   0.402874E+00   0.215414E+00  -0.183470E+11
   0.137930E-01   0.102387E+08   0.102173E+08   0.303266E+04   0.328859E+04   0.416602E+07   0.102064E+08   0.102351E+08   0.102064E+08  -0.921483E-01   0.219924E+07   0.219862E+07   0.150432E+02   0.317007E+00   0.215344E+00  -0.159444E+11
   0.152300E-01   0.977964E+07   0.975516E+07  -0.364633E+04   0.257619E+04   0.361370E+07   0.974637E+07   0.977553E+07   0.974637E+07  -0.879951E-01   0.210076E+07   0.210013E+07   0.136923E+02   0.248313E+00   0.215284E+00  -0.137934E+11
   0.168167E-01   0.930465E+07   0.927679E+07   0.363972E+03   0.201019E+04   0.309497E+07   0.927060E+07   0.929997E+07   0.927060E+07  -0.836997E-01   0.199875E+07   0.199812E+07   0.124905E+02   0.193740E+00   0.215233E+00  -0.118853E+11
   0.185687E-01   0.879526E+07   0.876373E+07   0.935449E+03   0.155833E+04   0.260718E+07   0.876070E+07   0.878996E+07   0.876070E+07  -0.790960E-01   0.188928E+07   0.188864E+07   0.113942E+02   0.150175E+00   0.215189E+00  -0.101743E+11
   0.205033E-01   0.826233E+07   0.822697E+07  -0.267063E+04   0.120056E+04   0.215966E+07   0.822754E+07   0.825639E+07   0.822754E+07  -0.742823E-01   0.177468E+07   0.177404E+07   0.103868E+02   0.115684E+00   0.215151E+00  -0.865540E+10
   0.226393E-01   0.770153E+07   0.766234E+07  -0.914852E+03   0.917733E+03   0.175453E+07   0.766684E+07   0.769495E+07   0.766684E+07  -0.692200E-01   0.165406E+07   0.165342E+07   0.943771E+01   0.884218E-01   0.215119E+00  -0.730592E+10
   0.249980E-01   0.713285E+07   0.709006E+07  -0.614112E+03   0.697034E+03   0.139896E+07   0.709856E+07   0.712566E+07   0.709856E+07  -0.640893E-01   0.153172E+07   0.153108E+07   0.853086E+01   0.671504E-01   0.215090E+00  -0.612719E+10
   0.276023E-01   0.656294E+07   0.651712E+07  -0.653874E+03   0.525940E+03   0.109333E+07   0.652940E+07   0.655525E+07   0.652940E+07  -0.589507E-01   0.140913E+07   0.140850E+07   0.764276E+01   0.506620E-01   0.215066E+00  -0.510491E+10
   0.304780E-01   0.599425E+07   0.594639E+07  -0.535588E+03   0.393928E+03   0.835980E+06   0.596184E+07   0.598621E+07   0.596184E+07  -0.538264E-01   0.128681E+07   0.128620E+07   0.674984E+01   0.379417E-01   0.215044E+00  -0.422193E+10
   0.336533E-01   0.544212E+07   0.539366E+07  -0.235944E+03   0.293293E+03   0.625470E+06   0.541123E+07   0.543398E+07   0.541123E+07  -0.488552E-01   0.116811E+07   0.116752E+07   0.584241E+01   0.282459E-01   0.215026E+00  -0.347084E+10
   0.371593E-01   0.492644E+07   0.487924E+07  -0.513999E+02   0.217739E+03   0.458795E+06   0.489741E+07   0.491852E+07   0.489741E+07  -0.442162E-01   0.105730E+07   0.105675E+07   0.492315E+01   0.209675E-01   0.215010E+00  -0.284516E+10
   0.410307E-01   0.445981E+07   0.441601E+07  -0.119634E+03   0.161666E+03   0.330460E+06   0.443295E+07   0.445246E+07   0.443295E+07  -0.400229E-01   0.957102E+06   0.956609E+06   0.400652E+01   0.155665E-01   0.214996E+00  -0.233253E+10
   0.451338E-01   0.407018E+07   0.403163E+07   0.121943E+03   0.121943E+03   0.237734E+06   0.404560E+07   0.406371E+07   0.404560E+07  -0.365257E-01   0.873408E+06   0.872972E+06   0.322277E+01   0.117422E-01   0.214956E+00  -0.193506E+10
   0.492368E-01   0.376208E+07   0.372964E+07   0.947231E+02   0.947231E+02   0.174331E+06   0.373968E+07   0.375663E+07   0.373968E+07  -0.337636E-01   0.807396E+06   0.807027E+06   0.250259E+01   0.912050E-02   0.214947E+00  -0.163976E+10
   0.533399E-01   0.351377E+07   0.348744E+07   0.753981E+02   0.753981E+02   0.130359E+06   0.349336E+07   0.350935E+07   0.349336E+07  -0.315398E-01   0.754237E+06   0.753929E+06   0.192888E+01   0.725933E-02   0.214940E+00  -0.141398E+10
   0.574430E-01   0.330470E+07   0.328372E+07   0.611552E+02   0.611552E+02   0.995206E+05   0.328603E+07   0.330118E+07   0.328603E+07  -0.296679E-01   0.709486E+06   0.709228E+06   0.149791E+01   0.588771E-02   0.214934E+00  -0.123508E+10
   0.615460E-01   0.311880E+07   0.310192E+07   0.502841E+02   0.502841E+02   0.777624E+05   0.310159E+07   0.311597E+07   0.310159E+07  -0.280027E-01   0.669672E+06   0.669452E+06   0.119649E+01   0.484087E-02   0.214929E+00  -0.108806E+10
   0.656491E-01   0.294367E+07   0.292941E+07   0.417173E+02   0.417173E+02   0.623429E+05   0.292765E+07   0.294128E+07   0.292765E+07  -0.264323E-01   0.632123E+06   0.631926E+06   0.100354E+01   0.401598E-02   0.214925E+00  -0.962867E+09
   0.697522E-01   0.277052E+07   0.275741E+07   0.347807E+02   0.347807E+02   0.513468E+05   0.275546E+07   0.276832E+07   0.275546E+07  -0.248776E-01   0.594949E+06   0.594762E+06   0.893022E+00   0.334811E-02   0.214921E+00  -0.852933E+09
   0.738552E-01   0.260079E+07   0.258763E+07   0.291213E+02   0.291213E+02   0.435217E+05   0.258649E+07   0.259858E+07   0.258649E+07  -0.233521E-01   0.558470E+06   0.558284E+06   0.838950E+00   0.280325E-02   0.214918E+00  -0.756154E+09
   0.779583E-01   0.242901E+07   0.241498E+07   0.244073E+02   0.244073E+02   0.377704E+05   0.241535E+07   0.242665E+07   0.241535E+07  -0.218069E-01   0.521521E+06   0.521331E+06   0.814449E+00   0.234943E-02   0.214916E+00  -0.668958E+09
   0.820614E-01   0.226353E+07   0.224831E+07   0.205237E+02   0.205237E+02   0.335041E+05   0.225043E+07   0.226097E+07   0.225043E+07  -0.203180E-01   0.485916E+06   0.485720E+06   0.799842E+00   0.197557E-02   0.214914E+00  -0.592120E+09
   0.861644E-01   0.210891E+07   0.209258E+07   0.173410E+02   0.173410E+02   0.302636E+05   0.209634E+07   0.210617E+07   0.209634E+07  -0.189268E-01   0.452648E+06   0.452447E+06   0.780200E+00   0.166920E-02   0.214912E+00  -0.525311E+09
   0.912856E-01   0.193695E+07   0.191986E+07   0.141875E+02   0.141875E+02   0.272202E+05   0.192505E+07   0.193408E+07   0.192505E+07  -0.173803E-01   0.415665E+06   0.415463E+06   0.736133E+00   0.136564E-02   0.214910E+00  -0.455325E+09
   0.964067E-01   0.179350E+07   0.177668E+07   0.117772E+02   0.117772E+02   0.249830E+05   0.178232E+07   0.179068E+07   0.178232E+07  -0.160917E-01   0.384846E+06   0.384653E+06   0.667287E+00   0.113362E-02   0.214908E+00  -0.399171E+09
   0.101528E+00   0.168035E+07   0.166478E+07   0.994924E+01   0.994924E+01   0.233390E+05   0.166990E+07   0.167773E+07   0.166990E+07  -0.150767E-01   0.360571E+06   0.360394E+06   0.580239E+00   0.957677E-03   0.214907E+00  -0.355129E+09
   0.106649E+00   0.159336E+07   0.157978E+07   0.855100E+01   0.855100E+01   0.220870E+05   0.158366E+07   0.159108E+07   0.158366E+07  -0.142980E-01   0.341946E+06   0.341790E+06   0.486933E+00   0.823091E-03   0.214906E+00  -0.320615E+09
   0.111770E+00   0.152402E+07   0.151267E+07   0.744787E+01   0.744787E+01   0.210024E+05   0.151501E+07   0.152211E+07   0.151501E+07  -0.136782E-01   0.327120E+06   0.326986E+06   0.399914E+00   0.716913E-03   0.214904E+00  -0.292663E+09
   0.116891E+00   0.146308E+07   0.145376E+07   0.653849E+01   0.653849E+01   0.198806E+05   0.145470E+07   0.146152E+07   0.145470E+07  -0.131337E-01   0.314095E+06   0.313980E+06   0.328857E+00   0.629385E-03   0.214903E+00  -0.268700E+09
   0.122012E+00   0.140336E+07   0.139553E+07   0.575693E+01   0.575693E+01   0.185792E+05   0.139550E+07   0.140204E+07   0.139550E+07  -0.125992E-01   0.301312E+06   0.301210E+06   0.278641E+00   0.554161E-03   0.214903E+00  -0.246947E+09
   0.127134E+00   0.134062E+07   0.133356E+07   0.506570E+01   0.506570E+01   0.170481E+05   0.133318E+07   0.133944E+07   0.133318E+07  -0.120366E-01   0.287856E+06   0.287761E+06   0.249007E+00   0.487630E-03   0.214902E+00  -0.226416E+09
   0.132255E+00   0.127371E+07   0.126675E+07   0.444719E+01   0.444719E+01   0.153284E+05   0.126659E+07   0.127254E+07   0.126659E+07  -0.114354E-01   0.273479E+06   0.273386E+06   0.235606E+00   0.428097E-03   0.214901E+00  -0.206778E+09
   0.137376E+00   0.120396E+07   0.119665E+07   0.389571E+01   0.389571E+01   0.135247E+05   0.119711E+07   0.120273E+07   0.119711E+07  -0.108081E-01   0.258478E+06   0.258383E+06   0.231860E+00   0.375014E-03   0.214901E+00  -0.188149E+09
   0.142497E+00   0.113438E+07   0.112651E+07   0.341098E+01   0.341098E+01   0.117629E+05   0.112776E+07   0.113306E+07   0.112776E+07  -0.101819E-01   0.243507E+06   0.243408E+06   0.230982E+00   0.328354E-03   0.214900E+00  -0.170880E+09
   0.147618E+00   0.106878E+07   0.106044E+07   0.299418E+01   0.299418E+01   0.101493E+05   0.106238E+07   0.106738E+07   0.106238E+07  -0.959169E-02   0.229393E+06   0.229292E+06   0.227631E+00   0.288232E-03   0.214900E+00  -0.155390E+09
   0.152739E+00   0.101078E+07   0.100225E+07   0.264469E+01   0.264469E+01   0.874778E+04   0.100461E+07   0.100934E+07   0.100461E+07  -0.907010E-02   0.216920E+06   0.216820E+06   0.218836E+00   0.254589E-03   0.214899E+00  -0.142014E+09
   0.157860E+00   0.962360E+06   0.954026E+06   0.235720E+01   0.235720E+01   0.756839E+04   0.956449E+06   0.960961E+06   0.956449E+06  -0.863529E-02   0.206522E+06   0.206425E+06   0.204091E+00   0.226913E-03   0.214899E+00  -0.130820E+09
   0.162982E+00   0.923181E+06   0.915381E+06   0.212144E+01   0.212144E+01   0.658030E+04   0.917540E+06   0.921871E+06   0.917540E+06  -0.828400E-02   0.198121E+06   0.198030E+06   0.184853E+00   0.204217E-03   0.214898E+00  -0.121555E+09
   0.168103E+00   0.891212E+06   0.884175E+06   0.192527E+01   0.192527E+01   0.573478E+04   0.885845E+06   0.890030E+06   0.885845E+06  -0.799784E-02   0.191277E+06   0.191194E+06   0.163731E+00   0.185333E-03   0.214898E+00  -0.113781E+09
   0.173224E+00   0.863900E+06   0.857693E+06   0.175777E+01   0.175777E+01   0.498625E+04   0.858798E+06   0.862858E+06   0.858798E+06  -0.775365E-02   0.185436E+06   0.185361E+06   0.143572E+00   0.169209E-03   0.214898E+00  -0.107047E+09
   0.178345E+00   0.838653E+06   0.833185E+06   0.160999E+01   0.160999E+01   0.430091E+04   0.833791E+06   0.837735E+06   0.833791E+06  -0.752787E-02   0.180036E+06   0.179968E+06   0.126658E+00   0.154983E-03   0.214897E+00  -0.100945E+09
   0.183466E+00   0.813066E+06   0.808134E+06   0.147506E+01   0.147506E+01   0.365824E+04   0.808411E+06   0.812238E+06   0.808411E+06  -0.729873E-02   0.174556E+06   0.174493E+06   0.114201E+00   0.141994E-03   0.214897E+00  -0.951411E+08
   0.188587E+00   0.785584E+06   0.780936E+06   0.134888E+01   0.134888E+01   0.305228E+04   0.781104E+06   0.784803E+06   0.781104E+06  -0.705218E-02   0.168660E+06   0.168600E+06   0.106260E+00   0.129848E-03   0.214897E+00  -0.894312E+08
   0.193708E+00   0.756049E+06   0.751456E+06   0.123040E+01   0.123040E+01   0.248751E+04   0.751715E+06   0.755278E+06   0.751715E+06  -0.678685E-02   0.162315E+06   0.162255E+06   0.101959E+00   0.118442E-03   0.214896E+00  -0.837912E+08
   0.198830E+00   0.725428E+06   0.720733E+06   0.112046E+01   0.112046E+01   0.197329E+04   0.721220E+06   0.724640E+06   0.721220E+06  -0.651153E-02   0.155731E+06   0.155671E+06   0.998793E-01   0.107859E-03   0.214896E+00  -0.783216E+08
   0.203951E+00   0.695066E+06   0.690207E+06   0.102024E+01   0.102024E+01   0.151776E+04   0.690972E+06   0.694250E+06   0.690972E+06  -0.623843E-02   0.149200E+06   0.149140E+06   0.984811E-01   0.982113E-04   0.214896E+00  -0.731527E+08
   0.209072E+00   0.666268E+06   0.661279E+06   0.930569E+00   0.930569E+00   0.112711E+04   0.662286E+06   0.665430E+06   0.662286E+06  -0.597944E-02   0.143007E+06   0.142946E+06   0.964947E-01   0.895788E-04   0.214896E+00  -0.683985E+08
   0.214193E+00   0.640150E+06   0.635133E+06   0.851798E+00   0.851798E+00   0.805528E+03   0.636286E+06   0.639307E+06   0.636286E+06  -0.574470E-02   0.137393E+06   0.137333E+06   0.931741E-01   0.819956E-04   0.214896E+00  -0.641422E+08
   0.219314E+00   0.617387E+06   0.612476E+06   0.783576E+00   0.783576E+00   0.555052E+03   0.613647E+06   0.616562E+06   0.613647E+06  -0.554031E-02   0.132505E+06   0.132447E+06   0.883631E-01   0.754279E-04   0.214895E+00  -0.604157E+08
   0.224435E+00   0.597975E+06   0.593289E+06   0.724714E+00   0.724714E+00   0.375576E+03   0.594364E+06   0.597188E+06   0.594364E+06  -0.536621E-02   0.128341E+06   0.128286E+06   0.823965E-01   0.697610E-04   0.214895E+00  -0.571820E+08
   0.229556E+00   0.581294E+06   0.576916E+06   0.673450E+00   0.673450E+00   0.263945E+03   0.577813E+06   0.580559E+06   0.577813E+06  -0.521678E-02   0.124767E+06   0.124715E+06   0.759079E-01   0.648256E-04   0.214895E+00  -0.543495E+08
   0.234678E+00   0.566404E+06   0.562357E+06   0.627913E+00   0.627913E+00   0.213942E+03   0.563048E+06   0.565725E+06   0.563048E+06  -0.508348E-02   0.121579E+06   0.121530E+06   0.696102E-01   0.604417E-04   0.214895E+00  -0.518051E+08
   0.239799E+00   0.552303E+06   0.548557E+06   0.586443E+00   0.586443E+00   0.215384E+03   0.549064E+06   0.551674E+06   0.549064E+06  -0.495722E-02   0.118559E+06   0.118513E+06   0.640985E-01   0.564494E-04   0.214895E+00  -0.494395E+08
   0.244920E+00   0.538139E+06   0.534626E+06   0.547782E+00   0.547782E+00   0.255182E+03   0.535007E+06   0.537549E+06   0.535007E+06  -0.483030E-02   0.115523E+06   0.115479E+06   0.597214E-01   0.527276E-04   0.214895E+00  -0.471664E+08
   0.250041E+00   0.523419E+06   0.520049E+06   0.511204E+00   0.511204E+00   0.318947E+03   0.520380E+06   0.522853E+06   0.520380E+06  -0.469825E-02   0.112365E+06   0.112322E+06   0.565402E-01   0.492065E-04   0.214894E+00  -0.449373E+08
   0.255162E+00   0.508085E+06   0.504777E+06   0.476504E+00   0.476504E+00   0.393412E+03   0.505130E+06   0.507530E+06   0.505130E+06  -0.456056E-02   0.109072E+06   0.109030E+06   0.543673E-01   0.458663E-04   0.214894E+00  -0.427448E+08
   0.260283E+00   0.492422E+06   0.489117E+06   0.443806E+00   0.443806E+00   0.468454E+03   0.489542E+06   0.491867E+06   0.489542E+06  -0.441982E-02   0.105706E+06   0.105664E+06   0.528547E-01   0.427189E-04   0.214894E+00  -0.406106E+08
   0.265404E+00   0.476877E+06   0.473549E+06   0.413351E+00   0.413351E+00   0.537422E+03   0.474067E+06   0.476318E+06   0.474067E+06  -0.428011E-02   0.102364E+06   0.102323E+06   0.516054E-01   0.397875E-04   0.214894E+00  -0.385680E+08
   0.270526E+00   0.461938E+06   0.458595E+06   0.385369E+00   0.385369E+00   0.596947E+03   0.459196E+06   0.461377E+06   0.459196E+06  -0.414585E-02   0.991534E+05   0.991126E+05   0.502763E-01   0.370941E-04   0.214894E+00  -0.366510E+08
   0.275647E+00   0.448033E+06   0.444707E+06   0.359998E+00   0.359998E+00   0.645363E+03   0.445360E+06   0.447475E+06   0.445360E+06  -0.402093E-02   0.961659E+05   0.961257E+05   0.486487E-01   0.346522E-04   0.214894E+00  -0.348862E+08
   0.280768E+00   0.435418E+06   0.432153E+06   0.337211E+00   0.337211E+00   0.681737E+03   0.432815E+06   0.434870E+06   0.432815E+06  -0.390767E-02   0.934570E+05   0.934177E+05   0.466532E-01   0.324589E-04   0.214894E+00  -0.332851E+08
   0.285889E+00   0.424103E+06   0.420941E+06   0.316789E+00   0.316789E+00   0.704932E+03   0.421571E+06   0.423572E+06   0.421571E+06  -0.380615E-02   0.910289E+05   0.909909E+05   0.443540E-01   0.304933E-04   0.214894E+00  -0.318396E+08
   0.291010E+00   0.413888E+06   0.410860E+06   0.298381E+00   0.298381E+00   0.713602E+03   0.411427E+06   0.413380E+06   0.411427E+06  -0.371456E-02   0.888385E+05   0.888019E+05   0.419056E-01   0.287215E-04   0.214894E+00  -0.305266E+08
   0.296131E+00   0.404462E+06   0.401577E+06   0.281596E+00   0.281596E+00   0.706765E+03   0.402069E+06   0.403977E+06   0.402069E+06  -0.363007E-02   0.868176E+05   0.867826E+05   0.394960E-01   0.271060E-04   0.214894E+00  -0.293164E+08
   0.301252E+00   0.395480E+06   0.392732E+06   0.266069E+00   0.266069E+00   0.684178E+03   0.393152E+06   0.395019E+06   0.393152E+06  -0.354957E-02   0.848922E+05   0.848586E+05   0.372930E-01   0.256116E-04   0.214894E+00  -0.281789E+08
   0.306374E+00   0.386639E+06   0.384005E+06   0.251503E+00   0.251503E+00   0.646967E+03   0.384372E+06   0.386197E+06   0.384372E+06  -0.347030E-02   0.829963E+05   0.829638E+05   0.354050E-01   0.242097E-04   0.214894E+00  -0.270891E+08
   0.311495E+00   0.377736E+06   0.375185E+06   0.237701E+00   0.237701E+00   0.597379E+03   0.375525E+06   0.377307E+06   0.375525E+06  -0.339042E-02   0.810859E+05   0.810542E+05   0.338652E-01   0.228812E-04   0.214894E+00  -0.260305E+08
   0.316616E+00   0.368710E+06   0.366212E+06   0.224575E+00   0.224575E+00   0.538708E+03   0.366550E+06   0.368290E+06   0.366550E+06  -0.330939E-02   0.791480E+05   0.791170E+05   0.326370E-01   0.216178E-04   0.214893E+00  -0.249974E+08
   0.321737E+00   0.359633E+06   0.357167E+06   0.212127E+00   0.212127E+00   0.474662E+03   0.357521E+06   0.359219E+06   0.357521E+06  -0.322788E-02   0.771986E+05   0.771681E+05   0.316348E-01   0.204195E-04   0.214893E+00  -0.239936E+08
   0.326858E+00   0.350660E+06   0.348212E+06   0.200399E+00   0.200399E+00   0.408964E+03   0.348593E+06   0.350249E+06   0.348593E+06  -0.314727E-02   0.752709E+05   0.752408E+05   0.307523E-01   0.192907E-04   0.214893E+00  -0.230279E+08
   0.331979E+00   0.341960E+06   0.339530E+06   0.189440E+00   0.189440E+00   0.345118E+03   0.339937E+06   0.341552E+06   0.339937E+06  -0.306912E-02   0.734019E+05   0.733722E+05   0.298901E-01   0.182358E-04   0.214893E+00  -0.221097E+08
   0.337100E+00   0.333680E+06   0.331277E+06   0.179276E+00   0.179276E+00   0.286184E+03   0.331700E+06   0.333276E+06   0.331700E+06  -0.299475E-02   0.716235E+05   0.715942E+05   0.289782E-01   0.172574E-04   0.214893E+00  -0.212462E+08
   0.342222E+00   0.325912E+06   0.323550E+06   0.169900E+00   0.169900E+00   0.234902E+03   0.323976E+06   0.325516E+06   0.323976E+06  -0.292502E-02   0.699557E+05   0.699270E+05   0.279857E-01   0.163548E-04   0.214893E+00  -0.204410E+08
   0.347343E+00   0.318680E+06   0.316371E+06   0.161268E+00   0.161268E+00   0.193353E+03   0.316787E+06   0.318292E+06   0.316787E+06  -0.286010E-02   0.684033E+05   0.683752E+05   0.269199E-01   0.155237E-04   0.214893E+00  -0.196927E+08
   0.352464E+00   0.311931E+06   0.309689E+06   0.153300E+00   0.153300E+00   0.162930E+03   0.310081E+06   0.311555E+06   0.310081E+06  -0.279956E-02   0.669554E+05   0.669281E+05   0.258163E-01   0.147567E-04   0.214893E+00  -0.189958E+08
   0.357585E+00   0.305567E+06   0.303395E+06   0.145904E+00   0.145904E+00   0.143984E+03   0.303759E+06   0.305202E+06   0.303759E+06  -0.274248E-02   0.655901E+05   0.655636E+05   0.247241E-01   0.140446E-04   0.214893E+00  -0.183420E+08
   0.362706E+00   0.299469E+06   0.297366E+06   0.138985E+00   0.138985E+00   0.135795E+03   0.297701E+06   0.299116E+06   0.297701E+06  -0.268779E-02   0.642820E+05   0.642563E+05   0.236915E-01   0.133785E-04   0.214893E+00  -0.177224E+08
   0.367827E+00   0.293529E+06   0.291487E+06   0.132463E+00   0.132463E+00   0.136673E+03   0.291799E+06   0.293186E+06   0.291799E+06  -0.263451E-02   0.630077E+05   0.629826E+05   0.227533E-01   0.127506E-04   0.214893E+00  -0.171292E+08
   0.372948E+00   0.287665E+06   0.285675E+06   0.126276E+00   0.126276E+00   0.144224E+03   0.285972E+06   0.287331E+06   0.285972E+06  -0.258189E-02   0.617494E+05   0.617248E+05   0.219249E-01   0.121551E-04   0.214893E+00  -0.165566E+08
   0.378070E+00   0.281836E+06   0.279887E+06   0.120389E+00   0.120389E+00   0.155949E+03   0.280177E+06   0.281509E+06   0.280177E+06  -0.252958E-02   0.604981E+05   0.604741E+05   0.212011E-01   0.115883E-04   0.214893E+00  -0.160014E+08
   0.383191E+00   0.276048E+06   0.274131E+06   0.114785E+00   0.114785E+00   0.169579E+03   0.274422E+06   0.275726E+06   0.274422E+06  -0.247761E-02   0.592553E+05   0.592317E+05   0.205617E-01   0.110489E-04   0.214893E+00  -0.154632E+08
   0.388312E+00   0.270348E+06   0.268457E+06   0.109469E+00   0.109469E+00   0.183514E+03   0.268754E+06   0.270031E+06   0.268754E+06  -0.242644E-02   0.580314E+05   0.580082E+05   0.199782E-01   0.105372E-04   0.214893E+00  -0.149441E+08
   0.393433E+00   0.264794E+06   0.262927E+06   0.104445E+00   0.104445E+00   0.196799E+03   0.263230E+06   0.264480E+06   0.263230E+06  -0.237657E-02   0.568386E+05   0.568157E+05   0.194216E-01   0.100537E-04   0.214893E+00  -0.144464E+08
   0.398554E+00   0.259430E+06   0.257589E+06   0.997160E-01   0.997160E-01   0.209046E+03   0.257895E+06   0.259121E+06   0.257895E+06  -0.232841E-02   0.556868E+05   0.556643E+05   0.188686E-01   0.959843E-05   0.214893E+00  -0.139718E+08
   0.403675E+00   0.254287E+06   0.252475E+06   0.952747E-01   0.952747E-01   0.220195E+03   0.252782E+06   0.253983E+06   0.252782E+06  -0.228224E-02   0.545826E+05   0.545605E+05   0.183060E-01   0.917092E-05   0.214893E+00  -0.135210E+08
   0.408796E+00   0.249383E+06   0.247604E+06   0.911107E-01   0.911107E-01   0.230249E+03   0.247906E+06   0.249084E+06   0.247906E+06  -0.223822E-02   0.535299E+05   0.535082E+05   0.177318E-01   0.877011E-05   0.214893E+00  -0.130941E+08
   0.413918E+00   0.244712E+06   0.242971E+06   0.872061E-01   0.872061E-01   0.239201E+03   0.243264E+06   0.244420E+06   0.243264E+06  -0.219631E-02   0.525276E+05   0.525063E+05   0.171530E-01   0.839427E-05   0.214893E+00  -0.126899E+08
   0.419039E+00   0.240245E+06   0.238543E+06   0.835347E-01   0.835347E-01   0.246890E+03   0.238825E+06   0.239960E+06   0.238825E+06  -0.215623E-02   0.515689E+05   0.515481E+05   0.165816E-01   0.804089E-05   0.214893E+00  -0.123061E+08
   0.424160E+00   0.235937E+06   0.234274E+06   0.800681E-01   0.800681E-01   0.253112E+03   0.234543E+06   0.235657E+06   0.234543E+06  -0.211757E-02   0.506443E+05   0.506239E+05   0.160310E-01   0.770720E-05   0.214893E+00  -0.119396E+08
   0.429281E+00   0.231746E+06   0.230121E+06   0.767813E-01   0.767813E-01   0.257627E+03   0.230379E+06   0.231473E+06   0.230379E+06  -0.207998E-02   0.497452E+05   0.497252E+05   0.155120E-01   0.739083E-05   0.214893E+00  -0.115877E+08
   0.434402E+00   0.227647E+06   0.226055E+06   0.736555E-01   0.736555E-01   0.260229E+03   0.226305E+06   0.227380E+06   0.226305E+06  -0.204319E-02   0.488654E+05   0.488458E+05   0.150309E-01   0.708996E-05   0.214893E+00  -0.112485E+08
   0.439523E+00   0.223620E+06   0.222057E+06   0.706763E-01   0.706763E-01   0.260742E+03   0.222301E+06   0.223357E+06   0.222301E+06  -0.200705E-02   0.480009E+05   0.479817E+05   0.145883E-01   0.680320E-05   0.214893E+00  -0.109208E+08
   0.444644E+00   0.219656E+06   0.218120E+06   0.678335E-01   0.678335E-01   0.258992E+03   0.218361E+06   0.219398E+06   0.218361E+06  -0.197147E-02   0.471500E+05   0.471311E+05   0.141797E-01   0.652957E-05   0.214893E+00  -0.106037E+08
   0.449766E+00   0.215760E+06   0.214248E+06   0.651216E-01   0.651216E-01   0.254869E+03   0.214488E+06   0.215506E+06   0.214488E+06  -0.193650E-02   0.463137E+05   0.462951E+05   0.137977E-01   0.626855E-05   0.214893E+00  -0.102970E+08
   0.454887E+00   0.211950E+06   0.210459E+06   0.625389E-01   0.625389E-01   0.248311E+03   0.210698E+06   0.211699E+06   0.210698E+06  -0.190229E-02   0.454956E+05   0.454772E+05   0.134336E-01   0.601996E-05   0.214893E+00  -0.100012E+08
   0.460008E+00   0.208242E+06   0.206773E+06   0.600843E-01   0.600843E-01   0.239410E+03   0.207012E+06   0.207996E+06   0.207012E+06  -0.186901E-02   0.446997E+05   0.446816E+05   0.130801E-01   0.578370E-05   0.214893E+00  -0.971685E+07
   0.465129E+00   0.204652E+06   0.203205E+06   0.577551E-01   0.577551E-01   0.228406E+03   0.203443E+06   0.204409E+06   0.203443E+06  -0.183678E-02   0.439288E+05   0.439111E+05   0.127320E-01   0.555951E-05   0.214893E+00  -0.944415E+07
   0.470250E+00   0.201182E+06   0.199758E+06   0.555459E-01   0.555459E-01   0.215725E+03   0.199993E+06   0.200943E+06   0.199993E+06  -0.180563E-02   0.431839E+05   0.431665E+05   0.123871E-01   0.534686E-05   0.214893E+00  -0.918290E+07
   0.475371E+00   0.197829E+06   0.196429E+06   0.534496E-01   0.534496E-01   0.201924E+03   0.196659E+06   0.197594E+06   0.196659E+06  -0.177554E-02   0.424642E+05   0.424470E+05   0.120458E-01   0.514508E-05   0.214893E+00  -0.893257E+07
   0.480492E+00   0.194586E+06   0.193211E+06   0.514588E-01   0.514588E-01   0.187598E+03   0.193436E+06   0.194355E+06   0.193436E+06  -0.174643E-02   0.417681E+05   0.417513E+05   0.117106E-01   0.495345E-05   0.214893E+00  -0.869251E+07
   0.485614E+00   0.191443E+06   0.190093E+06   0.495656E-01   0.495656E-01   0.173311E+03   0.190312E+06   0.191216E+06   0.190312E+06  -0.171823E-02   0.410936E+05   0.410770E+05   0.113852E-01   0.477121E-05   0.214892E+00  -0.846194E+07
   0.490735E+00   0.188386E+06   0.187061E+06   0.477617E-01   0.477617E-01   0.159485E+03   0.187274E+06   0.188164E+06   0.187274E+06  -0.169080E-02   0.404377E+05   0.404214E+05   0.110727E-01   0.459757E-05   0.214892E+00  -0.823997E+07
   0.495856E+00   0.185401E+06   0.184099E+06   0.460390E-01   0.460390E-01   0.146424E+03   0.184307E+06   0.185182E+06   0.184307E+06  -0.166401E-02   0.397969E+05   0.397809E+05   0.107752E-01   0.443174E-05   0.214892E+00  -0.802566E+07
   0.500977E+00   0.182475E+06   0.181195E+06   0.443909E-01   0.443909E-01   0.134307E+03   0.181399E+06   0.182260E+06   0.181399E+06  -0.163775E-02   0.391690E+05   0.391532E+05   0.104933E-01   0.427309E-05   0.214892E+00  -0.781828E+07
   0.506098E+00   0.179606E+06   0.178346E+06   0.428132E-01   0.428132E-01   0.123292E+03   0.178546E+06   0.179395E+06   0.178546E+06  -0.161200E-02   0.385531E+05   0.385376E+05   0.102264E-01   0.412121E-05   0.214892E+00  -0.761748E+07
   0.511219E+00   0.176796E+06   0.175554E+06   0.413031E-01   0.413031E-01   0.113536E+03   0.175752E+06   0.176587E+06   0.175752E+06  -0.158678E-02   0.379498E+05   0.379345E+05   0.997262E-02   0.397585E-05   0.214892E+00  -0.742316E+07
   0.516340E+00   0.174046E+06   0.172822E+06   0.398580E-01   0.398580E-01   0.105242E+03   0.173018E+06   0.173840E+06   0.173018E+06  -0.156209E-02   0.373594E+05   0.373443E+05   0.972955E-02   0.383673E-05   0.214892E+00  -0.723520E+07
   0.521462E+00   0.171357E+06   0.170151E+06   0.384753E-01   0.384753E-01   0.986400E+02   0.170345E+06   0.171155E+06   0.170345E+06  -0.153796E-02   0.367823E+05   0.367674E+05   0.949469E-02   0.370362E-05   0.214892E+00  -0.705347E+07
   0.526583E+00   0.168734E+06   0.167545E+06   0.371529E-01   0.371529E-01   0.939278E+02   0.167737E+06   0.168534E+06   0.167737E+06  -0.151441E-02   0.362191E+05   0.362045E+05   0.926607E-02   0.357632E-05   0.214892E+00  -0.687794E+07
   0.531704E+00   0.166180E+06   0.165008E+06   0.358891E-01   0.358891E-01   0.912341E+02   0.165198E+06   0.165983E+06   0.165198E+06  -0.149149E-02   0.356709E+05   0.356565E+05   0.904258E-02   0.345465E-05   0.214892E+00  -0.670859E+07
   0.536825E+00   0.163697E+06   0.162542E+06   0.346815E-01   0.346815E-01   0.905390E+02   0.162730E+06   0.163503E+06   0.162730E+06  -0.146920E-02   0.351379E+05   0.351237E+05   0.882385E-02   0.333840E-05   0.214892E+00  -0.654529E+07
   0.541946E+00   0.161280E+06   0.160143E+06   0.335267E-01   0.335267E-01   0.916827E+02   0.160327E+06   0.161089E+06   0.160327E+06  -0.144751E-02   0.346191E+05   0.346051E+05   0.861014E-02   0.322724E-05   0.214892E+00  -0.638772E+07
   0.547067E+00   0.158924E+06   0.157804E+06   0.324213E-01   0.324213E-01   0.943521E+02   0.157985E+06   0.158736E+06   0.157985E+06  -0.142636E-02   0.341133E+05   0.340995E+05   0.840208E-02   0.312082E-05   0.214892E+00  -0.623548E+07
   0.559946E+00   0.153243E+06   0.152165E+06   0.298410E-01   0.298410E-01   0.104893E+03   0.152338E+06   0.153062E+06   0.152338E+06  -0.137538E-02   0.328940E+05   0.328808E+05   0.790870E-02   0.287244E-05   0.214892E+00  -0.587432E+07
   0.593872E+00   0.139636E+06   0.138652E+06   0.241732E-01   0.241732E-01   0.113015E+03   0.138811E+06   0.139470E+06   0.138811E+06  -0.125325E-02   0.299731E+05   0.299610E+05   0.680873E-02   0.232691E-05   0.214892E+00  -0.504691E+07
   0.629853E+00   0.127203E+06   0.126308E+06   0.195769E-01   0.195769E-01   0.701550E+02   0.126452E+06   0.127053E+06   0.126452E+06  -0.114167E-02   0.273045E+05   0.272934E+05   0.585150E-02   0.188448E-05   0.214892E+00  -0.433492E+07
   0.879031E+00   0.743591E+05   0.738361E+05   0.587557E-02   0.587557E-02   0.144978E+02   0.739199E+05   0.742713E+05   0.739199E+05  -0.667385E-03   0.159614E+05   0.159549E+05   0.247803E-02   0.565576E-06   0.214892E+00  -0.181574E+07
   0.122679E+01   0.429432E+05   0.426411E+05   0.174213E-02   0.174213E-02   0.552176E+01   0.426895E+05   0.428925E+05   0.426895E+05  -0.385422E-03   0.921788E+04   0.921403E+04   0.104764E-02   0.167698E-06   0.214891E+00  -0.751359E+06
   0.171212E+01   0.245424E+05   0.243696E+05   0.511179E-03   0.511179E-03   0.171151E+01   0.243974E+05   0.245134E+05   0.243974E+05  -0.220271E-03   0.526809E+04   0.526579E+04   0.446975E-03   0.492059E-07   0.214891E+00  -0.307683E+06
   0.238945E+01   0.139005E+05   0.138024E+05   0.148647E-03   0.148647E-03   0.390633E+00   0.138183E+05   0.138840E+05   0.138183E+05  -0.124759E-03   0.298378E+04   0.298238E+04   0.195678E-03   0.143087E-07   0.214890E+00  -0.124867E+06
