#          k/h    CDM            baryon         photon         nu             mass_nu        total          no_nu          total_de       Weyl           v_CDM          v_b            v_b-v_c        ISW            log_grow       pert_vel    
   0.994668E-05   0.675915E+08   0.675915E+08   0.900993E+08   0.900988E+08   0.675955E+08   0.675915E+08   0.675915E+08   0.676156E+08  -0.458033E+00   0.992560E+07   0.992560E+07   0.775566E+01   0.112841E+07   0.488857E+00  -0.997917E+14
   0.109829E-04   0.675765E+08   0.675765E+08   0.900744E+08   0.900738E+08   0.675805E+08   0.675765E+08   0.675765E+08   0.676006E+08  -0.457932E+00   0.992438E+07   0.992438E+07   0.856312E+01   0.925548E+06   0.488727E+00  -0.903650E+14
   0.121272E-04   0.675583E+08   0.675583E+08   0.900440E+08   0.900434E+08   0.675623E+08   0.675583E+08   0.675583E+08   0.675824E+08  -0.457808E+00   0.992290E+07   0.992290E+07   0.945452E+01   0.759162E+06   0.488568E+00  -0.818267E+14
   0.133906E-04   0.675361E+08   0.675361E+08   0.900070E+08   0.900062E+08   0.675401E+08   0.675361E+08   0.675361E+08   0.675602E+08  -0.457658E+00   0.992110E+07   0.992110E+07   0.104385E+02   0.622692E+06   0.488376E+00  -0.740926E+14
   0.147857E-04   0.675090E+08   0.675090E+08   0.899620E+08   0.899610E+08   0.675130E+08   0.675091E+08   0.675090E+08   0.675331E+08  -0.457474E+00   0.991890E+07   0.991890E+07   0.115247E+02   0.510760E+06   0.488141E+00  -0.670869E+14
   0.163261E-04   0.674761E+08   0.674761E+08   0.899071E+08   0.899059E+08   0.674800E+08   0.674761E+08   0.674761E+08   0.675002E+08  -0.457251E+00   0.991622E+07   0.991622E+07   0.127236E+02   0.418953E+06   0.487856E+00  -0.607407E+14
   0.180270E-04   0.674360E+08   0.674360E+08   0.898403E+08   0.898389E+08   0.674399E+08   0.674361E+08   0.674360E+08   0.674601E+08  -0.456980E+00   0.991296E+07   0.991296E+07   0.140468E+02   0.343652E+06   0.487509E+00  -0.549916E+14
   0.199051E-04   0.673873E+08   0.673873E+08   0.897590E+08   0.897573E+08   0.673911E+08   0.673873E+08   0.673873E+08   0.674113E+08  -0.456649E+00   0.990900E+07   0.990899E+07   0.155071E+02   0.281891E+06   0.487087E+00  -0.497831E+14
   0.219788E-04   0.673280E+08   0.673280E+08   0.896601E+08   0.896580E+08   0.673318E+08   0.673280E+08   0.673280E+08   0.673519E+08  -0.456247E+00   0.990417E+07   0.990416E+07   0.171183E+02   0.231233E+06   0.486574E+00  -0.450639E+14
   0.242687E-04   0.672559E+08   0.672558E+08   0.895398E+08   0.895372E+08   0.672596E+08   0.672559E+08   0.672559E+08   0.672798E+08  -0.455759E+00   0.989829E+07   0.989829E+07   0.188959E+02   0.189683E+06   0.485952E+00  -0.407878E+14
   0.267970E-04   0.671682E+08   0.671682E+08   0.893936E+08   0.893904E+08   0.671720E+08   0.671683E+08   0.671682E+08   0.671922E+08  -0.455165E+00   0.989115E+07   0.989115E+07   0.208568E+02   0.155603E+06   0.485197E+00  -0.369127E+14
   0.295888E-04   0.670619E+08   0.670619E+08   0.892160E+08   0.892121E+08   0.670655E+08   0.670619E+08   0.670619E+08   0.670858E+08  -0.454444E+00   0.988247E+07   0.988247E+07   0.230192E+02   0.127649E+06   0.484283E+00  -0.334006E+14
   0.326714E-04   0.669329E+08   0.669329E+08   0.890005E+08   0.889957E+08   0.669365E+08   0.669329E+08   0.669329E+08   0.669567E+08  -0.453570E+00   0.987193E+07   0.987192E+07   0.254033E+02   0.104720E+06   0.483178E+00  -0.302169E+14
   0.360752E-04   0.667766E+08   0.667766E+08   0.887392E+08   0.887333E+08   0.667801E+08   0.667767E+08   0.667766E+08   0.668004E+08  -0.452511E+00   0.985914E+07   0.985914E+07   0.280310E+02   0.859115E+05   0.481843E+00  -0.273304E+14
   0.398336E-04   0.665876E+08   0.665876E+08   0.884227E+08   0.884156E+08   0.665909E+08   0.665876E+08   0.665876E+08   0.666112E+08  -0.451230E+00   0.984364E+07   0.984363E+07   0.309260E+02   0.704829E+05   0.480234E+00  -0.247128E+14
   0.439836E-04   0.663592E+08   0.663592E+08   0.880399E+08   0.880313E+08   0.663624E+08   0.663592E+08   0.663592E+08   0.663828E+08  -0.449683E+00   0.982487E+07   0.982487E+07   0.341140E+02   0.578258E+05   0.478301E+00  -0.223384E+14
   0.485659E-04   0.660839E+08   0.660839E+08   0.875778E+08   0.875673E+08   0.660869E+08   0.660840E+08   0.660839E+08   0.661074E+08  -0.447817E+00   0.980219E+07   0.980218E+07   0.376225E+02   0.474414E+05   0.475984E+00  -0.201840E+14
   0.536256E-04   0.657529E+08   0.657529E+08   0.870211E+08   0.870084E+08   0.657556E+08   0.657529E+08   0.657529E+08   0.657761E+08  -0.445574E+00   0.977482E+07   0.977482E+07   0.414810E+02   0.389207E+05   0.473216E+00  -0.182286E+14
   0.592125E-04   0.653559E+08   0.653558E+08   0.863521E+08   0.863365E+08   0.653582E+08   0.653559E+08   0.653559E+08   0.653789E+08  -0.442883E+00   0.974188E+07   0.974187E+07   0.457211E+02   0.319280E+05   0.469926E+00  -0.164530E+14
   0.653814E-04   0.648813E+08   0.648813E+08   0.855503E+08   0.855314E+08   0.648834E+08   0.648813E+08   0.648813E+08   0.649042E+08  -0.439668E+00   0.970232E+07   0.970231E+07   0.503754E+02   0.261879E+05   0.466033E+00  -0.148401E+14
   0.721930E-04   0.643165E+08   0.643165E+08   0.845928E+08   0.845699E+08   0.643181E+08   0.643165E+08   0.643165E+08   0.643391E+08  -0.435840E+00   0.965498E+07   0.965496E+07   0.554784E+02   0.214747E+05   0.461455E+00  -0.133743E+14
   0.797142E-04   0.636473E+08   0.636472E+08   0.834540E+08   0.834262E+08   0.636483E+08   0.636473E+08   0.636473E+08   0.636696E+08  -0.431305E+00   0.959852E+07   0.959851E+07   0.610651E+02   0.176031E+05   0.456109E+00  -0.120416E+14
   0.880190E-04   0.628589E+08   0.628588E+08   0.821061E+08   0.820724E+08   0.628592E+08   0.628589E+08   0.628589E+08   0.628808E+08  -0.425962E+00   0.953151E+07   0.953149E+07   0.671705E+02   0.144214E+05   0.449919E+00  -0.108293E+14
   0.971891E-04   0.619360E+08   0.619359E+08   0.805195E+08   0.804787E+08   0.619356E+08   0.619360E+08   0.619360E+08   0.619575E+08  -0.419708E+00   0.945237E+07   0.945235E+07   0.738290E+02   0.118050E+05   0.442819E+00  -0.972611E+13
   0.107314E-03   0.608639E+08   0.608638E+08   0.786638E+08   0.786145E+08   0.608625E+08   0.608639E+08   0.608639E+08   0.608849E+08  -0.412443E+00   0.935949E+07   0.935946E+07   0.810726E+02   0.965229E+04   0.434766E+00  -0.872187E+13
   0.118495E-03   0.596291E+08   0.596290E+08   0.765092E+08   0.764497E+08   0.596266E+08   0.596291E+08   0.596291E+08   0.596495E+08  -0.404075E+00   0.925125E+07   0.925122E+07   0.889299E+02   0.787987E+04   0.425746E+00  -0.780759E+13
   0.130840E-03   0.582209E+08   0.582208E+08   0.740281E+08   0.739566E+08   0.582169E+08   0.582209E+08   0.582209E+08   0.582406E+08  -0.394532E+00   0.912616E+07   0.912612E+07   0.974237E+02   0.641979E+04   0.415786E+00  -0.697531E+13
   0.144471E-03   0.566325E+08   0.566324E+08   0.711973E+08   0.711115E+08   0.566268E+08   0.566325E+08   0.566325E+08   0.566515E+08  -0.383767E+00   0.898294E+07   0.898289E+07   0.106569E+03   0.521667E+04   0.404964E+00  -0.621804E+13
   0.159522E-03   0.548627E+08   0.548626E+08   0.680001E+08   0.678975E+08   0.548550E+08   0.548627E+08   0.548627E+08   0.548808E+08  -0.371773E+00   0.882072E+07   0.882066E+07   0.116369E+03   0.422545E+04   0.393407E+00  -0.552965E+13
   0.176142E-03   0.529172E+08   0.529170E+08   0.644289E+08   0.643067E+08   0.529069E+08   0.529171E+08   0.529172E+08   0.529343E+08  -0.358588E+00   0.863915E+07   0.863908E+07   0.126814E+03   0.340947E+04   0.381301E+00  -0.490483E+13
   0.194493E-03   0.508094E+08   0.508092E+08   0.604871E+08   0.603424E+08   0.507961E+08   0.508093E+08   0.508094E+08   0.508255E+08  -0.344303E+00   0.843860E+07   0.843852E+07   0.137876E+03   0.273894E+04   0.368878E+00  -0.433893E+13
   0.214755E-03   0.485611E+08   0.485608E+08   0.561910E+08   0.560207E+08   0.485440E+08   0.485609E+08   0.485610E+08   0.485759E+08  -0.329064E+00   0.822028E+07   0.822018E+07   0.149504E+03   0.218947E+04   0.356406E+00  -0.382787E+13
   0.237129E-03   0.462018E+08   0.462014E+08   0.515709E+08   0.513720E+08   0.461803E+08   0.462016E+08   0.462017E+08   0.462154E+08  -0.313073E+00   0.798629E+07   0.798617E+07   0.161622E+03   0.174100E+04   0.344172E+00  -0.336802E+13
   0.261834E-03   0.437679E+08   0.437675E+08   0.466715E+08   0.464414E+08   0.437410E+08   0.437677E+08   0.437678E+08   0.437802E+08  -0.296576E+00   0.773964E+07   0.773950E+07   0.174118E+03   0.137688E+04   0.332459E+00  -0.295604E+13
   0.289112E-03   0.413006E+08   0.413000E+08   0.415522E+08   0.412890E+08   0.412672E+08   0.413003E+08   0.413005E+08   0.413114E+08  -0.279851E+00   0.748414E+07   0.748397E+07   0.186842E+03   0.108309E+04   0.321526E+00  -0.258875E+13
   0.319233E-03   0.388430E+08   0.388423E+08   0.362867E+08   0.359897E+08   0.388017E+08   0.388427E+08   0.388429E+08   0.388523E+08  -0.263191E+00   0.722416E+07   0.722397E+07   0.199599E+03   0.847698E+03   0.311592E+00  -0.226305E+13
   0.352491E-03   0.364377E+08   0.364369E+08   0.309633E+08   0.306339E+08   0.363870E+08   0.364373E+08   0.364376E+08   0.364456E+08  -0.246885E+00   0.696441E+07   0.696418E+07   0.212135E+03   0.660521E+03   0.302817E+00  -0.197583E+13
   0.389215E-03   0.341239E+08   0.341230E+08   0.256851E+08   0.253273E+08   0.340617E+08   0.341235E+08   0.341238E+08   0.341303E+08  -0.231198E+00   0.670954E+07   0.670928E+07   0.224138E+03   0.512807E+03   0.295299E+00  -0.172392E+13
   0.429764E-03   0.319349E+08   0.319338E+08   0.205705E+08   0.201916E+08   0.318589E+08   0.319344E+08   0.319348E+08   0.319399E+08  -0.216356E+00   0.646385E+07   0.646355E+07   0.235231E+03   0.397080E+03   0.289071E+00  -0.150409E+13
   0.474538E-03   0.298966E+08   0.298953E+08   0.157517E+08   0.153628E+08   0.298039E+08   0.298960E+08   0.298964E+08   0.299001E+08  -0.202534E+00   0.623102E+07   0.623067E+07   0.244977E+03   0.307005E+03   0.284107E+00  -0.131311E+13
   0.523976E-03   0.280266E+08   0.280251E+08   0.113707E+08   0.109861E+08   0.279138E+08   0.280258E+08   0.280264E+08   0.280289E+08  -0.189853E+00   0.601387E+07   0.601347E+07   0.252895E+03   0.237280E+03   0.280327E+00  -0.114777E+13
   0.578566E-03   0.263344E+08   0.263326E+08   0.756747E+07   0.720322E+07   0.261972E+08   0.263334E+08   0.263341E+08   0.263354E+08  -0.178376E+00   0.581428E+07   0.581383E+07   0.258491E+03   0.183535E+03   0.277615E+00  -0.100497E+13
   0.638842E-03   0.248218E+08   0.248198E+08   0.446010E+07   0.413088E+07   0.246553E+08   0.248207E+08   0.248215E+08   0.248219E+08  -0.168118E+00   0.563324E+07   0.563274E+07   0.261309E+03   0.142222E+03   0.275825E+00  -0.881809E+12
   0.705398E-03   0.234846E+08   0.234822E+08   0.211607E+07   0.183011E+07   0.232829E+08   0.234832E+08   0.234842E+08   0.234837E+08  -0.159048E+00   0.547088E+07   0.547033E+07   0.260989E+03   0.110506E+03   0.274799E+00  -0.775589E+12
   0.778888E-03   0.223133E+08   0.223106E+08   0.522047E+06   0.275272E+06   0.220695E+08   0.223117E+08   0.223128E+08   0.223118E+08  -0.151105E+00   0.532662E+07   0.532602E+07   0.257337E+03   0.861540E+02   0.274379E+00  -0.683887E+12
   0.860035E-03   0.212954E+08   0.212924E+08  -0.431445E+06  -0.660084E+06   0.210013E+08   0.212935E+08   0.212949E+08   0.212934E+08  -0.144203E+00   0.519936E+07   0.519872E+07   0.250362E+03   0.674271E+02   0.274415E+00  -0.604563E+12
   0.949635E-03   0.204161E+08   0.204128E+08  -0.929016E+06  -0.117766E+07   0.200620E+08   0.204139E+08   0.204156E+08   0.204136E+08  -0.138241E+00   0.508764E+07   0.508696E+07   0.240281E+03   0.529874E+02   0.274773E+00  -0.535755E+12
   0.104857E-02   0.196598E+08   0.196562E+08  -0.116207E+07  -0.147848E+07   0.192345E+08   0.196572E+08   0.196592E+08   0.196568E+08  -0.133113E+00   0.498975E+07   0.498904E+07   0.227473E+03   0.418129E+02   0.275340E+00  -0.475869E+12
   0.115781E-02   0.190107E+08   0.190069E+08  -0.123953E+07  -0.166693E+07   0.185014E+08   0.190076E+08   0.190100E+08   0.190073E+08  -0.128712E+00   0.490391E+07   0.490317E+07   0.212399E+03   0.331279E+02   0.276026E+00  -0.423554E+12
   0.127844E-02   0.184536E+08   0.184496E+08  -0.115340E+07  -0.171629E+07   0.178462E+08   0.184501E+08   0.184529E+08   0.184497E+08  -0.124934E+00   0.482830E+07   0.482755E+07   0.195576E+03   0.263459E+02   0.276760E+00  -0.377676E+12
   0.141163E-02   0.179744E+08   0.179703E+08  -0.868892E+06  -0.156822E+07   0.172539E+08   0.179703E+08   0.179737E+08   0.179700E+08  -0.121684E+00   0.476119E+07   0.476044E+07   0.177618E+03   0.210244E+02   0.277495E+00  -0.337287E+12
   0.155869E-02   0.175600E+08   0.175559E+08  -0.475866E+06   0.441798E+06   0.167103E+08   0.175553E+08   0.175593E+08   0.175553E+08  -0.118876E+00   0.470090E+07   0.470015E+07   0.159309E+03   0.168301E+02   0.278195E+00  -0.301595E+12
   0.172108E-02   0.171988E+08   0.171947E+08  -0.178574E+06   0.354908E+06   0.162029E+08   0.171934E+08   0.171981E+08   0.171934E+08  -0.116425E+00   0.464596E+07   0.464523E+07   0.141554E+03   0.135072E+02   0.278841E+00  -0.269947E+12
   0.190039E-02   0.168804E+08   0.168762E+08  -0.593989E+05   0.285705E+06   0.157214E+08   0.168742E+08   0.168797E+08   0.168742E+08  -0.114263E+00   0.459496E+07   0.459425E+07   0.125172E+03   0.108642E+02   0.279424E+00  -0.241793E+12
   0.209838E-02   0.165955E+08   0.165914E+08  -0.137666E+05   0.230379E+06   0.152570E+08   0.165885E+08   0.165948E+08   0.165885E+08  -0.112328E+00   0.454662E+07   0.454593E+07   0.110725E+03   0.875360E+01   0.279938E+00  -0.216676E+12
   0.231699E-02   0.163361E+08   0.163319E+08  -0.314096E+05   0.186002E+06   0.148025E+08   0.163281E+08   0.163354E+08   0.163281E+08  -0.110565E+00   0.449979E+07   0.449911E+07   0.985014E+02   0.706263E+01   0.280385E+00  -0.194211E+12
   0.255838E-02   0.160951E+08   0.160908E+08  -0.135852E+06   0.150308E+06   0.143521E+08   0.160861E+08   0.160944E+08   0.160861E+08  -0.108926E+00   0.445344E+07   0.445276E+07   0.884217E+02   0.570381E+01   0.280768E+00  -0.174075E+12
   0.282492E-02   0.158663E+08   0.158618E+08  -0.165446E+06   0.121529E+06   0.139012E+08   0.158563E+08   0.158656E+08   0.158562E+08  -0.107370E+00   0.440661E+07   0.440594E+07   0.799718E+02   0.460923E+01   0.281092E+00  -0.155993E+12
   0.311923E-02   0.156445E+08   0.156398E+08  -0.134075E+06   0.982840E+05   0.134453E+08   0.156333E+08   0.156437E+08   0.156333E+08  -0.105860E+00   0.435850E+07   0.435782E+07   0.724871E+02   0.372583E+01   0.281364E+00  -0.139732E+12
   0.344419E-02   0.154249E+08   0.154199E+08  -0.671435E+05   0.794806E+05   0.129805E+08   0.154125E+08   0.154241E+08   0.154125E+08  -0.104364E+00   0.430835E+07   0.430767E+07   0.654372E+02   0.301178E+01   0.281590E+00  -0.125091E+12
   0.380302E-02   0.152036E+08   0.151983E+08  -0.376338E+05   0.642541E+05   0.125030E+08   0.151899E+08   0.152027E+08   0.151899E+08  -0.102857E+00   0.425548E+07   0.425482E+07   0.587006E+02   0.243395E+01   0.281778E+00  -0.111899E+12
   0.419923E-02   0.149769E+08   0.149714E+08  -0.426298E+05   0.519152E+05   0.120101E+08   0.149620E+08   0.149760E+08   0.149620E+08  -0.101313E+00   0.419930E+07   0.419864E+07   0.525205E+02   0.196594E+01   0.281931E+00  -0.100003E+12
   0.463671E-02   0.147418E+08   0.147359E+08  -0.541903E+05   0.419121E+05   0.114995E+08   0.147255E+08   0.147408E+08   0.147255E+08  -0.997122E-01   0.413923E+07   0.413857E+07   0.471426E+02   0.158669E+01   0.282055E+00  -0.892716E+11
   0.511978E-02   0.144955E+08   0.144890E+08  -0.307233E+05   0.338016E+05   0.109714E+08   0.144778E+08   0.144944E+08   0.144778E+08  -0.980347E-01   0.407475E+07   0.407410E+07   0.424770E+02   0.127932E+01   0.282154E+00  -0.795892E+11
   0.565317E-02   0.142360E+08   0.142289E+08  -0.100777E+05   0.272273E+05   0.104011E+08   0.142166E+08   0.142348E+08   0.142166E+08  -0.962665E-01   0.400550E+07   0.400485E+07   0.382312E+02   0.103026E+01   0.282232E+00  -0.708547E+11
   0.624213E-02   0.139600E+08   0.139522E+08  -0.403428E+04   0.218987E+05   0.982105E+07   0.139391E+08   0.139587E+08   0.139391E+08  -0.943875E-01   0.393079E+07   0.393015E+07   0.343118E+02   0.828455E+00   0.282292E+00  -0.629725E+11
   0.689245E-02   0.136661E+08   0.136574E+08   0.251729E+05   0.175828E+05   0.921844E+07   0.136436E+08   0.136646E+08   0.136436E+08  -0.923862E-01   0.385030E+07   0.384967E+07   0.308465E+02   0.665048E+00   0.282337E+00  -0.558631E+11
   0.761052E-02   0.133523E+08   0.133425E+08   0.201503E+05   0.140900E+05   0.860187E+07   0.133282E+08   0.133507E+08   0.133282E+08  -0.902505E-01   0.376365E+07   0.376302E+07   0.277914E+02   0.532843E+00   0.282370E+00  -0.494537E+11
   0.840340E-02   0.130170E+08   0.130059E+08  -0.839035E+03   0.112661E+05   0.797987E+07   0.129913E+08   0.130151E+08   0.129913E+08  -0.879689E-01   0.367045E+07   0.366982E+07   0.250257E+02   0.425973E+00   0.282393E+00  -0.436785E+11
   0.927889E-02   0.126585E+08   0.126460E+08   0.127604E+05   0.898578E+04   0.735224E+07   0.126313E+08   0.126564E+08   0.126313E+08  -0.855315E-01   0.357036E+07   0.356973E+07   0.225692E+02   0.339697E+00   0.282408E+00  -0.384786E+11
   0.102456E-01   0.122756E+08   0.122613E+08   0.194775E+04   0.714698E+04   0.671877E+07   0.122469E+08   0.122732E+08   0.122469E+08  -0.829287E-01   0.346306E+07   0.346243E+07   0.203851E+02   0.270140E+00   0.282415E+00  -0.338007E+11
   0.113130E-01   0.118669E+08   0.118506E+08   0.500076E+04   0.566656E+04   0.608626E+07   0.118368E+08   0.118642E+08   0.118368E+08  -0.801517E-01   0.334822E+07   0.334759E+07   0.184403E+02   0.214149E+00   0.282417E+00  -0.295964E+11
   0.124916E-01   0.114312E+08   0.114125E+08   0.143581E+04   0.447686E+04   0.546261E+07   0.113998E+08   0.114281E+08   0.113998E+08  -0.771926E-01   0.322555E+07   0.322493E+07   0.167139E+02   0.169162E+00   0.282414E+00  -0.258219E+11
   0.137930E-01   0.109676E+08   0.109461E+08   0.419189E+04   0.352279E+04   0.485371E+07   0.109350E+08   0.109640E+08   0.109351E+08  -0.740454E-01   0.309484E+07   0.309422E+07   0.151786E+02   0.133091E+00   0.282408E+00  -0.224378E+11
   0.152300E-01   0.104754E+08   0.104509E+08  -0.376279E+04   0.275955E+04   0.426261E+07   0.104419E+08   0.104713E+08   0.104419E+08  -0.707062E-01   0.295596E+07   0.295533E+07   0.138091E+02   0.104241E+00   0.282399E+00  -0.194088E+11
   0.168167E-01   0.996627E+07   0.993840E+07   0.816410E+03   0.215320E+04   0.370350E+07   0.993198E+07   0.996159E+07   0.993198E+07  -0.672531E-01   0.281218E+07   0.281154E+07   0.125911E+02   0.813245E-01   0.282388E+00  -0.167225E+11
   0.185687E-01   0.942035E+07   0.938882E+07   0.141894E+04   0.166915E+04   0.317254E+07   0.938551E+07   0.941505E+07   0.938551E+07  -0.635528E-01   0.265794E+07   0.265730E+07   0.114801E+02   0.630337E-01   0.282376E+00  -0.143140E+11
   0.205033E-01   0.884927E+07   0.881390E+07  -0.289452E+04   0.128590E+04   0.267995E+07   0.881416E+07   0.884333E+07   0.881416E+07  -0.596840E-01   0.249655E+07   0.249591E+07   0.104599E+02   0.485541E-01   0.282362E+00  -0.121763E+11
   0.226393E-01   0.824839E+07   0.820920E+07  -0.887640E+03   0.982953E+03   0.222784E+07   0.821335E+07   0.824181E+07   0.821335E+07  -0.556157E-01   0.232673E+07   0.232608E+07   0.949932E+01   0.371104E-01   0.282348E+00  -0.102773E+11
   0.249980E-01   0.763912E+07   0.759632E+07  -0.579824E+03   0.746557E+03   0.182495E+07   0.760445E+07   0.763193E+07   0.760445E+07  -0.514925E-01   0.215453E+07   0.215388E+07   0.858243E+01   0.281820E-01   0.282334E+00  -0.861870E+10
   0.276023E-01   0.702857E+07   0.698275E+07  -0.662269E+03   0.563298E+03   0.147238E+07   0.699462E+07   0.702088E+07   0.699462E+07  -0.473632E-01   0.198199E+07   0.198135E+07   0.768575E+01   0.212616E-01   0.282320E+00  -0.718040E+10
   0.304780E-01   0.641937E+07   0.637150E+07  -0.544118E+03   0.421904E+03   0.116900E+07   0.638652E+07   0.641133E+07   0.638652E+07  -0.432455E-01   0.180988E+07   0.180926E+07   0.678538E+01   0.159229E-01   0.282306E+00  -0.593818E+10
   0.336533E-01   0.582795E+07   0.577949E+07  -0.217527E+03   0.314118E+03   0.914591E+06   0.579660E+07   0.581982E+07   0.579660E+07  -0.392509E-01   0.164286E+07   0.164226E+07   0.587161E+01   0.118538E-01   0.282293E+00  -0.488160E+10
   0.371593E-01   0.527562E+07   0.522841E+07  -0.169893E+02   0.233197E+03   0.707483E+06   0.524611E+07   0.526769E+07   0.524611E+07  -0.355234E-01   0.148696E+07   0.148641E+07   0.494708E+01   0.879921E-02   0.282281E+00  -0.400148E+10
   0.410307E-01   0.477586E+07   0.473206E+07  -0.105120E+03   0.173142E+03   0.542910E+06   0.474851E+07   0.476850E+07   0.474851E+07  -0.321539E-01   0.134601E+07   0.134552E+07   0.402613E+01   0.653258E-02   0.282270E+00  -0.328042E+10
   0.451338E-01   0.435868E+07   0.432013E+07   0.130600E+03   0.130600E+03   0.419873E+06   0.433360E+07   0.435221E+07   0.433360E+07  -0.293444E-01   0.122843E+07   0.122799E+07   0.322650E+01   0.492758E-02   0.282251E+00  -0.272169E+10
   0.492368E-01   0.402875E+07   0.399631E+07   0.101447E+03   0.101447E+03   0.332239E+06   0.400584E+07   0.402330E+07   0.400584E+07  -0.271250E-01   0.113557E+07   0.113520E+07   0.250575E+01   0.382738E-02   0.282243E+00  -0.230629E+10
   0.533399E-01   0.376288E+07   0.373654E+07   0.807500E+02   0.807500E+02   0.268521E+06   0.374194E+07   0.375845E+07   0.374194E+07  -0.253380E-01   0.106079E+07   0.106048E+07   0.193160E+01   0.304634E-02   0.282236E+00  -0.198871E+10
   0.574430E-01   0.353901E+07   0.351803E+07   0.654958E+02   0.654958E+02   0.221081E+06   0.351980E+07   0.353549E+07   0.351980E+07  -0.238339E-01   0.997837E+06   0.997579E+06   0.150028E+01   0.247075E-02   0.282230E+00  -0.173708E+10
   0.615460E-01   0.333995E+07   0.332308E+07   0.538529E+02   0.538529E+02   0.184924E+06   0.332220E+07   0.333712E+07   0.332220E+07  -0.224958E-01   0.941833E+06   0.941612E+06   0.119858E+01   0.203145E-02   0.282226E+00  -0.153029E+10
   0.656491E-01   0.315241E+07   0.313815E+07   0.446780E+02   0.446780E+02   0.156680E+06   0.313585E+07   0.315002E+07   0.313585E+07  -0.212340E-01   0.889016E+06   0.888819E+06   0.100539E+01   0.168529E-02   0.282222E+00  -0.135419E+10
   0.697522E-01   0.296698E+07   0.295387E+07   0.372490E+02   0.372490E+02   0.134047E+06   0.295138E+07   0.296478E+07   0.295138E+07  -0.199849E-01   0.836728E+06   0.836541E+06   0.894663E+00   0.140502E-02   0.282218E+00  -0.119957E+10
   0.738552E-01   0.278520E+07   0.277204E+07   0.311880E+02   0.311880E+02   0.115755E+06   0.277037E+07   0.278299E+07   0.277037E+07  -0.187592E-01   0.785420E+06   0.785234E+06   0.840404E+00   0.117637E-02   0.282215E+00  -0.106346E+10
   0.779583E-01   0.260121E+07   0.258719E+07   0.261394E+02   0.261394E+02   0.100498E+06   0.258703E+07   0.259885E+07   0.258703E+07  -0.175177E-01   0.733450E+06   0.733260E+06   0.815736E+00   0.985925E-03   0.282213E+00  -0.940817E+09
   0.820614E-01   0.242397E+07   0.240875E+07   0.219801E+02   0.219801E+02   0.878445E+05   0.241037E+07   0.242142E+07   0.241037E+07  -0.163215E-01   0.683373E+06   0.683176E+06   0.800981E+00   0.829035E-03   0.282211E+00  -0.832748E+09
   0.861644E-01   0.225836E+07   0.224204E+07   0.185715E+02   0.185715E+02   0.773392E+05   0.224531E+07   0.225562E+07   0.224531E+07  -0.152038E-01   0.636582E+06   0.636380E+06   0.781211E+00   0.700465E-03   0.282209E+00  -0.738787E+09
   0.912856E-01   0.207418E+07   0.205710E+07   0.151943E+02   0.151943E+02   0.667369E+05   0.206183E+07   0.207132E+07   0.206183E+07  -0.139614E-01   0.584566E+06   0.584365E+06   0.737009E+00   0.573080E-03   0.282207E+00  -0.640358E+09
   0.964067E-01   0.192056E+07   0.190374E+07   0.126128E+02   0.126128E+02   0.584725E+05   0.190894E+07   0.191774E+07   0.190894E+07  -0.129261E-01   0.541222E+06   0.541029E+06   0.668055E+00   0.475714E-03   0.282205E+00  -0.561382E+09
   0.101528E+00   0.179939E+07   0.178383E+07   0.106552E+02   0.106552E+02   0.521098E+05   0.178852E+07   0.179678E+07   0.178852E+07  -0.121107E-01   0.507082E+06   0.506905E+06   0.580923E+00   0.401878E-03   0.282204E+00  -0.499440E+09
   0.106649E+00   0.170626E+07   0.169267E+07   0.915773E+01   0.915773E+01   0.471612E+05   0.169614E+07   0.170398E+07   0.169614E+07  -0.114852E-01   0.480889E+06   0.480733E+06   0.487551E+00   0.345399E-03   0.282202E+00  -0.450900E+09
   0.111770E+00   0.163202E+07   0.162067E+07   0.797633E+01   0.797633E+01   0.431113E+05   0.162260E+07   0.163011E+07   0.162260E+07  -0.109872E-01   0.460038E+06   0.459904E+06   0.400478E+00   0.300842E-03   0.282201E+00  -0.411588E+09
   0.116891E+00   0.156678E+07   0.155746E+07   0.700241E+01   0.700241E+01   0.395238E+05   0.155800E+07   0.156522E+07   0.155800E+07  -0.105498E-01   0.441721E+06   0.441606E+06   0.329375E+00   0.264111E-03   0.282200E+00  -0.377888E+09
   0.122012E+00   0.150284E+07   0.149500E+07   0.616540E+01   0.616540E+01   0.361019E+05   0.149459E+07   0.150152E+07   0.149459E+07  -0.101204E-01   0.423743E+06   0.423641E+06   0.279117E+00   0.232544E-03   0.282200E+00  -0.347294E+09
   0.127134E+00   0.143566E+07   0.142860E+07   0.542512E+01   0.542512E+01   0.327039E+05   0.142784E+07   0.143447E+07   0.142784E+07  -0.966842E-02   0.404820E+06   0.404725E+06   0.249444E+00   0.204624E-03   0.282199E+00  -0.318420E+09
   0.132255E+00   0.136399E+07   0.135704E+07   0.476272E+01   0.476272E+01   0.293222E+05   0.135651E+07   0.136283E+07   0.135651E+07  -0.918546E-02   0.384600E+06   0.384507E+06   0.236006E+00   0.179642E-03   0.282198E+00  -0.290802E+09
   0.137376E+00   0.128930E+07   0.128198E+07   0.417211E+01   0.417211E+01   0.260386E+05   0.128210E+07   0.128807E+07   0.128210E+07  -0.868154E-02   0.363504E+06   0.363408E+06   0.232223E+00   0.157366E-03   0.282198E+00  -0.264603E+09
   0.142497E+00   0.121477E+07   0.120690E+07   0.365299E+01   0.365299E+01   0.229701E+05   0.120782E+07   0.121345E+07   0.120782E+07  -0.817858E-02   0.342448E+06   0.342349E+06   0.231312E+00   0.137786E-03   0.282197E+00  -0.240316E+09
   0.147618E+00   0.114451E+07   0.113617E+07   0.320662E+01   0.320662E+01   0.202223E+05   0.113780E+07   0.114311E+07   0.113780E+07  -0.770446E-02   0.322598E+06   0.322497E+06   0.227932E+00   0.120949E-03   0.282196E+00  -0.218532E+09
   0.152739E+00   0.108239E+07   0.107386E+07   0.283233E+01   0.283233E+01   0.178598E+05   0.107593E+07   0.108096E+07   0.107593E+07  -0.728549E-02   0.305057E+06   0.304957E+06   0.219111E+00   0.106832E-03   0.282196E+00  -0.199720E+09
   0.157860E+00   0.103054E+07   0.102220E+07   0.252444E+01   0.252444E+01   0.158834E+05   0.102434E+07   0.102914E+07   0.102434E+07  -0.693621E-02   0.290434E+06   0.290337E+06   0.204344E+00   0.952183E-04   0.282195E+00  -0.183978E+09
   0.162982E+00   0.988586E+06   0.980786E+06   0.227195E+01   0.227195E+01   0.142387E+05   0.982672E+06   0.987277E+06   0.982672E+06  -0.665403E-02   0.278619E+06   0.278528E+06   0.185089E+00   0.856946E-04   0.282195E+00  -0.170948E+09
   0.168103E+00   0.954358E+06   0.947321E+06   0.206187E+01   0.206187E+01   0.128458E+05   0.948726E+06   0.953176E+06   0.948726E+06  -0.642417E-02   0.268994E+06   0.268911E+06   0.163951E+00   0.777705E-04   0.282194E+00  -0.160015E+09
   0.173224E+00   0.925118E+06   0.918911E+06   0.188248E+01   0.188248E+01   0.116290E+05   0.919758E+06   0.924076E+06   0.919758E+06  -0.622802E-02   0.260780E+06   0.260706E+06   0.143780E+00   0.710040E-04   0.282194E+00  -0.150544E+09
   0.178345E+00   0.898089E+06   0.892621E+06   0.172421E+01   0.172421E+01   0.105282E+05   0.892974E+06   0.897170E+06   0.892974E+06  -0.604666E-02   0.253186E+06   0.253119E+06   0.126854E+00   0.650345E-04   0.282194E+00  -0.141963E+09
   0.183466E+00   0.870692E+06   0.865760E+06   0.157971E+01   0.157971E+01   0.950027E+04   0.865792E+06   0.869864E+06   0.865792E+06  -0.586260E-02   0.245480E+06   0.245417E+06   0.114386E+00   0.595841E-04   0.282193E+00  -0.133800E+09
   0.188587E+00   0.841263E+06   0.836616E+06   0.144458E+01   0.144458E+01   0.852485E+04   0.836546E+06   0.840483E+06   0.836546E+06  -0.566456E-02   0.237188E+06   0.237128E+06   0.106434E+00   0.544872E-04   0.282193E+00  -0.125770E+09
   0.193708E+00   0.809634E+06   0.805041E+06   0.131770E+01   0.131770E+01   0.760255E+04   0.805070E+06   0.808862E+06   0.805070E+06  -0.545143E-02   0.228264E+06   0.228205E+06   0.102122E+00   0.497013E-04   0.282193E+00  -0.117838E+09
   0.198830E+00   0.776840E+06   0.772144E+06   0.119996E+01   0.119996E+01   0.674638E+04   0.772410E+06   0.776051E+06   0.772410E+06  -0.523027E-02   0.219005E+06   0.218946E+06   0.100032E+00   0.452603E-04   0.282192E+00  -0.110146E+09
   0.203951E+00   0.744321E+06   0.739461E+06   0.109262E+01   0.109262E+01   0.596997E+04   0.740014E+06   0.743505E+06   0.740014E+06  -0.501091E-02   0.209821E+06   0.209760E+06   0.986235E-01   0.412118E-04   0.282192E+00  -0.102877E+09
   0.209072E+00   0.713478E+06   0.708489E+06   0.996590E+00   0.996590E+00   0.528388E+04   0.709292E+06   0.712640E+06   0.709292E+06  -0.480288E-02   0.201111E+06   0.201050E+06   0.966279E-01   0.375895E-04   0.282192E+00  -0.961909E+08
   0.214193E+00   0.685506E+06   0.680490E+06   0.912230E+00   0.912230E+00   0.469485E+04   0.681446E+06   0.684664E+06   0.681446E+06  -0.461432E-02   0.193216E+06   0.193156E+06   0.932991E-01   0.344074E-04   0.282191E+00  -0.902051E+08
   0.219314E+00   0.661130E+06   0.656218E+06   0.839168E+00   0.839168E+00   0.420449E+04   0.657200E+06   0.660305E+06   0.657200E+06  -0.445014E-02   0.186342E+06   0.186284E+06   0.884809E-01   0.316515E-04   0.282191E+00  -0.849644E+08
   0.224435E+00   0.640343E+06   0.635657E+06   0.776129E+00   0.776129E+00   0.380853E+04   0.636548E+06   0.639556E+06   0.636548E+06  -0.431030E-02   0.180486E+06   0.180431E+06   0.825081E-01   0.292735E-04   0.282191E+00  -0.804167E+08
   0.229556E+00   0.622483E+06   0.618104E+06   0.721228E+00   0.721228E+00   0.349722E+04   0.618822E+06   0.621748E+06   0.618822E+06  -0.419027E-02   0.175460E+06   0.175408E+06   0.760141E-01   0.272026E-04   0.282191E+00  -0.764333E+08
   0.234678E+00   0.606540E+06   0.602493E+06   0.672461E+00   0.672461E+00   0.325759E+04   0.603009E+06   0.605861E+06   0.603009E+06  -0.408319E-02   0.170976E+06   0.170927E+06   0.697115E-01   0.253630E-04   0.282191E+00  -0.728549E+08
   0.239799E+00   0.591442E+06   0.587696E+06   0.628049E+00   0.628049E+00   0.307428E+04   0.588031E+06   0.590813E+06   0.588031E+06  -0.398178E-02   0.166729E+06   0.166683E+06   0.641952E-01   0.236878E-04   0.282190E+00  -0.695281E+08
   0.244920E+00   0.576276E+06   0.572762E+06   0.586645E+00   0.586645E+00   0.293142E+04   0.572976E+06   0.575686E+06   0.572976E+06  -0.387983E-02   0.162460E+06   0.162416E+06   0.598137E-01   0.221260E-04   0.282190E+00  -0.663314E+08
   0.250041E+00   0.560513E+06   0.557143E+06   0.547472E+00   0.547472E+00   0.281458E+04   0.557310E+06   0.559947E+06   0.557310E+06  -0.377375E-02   0.158018E+06   0.157976E+06   0.566283E-01   0.206485E-04   0.282190E+00  -0.631965E+08
   0.255162E+00   0.544092E+06   0.540784E+06   0.510310E+00   0.510310E+00   0.271274E+04   0.540977E+06   0.543537E+06   0.540977E+06  -0.366316E-02   0.153387E+06   0.153346E+06   0.544511E-01   0.192469E-04   0.282190E+00  -0.601132E+08
   0.260283E+00   0.527318E+06   0.524012E+06   0.475292E+00   0.475292E+00   0.261898E+04   0.524282E+06   0.526763E+06   0.524282E+06  -0.355011E-02   0.148654E+06   0.148613E+06   0.529344E-01   0.179261E-04   0.282190E+00  -0.571118E+08
   0.265404E+00   0.510670E+06   0.507342E+06   0.442676E+00   0.442676E+00   0.252962E+04   0.507709E+06   0.510111E+06   0.507709E+06  -0.343788E-02   0.143955E+06   0.143914E+06   0.516812E-01   0.166960E-04   0.282190E+00  -0.542392E+08
   0.270526E+00   0.494671E+06   0.491327E+06   0.412709E+00   0.412709E+00   0.244355E+04   0.491782E+06   0.494109E+06   0.491782E+06  -0.333004E-02   0.139439E+06   0.139398E+06   0.503484E-01   0.155658E-04   0.282190E+00  -0.515432E+08
   0.275647E+00   0.479780E+06   0.476453E+06   0.385539E+00   0.385539E+00   0.236048E+04   0.476964E+06   0.479221E+06   0.476964E+06  -0.322970E-02   0.135238E+06   0.135197E+06   0.487174E-01   0.145411E-04   0.282189E+00  -0.490613E+08
   0.280768E+00   0.466270E+06   0.463005E+06   0.361135E+00   0.361135E+00   0.227983E+04   0.463528E+06   0.465722E+06   0.463528E+06  -0.313872E-02   0.131428E+06   0.131389E+06   0.467188E-01   0.136207E-04   0.282189E+00  -0.468096E+08
   0.285889E+00   0.454153E+06   0.450991E+06   0.339263E+00   0.339263E+00   0.219984E+04   0.451486E+06   0.453622E+06   0.451486E+06  -0.305718E-02   0.128014E+06   0.127975E+06   0.444169E-01   0.127958E-04   0.282189E+00  -0.447768E+08
   0.291010E+00   0.443216E+06   0.440187E+06   0.319549E+00   0.319549E+00   0.211787E+04   0.440622E+06   0.442707E+06   0.440622E+06  -0.298361E-02   0.124933E+06   0.124897E+06   0.419658E-01   0.120523E-04   0.282189E+00  -0.429303E+08
   0.296131E+00   0.433122E+06   0.430237E+06   0.301573E+00   0.301573E+00   0.203129E+04   0.430600E+06   0.432637E+06   0.430600E+06  -0.291575E-02   0.122091E+06   0.122056E+06   0.395539E-01   0.113744E-04   0.282189E+00  -0.412283E+08
   0.301252E+00   0.423505E+06   0.420756E+06   0.284945E+00   0.284945E+00   0.193814E+04   0.421050E+06   0.423043E+06   0.421050E+06  -0.285109E-02   0.119384E+06   0.119350E+06   0.373488E-01   0.107473E-04   0.282189E+00  -0.396287E+08
   0.306374E+00   0.414038E+06   0.411403E+06   0.269346E+00   0.269346E+00   0.183784E+04   0.411647E+06   0.413596E+06   0.411647E+06  -0.278741E-02   0.116717E+06   0.116685E+06   0.354587E-01   0.101590E-04   0.282189E+00  -0.380961E+08
   0.311495E+00   0.404504E+06   0.401953E+06   0.254565E+00   0.254565E+00   0.173118E+04   0.402171E+06   0.404075E+06   0.402171E+06  -0.272325E-02   0.114031E+06   0.113999E+06   0.339168E-01   0.960154E-05   0.282189E+00  -0.366073E+08
   0.316616E+00   0.394838E+06   0.392340E+06   0.240508E+00   0.240508E+00   0.162034E+04   0.392559E+06   0.394418E+06   0.392559E+06  -0.265816E-02   0.111306E+06   0.111275E+06   0.326866E-01   0.907137E-05   0.282189E+00  -0.351544E+08
   0.321737E+00   0.385118E+06   0.382651E+06   0.227176E+00   0.227176E+00   0.150827E+04   0.382890E+06   0.384704E+06   0.382890E+06  -0.259269E-02   0.108564E+06   0.108534E+06   0.316825E-01   0.856854E-05   0.282189E+00  -0.337428E+08
   0.326858E+00   0.375508E+06   0.373060E+06   0.214616E+00   0.214616E+00   0.139818E+04   0.373328E+06   0.375097E+06   0.373328E+06  -0.252794E-02   0.105853E+06   0.105823E+06   0.307981E-01   0.809483E-05   0.282189E+00  -0.323847E+08
   0.331979E+00   0.366191E+06   0.363761E+06   0.202880E+00   0.202880E+00   0.129312E+04   0.364058E+06   0.365783E+06   0.364058E+06  -0.246517E-02   0.103225E+06   0.103195E+06   0.299341E-01   0.765217E-05   0.282189E+00  -0.310934E+08
   0.337100E+00   0.357324E+06   0.354921E+06   0.191995E+00   0.191995E+00   0.119567E+04   0.355237E+06   0.356920E+06   0.355237E+06  -0.240544E-02   0.100724E+06   0.100694E+06   0.290205E-01   0.724161E-05   0.282189E+00  -0.298791E+08
   0.342222E+00   0.349006E+06   0.346643E+06   0.181954E+00   0.181954E+00   0.110800E+04   0.346965E+06   0.348609E+06   0.346965E+06  -0.234943E-02   0.983783E+05   0.983495E+05   0.280265E-01   0.686287E-05   0.282189E+00  -0.287466E+08
   0.347343E+00   0.341261E+06   0.338953E+06   0.172709E+00   0.172709E+00   0.103154E+04   0.339265E+06   0.340873E+06   0.339265E+06  -0.229729E-02   0.961951E+05   0.961671E+05   0.269592E-01   0.651413E-05   0.282189E+00  -0.276942E+08
   0.352464E+00   0.334035E+06   0.331792E+06   0.164176E+00   0.164176E+00   0.967006E+03   0.332084E+06   0.333658E+06   0.332084E+06  -0.224866E-02   0.941590E+05   0.941316E+05   0.258543E-01   0.619228E-05   0.282188E+00  -0.267142E+08
   0.357585E+00   0.327220E+06   0.325047E+06   0.156255E+00   0.156255E+00   0.914200E+03   0.325312E+06   0.326855E+06   0.325312E+06  -0.220281E-02   0.922391E+05   0.922125E+05   0.247609E-01   0.589349E-05   0.282188E+00  -0.257947E+08
   0.362706E+00   0.320690E+06   0.318586E+06   0.148845E+00   0.148845E+00   0.872085E+03   0.318825E+06   0.320336E+06   0.318825E+06  -0.215888E-02   0.903995E+05   0.903737E+05   0.237270E-01   0.561398E-05   0.282188E+00  -0.249233E+08
   0.367827E+00   0.314329E+06   0.312287E+06   0.141860E+00   0.141860E+00   0.838941E+03   0.312504E+06   0.313986E+06   0.312504E+06  -0.211608E-02   0.886073E+05   0.885822E+05   0.227877E-01   0.535050E-05   0.282188E+00  -0.240891E+08
   0.372948E+00   0.308050E+06   0.306060E+06   0.135235E+00   0.135235E+00   0.812588E+03   0.306263E+06   0.307716E+06   0.306263E+06  -0.207382E-02   0.868378E+05   0.868132E+05   0.219582E-01   0.510062E-05   0.282188E+00  -0.232839E+08
   0.378070E+00   0.301808E+06   0.299858E+06   0.128930E+00   0.128930E+00   0.790902E+03   0.300057E+06   0.301480E+06   0.300057E+06  -0.203180E-02   0.850781E+05   0.850541E+05   0.212334E-01   0.486279E-05   0.282188E+00  -0.225031E+08
   0.383191E+00   0.295609E+06   0.293692E+06   0.122928E+00   0.122928E+00   0.772053E+03   0.293893E+06   0.295287E+06   0.293893E+06  -0.199006E-02   0.833304E+05   0.833068E+05   0.205928E-01   0.463644E-05   0.282188E+00  -0.217462E+08
   0.388312E+00   0.289505E+06   0.287614E+06   0.117235E+00   0.117235E+00   0.754839E+03   0.287823E+06   0.289188E+06   0.287823E+06  -0.194895E-02   0.816092E+05   0.815859E+05   0.200083E-01   0.442169E-05   0.282188E+00  -0.210162E+08
   0.393433E+00   0.283557E+06   0.281690E+06   0.111855E+00   0.111855E+00   0.738570E+03   0.281907E+06   0.283244E+06   0.281907E+06  -0.190889E-02   0.799318E+05   0.799089E+05   0.194508E-01   0.421880E-05   0.282188E+00  -0.203163E+08
   0.398554E+00   0.277813E+06   0.275972E+06   0.106790E+00   0.106790E+00   0.722965E+03   0.276194E+06   0.277504E+06   0.276194E+06  -0.187021E-02   0.783120E+05   0.782894E+05   0.188969E-01   0.402777E-05   0.282188E+00  -0.196488E+08
   0.403675E+00   0.272306E+06   0.270494E+06   0.102034E+00   0.102034E+00   0.707967E+03   0.270718E+06   0.272001E+06   0.270718E+06  -0.183313E-02   0.767592E+05   0.767370E+05   0.183334E-01   0.384837E-05   0.282188E+00  -0.190149E+08
   0.408796E+00   0.267054E+06   0.265275E+06   0.975745E-01   0.975745E-01   0.693533E+03   0.265496E+06   0.266755E+06   0.265496E+06  -0.179777E-02   0.752787E+05   0.752570E+05   0.177584E-01   0.368018E-05   0.282188E+00  -0.184145E+08
   0.413918E+00   0.262053E+06   0.260311E+06   0.933928E-01   0.933928E-01   0.679579E+03   0.260525E+06   0.261760E+06   0.260525E+06  -0.176411E-02   0.738691E+05   0.738478E+05   0.171788E-01   0.352247E-05   0.282188E+00  -0.178461E+08
   0.419039E+00   0.257269E+06   0.255567E+06   0.894611E-01   0.894611E-01   0.665839E+03   0.255770E+06   0.256983E+06   0.255770E+06  -0.173191E-02   0.725210E+05   0.725002E+05   0.166067E-01   0.337418E-05   0.282188E+00  -0.173063E+08
   0.424160E+00   0.252655E+06   0.250992E+06   0.857484E-01   0.857484E-01   0.652009E+03   0.251185E+06   0.252376E+06   0.251185E+06  -0.170086E-02   0.712208E+05   0.712004E+05   0.160553E-01   0.323415E-05   0.282188E+00  -0.167908E+08
   0.429281E+00   0.248168E+06   0.246542E+06   0.822284E-01   0.822284E-01   0.637770E+03   0.246725E+06   0.247895E+06   0.246725E+06  -0.167066E-02   0.699563E+05   0.699363E+05   0.155357E-01   0.310139E-05   0.282188E+00  -0.162960E+08
   0.434402E+00   0.243778E+06   0.242186E+06   0.788809E-01   0.788809E-01   0.622864E+03   0.242361E+06   0.243511E+06   0.242361E+06  -0.164112E-02   0.687190E+05   0.686994E+05   0.150539E-01   0.297514E-05   0.282188E+00  -0.158190E+08
   0.439523E+00   0.239465E+06   0.237903E+06   0.756903E-01   0.756903E-01   0.607082E+03   0.238074E+06   0.239203E+06   0.238074E+06  -0.161209E-02   0.675034E+05   0.674841E+05   0.146106E-01   0.285481E-05   0.282188E+00  -0.153582E+08
   0.444644E+00   0.235221E+06   0.233684E+06   0.726458E-01   0.726458E-01   0.590233E+03   0.233854E+06   0.234963E+06   0.233854E+06  -0.158351E-02   0.663068E+05   0.662878E+05   0.142015E-01   0.273998E-05   0.282188E+00  -0.149121E+08
   0.449766E+00   0.231049E+06   0.229536E+06   0.697416E-01   0.697416E-01   0.572212E+03   0.229706E+06   0.230795E+06   0.229706E+06  -0.155542E-02   0.651307E+05   0.651120E+05   0.138188E-01   0.263045E-05   0.282188E+00  -0.144809E+08
   0.454887E+00   0.226968E+06   0.225478E+06   0.669757E-01   0.669757E-01   0.552962E+03   0.225648E+06   0.226718E+06   0.225648E+06  -0.152794E-02   0.639801E+05   0.639618E+05   0.134542E-01   0.252613E-05   0.282188E+00  -0.140649E+08
   0.460008E+00   0.222998E+06   0.221529E+06   0.643470E-01   0.643470E-01   0.532559E+03   0.221700E+06   0.222752E+06   0.221700E+06  -0.150121E-02   0.628608E+05   0.628428E+05   0.131001E-01   0.242699E-05   0.282188E+00  -0.136650E+08
   0.465129E+00   0.219153E+06   0.217706E+06   0.618525E-01   0.618525E-01   0.511178E+03   0.217877E+06   0.218910E+06   0.217877E+06  -0.147532E-02   0.617768E+05   0.617590E+05   0.127515E-01   0.233291E-05   0.282188E+00  -0.132815E+08
   0.470250E+00   0.215437E+06   0.214014E+06   0.594865E-01   0.594865E-01   0.489125E+03   0.214182E+06   0.215198E+06   0.214182E+06  -0.145031E-02   0.607292E+05   0.607118E+05   0.124061E-01   0.224368E-05   0.282188E+00  -0.129141E+08
   0.475371E+00   0.211847E+06   0.210447E+06   0.572415E-01   0.572415E-01   0.466800E+03   0.210612E+06   0.211612E+06   0.210612E+06  -0.142613E-02   0.597171E+05   0.596999E+05   0.120643E-01   0.215901E-05   0.282188E+00  -0.125621E+08
   0.480492E+00   0.208374E+06   0.206999E+06   0.551095E-01   0.551095E-01   0.444627E+03   0.207160E+06   0.208143E+06   0.207160E+06  -0.140276E-02   0.587382E+05   0.587213E+05   0.117287E-01   0.207859E-05   0.282188E+00  -0.122244E+08
   0.485614E+00   0.205008E+06   0.203659E+06   0.530820E-01   0.530820E-01   0.423005E+03   0.203815E+06   0.204782E+06   0.203815E+06  -0.138010E-02   0.577896E+05   0.577730E+05   0.114028E-01   0.200212E-05   0.282188E+00  -0.119002E+08
   0.490735E+00   0.201735E+06   0.200410E+06   0.511501E-01   0.511501E-01   0.402216E+03   0.200561E+06   0.201513E+06   0.200561E+06  -0.135807E-02   0.568672E+05   0.568509E+05   0.110899E-01   0.192926E-05   0.282188E+00  -0.115880E+08
   0.495856E+00   0.198539E+06   0.197236E+06   0.493052E-01   0.493052E-01   0.382455E+03   0.197383E+06   0.198320E+06   0.197383E+06  -0.133655E-02   0.559661E+05   0.559501E+05   0.107919E-01   0.185967E-05   0.282188E+00  -0.112866E+08
   0.500977E+00   0.195406E+06   0.194125E+06   0.475402E-01   0.475402E-01   0.363824E+03   0.194269E+06   0.195191E+06   0.194269E+06  -0.131546E-02   0.550830E+05   0.550672E+05   0.105096E-01   0.179310E-05   0.282188E+00  -0.109950E+08
   0.506098E+00   0.192333E+06   0.191073E+06   0.458506E-01   0.458506E-01   0.346424E+03   0.191214E+06   0.192122E+06   0.191214E+06  -0.129478E-02   0.542170E+05   0.542014E+05   0.102423E-01   0.172937E-05   0.282188E+00  -0.107126E+08
   0.511219E+00   0.189324E+06   0.188082E+06   0.442333E-01   0.442333E-01   0.330366E+03   0.188222E+06   0.189115E+06   0.188222E+06  -0.127452E-02   0.533685E+05   0.533532E+05   0.998817E-02   0.166837E-05   0.282188E+00  -0.104393E+08
   0.516340E+00   0.186379E+06   0.185155E+06   0.426857E-01   0.426857E-01   0.315791E+03   0.185294E+06   0.186173E+06   0.185294E+06  -0.125469E-02   0.525383E+05   0.525232E+05   0.974473E-02   0.160999E-05   0.282188E+00  -0.101750E+08
   0.521462E+00   0.183500E+06   0.182293E+06   0.412049E-01   0.412049E-01   0.302869E+03   0.182431E+06   0.183297E+06   0.182431E+06  -0.123531E-02   0.517266E+05   0.517118E+05   0.950951E-02   0.155414E-05   0.282188E+00  -0.991944E+07
   0.526583E+00   0.180691E+06   0.179501E+06   0.397887E-01   0.397887E-01   0.291741E+03   0.179638E+06   0.180491E+06   0.179638E+06  -0.121640E-02   0.509347E+05   0.509201E+05   0.928055E-02   0.150072E-05   0.282188E+00  -0.967258E+07
   0.531704E+00   0.177956E+06   0.176784E+06   0.384352E-01   0.384352E-01   0.282502E+03   0.176919E+06   0.177759E+06   0.176919E+06  -0.119798E-02   0.501637E+05   0.501493E+05   0.905672E-02   0.144966E-05   0.282188E+00  -0.943442E+07
   0.536825E+00   0.175296E+06   0.174142E+06   0.371419E-01   0.371419E-01   0.275124E+03   0.174275E+06   0.175102E+06   0.174275E+06  -0.118008E-02   0.494141E+05   0.493999E+05   0.883768E-02   0.140088E-05   0.282187E+00  -0.920477E+07
   0.541946E+00   0.172708E+06   0.171571E+06   0.359052E-01   0.359052E-01   0.269465E+03   0.171702E+06   0.172517E+06   0.171702E+06  -0.116266E-02   0.486845E+05   0.486705E+05   0.862366E-02   0.135423E-05   0.282187E+00  -0.898318E+07
   0.547067E+00   0.170185E+06   0.169065E+06   0.347214E-01   0.347214E-01   0.265263E+03   0.169194E+06   0.169997E+06   0.169194E+06  -0.114567E-02   0.479733E+05   0.479595E+05   0.841530E-02   0.130958E-05   0.282187E+00  -0.876908E+07
   0.559946E+00   0.164102E+06   0.163024E+06   0.319580E-01   0.319580E-01   0.258766E+03   0.163146E+06   0.163921E+06   0.163146E+06  -0.110472E-02   0.462586E+05   0.462453E+05   0.792121E-02   0.120535E-05   0.282187E+00  -0.826117E+07
   0.593872E+00   0.149530E+06   0.148547E+06   0.258882E-01   0.258882E-01   0.232568E+03   0.148659E+06   0.149365E+06   0.148659E+06  -0.100663E-02   0.421509E+05   0.421388E+05   0.681961E-02   0.976430E-06   0.282187E+00  -0.709757E+07
   0.629853E+00   0.136217E+06   0.135322E+06   0.209657E-01   0.209657E-01   0.172590E+03   0.135423E+06   0.136066E+06   0.135423E+06  -0.917001E-03   0.383981E+05   0.383870E+05   0.586098E-02   0.790775E-06   0.282187E+00  -0.609628E+07
   0.879031E+00   0.796282E+05   0.791052E+05   0.629241E-02   0.629241E-02   0.479292E+02   0.791642E+05   0.795404E+05   0.791642E+05  -0.536050E-03   0.224464E+05   0.224398E+05   0.248247E-02   0.237331E-06   0.282187E+00  -0.255350E+07
   0.122679E+01   0.459862E+05   0.456840E+05   0.186572E-02   0.186572E-02   0.154053E+02   0.457181E+05   0.459355E+05   0.457181E+05  -0.309574E-03   0.129630E+05   0.129592E+05   0.104985E-02   0.703702E-07   0.282187E+00  -0.105665E+07
   0.171212E+01   0.262814E+05   0.261086E+05   0.547443E-03   0.547443E-03   0.463771E+01   0.261282E+05   0.262524E+05   0.261282E+05  -0.176924E-03   0.740846E+04   0.740616E+04   0.448174E-03   0.206481E-07   0.282186E+00  -0.432700E+06
   0.238945E+01   0.148855E+05   0.147874E+05   0.159192E-03   0.159192E-03   0.127367E+01   0.147986E+05   0.148690E+05   0.147986E+05  -0.100207E-03   0.419605E+04   0.419465E+04   0.196399E-03   0.600431E-08   0.282185E+00  -0.175604E+06
