#          k/h    CDM            baryon         photon         nu             mass_nu        total          no_nu          total_de       Weyl           v_CDM          v_b            v_b-v_c        ISW            log_grow       pert_vel    
   0.994668E-05   0.379973E+08   0.379973E+08   0.506444E+08   0.506439E+08   0.380005E+08   0.379974E+08   0.379973E+08   0.380109E+08  -0.458321E+00   0.992881E+07   0.992881E+07   0.772955E+01   0.112843E+07   0.549988E+00  -0.998240E+14
   0.109829E-04   0.379941E+08   0.379941E+08   0.506360E+08   0.506354E+08   0.379972E+08   0.379941E+08   0.379941E+08   0.380077E+08  -0.458282E+00   0.992836E+07   0.992836E+07   0.853451E+01   0.925574E+06   0.549923E+00  -0.904013E+14
   0.121272E-04   0.379902E+08   0.379902E+08   0.506258E+08   0.506251E+08   0.379933E+08   0.379902E+08   0.379902E+08   0.380038E+08  -0.458235E+00   0.992782E+07   0.992782E+07   0.942321E+01   0.759193E+06   0.549843E+00  -0.818673E+14
   0.133906E-04   0.379854E+08   0.379854E+08   0.506133E+08   0.506125E+08   0.379885E+08   0.379855E+08   0.379854E+08   0.379990E+08  -0.458177E+00   0.992716E+07   0.992716E+07   0.104043E+02   0.622727E+06   0.549747E+00  -0.741379E+14
   0.147857E-04   0.379796E+08   0.379796E+08   0.505981E+08   0.505971E+08   0.379827E+08   0.379796E+08   0.379796E+08   0.379932E+08  -0.458107E+00   0.992636E+07   0.992636E+07   0.114875E+02   0.510799E+06   0.549629E+00  -0.671374E+14
   0.163261E-04   0.379725E+08   0.379725E+08   0.505796E+08   0.505783E+08   0.379756E+08   0.379726E+08   0.379725E+08   0.379861E+08  -0.458022E+00   0.992538E+07   0.992538E+07   0.126832E+02   0.418995E+06   0.549485E+00  -0.607968E+14
   0.180270E-04   0.379639E+08   0.379639E+08   0.505570E+08   0.505555E+08   0.379669E+08   0.379639E+08   0.379639E+08   0.379774E+08  -0.457918E+00   0.992418E+07   0.992418E+07   0.140031E+02   0.343698E+06   0.549310E+00  -0.550538E+14
   0.199051E-04   0.379534E+08   0.379534E+08   0.505296E+08   0.505277E+08   0.379564E+08   0.379534E+08   0.379534E+08   0.379669E+08  -0.457791E+00   0.992273E+07   0.992273E+07   0.154600E+02   0.281939E+06   0.549098E+00  -0.498521E+14
   0.219788E-04   0.379406E+08   0.379406E+08   0.504961E+08   0.504938E+08   0.379436E+08   0.379406E+08   0.379406E+08   0.379541E+08  -0.457637E+00   0.992095E+07   0.992095E+07   0.170680E+02   0.231285E+06   0.548839E+00  -0.451403E+14
   0.242687E-04   0.379251E+08   0.379250E+08   0.504553E+08   0.504526E+08   0.379279E+08   0.379251E+08   0.379251E+08   0.379385E+08  -0.457449E+00   0.991879E+07   0.991879E+07   0.188427E+02   0.189738E+06   0.548524E+00  -0.408723E+14
   0.267970E-04   0.379061E+08   0.379061E+08   0.504057E+08   0.504023E+08   0.379089E+08   0.379061E+08   0.379061E+08   0.379196E+08  -0.457220E+00   0.991617E+07   0.991616E+07   0.208009E+02   0.155661E+06   0.548141E+00  -0.370061E+14
   0.295888E-04   0.378831E+08   0.378830E+08   0.503453E+08   0.503412E+08   0.378858E+08   0.378831E+08   0.378831E+08   0.378965E+08  -0.456942E+00   0.991296E+07   0.991296E+07   0.229616E+02   0.127710E+06   0.547677E+00  -0.335037E+14
   0.326714E-04   0.378550E+08   0.378550E+08   0.502718E+08   0.502668E+08   0.378577E+08   0.378550E+08   0.378550E+08   0.378685E+08  -0.456604E+00   0.990907E+07   0.990907E+07   0.253451E+02   0.104785E+06   0.547113E+00  -0.303306E+14
   0.360752E-04   0.378210E+08   0.378210E+08   0.501824E+08   0.501763E+08   0.378236E+08   0.378210E+08   0.378210E+08   0.378344E+08  -0.456193E+00   0.990434E+07   0.990433E+07   0.279739E+02   0.859812E+05   0.546429E+00  -0.274557E+14
   0.398336E-04   0.377797E+08   0.377797E+08   0.500737E+08   0.500663E+08   0.377821E+08   0.377797E+08   0.377797E+08   0.377931E+08  -0.455694E+00   0.989858E+07   0.989858E+07   0.308726E+02   0.705578E+05   0.545602E+00  -0.248507E+14
   0.439836E-04   0.377296E+08   0.377295E+08   0.499417E+08   0.499327E+08   0.377318E+08   0.377296E+08   0.377295E+08   0.377429E+08  -0.455090E+00   0.989158E+07   0.989158E+07   0.340679E+02   0.579067E+05   0.544601E+00  -0.224901E+14
   0.485659E-04   0.376688E+08   0.376688E+08   0.497814E+08   0.497704E+08   0.376709E+08   0.376688E+08   0.376688E+08   0.376821E+08  -0.454357E+00   0.988310E+07   0.988309E+07   0.375888E+02   0.475293E+05   0.543393E+00  -0.203506E+14
   0.536256E-04   0.375954E+08   0.375953E+08   0.495871E+08   0.495737E+08   0.375972E+08   0.375954E+08   0.375954E+08   0.376086E+08  -0.453470E+00   0.987280E+07   0.987279E+07   0.414668E+02   0.390166E+05   0.541939E+00  -0.184113E+14
   0.592125E-04   0.375066E+08   0.375066E+08   0.493517E+08   0.493354E+08   0.375081E+08   0.375066E+08   0.375066E+08   0.375198E+08  -0.452399E+00   0.986033E+07   0.986032E+07   0.457356E+02   0.320332E+05   0.540191E+00  -0.166531E+14
   0.653814E-04   0.373996E+08   0.373996E+08   0.490669E+08   0.490471E+08   0.374008E+08   0.373996E+08   0.373996E+08   0.374127E+08  -0.451108E+00   0.984524E+07   0.984523E+07   0.504316E+02   0.263037E+05   0.538099E+00  -0.150587E+14
   0.721930E-04   0.372709E+08   0.372709E+08   0.487229E+08   0.486989E+08   0.372717E+08   0.372709E+08   0.372709E+08   0.372839E+08  -0.449556E+00   0.982702E+07   0.982700E+07   0.555934E+02   0.216026E+05   0.535603E+00  -0.136127E+14
   0.797142E-04   0.371166E+08   0.371165E+08   0.483083E+08   0.482793E+08   0.371168E+08   0.371166E+08   0.371166E+08   0.371295E+08  -0.447693E+00   0.980505E+07   0.980504E+07   0.612613E+02   0.177445E+05   0.532639E+00  -0.123007E+14
   0.880190E-04   0.369321E+08   0.369320E+08   0.478098E+08   0.477745E+08   0.369316E+08   0.369321E+08   0.369321E+08   0.369448E+08  -0.445467E+00   0.977864E+07   0.977862E+07   0.674776E+02   0.145775E+05   0.529138E+00  -0.111101E+14
   0.971891E-04   0.367124E+08   0.367123E+08   0.472119E+08   0.471692E+08   0.367111E+08   0.367124E+08   0.367124E+08   0.367250E+08  -0.442816E+00   0.974696E+07   0.974694E+07   0.742852E+02   0.119771E+05   0.525027E+00  -0.100292E+14
   0.107314E-03   0.364520E+08   0.364519E+08   0.464973E+08   0.464457E+08   0.364498E+08   0.364520E+08   0.364520E+08   0.364644E+08  -0.439673E+00   0.970910E+07   0.970908E+07   0.817269E+02   0.984104E+04   0.520237E+00  -0.904767E+13
   0.118495E-03   0.361451E+08   0.361450E+08   0.456464E+08   0.455842E+08   0.361417E+08   0.361450E+08   0.361450E+08   0.361572E+08  -0.435969E+00   0.966403E+07   0.966400E+07   0.898441E+02   0.808547E+04   0.514703E+00  -0.815596E+13
   0.130840E-03   0.357855E+08   0.357854E+08   0.446379E+08   0.445630E+08   0.357807E+08   0.357855E+08   0.357855E+08   0.357974E+08  -0.431630E+00   0.961061E+07   0.961057E+07   0.986743E+02   0.664174E+04   0.508372E+00  -0.734559E+13
   0.144471E-03   0.353674E+08   0.353672E+08   0.434489E+08   0.433590E+08   0.353609E+08   0.353674E+08   0.353674E+08   0.353790E+08  -0.426584E+00   0.954764E+07   0.954760E+07   0.108249E+03   0.545357E+04   0.501214E+00  -0.660893E+13
   0.159522E-03   0.348852E+08   0.348850E+08   0.420554E+08   0.419479E+08   0.348765E+08   0.348851E+08   0.348851E+08   0.348963E+08  -0.420764E+00   0.947387E+07   0.947381E+07   0.118590E+03   0.447493E+04   0.493224E+00  -0.593911E+13
   0.176142E-03   0.343341E+08   0.343338E+08   0.404340E+08   0.403059E+08   0.343229E+08   0.343340E+08   0.343340E+08   0.343448E+08  -0.414113E+00   0.938804E+07   0.938797E+07   0.129704E+03   0.366821E+04   0.484435E+00  -0.533001E+13
   0.194493E-03   0.337108E+08   0.337105E+08   0.385625E+08   0.384107E+08   0.336965E+08   0.337107E+08   0.337108E+08   0.337210E+08  -0.406590E+00   0.928896E+07   0.928888E+07   0.141578E+03   0.300273E+04   0.474922E+00  -0.477616E+13
   0.214755E-03   0.330139E+08   0.330135E+08   0.364223E+08   0.362435E+08   0.329957E+08   0.330137E+08   0.330138E+08   0.330234E+08  -0.398178E+00   0.917560E+07   0.917551E+07   0.154172E+03   0.245350E+04   0.464806E+00  -0.427273E+13
   0.237129E-03   0.322439E+08   0.322435E+08   0.340007E+08   0.337916E+08   0.322212E+08   0.322438E+08   0.322439E+08   0.322528E+08  -0.388884E+00   0.904717E+07   0.904706E+07   0.167410E+03   0.200018E+04   0.454249E+00  -0.381543E+13
   0.261834E-03   0.314044E+08   0.314039E+08   0.312942E+08   0.310520E+08   0.313761E+08   0.314042E+08   0.314043E+08   0.314125E+08  -0.378749E+00   0.890320E+07   0.890305E+07   0.181171E+03   0.162621E+04   0.443453E+00  -0.340044E+13
   0.289112E-03   0.305014E+08   0.305008E+08   0.283122E+08   0.280345E+08   0.304663E+08   0.305011E+08   0.305013E+08   0.305086E+08  -0.367847E+00   0.874362E+07   0.874345E+07   0.195278E+03   0.131809E+04   0.432640E+00  -0.302440E+13
   0.319233E-03   0.295435E+08   0.295428E+08   0.250814E+08   0.247672E+08   0.295003E+08   0.295432E+08   0.295434E+08   0.295498E+08  -0.356281E+00   0.856888E+07   0.856868E+07   0.209486E+03   0.106476E+04   0.422040E+00  -0.268430E+13
   0.352491E-03   0.285418E+08   0.285409E+08   0.216507E+08   0.213006E+08   0.284887E+08   0.285414E+08   0.285416E+08   0.285471E+08  -0.344185E+00   0.837993E+07   0.837969E+07   0.223478E+03   0.857085E+03   0.411871E+00  -0.237742E+13
   0.389215E-03   0.275089E+08   0.275079E+08   0.180958E+08   0.177127E+08   0.274439E+08   0.275084E+08   0.275087E+08   0.275132E+08  -0.331712E+00   0.817825E+07   0.817798E+07   0.236853E+03   0.687459E+03   0.402323E+00  -0.210128E+13
   0.429764E-03   0.264586E+08   0.264574E+08   0.145223E+08   0.141118E+08   0.263792E+08   0.264580E+08   0.264584E+08   0.264619E+08  -0.319028E+00   0.796582E+07   0.796549E+07   0.249130E+03   0.549508E+03   0.393543E+00  -0.185359E+13
   0.474538E-03   0.254049E+08   0.254035E+08   0.110657E+08   0.106360E+08   0.253082E+08   0.254042E+08   0.254047E+08   0.254071E+08  -0.306302E+00   0.774499E+07   0.774462E+07   0.259764E+03   0.437840E+03   0.385631E+00  -0.163216E+13
   0.523976E-03   0.243613E+08   0.243596E+08   0.788450E+07   0.744558E+07   0.242437E+08   0.243604E+08   0.243610E+08   0.243625E+08  -0.293697E+00   0.751844E+07   0.751802E+07   0.268167E+03   0.347887E+03   0.378639E+00  -0.143492E+13
   0.578566E-03   0.233402E+08   0.233383E+08   0.514431E+07   0.470564E+07   0.231976E+08   0.233392E+08   0.233399E+08   0.233405E+08  -0.281365E+00   0.728900E+07   0.728852E+07   0.273757E+03   0.275769E+03   0.372571E+00  -0.125987E+13
   0.638842E-03   0.223525E+08   0.223503E+08   0.298911E+07   0.255632E+07   0.221798E+08   0.223513E+08   0.223521E+08   0.223521E+08  -0.269438E+00   0.705951E+07   0.705898E+07   0.276023E+03   0.218209E+03   0.367393E+00  -0.110507E+13
   0.705398E-03   0.214072E+08   0.214047E+08   0.150257E+07   0.107307E+07   0.211986E+08   0.214058E+08   0.214068E+08   0.214062E+08  -0.258025E+00   0.683272E+07   0.683214E+07   0.274600E+03   0.172453E+03   0.363045E+00  -0.968655E+12
   0.778888E-03   0.205114E+08   0.205085E+08   0.668262E+06   0.227621E+06   0.202600E+08   0.205097E+08   0.205109E+08   0.205099E+08  -0.247211E+00   0.661116E+07   0.661053E+07   0.269342E+03   0.136205E+03   0.359446E+00  -0.848813E+12
   0.860035E-03   0.196700E+08   0.196668E+08   0.348844E+06  -0.128745E+06   0.193677E+08   0.196680E+08   0.196694E+08   0.196681E+08  -0.237057E+00   0.639704E+07   0.639637E+07   0.260365E+03   0.107568E+03   0.356507E+00  -0.743826E+12
   0.949635E-03   0.188861E+08   0.188826E+08   0.311123E+06  -0.232406E+06   0.185237E+08   0.188838E+08   0.188855E+08   0.188839E+08  -0.227599E+00   0.619219E+07   0.619148E+07   0.248035E+03   0.849882E+02   0.354133E+00  -0.652072E+12
   0.104857E-02   0.181612E+08   0.181575E+08   0.311548E+06  -0.312494E+06   0.177278E+08   0.181585E+08   0.181606E+08   0.181586E+08  -0.218855E+00   0.599802E+07   0.599729E+07   0.232891E+03   0.672070E+02   0.352236E+00  -0.572028E+12
   0.115781E-02   0.174951E+08   0.174911E+08   0.214248E+06  -0.468998E+06   0.169785E+08   0.174920E+08   0.174945E+08   0.174920E+08  -0.210819E+00   0.581550E+07   0.581475E+07   0.215543E+03   0.532111E+02   0.350733E+00  -0.502291E+12
   0.127844E-02   0.168864E+08   0.168823E+08   0.545833E+05  -0.620593E+06   0.162731E+08   0.168828E+08   0.168857E+08   0.168828E+08  -0.203475E+00   0.564517E+07   0.564442E+07   0.196604E+03   0.421928E+02   0.349549E+00  -0.441574E+12
   0.141163E-02   0.163326E+08   0.163284E+08  -0.420105E+05  -0.614739E+06   0.156086E+08   0.163285E+08   0.163319E+08   0.163284E+08  -0.196792E+00   0.548718E+07   0.548643E+07   0.176730E+03   0.335125E+02   0.348621E+00  -0.388718E+12
   0.155869E-02   0.158303E+08   0.158260E+08  -0.396382E+05   0.398277E+06   0.149806E+08   0.158256E+08   0.158296E+08   0.158256E+08  -0.190732E+00   0.534126E+07   0.534053E+07   0.156708E+03   0.266676E+02   0.347895E+00  -0.342680E+12
   0.172108E-02   0.153755E+08   0.153712E+08  -0.383421E+05   0.317279E+06   0.143847E+08   0.153701E+08   0.153747E+08   0.153701E+08  -0.185241E+00   0.520694E+07   0.520623E+07   0.137440E+03   0.212596E+02   0.347329E+00  -0.302543E+12
   0.190039E-02   0.149636E+08   0.149594E+08  -0.802109E+05   0.253261E+06   0.138165E+08   0.149575E+08   0.149629E+08   0.149575E+08  -0.180268E+00   0.508341E+07   0.508272E+07   0.119762E+03   0.169791E+02   0.346886E+00  -0.267497E+12
   0.209838E-02   0.145899E+08   0.145857E+08  -0.742726E+05   0.202535E+06   0.132722E+08   0.145829E+08   0.145892E+08   0.145829E+08  -0.175753E+00   0.496965E+07   0.496899E+07   0.104262E+03   0.135837E+02   0.346538E+00  -0.236836E+12
   0.231699E-02   0.142492E+08   0.142452E+08  -0.424671E+05   0.162241E+06   0.127480E+08   0.142415E+08   0.142486E+08   0.142415E+08  -0.171637E+00   0.486451E+07   0.486388E+07   0.912456E+02   0.108844E+02   0.346264E+00  -0.209953E+12
   0.255838E-02   0.139367E+08   0.139326E+08  -0.595092E+05   0.130150E+06   0.122405E+08   0.139280E+08   0.139360E+08   0.139280E+08  -0.167859E+00   0.476674E+07   0.476613E+07   0.806397E+02   0.873332E+01   0.346046E+00  -0.186322E+12
   0.282492E-02   0.136473E+08   0.136430E+08  -0.390701E+05   0.104532E+06   0.117467E+08   0.136376E+08   0.136466E+08   0.136376E+08  -0.164358E+00   0.467503E+07   0.467442E+07   0.719278E+02   0.701521E+01   0.345871E+00  -0.165495E+12
   0.311923E-02   0.133761E+08   0.133716E+08  -0.309213E+05   0.840328E+05   0.112631E+08   0.133654E+08   0.133754E+08   0.133654E+08  -0.161078E+00   0.458806E+07   0.458746E+07   0.644209E+02   0.564002E+01   0.345729E+00  -0.147092E+12
   0.344419E-02   0.131186E+08   0.131139E+08  -0.166985E+05   0.675965E+05   0.107862E+08   0.131068E+08   0.131178E+08   0.131068E+08  -0.157962E+00   0.450453E+07   0.450393E+07   0.575379E+02   0.453708E+01   0.345612E+00  -0.130788E+12
   0.380302E-02   0.128705E+08   0.128656E+08  -0.107979E+05   0.543938E+05   0.103124E+08   0.128576E+08   0.128697E+08   0.128576E+08  -0.154958E+00   0.442318E+07   0.442260E+07   0.511037E+02   0.365098E+01   0.345515E+00  -0.116309E+12
   0.419923E-02   0.126278E+08   0.126226E+08  -0.155315E+04   0.437721E+05   0.983891E+07   0.126138E+08   0.126270E+08   0.126138E+08  -0.152019E+00   0.434283E+07   0.434226E+07   0.453214E+02   0.293802E+01   0.345431E+00  -0.103421E+12
   0.463671E-02   0.123868E+08   0.123812E+08  -0.736480E+04   0.352163E+05   0.936325E+07   0.123716E+08   0.123859E+08   0.123716E+08  -0.149100E+00   0.426236E+07   0.426180E+07   0.404103E+02   0.236368E+01   0.345360E+00  -0.919277E+11
   0.511978E-02   0.121441E+08   0.121380E+08  -0.104045E+05   0.283182E+05   0.888496E+07   0.121277E+08   0.121431E+08   0.121277E+08  -0.146161E+00   0.418074E+07   0.418018E+07   0.362538E+02   0.190060E+01   0.345296E+00  -0.816598E+11
   0.565317E-02   0.118971E+08   0.118904E+08  -0.799050E+04   0.227538E+05   0.838190E+07   0.118793E+08   0.118960E+08   0.118793E+08  -0.143168E+00   0.409711E+07   0.409656E+07   0.325291E+02   0.152704E+01   0.345237E+00  -0.724756E+11
   0.624213E-02   0.116421E+08   0.116347E+08  -0.701614E+04   0.182624E+05   0.788078E+07   0.116231E+08   0.116409E+08   0.116231E+08  -0.140079E+00   0.401037E+07   0.400983E+07   0.291250E+02   0.122553E+01   0.345184E+00  -0.642478E+11
   0.689245E-02   0.113770E+08   0.113687E+08  -0.387551E+04   0.146375E+05   0.737011E+07   0.113567E+08   0.113756E+08   0.113567E+08  -0.136869E+00   0.391983E+07   0.391929E+07   0.261610E+02   0.982187E+00   0.345134E+00  -0.568721E+11
   0.761052E-02   0.110996E+08   0.110902E+08  -0.384289E+04   0.117126E+05   0.685745E+07   0.110780E+08   0.110980E+08   0.110780E+08  -0.133510E+00   0.382476E+07   0.382423E+07   0.235801E+02   0.785854E+00   0.345087E+00  -0.502569E+11
   0.840340E-02   0.108077E+08   0.107971E+08  -0.469166E+04   0.935383E+04   0.635021E+07   0.107849E+08   0.108059E+08   0.107849E+08  -0.129977E+00   0.372451E+07   0.372397E+07   0.212601E+02   0.627529E+00   0.345042E+00  -0.443220E+11
   0.927889E-02   0.104996E+08   0.104874E+08  -0.280304E+04   0.745304E+04   0.584684E+07   0.104755E+08   0.104975E+08   0.104755E+08  -0.126249E+00   0.361849E+07   0.361796E+07   0.192197E+02   0.499959E+00   0.345000E+00  -0.389975E+11
   0.102456E-01   0.101736E+08   0.101597E+08  -0.270165E+04   0.592295E+04   0.534593E+07   0.101484E+08   0.101713E+08   0.101484E+08  -0.122307E+00   0.350617E+07   0.350564E+07   0.174182E+02   0.397277E+00   0.344960E+00  -0.342217E+11
   0.113130E-01   0.982820E+07   0.981224E+07  -0.243140E+04   0.469286E+04   0.485283E+07   0.980198E+07   0.982552E+07   0.980198E+07  -0.118131E+00   0.338706E+07   0.338653E+07   0.158259E+02   0.314736E+00   0.344921E+00  -0.299399E+11
   0.124916E-01   0.946209E+07   0.944375E+07  -0.176492E+04   0.370549E+04   0.437361E+07   0.943494E+07   0.945901E+07   0.943494E+07  -0.113708E+00   0.326073E+07   0.326019E+07   0.144204E+02   0.248490E+00   0.344883E+00  -0.261035E+11
   0.137930E-01   0.907422E+07   0.905316E+07  -0.170143E+04   0.291446E+04   0.391146E+07   0.904627E+07   0.907068E+07   0.904627E+07  -0.109024E+00   0.312682E+07   0.312628E+07   0.131772E+02   0.195423E+00   0.344848E+00  -0.226698E+11
   0.152300E-01   0.866387E+07   0.863974E+07  -0.134827E+04   0.228216E+04   0.346667E+07   0.863524E+07   0.865982E+07   0.863524E+07  -0.104070E+00   0.298512E+07   0.298457E+07   0.120714E+02   0.153010E+00   0.344814E+00  -0.196004E+11
   0.168167E-01   0.824038E+07   0.821284E+07  -0.103854E+04   0.178016E+04   0.304940E+07   0.821121E+07   0.823576E+07   0.821121E+07  -0.989597E-01   0.283885E+07   0.283829E+07   0.110897E+02   0.119341E+00   0.344781E+00  -0.168812E+11
   0.185687E-01   0.778720E+07   0.775598E+07  -0.930716E+03   0.137963E+04   0.265395E+07   0.775769E+07   0.778196E+07   0.775769E+07  -0.934939E-01   0.268233E+07   0.268176E+07   0.101920E+02   0.924807E-01   0.344751E+00  -0.144454E+11
   0.205033E-01   0.731381E+07   0.727875E+07  -0.587018E+03   0.106264E+04   0.228659E+07   0.728416E+07   0.730793E+07   0.728416E+07  -0.877871E-01   0.251884E+07   0.251826E+07   0.936179E+01   0.712256E-01   0.344722E+00  -0.122850E+11
   0.226393E-01   0.681627E+07   0.677734E+07  -0.536318E+03   0.812158E+03   0.194691E+07   0.678672E+07   0.680973E+07   0.678672E+07  -0.817920E-01   0.234703E+07   0.234644E+07   0.857107E+01   0.544320E-01   0.344695E+00  -0.103670E+11
   0.249980E-01   0.631214E+07   0.626960E+07  -0.402982E+03   0.616756E+03   0.164086E+07   0.628292E+07   0.630500E+07   0.628292E+07  -0.757204E-01   0.217297E+07   0.217239E+07   0.780296E+01   0.413328E-01   0.344670E+00  -0.869253E+10
   0.276023E-01   0.580723E+07   0.576164E+07  -0.279212E+03   0.465311E+03   0.136850E+07   0.577861E+07   0.579958E+07   0.577861E+07  -0.696424E-01   0.199870E+07   0.199812E+07   0.703565E+01   0.311813E-01   0.344647E+00  -0.724098E+10
   0.304780E-01   0.530362E+07   0.525597E+07  -0.242810E+03   0.348483E+03   0.112858E+07   0.527590E+07   0.529562E+07   0.527590E+07  -0.635839E-01   0.182495E+07   0.182438E+07   0.624727E+01   0.233510E-01   0.344626E+00  -0.598767E+10
   0.336533E-01   0.481482E+07   0.476655E+07  -0.162747E+03   0.259437E+03   0.921564E+06   0.478833E+07   0.480672E+07   0.478833E+07  -0.577079E-01   0.165640E+07   0.165585E+07   0.542893E+01   0.173832E-01   0.344606E+00  -0.492188E+10
   0.371593E-01   0.435837E+07   0.431135E+07  -0.122737E+03   0.192592E+03   0.747496E+06   0.433343E+07   0.435048E+07   0.433343E+07  -0.522255E-01   0.149912E+07   0.149861E+07   0.458400E+01   0.129037E-01   0.344588E+00  -0.403423E+10
   0.410307E-01   0.394537E+07   0.390173E+07  -0.108153E+03   0.142988E+03   0.604011E+06   0.392226E+07   0.393804E+07   0.392226E+07  -0.472702E-01   0.135695E+07   0.135649E+07   0.372832E+01   0.957978E-02   0.344572E+00  -0.330710E+10
   0.451338E-01   0.359999E+07   0.356150E+07   0.107834E+03   0.107834E+03   0.492348E+06   0.357886E+07   0.359353E+07   0.357886E+07  -0.431315E-01   0.123812E+07   0.123770E+07   0.310370E+01   0.722494E-02   0.344535E+00  -0.274317E+10
   0.492368E-01   0.332732E+07   0.329494E+07   0.837611E+02   0.837611E+02   0.409355E+06   0.330810E+07   0.332189E+07   0.330810E+07  -0.398685E-01   0.114449E+07   0.114413E+07   0.240164E+01   0.561185E-02   0.344523E+00  -0.232442E+10
   0.533399E-01   0.310757E+07   0.308128E+07   0.666710E+02   0.666710E+02   0.345994E+06   0.309011E+07   0.310315E+07   0.309011E+07  -0.372412E-01   0.106910E+07   0.106880E+07   0.184179E+01   0.446672E-02   0.344513E+00  -0.200429E+10
   0.574430E-01   0.292254E+07   0.290161E+07   0.540757E+02   0.540757E+02   0.296050E+06   0.290661E+07   0.291903E+07   0.290661E+07  -0.350298E-01   0.100564E+07   0.100539E+07   0.142181E+01   0.362280E-02   0.344505E+00  -0.175066E+10
   0.615460E-01   0.275804E+07   0.274121E+07   0.444624E+02   0.444624E+02   0.255405E+06   0.274338E+07   0.275521E+07   0.274338E+07  -0.330626E-01   0.949180E+06   0.948971E+06   0.112943E+01   0.297871E-02   0.344497E+00  -0.154223E+10
   0.656491E-01   0.260311E+07   0.258888E+07   0.368870E+02   0.368870E+02   0.221297E+06   0.258946E+07   0.260072E+07   0.258946E+07  -0.312075E-01   0.895939E+06   0.895753E+06   0.944185E+00   0.247117E-02   0.344491E+00  -0.136474E+10
   0.697522E-01   0.244996E+07   0.243688E+07   0.307533E+02   0.307533E+02   0.191927E+06   0.243709E+07   0.244776E+07   0.243709E+07  -0.293712E-01   0.843234E+06   0.843059E+06   0.840430E+00   0.206022E-02   0.344486E+00  -0.120890E+10
   0.738552E-01   0.229987E+07   0.228674E+07   0.257491E+02   0.257491E+02   0.166609E+06   0.228758E+07   0.229766E+07   0.228758E+07  -0.275694E-01   0.791519E+06   0.791344E+06   0.792317E+00   0.172496E-02   0.344481E+00  -0.107172E+10
   0.779583E-01   0.214798E+07   0.213399E+07   0.215808E+02   0.215808E+02   0.144346E+06   0.213616E+07   0.214563E+07   0.213616E+07  -0.257445E-01   0.739140E+06   0.738959E+06   0.773186E+00   0.144571E-02   0.344476E+00  -0.948118E+09
   0.820614E-01   0.200168E+07   0.198649E+07   0.181468E+02   0.181468E+02   0.125148E+06   0.199026E+07   0.199913E+07   0.199026E+07  -0.239861E-01   0.688669E+06   0.688481E+06   0.763313E+00   0.121566E-02   0.344473E+00  -0.839204E+09
   0.861644E-01   0.186498E+07   0.184868E+07   0.153327E+02   0.153327E+02   0.108778E+06   0.185394E+07   0.186224E+07   0.185394E+07  -0.223433E-01   0.641511E+06   0.641318E+06   0.747788E+00   0.102713E-02   0.344469E+00  -0.744509E+09
   0.912856E-01   0.171294E+07   0.169588E+07   0.125443E+02   0.125443E+02   0.919417E+05   0.170241E+07   0.171007E+07   0.170241E+07  -0.205171E-01   0.589088E+06   0.588895E+06   0.708033E+00   0.840333E-03   0.344466E+00  -0.645313E+09
   0.964067E-01   0.158610E+07   0.156930E+07   0.104131E+02   0.104131E+02   0.786335E+05   0.157615E+07   0.158327E+07   0.157615E+07  -0.189954E-01   0.545405E+06   0.545220E+06   0.642649E+00   0.697558E-03   0.344462E+00  -0.565722E+09
   0.101528E+00   0.148602E+07   0.147048E+07   0.879685E+01   0.879685E+01   0.682786E+05   0.147671E+07   0.148341E+07   0.147671E+07  -0.177970E-01   0.510998E+06   0.510828E+06   0.558315E+00   0.589286E-03   0.344460E+00  -0.503299E+09
   0.106649E+00   0.140907E+07   0.139550E+07   0.756054E+01   0.756054E+01   0.601917E+05   0.140042E+07   0.140679E+07   0.140042E+07  -0.168775E-01   0.484600E+06   0.484451E+06   0.467137E+00   0.506465E-03   0.344457E+00  -0.454381E+09
   0.111770E+00   0.134770E+07   0.133638E+07   0.658517E+01   0.658517E+01   0.536746E+05   0.133969E+07   0.134580E+07   0.133969E+07  -0.161456E-01   0.463587E+06   0.463459E+06   0.381841E+00   0.441125E-03   0.344455E+00  -0.414764E+09
   0.116891E+00   0.129379E+07   0.128449E+07   0.578111E+01   0.578111E+01   0.481638E+05   0.128634E+07   0.129223E+07   0.128634E+07  -0.155026E-01   0.445126E+06   0.445017E+06   0.312262E+00   0.387262E-03   0.344453E+00  -0.380802E+09
   0.122012E+00   0.124095E+07   0.123314E+07   0.509008E+01   0.509008E+01   0.432811E+05   0.123398E+07   0.123964E+07   0.123398E+07  -0.148716E-01   0.427009E+06   0.426912E+06   0.263387E+00   0.340970E-03   0.344451E+00  -0.349971E+09
   0.127134E+00   0.118546E+07   0.117842E+07   0.447891E+01   0.447891E+01   0.388181E+05   0.117886E+07   0.118428E+07   0.117886E+07  -0.142074E-01   0.407938E+06   0.407849E+06   0.235019E+00   0.300029E-03   0.344449E+00  -0.320874E+09
   0.132255E+00   0.112629E+07   0.111936E+07   0.393204E+01   0.393204E+01   0.346936E+05   0.111997E+07   0.112513E+07   0.111997E+07  -0.134976E-01   0.387562E+06   0.387473E+06   0.222829E+00   0.263395E-03   0.344448E+00  -0.293041E+09
   0.137376E+00   0.106464E+07   0.105734E+07   0.344443E+01   0.344443E+01   0.309061E+05   0.105852E+07   0.106341E+07   0.105852E+07  -0.127571E-01   0.366302E+06   0.366211E+06   0.220232E+00   0.230731E-03   0.344447E+00  -0.266641E+09
   0.142497E+00   0.100313E+07   0.995272E+06   0.301586E+01   0.301586E+01   0.274919E+05   0.997197E+06   0.100181E+07   0.997197E+06  -0.120180E-01   0.345083E+06   0.344988E+06   0.220419E+00   0.202022E-03   0.344445E+00  -0.242166E+09
   0.147618E+00   0.945134E+06   0.936810E+06   0.264733E+01   0.264733E+01   0.244949E+05   0.939386E+06   0.943736E+06   0.939386E+06  -0.113213E-01   0.325080E+06   0.324983E+06   0.218025E+00   0.177336E-03   0.344444E+00  -0.220214E+09
   0.152739E+00   0.893849E+06   0.885339E+06   0.233833E+01   0.233833E+01   0.219427E+05   0.888301E+06   0.892420E+06   0.888301E+06  -0.107056E-01   0.307403E+06   0.307307E+06   0.210055E+00   0.156636E-03   0.344443E+00  -0.201257E+09
   0.157860E+00   0.851038E+06   0.842716E+06   0.208414E+01   0.208414E+01   0.198196E+05   0.845713E+06   0.849640E+06   0.845713E+06  -0.101923E-01   0.292667E+06   0.292574E+06   0.196001E+00   0.139609E-03   0.344442E+00  -0.185393E+09
   0.162982E+00   0.816386E+06   0.808599E+06   0.187569E+01   0.187569E+01   0.180638E+05   0.811307E+06   0.815078E+06   0.811307E+06  -0.977768E-02   0.280761E+06   0.280674E+06   0.177335E+00   0.125645E-03   0.344441E+00  -0.172263E+09
   0.168103E+00   0.788105E+06   0.781081E+06   0.170224E+01   0.170224E+01   0.165909E+05   0.783280E+06   0.786925E+06   0.783280E+06  -0.943990E-02   0.271062E+06   0.270983E+06   0.156692E+00   0.114027E-03   0.344441E+00  -0.161246E+09
   0.173224E+00   0.763941E+06   0.757746E+06   0.155414E+01   0.155414E+01   0.153207E+05   0.759363E+06   0.762901E+06   0.759363E+06  -0.915166E-02   0.262785E+06   0.262714E+06   0.136948E+00   0.104106E-03   0.344440E+00  -0.151701E+09
   0.178345E+00   0.741604E+06   0.736148E+06   0.142348E+01   0.142348E+01   0.141854E+05   0.737250E+06   0.740688E+06   0.737250E+06  -0.888516E-02   0.255132E+06   0.255068E+06   0.120410E+00   0.953533E-04   0.344439E+00  -0.143055E+09
   0.183466E+00   0.718970E+06   0.714049E+06   0.130418E+01   0.130418E+01   0.131312E+05   0.714807E+06   0.718144E+06   0.714807E+06  -0.861469E-02   0.247366E+06   0.247306E+06   0.108312E+00   0.873618E-04   0.344439E+00  -0.134829E+09
   0.188587E+00   0.694665E+06   0.690029E+06   0.119262E+01   0.119262E+01   0.121266E+05   0.690660E+06   0.693887E+06   0.690660E+06  -0.832368E-02   0.239010E+06   0.238953E+06   0.100723E+00   0.798888E-04   0.344438E+00  -0.126737E+09
   0.193708E+00   0.668551E+06   0.663969E+06   0.108786E+01   0.108786E+01   0.111657E+05   0.664674E+06   0.667782E+06   0.664674E+06  -0.801050E-02   0.230018E+06   0.229962E+06   0.967702E-01   0.728717E-04   0.344437E+00  -0.118744E+09
   0.198830E+00   0.641480E+06   0.636794E+06   0.990662E+00   0.990662E+00   0.102596E+05   0.637709E+06   0.640693E+06   0.637709E+06  -0.768552E-02   0.220687E+06   0.220631E+06   0.950281E-01   0.663605E-04   0.344437E+00  -0.110993E+09
   0.203951E+00   0.614638E+06   0.609788E+06   0.902050E+00   0.902050E+00   0.942231E+04   0.610963E+06   0.613823E+06   0.610963E+06  -0.736318E-02   0.211432E+06   0.211375E+06   0.939492E-01   0.604247E-04   0.344436E+00  -0.103667E+09
   0.209072E+00   0.589178E+06   0.584198E+06   0.822765E+00   0.822765E+00   0.866500E+04   0.585598E+06   0.588342E+06   0.585598E+06  -0.705749E-02   0.202655E+06   0.202598E+06   0.922564E-01   0.551137E-04   0.344436E+00  -0.969299E+08
   0.214193E+00   0.566086E+06   0.561079E+06   0.753119E+00   0.753119E+00   0.799418E+04   0.562608E+06   0.565245E+06   0.562608E+06  -0.678042E-02   0.194700E+06   0.194643E+06   0.891986E-01   0.504484E-04   0.344436E+00  -0.908981E+08
   0.219314E+00   0.545958E+06   0.541055E+06   0.692801E+00   0.692801E+00   0.740955E+04   0.542590E+06   0.545135E+06   0.542590E+06  -0.653917E-02   0.187773E+06   0.187717E+06   0.846177E-01   0.464079E-04   0.344435E+00  -0.856171E+08
   0.224435E+00   0.528790E+06   0.524113E+06   0.640757E+00   0.640757E+00   0.690277E+04   0.525539E+06   0.528005E+06   0.525539E+06  -0.633367E-02   0.181872E+06   0.181819E+06   0.788508E-01   0.429217E-04   0.344435E+00  -0.810344E+08
   0.229556E+00   0.514036E+06   0.509666E+06   0.595432E+00   0.595432E+00   0.645920E+04   0.510904E+06   0.513302E+06   0.510904E+06  -0.615729E-02   0.176807E+06   0.176757E+06   0.725371E-01   0.398855E-04   0.344434E+00  -0.770204E+08
   0.234678E+00   0.500865E+06   0.496825E+06   0.555170E+00   0.555170E+00   0.606286E+04   0.497848E+06   0.500186E+06   0.497848E+06  -0.599995E-02   0.172289E+06   0.172242E+06   0.663964E-01   0.371886E-04   0.344434E+00  -0.734145E+08
   0.239799E+00   0.488391E+06   0.484653E+06   0.518505E+00   0.518505E+00   0.569896E+04   0.485482E+06   0.487763E+06   0.485482E+06  -0.585091E-02   0.168009E+06   0.167965E+06   0.610306E-01   0.347325E-04   0.344434E+00  -0.700621E+08
   0.244920E+00   0.475864E+06   0.472357E+06   0.484322E+00   0.484322E+00   0.535631E+04   0.473051E+06   0.475275E+06   0.473051E+06  -0.570110E-02   0.163707E+06   0.163666E+06   0.567939E-01   0.324427E-04   0.344433E+00  -0.668408E+08
   0.250041E+00   0.462846E+06   0.459483E+06   0.451982E+00   0.451982E+00   0.502853E+04   0.460117E+06   0.462281E+06   0.460117E+06  -0.554522E-02   0.159232E+06   0.159191E+06   0.537504E-01   0.302764E-04   0.344433E+00  -0.636818E+08
   0.255162E+00   0.449287E+06   0.445986E+06   0.421301E+00   0.421301E+00   0.471418E+04   0.446632E+06   0.448733E+06   0.446632E+06  -0.538270E-02   0.154565E+06   0.154525E+06   0.517128E-01   0.282212E-04   0.344433E+00  -0.605748E+08
   0.260283E+00   0.435439E+06   0.432140E+06   0.392391E+00   0.392391E+00   0.441510E+04   0.432848E+06   0.434885E+06   0.432848E+06  -0.521658E-02   0.149795E+06   0.149756E+06   0.503321E-01   0.262846E-04   0.344433E+00  -0.575503E+08
   0.265404E+00   0.421695E+06   0.418373E+06   0.365464E+00   0.365464E+00   0.413415E+04   0.419164E+06   0.421137E+06   0.419164E+06  -0.505166E-02   0.145060E+06   0.145021E+06   0.492090E-01   0.244809E-04   0.344432E+00  -0.546557E+08
   0.270526E+00   0.408487E+06   0.405150E+06   0.340724E+00   0.340724E+00   0.387426E+04   0.406014E+06   0.407927E+06   0.406014E+06  -0.489319E-02   0.140509E+06   0.140471E+06   0.479985E-01   0.228237E-04   0.344432E+00  -0.519389E+08
   0.275647E+00   0.396193E+06   0.392873E+06   0.318293E+00   0.318293E+00   0.363729E+04   0.393780E+06   0.395635E+06   0.393780E+06  -0.474574E-02   0.136276E+06   0.136237E+06   0.464800E-01   0.213211E-04   0.344432E+00  -0.494380E+08
   0.280768E+00   0.385038E+06   0.381778E+06   0.298145E+00   0.298145E+00   0.342353E+04   0.382687E+06   0.384490E+06   0.382687E+06  -0.461205E-02   0.132437E+06   0.132399E+06   0.445834E-01   0.199715E-04   0.344432E+00  -0.471690E+08
   0.285889E+00   0.375031E+06   0.371875E+06   0.280089E+00   0.280089E+00   0.323122E+04   0.372744E+06   0.374501E+06   0.372744E+06  -0.449222E-02   0.128996E+06   0.128960E+06   0.423735E-01   0.187620E-04   0.344432E+00  -0.451205E+08
   0.291010E+00   0.365997E+06   0.362974E+06   0.263813E+00   0.263813E+00   0.305721E+04   0.363775E+06   0.365490E+06   0.363775E+06  -0.438413E-02   0.125892E+06   0.125857E+06   0.400061E-01   0.176717E-04   0.344431E+00  -0.432599E+08
   0.296131E+00   0.357660E+06   0.354781E+06   0.248973E+00   0.248973E+00   0.289788E+04   0.355500E+06   0.357176E+06   0.355500E+06  -0.428440E-02   0.123028E+06   0.122995E+06   0.376713E-01   0.166776E-04   0.344431E+00  -0.415448E+08
   0.301252E+00   0.349716E+06   0.346973E+06   0.235245E+00   0.235245E+00   0.274969E+04   0.347616E+06   0.349256E+06   0.347616E+06  -0.418938E-02   0.120300E+06   0.120268E+06   0.355386E-01   0.157580E-04   0.344431E+00  -0.399329E+08
   0.306374E+00   0.341897E+06   0.339268E+06   0.222367E+00   0.222367E+00   0.260985E+04   0.339852E+06   0.341456E+06   0.339852E+06  -0.409582E-02   0.117613E+06   0.117582E+06   0.337180E-01   0.148954E-04   0.344431E+00  -0.383885E+08
   0.311495E+00   0.334024E+06   0.331478E+06   0.210163E+00   0.210163E+00   0.247643E+04   0.332029E+06   0.333596E+06   0.332029E+06  -0.400154E-02   0.114906E+06   0.114876E+06   0.322436E-01   0.140780E-04   0.344431E+00  -0.368882E+08
   0.316616E+00   0.326042E+06   0.323550E+06   0.198558E+00   0.198558E+00   0.234872E+04   0.324094E+06   0.325624E+06   0.324094E+06  -0.390590E-02   0.112160E+06   0.112130E+06   0.310792E-01   0.133006E-04   0.344431E+00  -0.354242E+08
   0.321737E+00   0.318017E+06   0.315555E+06   0.187552E+00   0.187552E+00   0.222683E+04   0.316111E+06   0.317604E+06   0.316111E+06  -0.380970E-02   0.109397E+06   0.109368E+06   0.301391E-01   0.125633E-04   0.344431E+00  -0.340018E+08
   0.326858E+00   0.310082E+06   0.307639E+06   0.177183E+00   0.177183E+00   0.211135E+04   0.308217E+06   0.309672E+06   0.308217E+06  -0.371456E-02   0.106665E+06   0.106637E+06   0.293163E-01   0.118687E-04   0.344430E+00  -0.326332E+08
   0.331979E+00   0.302390E+06   0.299965E+06   0.167493E+00   0.167493E+00   0.200295E+04   0.300563E+06   0.301983E+06   0.300563E+06  -0.362232E-02   0.104017E+06   0.103988E+06   0.285109E-01   0.112197E-04   0.344430E+00  -0.313320E+08
   0.337100E+00   0.295069E+06   0.292670E+06   0.158507E+00   0.158507E+00   0.190197E+04   0.293280E+06   0.294666E+06   0.293280E+06  -0.353455E-02   0.101496E+06   0.101468E+06   0.276524E-01   0.106177E-04   0.344430E+00  -0.301084E+08
   0.342222E+00   0.288200E+06   0.285842E+06   0.150217E+00   0.150217E+00   0.180851E+04   0.286451E+06   0.287804E+06   0.286451E+06  -0.345224E-02   0.991330E+05   0.991056E+05   0.267097E-01   0.100624E-04   0.344430E+00  -0.289672E+08
   0.347343E+00   0.281804E+06   0.279501E+06   0.142585E+00   0.142585E+00   0.172216E+04   0.280094E+06   0.281418E+06   0.280094E+06  -0.337563E-02   0.969331E+05   0.969063E+05   0.256902E-01   0.955114E-05   0.344430E+00  -0.279068E+08
   0.352464E+00   0.275837E+06   0.273598E+06   0.135540E+00   0.135540E+00   0.164224E+04   0.274165E+06   0.275461E+06   0.274165E+06  -0.330417E-02   0.948813E+05   0.948553E+05   0.246297E-01   0.907927E-05   0.344430E+00  -0.269192E+08
   0.357585E+00   0.270209E+06   0.268040E+06   0.129001E+00   0.129001E+00   0.156779E+04   0.268575E+06   0.269845E+06   0.268575E+06  -0.323680E-02   0.929466E+05   0.929214E+05   0.235780E-01   0.864122E-05   0.344430E+00  -0.259927E+08
   0.362706E+00   0.264816E+06   0.262716E+06   0.122883E+00   0.122883E+00   0.149788E+04   0.263219E+06   0.264463E+06   0.263219E+06  -0.317225E-02   0.910930E+05   0.910684E+05   0.225836E-01   0.823143E-05   0.344430E+00  -0.251146E+08
   0.367827E+00   0.259562E+06   0.257525E+06   0.117117E+00   0.117117E+00   0.143174E+04   0.258000E+06   0.259220E+06   0.258000E+06  -0.310936E-02   0.892871E+05   0.892631E+05   0.216822E-01   0.784515E-05   0.344429E+00  -0.242740E+08
   0.372948E+00   0.254377E+06   0.252391E+06   0.111647E+00   0.111647E+00   0.136872E+04   0.252848E+06   0.254043E+06   0.252848E+06  -0.304726E-02   0.875039E+05   0.874805E+05   0.208891E-01   0.747878E-05   0.344429E+00  -0.234625E+08
   0.378070E+00   0.249222E+06   0.247277E+06   0.106442E+00   0.106442E+00   0.130850E+04   0.247724E+06   0.248896E+06   0.247724E+06  -0.298551E-02   0.857308E+05   0.857079E+05   0.201998E-01   0.713007E-05   0.344429E+00  -0.226757E+08
   0.383191E+00   0.244104E+06   0.242191E+06   0.101487E+00   0.101487E+00   0.125092E+04   0.242635E+06   0.243783E+06   0.242635E+06  -0.292418E-02   0.839696E+05   0.839471E+05   0.195936E-01   0.679819E-05   0.344429E+00  -0.219131E+08
   0.388312E+00   0.239064E+06   0.237177E+06   0.967865E-01   0.967865E-01   0.119610E+04   0.237623E+06   0.238747E+06   0.237623E+06  -0.286378E-02   0.822352E+05   0.822130E+05   0.190422E-01   0.648332E-05   0.344429E+00  -0.211774E+08
   0.393433E+00   0.234153E+06   0.232290E+06   0.923453E-01   0.923453E-01   0.114412E+04   0.232739E+06   0.233840E+06   0.232739E+06  -0.280491E-02   0.805449E+05   0.805231E+05   0.185164E-01   0.618582E-05   0.344429E+00  -0.204722E+08
   0.398554E+00   0.229410E+06   0.227572E+06   0.881638E-01   0.881638E-01   0.109502E+04   0.228022E+06   0.229101E+06   0.228022E+06  -0.274807E-02   0.789127E+05   0.788912E+05   0.179929E-01   0.590572E-05   0.344429E+00  -0.197996E+08
   0.403675E+00   0.224862E+06   0.223054E+06   0.842370E-01   0.842370E-01   0.104878E+04   0.223501E+06   0.224559E+06   0.223501E+06  -0.269358E-02   0.773480E+05   0.773268E+05   0.174582E-01   0.564268E-05   0.344429E+00  -0.191608E+08
   0.408796E+00   0.220525E+06   0.218750E+06   0.805554E-01   0.805554E-01   0.100530E+04   0.219190E+06   0.220227E+06   0.219190E+06  -0.264163E-02   0.758561E+05   0.758354E+05   0.169104E-01   0.539607E-05   0.344429E+00  -0.185558E+08
   0.413918E+00   0.216396E+06   0.214658E+06   0.771031E-01   0.771031E-01   0.964441E+03   0.215086E+06   0.216104E+06   0.215086E+06  -0.259216E-02   0.744357E+05   0.744154E+05   0.163566E-01   0.516481E-05   0.344429E+00  -0.179831E+08
   0.419039E+00   0.212445E+06   0.210746E+06   0.738571E-01   0.738571E-01   0.925910E+03   0.211160E+06   0.212160E+06   0.211160E+06  -0.254485E-02   0.730772E+05   0.730574E+05   0.158090E-01   0.494738E-05   0.344429E+00  -0.174391E+08
   0.424160E+00   0.208635E+06   0.206975E+06   0.707921E-01   0.707921E-01   0.889434E+03   0.207374E+06   0.208356E+06   0.207374E+06  -0.249923E-02   0.717670E+05   0.717476E+05   0.152811E-01   0.474206E-05   0.344429E+00  -0.169197E+08
   0.429281E+00   0.204929E+06   0.203307E+06   0.678860E-01   0.678860E-01   0.854749E+03   0.203692E+06   0.204657E+06   0.203692E+06  -0.245485E-02   0.704928E+05   0.704738E+05   0.147839E-01   0.454740E-05   0.344429E+00  -0.164210E+08
   0.434402E+00   0.201304E+06   0.199715E+06   0.651224E-01   0.651224E-01   0.821666E+03   0.200090E+06   0.201037E+06   0.200090E+06  -0.241143E-02   0.692461E+05   0.692274E+05   0.143238E-01   0.436227E-05   0.344428E+00  -0.159404E+08
   0.439523E+00   0.197743E+06   0.196184E+06   0.624883E-01   0.624883E-01   0.790046E+03   0.196550E+06   0.197481E+06   0.196550E+06  -0.236878E-02   0.680211E+05   0.680028E+05   0.139015E-01   0.418583E-05   0.344428E+00  -0.154760E+08
   0.444644E+00   0.194238E+06   0.192704E+06   0.599748E-01   0.599748E-01   0.759779E+03   0.193066E+06   0.193980E+06   0.193066E+06  -0.232678E-02   0.668153E+05   0.667973E+05   0.135126E-01   0.401746E-05   0.344428E+00  -0.150265E+08
   0.449766E+00   0.190793E+06   0.189283E+06   0.575771E-01   0.575771E-01   0.730834E+03   0.189641E+06   0.190540E+06   0.189641E+06  -0.228551E-02   0.656302E+05   0.656124E+05   0.131495E-01   0.385685E-05   0.344428E+00  -0.145920E+08
   0.454887E+00   0.187423E+06   0.185936E+06   0.552937E-01   0.552937E-01   0.703188E+03   0.186291E+06   0.187174E+06   0.186291E+06  -0.224514E-02   0.644708E+05   0.644533E+05   0.128038E-01   0.370389E-05   0.344428E+00  -0.141728E+08
   0.460008E+00   0.184145E+06   0.182679E+06   0.531235E-01   0.531235E-01   0.676853E+03   0.183032E+06   0.183899E+06   0.183032E+06  -0.220586E-02   0.633429E+05   0.633257E+05   0.124679E-01   0.355852E-05   0.344428E+00  -0.137698E+08
   0.465129E+00   0.180970E+06   0.179526E+06   0.510641E-01   0.510641E-01   0.651801E+03   0.179876E+06   0.180728E+06   0.179876E+06  -0.216782E-02   0.622505E+05   0.622336E+05   0.121367E-01   0.342057E-05   0.344428E+00  -0.133834E+08
   0.470250E+00   0.177902E+06   0.176481E+06   0.491108E-01   0.491108E-01   0.627987E+03   0.176825E+06   0.177663E+06   0.176825E+06  -0.213106E-02   0.611949E+05   0.611783E+05   0.118080E-01   0.328973E-05   0.344428E+00  -0.130132E+08
   0.475371E+00   0.174937E+06   0.173540E+06   0.472574E-01   0.472574E-01   0.605346E+03   0.173878E+06   0.174702E+06   0.173878E+06  -0.209554E-02   0.601750E+05   0.601587E+05   0.114822E-01   0.316557E-05   0.344428E+00  -0.126584E+08
   0.480492E+00   0.172069E+06   0.170697E+06   0.454972E-01   0.454972E-01   0.583793E+03   0.171028E+06   0.171838E+06   0.171028E+06  -0.206119E-02   0.591886E+05   0.591726E+05   0.111619E-01   0.304767E-05   0.344428E+00  -0.123182E+08
   0.485614E+00   0.169290E+06   0.167943E+06   0.438233E-01   0.438233E-01   0.563259E+03   0.168266E+06   0.169063E+06   0.168266E+06  -0.202790E-02   0.582328E+05   0.582170E+05   0.108508E-01   0.293554E-05   0.344428E+00  -0.119915E+08
   0.490735E+00   0.166587E+06   0.165264E+06   0.422284E-01   0.422284E-01   0.543647E+03   0.165580E+06   0.166365E+06   0.165580E+06  -0.199553E-02   0.573032E+05   0.572877E+05   0.105521E-01   0.282871E-05   0.344428E+00  -0.116769E+08
   0.495856E+00   0.163947E+06   0.162647E+06   0.407053E-01   0.407053E-01   0.524881E+03   0.162956E+06   0.163729E+06   0.162956E+06  -0.196391E-02   0.563953E+05   0.563800E+05   0.102679E-01   0.272668E-05   0.344428E+00  -0.113732E+08
   0.500977E+00   0.161360E+06   0.160082E+06   0.392482E-01   0.392482E-01   0.506884E+03   0.160385E+06   0.161145E+06   0.160385E+06  -0.193292E-02   0.555054E+05   0.554904E+05   0.999885E-02   0.262907E-05   0.344428E+00  -0.110793E+08
   0.506098E+00   0.158823E+06   0.157565E+06   0.378532E-01   0.378532E-01   0.489622E+03   0.157863E+06   0.158612E+06   0.157863E+06  -0.190253E-02   0.546327E+05   0.546179E+05   0.974437E-02   0.253563E-05   0.344428E+00  -0.107948E+08
   0.511219E+00   0.156338E+06   0.155098E+06   0.365181E-01   0.365181E-01   0.473065E+03   0.155393E+06   0.156129E+06   0.155393E+06  -0.187276E-02   0.537778E+05   0.537632E+05   0.950266E-02   0.244619E-05   0.344428E+00  -0.105194E+08
   0.516340E+00   0.153906E+06   0.152684E+06   0.352404E-01   0.352404E-01   0.457187E+03   0.152975E+06   0.153701E+06   0.152975E+06  -0.184362E-02   0.529411E+05   0.529268E+05   0.927125E-02   0.236061E-05   0.344428E+00  -0.102531E+08
   0.521462E+00   0.151528E+06   0.150324E+06   0.340178E-01   0.340178E-01   0.441968E+03   0.150612E+06   0.151326E+06   0.150612E+06  -0.181514E-02   0.521233E+05   0.521091E+05   0.904767E-02   0.227871E-05   0.344428E+00  -0.999552E+07
   0.526583E+00   0.149209E+06   0.148022E+06   0.328487E-01   0.328487E-01   0.427382E+03   0.148306E+06   0.149009E+06   0.148306E+06  -0.178735E-02   0.513253E+05   0.513113E+05   0.882995E-02   0.220040E-05   0.344428E+00  -0.974677E+07
   0.531704E+00   0.146950E+06   0.145781E+06   0.317313E-01   0.317313E-01   0.413421E+03   0.146061E+06   0.146754E+06   0.146061E+06  -0.176030E-02   0.505484E+05   0.505346E+05   0.861697E-02   0.212555E-05   0.344428E+00  -0.950678E+07
   0.536825E+00   0.144754E+06   0.143602E+06   0.306636E-01   0.306636E-01   0.400054E+03   0.143879E+06   0.144561E+06   0.143879E+06  -0.173399E-02   0.497930E+05   0.497794E+05   0.840839E-02   0.205402E-05   0.344428E+00  -0.927538E+07
   0.541946E+00   0.142617E+06   0.141482E+06   0.296426E-01   0.296426E-01   0.387253E+03   0.141754E+06   0.142427E+06   0.141754E+06  -0.170839E-02   0.490578E+05   0.490445E+05   0.820446E-02   0.198563E-05   0.344428E+00  -0.905208E+07
   0.547067E+00   0.140533E+06   0.139416E+06   0.286652E-01   0.286652E-01   0.374977E+03   0.139683E+06   0.140346E+06   0.139683E+06  -0.168343E-02   0.483411E+05   0.483280E+05   0.800585E-02   0.192016E-05   0.344427E+00  -0.883634E+07
   0.559946E+00   0.135510E+06   0.134435E+06   0.263838E-01   0.263838E-01   0.346235E+03   0.134691E+06   0.135330E+06   0.134691E+06  -0.162326E-02   0.466133E+05   0.466007E+05   0.753490E-02   0.176734E-05   0.344427E+00  -0.832454E+07
   0.593872E+00   0.123477E+06   0.122496E+06   0.213727E-01   0.213727E-01   0.282649E+03   0.122730E+06   0.123313E+06   0.122730E+06  -0.147912E-02   0.424741E+05   0.424626E+05   0.648637E-02   0.143167E-05   0.344427E+00  -0.715201E+07
   0.629853E+00   0.112483E+06   0.111590E+06   0.173088E-01   0.173088E-01   0.230571E+03   0.111803E+06   0.112333E+06   0.111803E+06  -0.134742E-02   0.386925E+05   0.386819E+05   0.557344E-02   0.115945E-05   0.344427E+00  -0.614304E+07
   0.879031E+00   0.657545E+05   0.652325E+05   0.519487E-02   0.519487E-02   0.715305E+02   0.653564E+05   0.656668E+05   0.653564E+05  -0.787660E-03   0.226184E+05   0.226122E+05   0.235737E-02   0.347983E-06   0.344426E+00  -0.257308E+07
   0.122679E+01   0.379739E+05   0.376724E+05   0.154030E-02   0.154030E-02   0.216806E+02   0.377439E+05   0.379233E+05   0.377439E+05  -0.454881E-03   0.130624E+05   0.130587E+05   0.994324E-03   0.103179E-06   0.344426E+00  -0.106475E+07
   0.171212E+01   0.217024E+05   0.215299E+05   0.451957E-03   0.451957E-03   0.645086E+01   0.215709E+05   0.216734E+05   0.215709E+05  -0.259967E-03   0.746524E+04   0.746307E+04   0.422444E-03   0.302748E-07   0.344425E+00  -0.436018E+06
   0.238945E+01   0.122920E+05   0.121941E+05   0.131426E-03   0.131426E-03   0.189166E+01   0.122174E+05   0.122755E+05   0.122174E+05  -0.147242E-03   0.422821E+04   0.422690E+04   0.183589E-03   0.880370E-08   0.344424E+00  -0.176950E+06
