#          k/h    CDM            baryon         photon         nu             mass_nu        total          no_nu          total_de       Weyl           v_CDM          v_b            v_b-v_c        ISW            log_grow       pert_vel    
   0.994668E-05   0.215501E+08   0.215501E+08   0.287189E+08   0.287185E+08   0.215525E+08   0.215501E+08   0.215501E+08   0.215578E+08  -0.458512E+00   0.992970E+07   0.992970E+07   0.648131E+01   0.112833E+07   0.493861E+00  -0.998329E+14
   0.109829E-04   0.215500E+08   0.215500E+08   0.287156E+08   0.287151E+08   0.215524E+08   0.215500E+08   0.215500E+08   0.215576E+08  -0.458509E+00   0.992966E+07   0.992966E+07   0.715632E+01   0.925453E+06   0.493856E+00  -0.904131E+14
   0.121272E-04   0.215498E+08   0.215498E+08   0.287115E+08   0.287109E+08   0.215522E+08   0.215498E+08   0.215498E+08   0.215575E+08  -0.458506E+00   0.992962E+07   0.992962E+07   0.790159E+01   0.759056E+06   0.493851E+00  -0.818821E+14
   0.133906E-04   0.215496E+08   0.215496E+08   0.287065E+08   0.287057E+08   0.215520E+08   0.215496E+08   0.215496E+08   0.215573E+08  -0.458501E+00   0.992957E+07   0.992957E+07   0.872440E+01   0.622577E+06   0.493845E+00  -0.741559E+14
   0.147857E-04   0.215494E+08   0.215494E+08   0.287004E+08   0.286995E+08   0.215517E+08   0.215494E+08   0.215494E+08   0.215570E+08  -0.458496E+00   0.992950E+07   0.992950E+07   0.963279E+01   0.510638E+06   0.493838E+00  -0.671587E+14
   0.163261E-04   0.215491E+08   0.215491E+08   0.286930E+08   0.286919E+08   0.215514E+08   0.215491E+08   0.215491E+08   0.215567E+08  -0.458490E+00   0.992942E+07   0.992942E+07   0.106356E+02   0.418826E+06   0.493828E+00  -0.608216E+14
   0.180270E-04   0.215487E+08   0.215487E+08   0.286840E+08   0.286826E+08   0.215510E+08   0.215487E+08   0.215487E+08   0.215564E+08  -0.458482E+00   0.992933E+07   0.992933E+07   0.117427E+02   0.343522E+06   0.493817E+00  -0.550824E+14
   0.199051E-04   0.215483E+08   0.215483E+08   0.286730E+08   0.286712E+08   0.215506E+08   0.215483E+08   0.215483E+08   0.215559E+08  -0.458473E+00   0.992922E+07   0.992921E+07   0.129648E+02   0.281757E+06   0.493803E+00  -0.498847E+14
   0.219788E-04   0.215477E+08   0.215477E+08   0.286595E+08   0.286574E+08   0.215500E+08   0.215477E+08   0.215477E+08   0.215554E+08  -0.458461E+00   0.992908E+07   0.992907E+07   0.143137E+02   0.231098E+06   0.493787E+00  -0.451773E+14
   0.242687E-04   0.215471E+08   0.215471E+08   0.286432E+08   0.286406E+08   0.215493E+08   0.215471E+08   0.215471E+08   0.215548E+08  -0.458447E+00   0.992890E+07   0.992890E+07   0.158026E+02   0.189548E+06   0.493766E+00  -0.409140E+14
   0.267970E-04   0.215463E+08   0.215463E+08   0.286232E+08   0.286201E+08   0.215485E+08   0.215463E+08   0.215463E+08   0.215540E+08  -0.458430E+00   0.992869E+07   0.992869E+07   0.174457E+02   0.155469E+06   0.493742E+00  -0.370529E+14
   0.295888E-04   0.215453E+08   0.215453E+08   0.285990E+08   0.285952E+08   0.215474E+08   0.215453E+08   0.215453E+08   0.215530E+08  -0.458410E+00   0.992844E+07   0.992844E+07   0.192590E+02   0.127517E+06   0.493711E+00  -0.335560E+14
   0.326714E-04   0.215442E+08   0.215442E+08   0.285694E+08   0.285648E+08   0.215462E+08   0.215442E+08   0.215442E+08   0.215518E+08  -0.458385E+00   0.992813E+07   0.992813E+07   0.212596E+02   0.104591E+06   0.493675E+00  -0.303889E+14
   0.360752E-04   0.215427E+08   0.215427E+08   0.285334E+08   0.285277E+08   0.215447E+08   0.215428E+08   0.215427E+08   0.215504E+08  -0.458354E+00   0.992775E+07   0.992775E+07   0.234667E+02   0.857866E+05   0.493630E+00  -0.275206E+14
   0.398336E-04   0.215410E+08   0.215410E+08   0.284895E+08   0.284826E+08   0.215428E+08   0.215410E+08   0.215410E+08   0.215486E+08  -0.458317E+00   0.992729E+07   0.992729E+07   0.259010E+02   0.703637E+05   0.493576E+00  -0.249228E+14
   0.439836E-04   0.215389E+08   0.215389E+08   0.284361E+08   0.284278E+08   0.215406E+08   0.215389E+08   0.215389E+08   0.215465E+08  -0.458271E+00   0.992674E+07   0.992673E+07   0.285853E+02   0.577138E+05   0.493511E+00  -0.225700E+14
   0.485659E-04   0.215363E+08   0.215363E+08   0.283711E+08   0.283610E+08   0.215378E+08   0.215364E+08   0.215363E+08   0.215439E+08  -0.458216E+00   0.992606E+07   0.992605E+07   0.315444E+02   0.473383E+05   0.493432E+00  -0.204391E+14
   0.536256E-04   0.215332E+08   0.215332E+08   0.282921E+08   0.282798E+08   0.215345E+08   0.215332E+08   0.215332E+08   0.215408E+08  -0.458149E+00   0.992523E+07   0.992522E+07   0.348053E+02   0.388284E+05   0.493336E+00  -0.185090E+14
   0.592125E-04   0.215295E+08   0.215294E+08   0.281960E+08   0.281810E+08   0.215304E+08   0.215295E+08   0.215295E+08   0.215370E+08  -0.458068E+00   0.992422E+07   0.992422E+07   0.383970E+02   0.318485E+05   0.493220E+00  -0.167610E+14
   0.653814E-04   0.215249E+08   0.215249E+08   0.280793E+08   0.280611E+08   0.215255E+08   0.215249E+08   0.215249E+08   0.215324E+08  -0.457969E+00   0.992300E+07   0.992299E+07   0.423512E+02   0.261236E+05   0.493080E+00  -0.151777E+14
   0.721930E-04   0.215193E+08   0.215193E+08   0.279376E+08   0.279155E+08   0.215196E+08   0.215193E+08   0.215193E+08   0.215268E+08  -0.457850E+00   0.992152E+07   0.992151E+07   0.467014E+02   0.214280E+05   0.492912E+00  -0.137436E+14
   0.797142E-04   0.215126E+08   0.215126E+08   0.277658E+08   0.277390E+08   0.215124E+08   0.215126E+08   0.215126E+08   0.215200E+08  -0.457705E+00   0.991972E+07   0.991971E+07   0.514835E+02   0.175765E+05   0.492710E+00  -0.124446E+14
   0.880190E-04   0.215045E+08   0.215045E+08   0.275576E+08   0.275251E+08   0.215037E+08   0.215045E+08   0.215045E+08   0.215119E+08  -0.457531E+00   0.991754E+07   0.991753E+07   0.567353E+02   0.144175E+05   0.492469E+00  -0.112679E+14
   0.971891E-04   0.214948E+08   0.214947E+08   0.273059E+08   0.272665E+08   0.214932E+08   0.214947E+08   0.214948E+08   0.215020E+08  -0.457320E+00   0.991491E+07   0.991489E+07   0.624960E+02   0.118264E+05   0.492182E+00  -0.102020E+14
   0.107314E-03   0.214830E+08   0.214829E+08   0.270018E+08   0.269542E+08   0.214806E+08   0.214830E+08   0.214830E+08   0.214902E+08  -0.457067E+00   0.991173E+07   0.991171E+07   0.688056E+02   0.970106E+04   0.491842E+00  -0.923649E+13
   0.118495E-03   0.214689E+08   0.214688E+08   0.266354E+08   0.265780E+08   0.214655E+08   0.214689E+08   0.214689E+08   0.214760E+08  -0.456764E+00   0.990790E+07   0.990787E+07   0.757041E+02   0.795771E+04   0.491442E+00  -0.836177E+13
   0.130840E-03   0.214521E+08   0.214520E+08   0.261950E+08   0.261259E+08   0.214473E+08   0.214521E+08   0.214521E+08   0.214591E+08  -0.456401E+00   0.990329E+07   0.990326E+07   0.832300E+02   0.652766E+04   0.490974E+00  -0.756929E+13
   0.144471E-03   0.214321E+08   0.214319E+08   0.256674E+08   0.255844E+08   0.214257E+08   0.214320E+08   0.214321E+08   0.214389E+08  -0.455969E+00   0.989776E+07   0.989772E+07   0.914183E+02   0.535456E+04   0.490432E+00  -0.685128E+13
   0.159522E-03   0.214084E+08   0.214082E+08   0.250375E+08   0.249383E+08   0.214000E+08   0.214083E+08   0.214083E+08   0.214150E+08  -0.455458E+00   0.989116E+07   0.989111E+07   0.100298E+03   0.439219E+04   0.489808E+00  -0.620071E+13
   0.176142E-03   0.213804E+08   0.213802E+08   0.242893E+08   0.241710E+08   0.213697E+08   0.213803E+08   0.213803E+08   0.213868E+08  -0.454854E+00   0.988330E+07   0.988324E+07   0.109889E+03   0.360265E+04   0.489099E+00  -0.561119E+13
   0.194493E-03   0.213476E+08   0.213473E+08   0.234053E+08   0.232652E+08   0.213340E+08   0.213475E+08   0.213475E+08   0.213537E+08  -0.454147E+00   0.987398E+07   0.987390E+07   0.120196E+03   0.295484E+04   0.488303E+00  -0.507696E+13
   0.214755E-03   0.213094E+08   0.213091E+08   0.223684E+08   0.222033E+08   0.212924E+08   0.213093E+08   0.213094E+08   0.213152E+08  -0.453324E+00   0.986298E+07   0.986290E+07   0.131204E+03   0.242328E+04   0.487422E+00  -0.459282E+13
   0.237129E-03   0.212653E+08   0.212650E+08   0.211624E+08   0.209695E+08   0.212441E+08   0.212652E+08   0.212653E+08   0.212708E+08  -0.452372E+00   0.985009E+07   0.984999E+07   0.142874E+03   0.198708E+04   0.486462E+00  -0.415404E+13
   0.261834E-03   0.212148E+08   0.212144E+08   0.197744E+08   0.195512E+08   0.211884E+08   0.212146E+08   0.212148E+08   0.212199E+08  -0.451282E+00   0.983507E+07   0.983495E+07   0.155127E+03   0.162908E+04   0.485434E+00  -0.375636E+13
   0.289112E-03   0.211575E+08   0.211570E+08   0.181976E+08   0.179422E+08   0.211248E+08   0.211573E+08   0.211574E+08   0.211621E+08  -0.450044E+00   0.981770E+07   0.981755E+07   0.167841E+03   0.133527E+04   0.484354E+00  -0.339592E+13
   0.319233E-03   0.210931E+08   0.210924E+08   0.164348E+08   0.161469E+08   0.210527E+08   0.210928E+08   0.210930E+08   0.210972E+08  -0.448653E+00   0.979776E+07   0.979759E+07   0.180837E+03   0.109412E+04   0.483241E+00  -0.306926E+13
   0.352491E-03   0.210214E+08   0.210206E+08   0.145031E+08   0.141842E+08   0.209717E+08   0.210210E+08   0.210213E+08   0.210249E+08  -0.447104E+00   0.977507E+07   0.977487E+07   0.193872E+03   0.896200E+03   0.482119E+00  -0.277323E+13
   0.389215E-03   0.209424E+08   0.209415E+08   0.124385E+08   0.120932E+08   0.208815E+08   0.209420E+08   0.209423E+08   0.209453E+08  -0.445398E+00   0.974949E+07   0.974924E+07   0.206626E+03   0.733787E+03   0.481012E+00  -0.250499E+13
   0.429764E-03   0.208565E+08   0.208554E+08   0.103003E+08   0.993660E+07   0.207818E+08   0.208559E+08   0.208563E+08   0.208586E+08  -0.443540E+00   0.972090E+07   0.972062E+07   0.218703E+03   0.600539E+03   0.479942E+00  -0.226199E+13
   0.474538E-03   0.207638E+08   0.207625E+08   0.817313E+07   0.780298E+07   0.206725E+08   0.207631E+08   0.207636E+08   0.207653E+08  -0.441538E+00   0.968929E+07   0.968896E+07   0.229635E+03   0.491254E+03   0.478932E+00  -0.204190E+13
   0.523976E-03   0.206649E+08   0.206634E+08   0.616350E+07   0.580284E+07   0.205536E+08   0.206641E+08   0.206646E+08   0.206657E+08  -0.439403E+00   0.965465E+07   0.965428E+07   0.238901E+03   0.401661E+03   0.477998E+00  -0.184263E+13
   0.578566E-03   0.205605E+08   0.205587E+08   0.438939E+07   0.405660E+07   0.204249E+08   0.205595E+08   0.205602E+08   0.205607E+08  -0.437151E+00   0.961709E+07   0.961666E+07   0.245960E+03   0.328251E+03   0.477151E+00  -0.166228E+13
   0.638842E-03   0.204512E+08   0.204491E+08   0.295889E+07   0.267196E+07   0.202863E+08   0.204501E+08   0.204508E+08   0.204508E+08  -0.434797E+00   0.957673E+07   0.957625E+07   0.250308E+03   0.268136E+03   0.476399E+00  -0.149912E+13
   0.705398E-03   0.203378E+08   0.203354E+08   0.193982E+07   0.171185E+07   0.201377E+08   0.203364E+08   0.203374E+08   0.203369E+08  -0.432358E+00   0.953377E+07   0.953324E+07   0.251539E+03   0.218940E+03   0.475742E+00  -0.135158E+13
   0.778888E-03   0.202209E+08   0.202183E+08   0.132771E+07   0.116169E+07   0.199787E+08   0.202193E+08   0.202205E+08   0.202197E+08  -0.429851E+00   0.948843E+07   0.948785E+07   0.249418E+03   0.178706E+03   0.475179E+00  -0.121823E+13
   0.860035E-03   0.201014E+08   0.200984E+08   0.102912E+07   0.914201E+06   0.198086E+08   0.200995E+08   0.201009E+08   0.200997E+08  -0.427289E+00   0.944093E+07   0.944030E+07   0.243920E+03   0.145820E+03   0.474702E+00  -0.109777E+13
   0.949635E-03   0.199796E+08   0.199763E+08   0.882648E+06   0.795148E+06   0.196267E+08   0.199773E+08   0.199790E+08   0.199776E+08  -0.424683E+00   0.939150E+07   0.939083E+07   0.235235E+03   0.118955E+03   0.474304E+00  -0.988983E+12
   0.104857E-02   0.198559E+08   0.198524E+08   0.729209E+06   0.640940E+06   0.194318E+08   0.198533E+08   0.198553E+08   0.198535E+08  -0.422040E+00   0.934030E+07   0.933960E+07   0.223718E+03   0.970165E+02   0.473974E+00  -0.890787E+12
   0.115781E-02   0.197307E+08   0.197269E+08   0.504840E+06   0.397003E+06   0.192225E+08   0.197276E+08   0.197300E+08   0.197278E+08  -0.419362E+00   0.928747E+07   0.928674E+07   0.209809E+03   0.791064E+02   0.473701E+00  -0.802175E+12
   0.127844E-02   0.196037E+08   0.195998E+08   0.278502E+06   0.152783E+06   0.189974E+08   0.196002E+08   0.196031E+08   0.196003E+08  -0.416649E+00   0.923301E+07   0.923227E+07   0.194005E+03   0.644880E+02   0.473476E+00  -0.722228E+12
   0.141163E-02   0.194749E+08   0.194708E+08   0.161665E+06   0.376183E+05   0.187553E+08   0.194708E+08   0.194742E+08   0.194708E+08  -0.413894E+00   0.917686E+07   0.917611E+07   0.176896E+03   0.525591E+02   0.473291E+00  -0.650106E+12
   0.155869E-02   0.193436E+08   0.193394E+08   0.149347E+06   0.486673E+06   0.184948E+08   0.193389E+08   0.193429E+08   0.193390E+08  -0.411087E+00   0.911882E+07   0.911807E+07   0.159250E+03   0.428276E+02   0.473137E+00  -0.585043E+12
   0.172108E-02   0.192091E+08   0.192049E+08   0.114930E+06   0.396393E+06   0.182143E+08   0.192037E+08   0.192084E+08   0.192038E+08  -0.408212E+00   0.905864E+07   0.905790E+07   0.141966E+03   0.348887E+02   0.473010E+00  -0.526346E+12
   0.190039E-02   0.190705E+08   0.190663E+08   0.277988E+05   0.322773E+06   0.179128E+08   0.190643E+08   0.190698E+08   0.190643E+08  -0.405246E+00   0.899590E+07   0.899518E+07   0.125874E+03   0.284125E+02   0.472904E+00  -0.473382E+12
   0.209838E-02   0.189264E+08   0.189223E+08   0.450074E+04   0.262738E+06   0.175896E+08   0.189194E+08   0.189257E+08   0.189194E+08  -0.402164E+00   0.893011E+07   0.892941E+07   0.111564E+03   0.231297E+02   0.472813E+00  -0.425582E+12
   0.231699E-02   0.187756E+08   0.187715E+08   0.228351E+05   0.213780E+06   0.172442E+08   0.187677E+08   0.187749E+08   0.187677E+08  -0.398938E+00   0.886068E+07   0.885999E+07   0.993696E+02   0.188209E+02   0.472735E+00  -0.382431E+12
   0.255838E-02   0.186165E+08   0.186123E+08  -0.949466E+04   0.173856E+06   0.168764E+08   0.186076E+08   0.186158E+08   0.186076E+08  -0.395534E+00   0.878694E+07   0.878626E+07   0.892600E+02   0.153066E+02   0.472667E+00  -0.343465E+12
   0.282492E-02   0.184475E+08   0.184431E+08  -0.586719E+04   0.141301E+06   0.164862E+08   0.184375E+08   0.184468E+08   0.184375E+08  -0.391917E+00   0.870819E+07   0.870750E+07   0.807628E+02   0.124406E+02   0.472607E+00  -0.308271E+12
   0.311923E-02   0.182669E+08   0.182622E+08  -0.114344E+05   0.114760E+06   0.160727E+08   0.182557E+08   0.182661E+08   0.182557E+08  -0.388053E+00   0.862366E+07   0.862298E+07   0.732343E+02   0.101038E+02   0.472553E+00  -0.276474E+12
   0.344419E-02   0.180729E+08   0.180679E+08  -0.131161E+05   0.931257E+05   0.156348E+08   0.180605E+08   0.180720E+08   0.180605E+08  -0.383903E+00   0.853259E+07   0.853191E+07   0.661418E+02   0.819899E+01   0.472504E+00  -0.247744E+12
   0.380302E-02   0.178638E+08   0.178586E+08  -0.176514E+05   0.754976E+05   0.151712E+08   0.178502E+08   0.178629E+08   0.178502E+08  -0.379432E+00   0.843420E+07   0.843353E+07   0.593539E+02   0.664684E+01   0.472458E+00  -0.221782E+12
   0.419923E-02   0.176379E+08   0.176324E+08  -0.743264E+04   0.611397E+05   0.146808E+08   0.176230E+08   0.176370E+08   0.176230E+08  -0.374602E+00   0.832771E+07   0.832704E+07   0.531142E+02   0.538259E+01   0.472415E+00  -0.198320E+12
   0.463671E-02   0.173935E+08   0.173876E+08  -0.903281E+04   0.494515E+05   0.141629E+08   0.173772E+08   0.173925E+08   0.173772E+08  -0.369378E+00   0.821232E+07   0.821166E+07   0.476800E+02   0.435342E+01   0.472373E+00  -0.177119E+12
   0.511978E-02   0.171289E+08   0.171225E+08  -0.109165E+05   0.399428E+05   0.136186E+08   0.171112E+08   0.171278E+08   0.171112E+08  -0.363723E+00   0.808728E+07   0.808662E+07   0.429670E+02   0.351617E+01   0.472332E+00  -0.157965E+12
   0.565317E-02   0.168430E+08   0.168360E+08  -0.779669E+04   0.322139E+05   0.130245E+08   0.168238E+08   0.168418E+08   0.168238E+08  -0.357613E+00   0.795202E+07   0.795137E+07   0.386761E+02   0.283563E+01   0.472290E+00  -0.140668E+12
   0.624213E-02   0.165332E+08   0.165254E+08  -0.729070E+04   0.259355E+05   0.124125E+08   0.165124E+08   0.165319E+08   0.165124E+08  -0.350993E+00   0.780539E+07   0.780474E+07   0.347132E+02   0.228284E+01   0.472248E+00  -0.125047E+12
   0.689245E-02   0.161983E+08   0.161896E+08  -0.561234E+04   0.208411E+05   0.117706E+08   0.161759E+08   0.161968E+08   0.161759E+08  -0.343841E+00   0.764685E+07   0.764620E+07   0.312099E+02   0.183431E+01   0.472206E+00  -0.110948E+12
   0.761052E-02   0.158369E+08   0.158271E+08  -0.560081E+04   0.167122E+05   0.111076E+08   0.158129E+08   0.158352E+08   0.158129E+08  -0.336124E+00   0.747571E+07   0.747507E+07   0.281165E+02   0.147080E+01   0.472163E+00  -0.982308E+11
   0.840340E-02   0.154474E+08   0.154364E+08  -0.482576E+04   0.133700E+05   0.104317E+08   0.154218E+08   0.154455E+08   0.154218E+08  -0.327811E+00   0.729129E+07   0.729065E+07   0.253123E+02   0.117657E+01   0.472120E+00  -0.867679E+11
   0.927889E-02   0.150285E+08   0.150161E+08  -0.352973E+04   0.106685E+05   0.974279E+07   0.150014E+08   0.150264E+08   0.150014E+08  -0.318876E+00   0.709298E+07   0.709235E+07   0.228247E+02   0.938765E+00   0.472077E+00  -0.764438E+11
   0.102456E-01   0.145791E+08   0.145648E+08  -0.326776E+04   0.848833E+04   0.904065E+07   0.145505E+08   0.145767E+08   0.145505E+08  -0.309290E+00   0.688017E+07   0.687954E+07   0.206103E+02   0.746866E+00   0.472034E+00  -0.671540E+11
   0.113130E-01   0.140976E+08   0.140813E+08  -0.272909E+04   0.673199E+04   0.833208E+07   0.140676E+08   0.140949E+08   0.140676E+08  -0.299026E+00   0.665226E+07   0.665163E+07   0.186384E+02   0.592283E+00   0.471990E+00  -0.588032E+11
   0.124916E-01   0.135830E+08   0.135644E+08  -0.203411E+04   0.531982E+04   0.762465E+07   0.135517E+08   0.135799E+08   0.135517E+08  -0.288060E+00   0.640870E+07   0.640807E+07   0.168873E+02   0.468002E+00   0.471946E+00  -0.513050E+11
   0.137930E-01   0.130344E+08   0.130130E+08  -0.185402E+04   0.418688E+04   0.692398E+07   0.130019E+08   0.130308E+08   0.130019E+08  -0.276373E+00   0.614908E+07   0.614844E+07   0.153299E+02   0.368304E+00   0.471902E+00  -0.445819E+11
   0.152300E-01   0.124512E+08   0.124268E+08  -0.146188E+04   0.328024E+04   0.623268E+07   0.124177E+08   0.124471E+08   0.124177E+08  -0.263955E+00   0.587315E+07   0.587252E+07   0.139401E+02   0.288528E+00   0.471859E+00  -0.385637E+11
   0.168167E-01   0.118473E+08   0.118195E+08  -0.111558E+04   0.255978E+04   0.556680E+07   0.118129E+08   0.118426E+08   0.118129E+08  -0.251099E+00   0.558746E+07   0.558682E+07   0.127043E+02   0.225140E+00   0.471816E+00  -0.332262E+11
   0.185687E-01   0.111992E+08   0.111677E+08  -0.974229E+03   0.198452E+04   0.491868E+07   0.111642E+08   0.111939E+08   0.111642E+08  -0.237310E+00   0.528097E+07   0.528032E+07   0.115773E+02   0.174531E+00   0.471774E+00  -0.284406E+11
   0.205033E-01   0.105209E+08   0.104855E+08  -0.612282E+03   0.152897E+04   0.430091E+07   0.104855E+08   0.105150E+08   0.104855E+08  -0.222884E+00   0.496025E+07   0.495960E+07   0.105425E+02   0.134458E+00   0.471733E+00  -0.241928E+11
   0.226393E-01   0.980687E+07   0.976769E+07  -0.542824E+03   0.116882E+04   0.371529E+07   0.977149E+07   0.980029E+07   0.977149E+07  -0.207706E+00   0.462276E+07   0.462211E+07   0.956925E+01   0.102780E+00   0.471693E+00  -0.204194E+11
   0.249980E-01   0.908266E+07   0.903989E+07  -0.413993E+03   0.887766E+03   0.317529E+07   0.904756E+07   0.907548E+07   0.904756E+07  -0.192318E+00   0.428054E+07   0.427990E+07   0.864093E+01   0.780612E-01   0.471655E+00  -0.171238E+11
   0.276023E-01   0.835682E+07   0.831102E+07  -0.294433E+03   0.669867E+03   0.268428E+07   0.832233E+07   0.834913E+07   0.832233E+07  -0.176902E+00   0.393767E+07   0.393703E+07   0.773471E+01   0.588984E-01   0.471619E+00  -0.142659E+11
   0.304780E-01   0.763250E+07   0.758465E+07  -0.250796E+03   0.501735E+03   0.224276E+07   0.759899E+07   0.762446E+07   0.759899E+07  -0.161526E+00   0.359564E+07   0.359502E+07   0.682590E+01   0.441133E-01   0.471584E+00  -0.117976E+11
   0.336533E-01   0.692928E+07   0.688083E+07  -0.170063E+03   0.373561E+03   0.185459E+07   0.689717E+07   0.692115E+07   0.689717E+07  -0.146608E+00   0.326375E+07   0.326315E+07   0.590496E+01   0.328428E-01   0.471551E+00  -0.969823E+10
   0.371593E-01   0.627255E+07   0.622536E+07  -0.128883E+03   0.277330E+03   0.152264E+07   0.624219E+07   0.626463E+07   0.624219E+07  -0.132686E+00   0.295397E+07   0.295342E+07   0.497443E+01   0.243815E-01   0.471521E+00  -0.794952E+10
   0.410307E-01   0.567837E+07   0.563458E+07  -0.112468E+03   0.205912E+03   0.124486E+07   0.565007E+07   0.567102E+07   0.565007E+07  -0.120100E+00   0.267391E+07   0.267341E+07   0.404856E+01   0.181022E-01   0.471492E+00  -0.651689E+10
   0.451338E-01   0.518234E+07   0.514380E+07   0.155317E+03   0.155317E+03   0.102603E+07   0.515623E+07   0.517587E+07   0.515623E+07  -0.109602E+00   0.244028E+07   0.243985E+07   0.322199E+01   0.136544E-01   0.471461E+00  -0.540682E+10
   0.492368E-01   0.479018E+07   0.475775E+07   0.120647E+03   0.120647E+03   0.861295E+06   0.476617E+07   0.478474E+07   0.476617E+07  -0.101311E+00   0.225577E+07   0.225540E+07   0.250193E+01   0.106063E-01   0.471440E+00  -0.458151E+10
   0.533399E-01   0.447419E+07   0.444786E+07   0.960325E+02   0.960325E+02   0.734237E+06   0.445209E+07   0.446977E+07   0.445209E+07  -0.946349E-01   0.210719E+07   0.210688E+07   0.192830E+01   0.844230E-02   0.471421E+00  -0.395054E+10
   0.574430E-01   0.420813E+07   0.418716E+07   0.778914E+02   0.778914E+02   0.633095E+06   0.418771E+07   0.420461E+07   0.418771E+07  -0.890151E-01   0.198211E+07   0.198186E+07   0.149740E+01   0.684744E-02   0.471405E+00  -0.345063E+10
   0.615460E-01   0.397153E+07   0.395466E+07   0.640450E+02   0.640450E+02   0.549973E+06   0.395252E+07   0.396870E+07   0.395252E+07  -0.840158E-01   0.187084E+07   0.187062E+07   0.119604E+01   0.563016E-02   0.471391E+00  -0.303980E+10
   0.656491E-01   0.374858E+07   0.373432E+07   0.531336E+02   0.531336E+02   0.479539E+06   0.373072E+07   0.374618E+07   0.373072E+07  -0.793014E-01   0.176590E+07   0.176571E+07   0.100315E+01   0.467092E-02   0.471379E+00  -0.268996E+10
   0.697522E-01   0.352808E+07   0.351497E+07   0.442986E+02   0.442986E+02   0.418304E+06   0.351117E+07   0.352588E+07   0.351117E+07  -0.746345E-01   0.166202E+07   0.166183E+07   0.892672E+00   0.389423E-02   0.471369E+00  -0.238279E+10
   0.738552E-01   0.331190E+07   0.329873E+07   0.370904E+02   0.370904E+02   0.365045E+06   0.329575E+07   0.330969E+07   0.329575E+07  -0.700554E-01   0.156008E+07   0.155989E+07   0.838640E+00   0.326057E-02   0.471359E+00  -0.211238E+10
   0.779583E-01   0.309305E+07   0.307903E+07   0.310863E+02   0.310863E+02   0.317814E+06   0.307758E+07   0.309070E+07   0.307758E+07  -0.654178E-01   0.145683E+07   0.145664E+07   0.814175E+00   0.273275E-02   0.471351E+00  -0.186876E+10
   0.820614E-01   0.288223E+07   0.286701E+07   0.261399E+02   0.261399E+02   0.276791E+06   0.286736E+07   0.287968E+07   0.286736E+07  -0.609494E-01   0.135735E+07   0.135715E+07   0.799600E+00   0.229792E-02   0.471343E+00  -0.165408E+10
   0.861644E-01   0.268524E+07   0.266892E+07   0.220862E+02   0.220862E+02   0.241595E+06   0.267095E+07   0.268250E+07   0.267095E+07  -0.567745E-01   0.126439E+07   0.126419E+07   0.779985E+00   0.194157E-02   0.471337E+00  -0.146743E+10
   0.912856E-01   0.246618E+07   0.244910E+07   0.180698E+02   0.180698E+02   0.205191E+06   0.245262E+07   0.246331E+07   0.245262E+07  -0.521337E-01   0.116106E+07   0.116086E+07   0.735947E+00   0.158849E-02   0.471329E+00  -0.127191E+10
   0.964067E-01   0.228349E+07   0.226667E+07   0.149998E+02   0.149998E+02   0.176271E+06   0.227071E+07   0.228067E+07   0.227071E+07  -0.482668E-01   0.107496E+07   0.107477E+07   0.667125E+00   0.131861E-02   0.471323E+00  -0.111503E+10
   0.101528E+00   0.213942E+07   0.212386E+07   0.126716E+02   0.126716E+02   0.153688E+06   0.212743E+07   0.213681E+07   0.212743E+07  -0.452212E-01   0.100714E+07   0.100697E+07   0.580095E+00   0.111395E-02   0.471317E+00  -0.991995E+09
   0.106649E+00   0.202873E+07   0.201514E+07   0.108908E+02   0.108908E+02   0.136002E+06   0.201750E+07   0.202645E+07   0.201750E+07  -0.428846E-01   0.955113E+06   0.954957E+06   0.486804E+00   0.957398E-03   0.471312E+00  -0.895575E+09
   0.111770E+00   0.194050E+07   0.192915E+07   0.948579E+01   0.948579E+01   0.121707E+06   0.193000E+07   0.193860E+07   0.193000E+07  -0.410246E-01   0.913696E+06   0.913562E+06   0.399797E+00   0.833888E-03   0.471307E+00  -0.817488E+09
   0.116891E+00   0.186298E+07   0.185367E+07   0.832756E+01   0.832756E+01   0.109573E+06   0.185313E+07   0.186142E+07   0.185313E+07  -0.393907E-01   0.877311E+06   0.877196E+06   0.328750E+00   0.732071E-03   0.471303E+00  -0.750547E+09
   0.122012E+00   0.178699E+07   0.177915E+07   0.733214E+01   0.733214E+01   0.987700E+05   0.177769E+07   0.178567E+07   0.177769E+07  -0.377871E-01   0.841601E+06   0.841500E+06   0.278543E+00   0.644566E-03   0.471299E+00  -0.689778E+09
   0.127134E+00   0.170712E+07   0.170006E+07   0.645177E+01   0.645177E+01   0.888434E+05   0.169828E+07   0.170593E+07   0.169828E+07  -0.360991E-01   0.804013E+06   0.803918E+06   0.248918E+00   0.567174E-03   0.471295E+00  -0.632427E+09
   0.132255E+00   0.162189E+07   0.161494E+07   0.566401E+01   0.566401E+01   0.796213E+05   0.161343E+07   0.162072E+07   0.161343E+07  -0.342955E-01   0.763850E+06   0.763757E+06   0.235525E+00   0.497923E-03   0.471292E+00  -0.577569E+09
   0.137376E+00   0.153305E+07   0.152573E+07   0.496162E+01   0.496162E+01   0.711128E+05   0.152491E+07   0.153182E+07   0.152491E+07  -0.324138E-01   0.721945E+06   0.721850E+06   0.231787E+00   0.436178E-03   0.471289E+00  -0.525533E+09
   0.142497E+00   0.144440E+07   0.143653E+07   0.434427E+01   0.434427E+01   0.634120E+05   0.143655E+07   0.144308E+07   0.143655E+07  -0.305358E-01   0.680121E+06   0.680023E+06   0.230915E+00   0.381907E-03   0.471287E+00  -0.477294E+09
   0.147618E+00   0.136083E+07   0.135249E+07   0.381342E+01   0.381342E+01   0.566306E+05   0.135326E+07   0.135943E+07   0.135326E+07  -0.287654E-01   0.640695E+06   0.640594E+06   0.227572E+00   0.335240E-03   0.471284E+00  -0.434026E+09
   0.152739E+00   0.128694E+07   0.127842E+07   0.336831E+01   0.336831E+01   0.508418E+05   0.127967E+07   0.128551E+07   0.127967E+07  -0.272010E-01   0.605855E+06   0.605755E+06   0.218782E+00   0.296111E-03   0.471282E+00  -0.396663E+09
   0.157860E+00   0.122529E+07   0.121695E+07   0.300215E+01   0.300215E+01   0.460189E+05   0.121831E+07   0.122389E+07   0.121831E+07  -0.258968E-01   0.576810E+06   0.576713E+06   0.204041E+00   0.263922E-03   0.471280E+00  -0.365395E+09
   0.162982E+00   0.117541E+07   0.116761E+07   0.270188E+01   0.270188E+01   0.420261E+05   0.116874E+07   0.117410E+07   0.116874E+07  -0.248432E-01   0.553343E+06   0.553253E+06   0.184808E+00   0.237526E-03   0.471278E+00  -0.339516E+09
   0.168103E+00   0.113473E+07   0.112769E+07   0.245204E+01   0.245204E+01   0.386731E+05   0.112837E+07   0.113355E+07   0.112837E+07  -0.239849E-01   0.534228E+06   0.534145E+06   0.163688E+00   0.215562E-03   0.471277E+00  -0.317802E+09
   0.173224E+00   0.109998E+07   0.109378E+07   0.223870E+01   0.223870E+01   0.357775E+05   0.109391E+07   0.109894E+07   0.109391E+07  -0.232524E-01   0.517915E+06   0.517841E+06   0.143533E+00   0.196808E-03   0.471275E+00  -0.298990E+09
   0.178345E+00   0.106786E+07   0.106239E+07   0.205048E+01   0.205048E+01   0.331840E+05   0.106205E+07   0.106694E+07   0.106205E+07  -0.225752E-01   0.502833E+06   0.502765E+06   0.126621E+00   0.180262E-03   0.471273E+00  -0.281948E+09
   0.183466E+00   0.103530E+07   0.103036E+07   0.187864E+01   0.187864E+01   0.307692E+05   0.102972E+07   0.103447E+07   0.102972E+07  -0.218880E-01   0.487526E+06   0.487464E+06   0.114167E+00   0.165155E-03   0.471272E+00  -0.265735E+09
   0.188587E+00   0.100031E+07   0.995660E+06   0.171794E+01   0.171794E+01   0.284607E+05   0.994931E+06   0.999526E+06   0.994931E+06  -0.211485E-01   0.471058E+06   0.470998E+06   0.106228E+00   0.151027E-03   0.471271E+00  -0.249786E+09
   0.193708E+00   0.962693E+06   0.958101E+06   0.156704E+01   0.156704E+01   0.262458E+05   0.957494E+06   0.961922E+06   0.957494E+06  -0.203528E-01   0.453334E+06   0.453275E+06   0.101929E+00   0.137762E-03   0.471270E+00  -0.234033E+09
   0.198830E+00   0.923690E+06   0.918995E+06   0.142702E+01   0.142702E+01   0.241516E+05   0.918648E+06   0.922902E+06   0.918648E+06  -0.195271E-01   0.434944E+06   0.434885E+06   0.998517E-01   0.125453E-03   0.471268E+00  -0.218755E+09
   0.203951E+00   0.885012E+06   0.880154E+06   0.129938E+01   0.129938E+01   0.222121E+05   0.880117E+06   0.884196E+06   0.880117E+06  -0.187080E-01   0.416703E+06   0.416643E+06   0.984556E-01   0.114232E-03   0.471267E+00  -0.204318E+09
   0.209072E+00   0.848328E+06   0.843340E+06   0.118517E+01   0.118517E+01   0.204547E+05   0.843576E+06   0.847490E+06   0.843576E+06  -0.179313E-01   0.399404E+06   0.399343E+06   0.964711E-01   0.104192E-03   0.471266E+00  -0.191039E+09
   0.214193E+00   0.815062E+06   0.810047E+06   0.108485E+01   0.108485E+01   0.188960E+05   0.810457E+06   0.814220E+06   0.810457E+06  -0.172273E-01   0.383724E+06   0.383664E+06   0.931522E-01   0.953721E-04   0.471265E+00  -0.179151E+09
   0.219314E+00   0.786077E+06   0.781166E+06   0.997961E+00   0.997961E+00   0.175364E+05   0.781619E+06   0.785252E+06   0.781619E+06  -0.166143E-01   0.370071E+06   0.370013E+06   0.883427E-01   0.877337E-04   0.471265E+00  -0.168742E+09
   0.224435E+00   0.761363E+06   0.756679E+06   0.922993E+00   0.922993E+00   0.163569E+05   0.757055E+06   0.760577E+06   0.757055E+06  -0.160922E-01   0.358442E+06   0.358386E+06   0.823775E-01   0.811432E-04   0.471264E+00  -0.159710E+09
   0.229556E+00   0.740133E+06   0.735755E+06   0.857703E+00   0.857703E+00   0.153240E+05   0.735971E+06   0.739398E+06   0.735971E+06  -0.156440E-01   0.348460E+06   0.348407E+06   0.758901E-01   0.754034E-04   0.471263E+00  -0.151799E+09
   0.234678E+00   0.721184E+06   0.717138E+06   0.799707E+00   0.799707E+00   0.144000E+05   0.717163E+06   0.720505E+06   0.717163E+06  -0.152442E-01   0.339555E+06   0.339506E+06   0.695934E-01   0.703050E-04   0.471262E+00  -0.144692E+09
   0.239799E+00   0.703238E+06   0.699493E+06   0.746892E+00   0.746892E+00   0.135506E+05   0.699348E+06   0.702609E+06   0.699348E+06  -0.148655E-01   0.331120E+06   0.331074E+06   0.640827E-01   0.656618E-04   0.471261E+00  -0.138084E+09
   0.244920E+00   0.685210E+06   0.681697E+06   0.697653E+00   0.697653E+00   0.127495E+05   0.681440E+06   0.684620E+06   0.681440E+06  -0.144849E-01   0.322642E+06   0.322598E+06   0.597065E-01   0.613331E-04   0.471261E+00  -0.131736E+09
   0.250041E+00   0.666468E+06   0.663099E+06   0.651067E+00   0.651067E+00   0.119816E+05   0.662808E+06   0.665903E+06   0.662808E+06  -0.140888E-01   0.313820E+06   0.313778E+06   0.565263E-01   0.572377E-04   0.471260E+00  -0.125509E+09
   0.255162E+00   0.646942E+06   0.643634E+06   0.606873E+00   0.606873E+00   0.112438E+05   0.643381E+06   0.646387E+06   0.643381E+06  -0.136759E-01   0.304623E+06   0.304581E+06   0.543542E-01   0.533525E-04   0.471260E+00  -0.119386E+09
   0.260283E+00   0.626994E+06   0.623689E+06   0.565228E+00   0.565228E+00   0.105406E+05   0.623524E+06   0.626439E+06   0.623524E+06  -0.132538E-01   0.295222E+06   0.295181E+06   0.528425E-01   0.496914E-04   0.471259E+00  -0.113425E+09
   0.265404E+00   0.607195E+06   0.603867E+06   0.526441E+00   0.526441E+00   0.987914E+04   0.603812E+06   0.606636E+06   0.603812E+06  -0.128348E-01   0.285889E+06   0.285848E+06   0.515940E-01   0.462815E-04   0.471258E+00  -0.107720E+09
   0.270526E+00   0.588167E+06   0.584825E+06   0.490803E+00   0.490803E+00   0.926646E+04   0.584869E+06   0.587606E+06   0.584869E+06  -0.124322E-01   0.276921E+06   0.276880E+06   0.502657E-01   0.431485E-04   0.471258E+00  -0.102365E+09
   0.275647E+00   0.570459E+06   0.567133E+06   0.458491E+00   0.458491E+00   0.870733E+04   0.567245E+06   0.569901E+06   0.567245E+06  -0.120575E-01   0.268577E+06   0.268536E+06   0.486388E-01   0.403079E-04   0.471257E+00  -0.974362E+08
   0.280768E+00   0.554395E+06   0.551130E+06   0.429470E+00   0.429470E+00   0.820257E+04   0.551264E+06   0.553847E+06   0.551264E+06  -0.117178E-01   0.261011E+06   0.260971E+06   0.466439E-01   0.377565E-04   0.471257E+00  -0.929643E+08
   0.285889E+00   0.539988E+06   0.536827E+06   0.403459E+00   0.403459E+00   0.774822E+04   0.536941E+06   0.539458E+06   0.536941E+06  -0.114134E-01   0.254229E+06   0.254191E+06   0.443453E-01   0.354699E-04   0.471257E+00  -0.889269E+08
   0.291010E+00   0.526986E+06   0.523957E+06   0.380015E+00   0.380015E+00   0.733685E+04   0.524020E+06   0.526477E+06   0.524020E+06  -0.111387E-01   0.248112E+06   0.248075E+06   0.418974E-01   0.334088E-04   0.471256E+00  -0.852598E+08
   0.296131E+00   0.514986E+06   0.512102E+06   0.358638E+00   0.358638E+00   0.695988E+04   0.512100E+06   0.514502E+06   0.512100E+06  -0.108853E-01   0.242468E+06   0.242433E+06   0.394883E-01   0.315295E-04   0.471256E+00  -0.818795E+08
   0.301252E+00   0.503553E+06   0.500806E+06   0.338863E+00   0.338863E+00   0.660898E+04   0.500742E+06   0.503092E+06   0.500742E+06  -0.106439E-01   0.237090E+06   0.237057E+06   0.372858E-01   0.297910E-04   0.471255E+00  -0.787026E+08
   0.306374E+00   0.492299E+06   0.489665E+06   0.320312E+00   0.320312E+00   0.627747E+04   0.489559E+06   0.491857E+06   0.489559E+06  -0.104062E-01   0.231795E+06   0.231763E+06   0.353982E-01   0.281601E-04   0.471255E+00  -0.756587E+08
   0.311495E+00   0.480963E+06   0.478413E+06   0.302734E+00   0.302734E+00   0.596084E+04   0.478289E+06   0.480535E+06   0.478289E+06  -0.101667E-01   0.226460E+06   0.226428E+06   0.338588E-01   0.266148E-04   0.471255E+00  -0.727019E+08
   0.316616E+00   0.469470E+06   0.466973E+06   0.286017E+00   0.286017E+00   0.565736E+04   0.466858E+06   0.469051E+06   0.466858E+06  -0.992366E-02   0.221047E+06   0.221016E+06   0.326310E-01   0.251451E-04   0.471254E+00  -0.698166E+08
   0.321737E+00   0.457912E+06   0.455446E+06   0.270162E+00   0.270162E+00   0.536739E+04   0.455358E+06   0.457498E+06   0.455358E+06  -0.967923E-02   0.215603E+06   0.215572E+06   0.316293E-01   0.237513E-04   0.471254E+00  -0.670130E+08
   0.326858E+00   0.446484E+06   0.444037E+06   0.255226E+00   0.255226E+00   0.509242E+04   0.443986E+06   0.446073E+06   0.443986E+06  -0.943750E-02   0.210219E+06   0.210189E+06   0.307470E-01   0.224382E-04   0.471254E+00  -0.643158E+08
   0.331979E+00   0.435405E+06   0.432975E+06   0.241269E+00   0.241269E+00   0.483404E+04   0.432961E+06   0.434997E+06   0.432961E+06  -0.920315E-02   0.204999E+06   0.204969E+06   0.298852E-01   0.212112E-04   0.471253E+00  -0.617512E+08
   0.337100E+00   0.424860E+06   0.422458E+06   0.228325E+00   0.228325E+00   0.459321E+04   0.422470E+06   0.424457E+06   0.422470E+06  -0.898015E-02   0.200032E+06   0.200002E+06   0.289736E-01   0.200732E-04   0.471253E+00  -0.593396E+08
   0.342222E+00   0.414970E+06   0.412608E+06   0.216383E+00   0.216383E+00   0.437015E+04   0.412632E+06   0.414573E+06   0.412632E+06  -0.877103E-02   0.195374E+06   0.195345E+06   0.279814E-01   0.190234E-04   0.471253E+00  -0.570905E+08
   0.347343E+00   0.405761E+06   0.403453E+06   0.205389E+00   0.205389E+00   0.416398E+04   0.403475E+06   0.405373E+06   0.403475E+06  -0.857637E-02   0.191038E+06   0.191010E+06   0.269159E-01   0.180568E-04   0.471253E+00  -0.550005E+08
   0.352464E+00   0.397169E+06   0.394927E+06   0.195242E+00   0.195242E+00   0.397301E+04   0.394934E+06   0.396793E+06   0.394934E+06  -0.839483E-02   0.186994E+06   0.186967E+06   0.258126E-01   0.171647E-04   0.471252E+00  -0.530541E+08
   0.357585E+00   0.389067E+06   0.386895E+06   0.185822E+00   0.185822E+00   0.379503E+04   0.386881E+06   0.388702E+06   0.386881E+06  -0.822365E-02   0.183181E+06   0.183155E+06   0.247207E-01   0.163366E-04   0.471252E+00  -0.512280E+08
   0.362706E+00   0.381304E+06   0.379201E+06   0.177009E+00   0.177009E+00   0.362781E+04   0.379165E+06   0.380951E+06   0.379165E+06  -0.805964E-02   0.179528E+06   0.179502E+06   0.236883E-01   0.155618E-04   0.471252E+00  -0.494974E+08
   0.367827E+00   0.373741E+06   0.371700E+06   0.168703E+00   0.168703E+00   0.346945E+04   0.371648E+06   0.373398E+06   0.371648E+06  -0.789985E-02   0.175969E+06   0.175944E+06   0.227504E-01   0.148316E-04   0.471252E+00  -0.478407E+08
   0.372948E+00   0.366276E+06   0.364286E+06   0.160824E+00   0.160824E+00   0.331848E+04   0.364225E+06   0.365941E+06   0.364225E+06  -0.774208E-02   0.172454E+06   0.172430E+06   0.219221E-01   0.141389E-04   0.471251E+00  -0.462414E+08
   0.378070E+00   0.358853E+06   0.356905E+06   0.153326E+00   0.153326E+00   0.317407E+04   0.356844E+06   0.358526E+06   0.356844E+06  -0.758519E-02   0.168960E+06   0.168936E+06   0.211986E-01   0.134797E-04   0.471251E+00  -0.446907E+08
   0.383191E+00   0.351483E+06   0.349566E+06   0.146189E+00   0.146189E+00   0.303593E+04   0.349514E+06   0.351161E+06   0.349514E+06  -0.742936E-02   0.165489E+06   0.165465E+06   0.205593E-01   0.128523E-04   0.471251E+00  -0.431877E+08
   0.388312E+00   0.344225E+06   0.342335E+06   0.139418E+00   0.139418E+00   0.290429E+04   0.342294E+06   0.343908E+06   0.342294E+06  -0.727590E-02   0.162071E+06   0.162047E+06   0.199760E-01   0.122570E-04   0.471251E+00  -0.417378E+08
   0.393433E+00   0.337152E+06   0.335286E+06   0.133020E+00   0.133020E+00   0.277938E+04   0.335258E+06   0.336839E+06   0.335258E+06  -0.712634E-02   0.158739E+06   0.158716E+06   0.194196E-01   0.116946E-04   0.471251E+00  -0.403477E+08
   0.398554E+00   0.330322E+06   0.328481E+06   0.126997E+00   0.126997E+00   0.266134E+04   0.328464E+06   0.330013E+06   0.328464E+06  -0.698192E-02   0.155522E+06   0.155500E+06   0.188668E-01   0.111650E-04   0.471250E+00  -0.390221E+08
   0.403675E+00   0.323773E+06   0.321962E+06   0.121341E+00   0.121341E+00   0.255011E+04   0.321951E+06   0.323469E+06   0.321951E+06  -0.684347E-02   0.152439E+06   0.152417E+06   0.183044E-01   0.106678E-04   0.471250E+00  -0.377632E+08
   0.408796E+00   0.317529E+06   0.315751E+06   0.116037E+00   0.116037E+00   0.244548E+04   0.315741E+06   0.317230E+06   0.315741E+06  -0.671148E-02   0.149498E+06   0.149477E+06   0.177303E-01   0.102015E-04   0.471250E+00  -0.365708E+08
   0.413918E+00   0.311583E+06   0.309842E+06   0.111065E+00   0.111065E+00   0.234708E+04   0.309828E+06   0.311290E+06   0.309828E+06  -0.658580E-02   0.146699E+06   0.146678E+06   0.171516E-01   0.976434E-05   0.471250E+00  -0.354421E+08
   0.419039E+00   0.305895E+06   0.304193E+06   0.106389E+00   0.106389E+00   0.225427E+04   0.304174E+06   0.305609E+06   0.304174E+06  -0.646560E-02   0.144022E+06   0.144001E+06   0.165804E-01   0.935327E-05   0.471250E+00  -0.343700E+08
   0.424160E+00   0.300409E+06   0.298747E+06   0.101974E+00   0.101974E+00   0.216635E+04   0.298720E+06   0.300130E+06   0.298720E+06  -0.634968E-02   0.141440E+06   0.141419E+06   0.160299E-01   0.896511E-05   0.471250E+00  -0.333462E+08
   0.429281E+00   0.295074E+06   0.293449E+06   0.977876E-01   0.977876E-01   0.208271E+04   0.293416E+06   0.294801E+06   0.293416E+06  -0.623694E-02   0.138928E+06   0.138908E+06   0.155110E-01   0.859709E-05   0.471249E+00  -0.323634E+08
   0.434402E+00   0.289855E+06   0.288263E+06   0.938066E-01   0.938066E-01   0.200289E+04   0.288227E+06   0.289588E+06   0.288227E+06  -0.612663E-02   0.136471E+06   0.136452E+06   0.150301E-01   0.824711E-05   0.471249E+00  -0.314163E+08
   0.439523E+00   0.284727E+06   0.283165E+06   0.900124E-01   0.900124E-01   0.192655E+04   0.283128E+06   0.284465E+06   0.283128E+06  -0.601824E-02   0.134057E+06   0.134038E+06   0.145876E-01   0.791353E-05   0.471249E+00  -0.305009E+08
   0.444644E+00   0.279680E+06   0.278144E+06   0.863918E-01   0.863918E-01   0.185345E+04   0.278108E+06   0.279422E+06   0.278108E+06  -0.591155E-02   0.131680E+06   0.131662E+06   0.141791E-01   0.759523E-05   0.471249E+00  -0.296152E+08
   0.449766E+00   0.274720E+06   0.273207E+06   0.829380E-01   0.829380E-01   0.178349E+04   0.273175E+06   0.274466E+06   0.273175E+06  -0.580670E-02   0.129345E+06   0.129326E+06   0.137972E-01   0.729159E-05   0.471249E+00  -0.287586E+08
   0.454887E+00   0.269867E+06   0.268377E+06   0.796487E-01   0.796487E-01   0.171664E+04   0.268349E+06   0.269617E+06   0.268349E+06  -0.570411E-02   0.127060E+06   0.127042E+06   0.134332E-01   0.700241E-05   0.471249E+00  -0.279325E+08
   0.460008E+00   0.265147E+06   0.263678E+06   0.765226E-01   0.765226E-01   0.165293E+04   0.263655E+06   0.264900E+06   0.263655E+06  -0.560432E-02   0.124837E+06   0.124819E+06   0.130798E-01   0.672758E-05   0.471249E+00  -0.271384E+08
   0.465129E+00   0.260575E+06   0.259129E+06   0.735561E-01   0.735561E-01   0.159231E+04   0.259108E+06   0.260332E+06   0.259108E+06  -0.550767E-02   0.122684E+06   0.122666E+06   0.127318E-01   0.646678E-05   0.471248E+00  -0.263767E+08
   0.470250E+00   0.256157E+06   0.254733E+06   0.707425E-01   0.707425E-01   0.153465E+04   0.254714E+06   0.255918E+06   0.254714E+06  -0.541427E-02   0.120604E+06   0.120586E+06   0.123870E-01   0.621941E-05   0.471248E+00  -0.256470E+08
   0.475371E+00   0.251887E+06   0.250488E+06   0.680727E-01   0.680727E-01   0.147981E+04   0.250469E+06   0.251652E+06   0.250469E+06  -0.532403E-02   0.118594E+06   0.118576E+06   0.120457E-01   0.598470E-05   0.471248E+00  -0.249479E+08
   0.480492E+00   0.247758E+06   0.246384E+06   0.655372E-01   0.655372E-01   0.142759E+04   0.246363E+06   0.247527E+06   0.246363E+06  -0.523676E-02   0.116650E+06   0.116633E+06   0.117107E-01   0.576179E-05   0.471248E+00  -0.242774E+08
   0.485614E+00   0.243757E+06   0.242407E+06   0.631260E-01   0.631260E-01   0.137781E+04   0.242384E+06   0.243530E+06   0.242384E+06  -0.515219E-02   0.114766E+06   0.114749E+06   0.113853E-01   0.554981E-05   0.471248E+00  -0.236335E+08
   0.490735E+00   0.239865E+06   0.238540E+06   0.608287E-01   0.608287E-01   0.133026E+04   0.238515E+06   0.239643E+06   0.238515E+06  -0.506994E-02   0.112934E+06   0.112918E+06   0.110729E-01   0.534784E-05   0.471248E+00  -0.230135E+08
   0.495856E+00   0.236064E+06   0.234762E+06   0.586347E-01   0.586347E-01   0.128473E+04   0.234736E+06   0.235846E+06   0.234736E+06  -0.498961E-02   0.111144E+06   0.111128E+06   0.107755E-01   0.515495E-05   0.471248E+00  -0.224150E+08
   0.500977E+00   0.232339E+06   0.231059E+06   0.565357E-01   0.565357E-01   0.124106E+04   0.231032E+06   0.232124E+06   0.231032E+06  -0.491088E-02   0.109391E+06   0.109375E+06   0.104937E-01   0.497042E-05   0.471248E+00  -0.218357E+08
   0.506098E+00   0.228686E+06   0.227426E+06   0.545263E-01   0.545263E-01   0.119914E+04   0.227399E+06   0.228475E+06   0.227399E+06  -0.483366E-02   0.107671E+06   0.107655E+06   0.102268E-01   0.479376E-05   0.471248E+00  -0.212749E+08
   0.511219E+00   0.225108E+06   0.223866E+06   0.526031E-01   0.526031E-01   0.115893E+04   0.223840E+06   0.224899E+06   0.223840E+06  -0.475802E-02   0.105986E+06   0.105970E+06   0.997309E-02   0.462468E-05   0.471248E+00  -0.207322E+08
   0.516340E+00   0.221606E+06   0.220382E+06   0.507626E-01   0.507626E-01   0.112035E+04   0.220358E+06   0.221400E+06   0.220358E+06  -0.468399E-02   0.104337E+06   0.104322E+06   0.973008E-02   0.446287E-05   0.471247E+00  -0.202072E+08
   0.521462E+00   0.218183E+06   0.216977E+06   0.490016E-01   0.490016E-01   0.108335E+04   0.216954E+06   0.217980E+06   0.216954E+06  -0.461163E-02   0.102725E+06   0.102710E+06   0.949528E-02   0.430805E-05   0.471247E+00  -0.196997E+08
   0.526583E+00   0.214843E+06   0.213654E+06   0.473174E-01   0.473174E-01   0.104788E+04   0.213632E+06   0.214643E+06   0.213632E+06  -0.454103E-02   0.101152E+06   0.101138E+06   0.926671E-02   0.415998E-05   0.471247E+00  -0.192094E+08
   0.531704E+00   0.211591E+06   0.210419E+06   0.457078E-01   0.457078E-01   0.101392E+04   0.210398E+06   0.211394E+06   0.210398E+06  -0.447229E-02   0.996212E+05   0.996068E+05   0.904327E-02   0.401848E-05   0.471247E+00  -0.187365E+08
   0.536825E+00   0.208429E+06   0.207274E+06   0.441698E-01   0.441698E-01   0.981396E+03   0.207254E+06   0.208235E+06   0.207254E+06  -0.440545E-02   0.981325E+05   0.981183E+05   0.882460E-02   0.388326E-05   0.471247E+00  -0.182804E+08
   0.541946E+00   0.205351E+06   0.204215E+06   0.426991E-01   0.426991E-01   0.950236E+03   0.204194E+06   0.205161E+06   0.204194E+06  -0.434041E-02   0.966836E+05   0.966697E+05   0.861094E-02   0.375397E-05   0.471247E+00  -0.178403E+08
   0.547067E+00   0.202351E+06   0.201232E+06   0.412913E-01   0.412913E-01   0.920344E+03   0.201211E+06   0.202163E+06   0.201211E+06  -0.427700E-02   0.952711E+05   0.952574E+05   0.840292E-02   0.363019E-05   0.471247E+00  -0.174151E+08
   0.559946E+00   0.195118E+06   0.194041E+06   0.380050E-01   0.380050E-01   0.850324E+03   0.194019E+06   0.194938E+06   0.194019E+06  -0.412412E-02   0.918659E+05   0.918526E+05   0.790966E-02   0.334128E-05   0.471247E+00  -0.164064E+08
   0.593872E+00   0.177792E+06   0.176810E+06   0.307866E-01   0.307866E-01   0.695195E+03   0.176790E+06   0.177627E+06   0.176790E+06  -0.375790E-02   0.837083E+05   0.836962E+05   0.680993E-02   0.270667E-05   0.471246E+00  -0.140955E+08
   0.629853E+00   0.161963E+06   0.161068E+06   0.249328E-01   0.249328E-01   0.567901E+03   0.161049E+06   0.161813E+06   0.161049E+06  -0.342331E-02   0.762554E+05   0.762443E+05   0.585289E-02   0.219202E-05   0.471246E+00  -0.121070E+08
   0.879031E+00   0.946785E+05   0.941556E+05   0.748303E-02   0.748303E-02   0.177315E+03   0.941439E+05   0.945907E+05   0.941439E+05  -0.200115E-02   0.445764E+05   0.445699E+05   0.247990E-02   0.657890E-06   0.471244E+00  -0.507115E+07
   0.122679E+01   0.546779E+05   0.543758E+05   0.221875E-02   0.221875E-02   0.539737E+02   0.543689E+05   0.546272E+05   0.543689E+05  -0.115568E-02   0.257433E+05   0.257395E+05   0.104945E-02   0.195068E-06   0.471243E+00  -0.209846E+07
   0.171212E+01   0.312488E+05   0.310760E+05   0.651028E-03   0.651028E-03   0.161026E+02   0.310721E+05   0.312198E+05   0.310721E+05  -0.660478E-03   0.147125E+05   0.147102E+05   0.448538E-03   0.572372E-07   0.471243E+00  -0.859324E+06
   0.238945E+01   0.176989E+05   0.176008E+05   0.189314E-03   0.189314E-03   0.472964E+01   0.175988E+05   0.176825E+05   0.175988E+05  -0.374085E-03   0.833295E+04   0.833154E+04   0.196965E-03   0.166442E-07   0.471242E+00  -0.348742E+06
