#          k/h    CDM            baryon         photon         nu             mass_nu        total          no_nu          total_de       Weyl           v_CDM          v_b            v_b-v_c        ISW            log_grow       pert_vel    
   0.994668E-05   0.304147E+08   0.304147E+08   0.405293E+08   0.405288E+08   0.304176E+08   0.304147E+08   0.304147E+08   0.304255E+08  -0.326909E+00   0.167494E+08   0.167494E+08   0.919950E+01   0.906713E+06  -0.688475E+00  -0.168398E+15
   0.109829E-04   0.304195E+08   0.304195E+08   0.405306E+08   0.405300E+08   0.304225E+08   0.304196E+08   0.304195E+08   0.304304E+08  -0.326962E+00   0.167492E+08   0.167492E+08   0.101575E+02   0.743535E+06  -0.687692E+00  -0.152507E+15
   0.121272E-04   0.304255E+08   0.304255E+08   0.405323E+08   0.405315E+08   0.304284E+08   0.304255E+08   0.304255E+08   0.304363E+08  -0.327026E+00   0.167490E+08   0.167490E+08   0.112152E+02   0.609697E+06  -0.686740E+00  -0.138116E+15
   0.133906E-04   0.304327E+08   0.304327E+08   0.405343E+08   0.405333E+08   0.304357E+08   0.304328E+08   0.304327E+08   0.304436E+08  -0.327104E+00   0.167487E+08   0.167487E+08   0.123828E+02   0.499924E+06  -0.685580E+00  -0.125082E+15
   0.147857E-04   0.304416E+08   0.304416E+08   0.405366E+08   0.405355E+08   0.304445E+08   0.304416E+08   0.304416E+08   0.304524E+08  -0.327198E+00   0.167483E+08   0.167483E+08   0.136718E+02   0.409888E+06  -0.684170E+00  -0.113278E+15
   0.163261E-04   0.304523E+08   0.304523E+08   0.405395E+08   0.405381E+08   0.304552E+08   0.304523E+08   0.304523E+08   0.304631E+08  -0.327313E+00   0.167479E+08   0.167479E+08   0.150948E+02   0.336041E+06  -0.682456E+00  -0.102587E+15
   0.180270E-04   0.304653E+08   0.304653E+08   0.405430E+08   0.405413E+08   0.304682E+08   0.304653E+08   0.304653E+08   0.304762E+08  -0.327453E+00   0.167473E+08   0.167473E+08   0.166655E+02   0.275473E+06  -0.680373E+00  -0.929049E+14
   0.199051E-04   0.304811E+08   0.304811E+08   0.405471E+08   0.405450E+08   0.304839E+08   0.304811E+08   0.304811E+08   0.304920E+08  -0.327623E+00   0.167467E+08   0.167467E+08   0.183993E+02   0.225795E+06  -0.677843E+00  -0.841357E+14
   0.219788E-04   0.305003E+08   0.305003E+08   0.405521E+08   0.405495E+08   0.305031E+08   0.305003E+08   0.305003E+08   0.305112E+08  -0.327829E+00   0.167459E+08   0.167459E+08   0.203127E+02   0.185050E+06  -0.674775E+00  -0.761937E+14
   0.242687E-04   0.305236E+08   0.305236E+08   0.405579E+08   0.405548E+08   0.305263E+08   0.305236E+08   0.305236E+08   0.305344E+08  -0.328079E+00   0.167449E+08   0.167449E+08   0.224244E+02   0.151631E+06  -0.671057E+00  -0.690005E+14
   0.267970E-04   0.305517E+08   0.305517E+08   0.405648E+08   0.405610E+08   0.305544E+08   0.305518E+08   0.305517E+08   0.305626E+08  -0.328381E+00   0.167437E+08   0.167436E+08   0.247544E+02   0.124222E+06  -0.666557E+00  -0.624856E+14
   0.295888E-04   0.305858E+08   0.305858E+08   0.405728E+08   0.405682E+08   0.305883E+08   0.305858E+08   0.305858E+08   0.305966E+08  -0.328746E+00   0.167421E+08   0.167421E+08   0.273251E+02   0.101742E+06  -0.661120E+00  -0.565848E+14
   0.326714E-04   0.306268E+08   0.306268E+08   0.405820E+08   0.405764E+08   0.306293E+08   0.306268E+08   0.306268E+08   0.306377E+08  -0.329187E+00   0.167403E+08   0.167403E+08   0.301607E+02   0.833052E+05  -0.654564E+00  -0.512402E+14
   0.360752E-04   0.306762E+08   0.306762E+08   0.405925E+08   0.405856E+08   0.306786E+08   0.306762E+08   0.306762E+08   0.306871E+08  -0.329717E+00   0.167380E+08   0.167380E+08   0.332879E+02   0.681843E+05  -0.646677E+00  -0.463991E+14
   0.398336E-04   0.307355E+08   0.307355E+08   0.406041E+08   0.405957E+08   0.307377E+08   0.307355E+08   0.307355E+08   0.307464E+08  -0.330354E+00   0.167351E+08   0.167351E+08   0.367357E+02   0.557836E+05  -0.637213E+00  -0.420141E+14
   0.439836E-04   0.308064E+08   0.308064E+08   0.406166E+08   0.406064E+08   0.308084E+08   0.308064E+08   0.308064E+08   0.308173E+08  -0.331115E+00   0.167315E+08   0.167315E+08   0.405358E+02   0.456143E+05  -0.625898E+00  -0.380418E+14
   0.485659E-04   0.308908E+08   0.308908E+08   0.406293E+08   0.406169E+08   0.308927E+08   0.308908E+08   0.308908E+08   0.309017E+08  -0.332021E+00   0.167271E+08   0.167271E+08   0.447223E+02   0.372755E+05  -0.612421E+00  -0.344432E+14
   0.536256E-04   0.309909E+08   0.309909E+08   0.406414E+08   0.406263E+08   0.309925E+08   0.309909E+08   0.309909E+08   0.310018E+08  -0.333095E+00   0.167214E+08   0.167214E+08   0.493325E+02   0.304385E+05  -0.596448E+00  -0.311830E+14
   0.592125E-04   0.311088E+08   0.311087E+08   0.406512E+08   0.406328E+08   0.311100E+08   0.311088E+08   0.311088E+08   0.311196E+08  -0.334360E+00   0.167144E+08   0.167144E+08   0.544060E+02   0.248336E+05  -0.577624E+00  -0.282288E+14
   0.653814E-04   0.312466E+08   0.312466E+08   0.406560E+08   0.406337E+08   0.312475E+08   0.312466E+08   0.312466E+08   0.312575E+08  -0.335839E+00   0.167054E+08   0.167054E+08   0.599855E+02   0.202399E+05  -0.555585E+00  -0.255516E+14
   0.721930E-04   0.314063E+08   0.314063E+08   0.406519E+08   0.406249E+08   0.314067E+08   0.314063E+08   0.314063E+08   0.314172E+08  -0.337554E+00   0.166940E+08   0.166940E+08   0.661160E+02   0.164760E+05  -0.529986E+00  -0.231250E+14
   0.797142E-04   0.315895E+08   0.315895E+08   0.406332E+08   0.406004E+08   0.315893E+08   0.315895E+08   0.315895E+08   0.316004E+08  -0.339520E+00   0.166795E+08   0.166795E+08   0.728446E+02   0.133934E+05  -0.500520E+00  -0.209249E+14
   0.880190E-04   0.317969E+08   0.317968E+08   0.405916E+08   0.405520E+08   0.317960E+08   0.317969E+08   0.317969E+08   0.318077E+08  -0.341745E+00   0.166610E+08   0.166610E+08   0.802198E+02   0.108702E+05  -0.466955E+00  -0.189296E+14
   0.971891E-04   0.320280E+08   0.320280E+08   0.405158E+08   0.404678E+08   0.320263E+08   0.320280E+08   0.320280E+08   0.320388E+08  -0.344225E+00   0.166374E+08   0.166373E+08   0.882910E+02   0.880645E+04  -0.429174E+00  -0.171192E+14
   0.107314E-03   0.322809E+08   0.322808E+08   0.403900E+08   0.403321E+08   0.322781E+08   0.322809E+08   0.322809E+08   0.322916E+08  -0.346938E+00   0.166071E+08   0.166071E+08   0.971065E+02   0.712025E+04  -0.387212E+00  -0.154757E+14
   0.118495E-03   0.325512E+08   0.325511E+08   0.401941E+08   0.401243E+08   0.325472E+08   0.325512E+08   0.325512E+08   0.325619E+08  -0.349838E+00   0.165684E+08   0.165684E+08   0.106712E+03   0.574429E+04  -0.341295E+00  -0.139829E+14
   0.130840E-03   0.328321E+08   0.328320E+08   0.399021E+08   0.398182E+08   0.328265E+08   0.328321E+08   0.328321E+08   0.328427E+08  -0.352851E+00   0.165192E+08   0.165192E+08   0.117149E+03   0.462328E+04  -0.291857E+00  -0.126260E+14
   0.144471E-03   0.331137E+08   0.331136E+08   0.394819E+08   0.393814E+08   0.331063E+08   0.331137E+08   0.331137E+08   0.331242E+08  -0.355871E+00   0.164569E+08   0.164568E+08   0.128448E+03   0.371177E+04  -0.239551E+00  -0.113916E+14
   0.159522E-03   0.333832E+08   0.333829E+08   0.388957E+08   0.387758E+08   0.333734E+08   0.333831E+08   0.333831E+08   0.333935E+08  -0.358759E+00   0.163786E+08   0.163785E+08   0.140629E+03   0.297230E+04  -0.185219E+00  -0.102676E+14
   0.176142E-03   0.336246E+08   0.336244E+08   0.381006E+08   0.379582E+08   0.336121E+08   0.336245E+08   0.336246E+08   0.336347E+08  -0.361345E+00   0.162810E+08   0.162809E+08   0.153692E+03   0.237396E+04  -0.129850E+00  -0.924343E+13
   0.194493E-03   0.338202E+08   0.338199E+08   0.370505E+08   0.368824E+08   0.338043E+08   0.338201E+08   0.338201E+08   0.338299E+08  -0.363436E+00   0.161607E+08   0.161606E+08   0.167613E+03   0.189119E+04  -0.745065E-01  -0.830947E+13
   0.214755E-03   0.339509E+08   0.339505E+08   0.356992E+08   0.355021E+08   0.339309E+08   0.339507E+08   0.339508E+08   0.339602E+08  -0.364830E+00   0.160145E+08   0.160144E+08   0.182334E+03   0.150284E+04  -0.202483E-01  -0.745737E+13
   0.237129E-03   0.339980E+08   0.339976E+08   0.340044E+08   0.337754E+08   0.339731E+08   0.339979E+08   0.339980E+08   0.340069E+08  -0.365324E+00   0.158393E+08   0.158392E+08   0.197754E+03   0.119143E+04   0.319512E-01  -0.667986E+13
   0.261834E-03   0.339451E+08   0.339446E+08   0.319336E+08   0.316700E+08   0.339142E+08   0.339449E+08   0.339451E+08   0.339534E+08  -0.364742E+00   0.156326E+08   0.156324E+08   0.213717E+03   0.942470E+03   0.812698E-01  -0.597063E+13
   0.289112E-03   0.337791E+08   0.337785E+08   0.294698E+08   0.291704E+08   0.337409E+08   0.337788E+08   0.337790E+08   0.337867E+08  -0.362943E+00   0.153927E+08   0.153925E+08   0.230005E+03   0.744039E+03   0.127081E+00  -0.532430E+13
   0.319233E-03   0.334919E+08   0.334911E+08   0.266194E+08   0.262843E+08   0.334449E+08   0.334915E+08   0.334917E+08   0.334986E+08  -0.359840E+00   0.151190E+08   0.151188E+08   0.246323E+03   0.586325E+03   0.168970E+00  -0.473621E+13
   0.352491E-03   0.330809E+08   0.330800E+08   0.234188E+08   0.230507E+08   0.330233E+08   0.330805E+08   0.330808E+08   0.330867E+08  -0.355405E+00   0.148123E+08   0.148120E+08   0.262291E+03   0.461301E+03   0.206732E+00  -0.420231E+13
   0.389215E-03   0.325497E+08   0.325486E+08   0.199413E+08   0.195459E+08   0.324794E+08   0.325492E+08   0.325496E+08   0.325545E+08  -0.349678E+00   0.144745E+08   0.144741E+08   0.277442E+03   0.362431E+03   0.240342E+00  -0.371901E+13
   0.429764E-03   0.319073E+08   0.319060E+08   0.163018E+08   0.158882E+08   0.318216E+08   0.319067E+08   0.319071E+08   0.319110E+08  -0.342755E+00   0.141088E+08   0.141085E+08   0.291224E+03   0.284416E+03   0.269924E+00  -0.328303E+13
   0.474538E-03   0.311673E+08   0.311658E+08   0.126562E+08   0.122368E+08   0.310631E+08   0.311666E+08   0.311671E+08   0.311699E+08  -0.334782E+00   0.137197E+08   0.137193E+08   0.303016E+03   0.222983E+03   0.295709E+00  -0.289127E+13
   0.523976E-03   0.303470E+08   0.303451E+08   0.919447E+07   0.878370E+07   0.302205E+08   0.303460E+08   0.303466E+08   0.303485E+08  -0.325946E+00   0.133125E+08   0.133120E+08   0.312160E+03   0.174697E+03   0.317998E+00  -0.254074E+13
   0.578566E-03   0.294654E+08   0.294633E+08   0.612174E+07   0.573341E+07   0.293125E+08   0.294643E+08   0.294651E+08   0.294659E+08  -0.316454E+00   0.128928E+08   0.128922E+08   0.318013E+03   0.136810E+03   0.337130E+00  -0.222847E+13
   0.638842E-03   0.285428E+08   0.285403E+08   0.362615E+07   0.326885E+07   0.283580E+08   0.285415E+08   0.285423E+08   0.285424E+08  -0.306522E+00   0.124668E+08   0.124662E+08   0.320017E+03   0.107126E+03   0.353455E+00  -0.195152E+13
   0.705398E-03   0.275986E+08   0.275958E+08   0.183428E+07   0.150562E+07   0.273760E+08   0.275971E+08   0.275981E+08   0.275975E+08  -0.296362E+00   0.120405E+08   0.120398E+08   0.317788E+03   0.838988E+02   0.367316E+00  -0.170696E+13
   0.778888E-03   0.266511E+08   0.266480E+08   0.764372E+06   0.446001E+06   0.263836E+08   0.266494E+08   0.266506E+08   0.266495E+08  -0.286171E+00   0.116196E+08   0.116188E+08   0.311191E+03   0.657432E+02   0.379037E+00  -0.149185E+13
   0.860035E-03   0.257165E+08   0.257130E+08   0.298500E+06  -0.444420E+05   0.253956E+08   0.257144E+08   0.257159E+08   0.257145E+08  -0.276121E+00   0.112091E+08   0.112083E+08   0.300387E+03   0.515611E+02   0.388914E+00  -0.130336E+13
   0.949635E-03   0.248084E+08   0.248045E+08   0.202520E+06  -0.207710E+06   0.244244E+08   0.248059E+08   0.248077E+08   0.248059E+08  -0.266358E+00   0.108134E+08   0.108126E+08   0.285824E+03   0.404859E+02   0.397213E+00  -0.113872E+13
   0.104857E-02   0.239375E+08   0.239334E+08   0.211452E+06  -0.296411E+06   0.234794E+08   0.239346E+08   0.239368E+08   0.239346E+08  -0.256998E+00   0.104361E+08   0.104353E+08   0.268148E+03   0.318354E+02   0.404168E+00  -0.995294E+12
   0.115781E-02   0.231119E+08   0.231076E+08   0.154670E+06  -0.442404E+06   0.225670E+08   0.231086E+08   0.231112E+08   0.231086E+08  -0.248126E+00   0.100797E+08   0.100789E+08   0.248091E+03   0.250746E+02   0.409985E+00  -0.870603E+12
   0.127844E-02   0.223371E+08   0.223326E+08   0.332922E+05  -0.590056E+06   0.216915E+08   0.223333E+08   0.223364E+08   0.223333E+08  -0.239799E+00   0.974598E+07   0.974512E+07   0.226381E+03   0.197858E+02   0.414840E+00  -0.762353E+12
   0.141163E-02   0.216161E+08   0.216115E+08  -0.461372E+05  -0.594298E+06   0.208551E+08   0.216117E+08   0.216153E+08   0.216117E+08  -0.232049E+00   0.943574E+07   0.943487E+07   0.203765E+03   0.156438E+02   0.418884E+00  -0.668444E+12
   0.155869E-02   0.209496E+08   0.209450E+08  -0.451553E+05   0.527079E+06   0.200576E+08   0.209446E+08   0.209488E+08   0.209447E+08  -0.224886E+00   0.914905E+07   0.914820E+07   0.181094E+03   0.123956E+02   0.422247E+00  -0.586981E+12
   0.172108E-02   0.203367E+08   0.203321E+08  -0.488104E+05   0.419660E+06   0.192976E+08   0.203310E+08   0.203359E+08   0.203310E+08  -0.218296E+00   0.888532E+07   0.888450E+07   0.159313E+03   0.984284E+01   0.425039E+00  -0.516274E+12
   0.190039E-02   0.197748E+08   0.197702E+08  -0.893356E+05   0.334693E+06   0.185724E+08   0.197683E+08   0.197740E+08   0.197683E+08  -0.212254E+00   0.864335E+07   0.864256E+07   0.139283E+03   0.783227E+01   0.427352E+00  -0.454830E+12
   0.209838E-02   0.192601E+08   0.192555E+08  -0.788177E+05   0.267369E+06   0.178792E+08   0.192528E+08   0.192593E+08   0.192528E+08  -0.206718E+00   0.842148E+07   0.842072E+07   0.121614E+03   0.624494E+01   0.429265E+00  -0.401342E+12
   0.231699E-02   0.187879E+08   0.187834E+08  -0.451943E+05   0.213920E+06   0.172142E+08   0.187797E+08   0.187872E+08   0.187797E+08  -0.201638E+00   0.821769E+07   0.821695E+07   0.106624E+03   0.498871E+01   0.430844E+00  -0.354679E+12
   0.255838E-02   0.183531E+08   0.183486E+08  -0.622108E+05   0.171396E+06   0.165737E+08   0.183440E+08   0.183524E+08   0.183440E+08  -0.196959E+00   0.802972E+07   0.802900E+07   0.942411E+02   0.399176E+01   0.432144E+00  -0.313866E+12
   0.282492E-02   0.179500E+08   0.179454E+08  -0.411179E+05   0.137490E+06   0.159539E+08   0.179398E+08   0.179493E+08   0.179398E+08  -0.192619E+00   0.785517E+07   0.785446E+07   0.839414E+02   0.319855E+01   0.433213E+00  -0.278073E+12
   0.311923E-02   0.175729E+08   0.175681E+08  -0.325291E+05   0.110400E+06   0.153499E+08   0.175616E+08   0.175721E+08   0.175616E+08  -0.188558E+00   0.769158E+07   0.769088E+07   0.750249E+02   0.256596E+01   0.434090E+00  -0.246591E+12
   0.344419E-02   0.172160E+08   0.172110E+08  -0.179172E+05   0.887102E+05   0.147569E+08   0.172035E+08   0.172152E+08   0.172035E+08  -0.184713E+00   0.753650E+07   0.753581E+07   0.668964E+02   0.206022E+01   0.434808E+00  -0.218822E+12
   0.380302E-02   0.168738E+08   0.168685E+08  -0.118252E+05   0.713135E+05   0.141698E+08   0.168602E+08   0.168729E+08   0.168602E+08  -0.181026E+00   0.738755E+07   0.738688E+07   0.593647E+02   0.165511E+01   0.435394E+00  -0.194259E+12
   0.419923E-02   0.165411E+08   0.165355E+08  -0.288483E+04   0.573374E+05   0.135840E+08   0.165261E+08   0.165401E+08   0.165262E+08  -0.177440E+00   0.724248E+07   0.724181E+07   0.526165E+02   0.132999E+01   0.435870E+00  -0.172475E+12
   0.463671E-02   0.162128E+08   0.162068E+08  -0.892669E+04   0.460943E+05   0.129957E+08   0.161966E+08   0.162118E+08   0.161966E+08  -0.173901E+00   0.709913E+07   0.709848E+07   0.468547E+02   0.106868E+01   0.436256E+00  -0.153110E+12
   0.511978E-02   0.158843E+08   0.158779E+08  -0.118312E+05   0.370403E+05   0.124031E+08   0.158668E+08   0.158833E+08   0.158668E+08  -0.170360E+00   0.695554E+07   0.695489E+07   0.419479E+02   0.858419E+00   0.436567E+00  -0.135859E+12
   0.565317E-02   0.155520E+08   0.155450E+08  -0.923743E+04   0.297445E+05   0.117807E+08   0.155330E+08   0.155508E+08   0.155330E+08  -0.166776E+00   0.681005E+07   0.680941E+07   0.375598E+02   0.689087E+00   0.436814E+00  -0.120467E+12
   0.624213E-02   0.152110E+08   0.152032E+08  -0.789947E+04   0.238612E+05   0.111573E+08   0.151905E+08   0.152097E+08   0.151905E+08  -0.163098E+00   0.666062E+07   0.666000E+07   0.335674E+02   0.552613E+00   0.437011E+00  -0.106707E+12
   0.689245E-02   0.148582E+08   0.148495E+08  -0.449947E+04   0.191167E+05   0.105190E+08   0.148362E+08   0.148567E+08   0.148362E+08  -0.159294E+00   0.650592E+07   0.650530E+07   0.300808E+02   0.442607E+00   0.437164E+00  -0.943940E+11
   0.761052E-02   0.144904E+08   0.144807E+08  -0.443101E+04   0.152912E+05   0.987265E+07   0.144669E+08   0.144888E+08   0.144669E+08  -0.155330E+00   0.634459E+07   0.634397E+07   0.270347E+02   0.353944E+00   0.437282E+00  -0.833677E+11
   0.840340E-02   0.141048E+08   0.140939E+08  -0.503486E+04   0.122078E+05   0.922525E+07   0.140799E+08   0.141030E+08   0.140799E+08  -0.151174E+00   0.617538E+07   0.617477E+07   0.242999E+02   0.282508E+00   0.437372E+00  -0.734881E+11
   0.927889E-02   0.136989E+08   0.136865E+08  -0.305736E+04   0.972446E+04   0.857495E+07   0.136726E+08   0.136968E+08   0.136726E+08  -0.146801E+00   0.599722E+07   0.599661E+07   0.218894E+02   0.224992E+00   0.437439E+00  -0.646342E+11
   0.102456E-01   0.132705E+08   0.132563E+08  -0.295007E+04   0.772630E+04   0.792035E+07   0.132428E+08   0.132681E+08   0.132428E+08  -0.142186E+00   0.580914E+07   0.580853E+07   0.197575E+02   0.178726E+00   0.437486E+00  -0.567000E+11
   0.113130E-01   0.128173E+08   0.128011E+08  -0.256473E+04   0.612050E+04   0.726702E+07   0.127883E+08   0.128146E+08   0.127883E+08  -0.137307E+00   0.561022E+07   0.560961E+07   0.178699E+02   0.141555E+00   0.437516E+00  -0.495918E+11
   0.124916E-01   0.123377E+08   0.123191E+08  -0.189498E+04   0.483196E+04   0.662147E+07   0.123075E+08   0.123346E+08   0.123075E+08  -0.132144E+00   0.539967E+07   0.539906E+07   0.162007E+02   0.111734E+00   0.437535E+00  -0.432271E+11
   0.137930E-01   0.118301E+08   0.118088E+08  -0.177780E+04   0.379992E+04   0.598807E+07   0.117989E+08   0.118265E+08   0.117989E+08  -0.126683E+00   0.517688E+07   0.517627E+07   0.147220E+02   0.878553E-01   0.437542E+00  -0.375332E+11
   0.152300E-01   0.112935E+08   0.112692E+08  -0.141926E+04   0.297515E+04   0.536829E+07   0.112614E+08   0.112894E+08   0.112614E+08  -0.120912E+00   0.494142E+07   0.494080E+07   0.134062E+02   0.687759E-01   0.437542E+00  -0.324458E+11
   0.168167E-01   0.107401E+08   0.107124E+08  -0.108660E+04   0.232047E+04   0.477602E+07   0.107073E+08   0.107355E+08   0.107073E+08  -0.114962E+00   0.469859E+07   0.469797E+07   0.122386E+02   0.536341E-01   0.437535E+00  -0.279404E+11
   0.185687E-01   0.101483E+08   0.101169E+08  -0.962775E+03   0.179821E+04   0.420396E+07   0.101149E+08   0.101430E+08   0.101149E+08  -0.108602E+00   0.443895E+07   0.443833E+07   0.111747E+02   0.415572E-01   0.437524E+00  -0.239058E+11
   0.205033E-01   0.953033E+07   0.949507E+07  -0.614021E+03   0.138494E+04   0.366250E+07   0.949667E+07   0.952441E+07   0.949667E+07  -0.101964E+00   0.416791E+07   0.416728E+07   0.101972E+02   0.320022E-01   0.437509E+00  -0.203283E+11
   0.226393E-01   0.888106E+07   0.884196E+07  -0.558739E+03   0.105841E+04   0.315261E+07   0.884742E+07   0.887450E+07   0.884742E+07  -0.949933E-01   0.388323E+07   0.388260E+07   0.927586E+01   0.244542E-01   0.437491E+00  -0.171527E+11
   0.249980E-01   0.822339E+07   0.818069E+07  -0.419120E+03   0.803712E+03   0.268522E+07   0.819005E+07   0.821622E+07   0.819005E+07  -0.879352E-01   0.359493E+07   0.359430E+07   0.839362E+01   0.185675E-01   0.437471E+00  -0.143810E+11
   0.276023E-01   0.756487E+07   0.751913E+07  -0.291677E+03   0.606327E+03   0.226254E+07   0.753213E+07   0.755719E+07   0.753213E+07  -0.808713E-01   0.330635E+07   0.330573E+07   0.752770E+01   0.140060E-01   0.437451E+00  -0.119786E+11
   0.304780E-01   0.690820E+07   0.686041E+07  -0.252494E+03   0.454073E+03   0.188441E+07   0.687644E+07   0.690017E+07   0.687644E+07  -0.738312E-01   0.301871E+07   0.301810E+07   0.665409E+01   0.104880E-01   0.437430E+00  -0.990458E+10
   0.336533E-01   0.627100E+07   0.622261E+07  -0.169782E+03   0.338032E+03   0.155351E+07   0.624059E+07   0.626288E+07   0.624059E+07  -0.670042E-01   0.273973E+07   0.273915E+07   0.576330E+01   0.780703E-02   0.437410E+00  -0.814108E+10
   0.371593E-01   0.567613E+07   0.562899E+07  -0.128226E+03   0.250927E+03   0.127171E+07   0.564741E+07   0.566821E+07   0.564741E+07  -0.606353E-01   0.247945E+07   0.247891E+07   0.485803E+01   0.579484E-02   0.437389E+00  -0.667249E+10
   0.410307E-01   0.513803E+07   0.509429E+07  -0.112171E+03   0.186293E+03   0.103678E+07   0.511131E+07   0.513069E+07   0.511131E+07  -0.548793E-01   0.224420E+07   0.224371E+07   0.395295E+01   0.430188E-02   0.437370E+00  -0.546956E+10
   0.451338E-01   0.468882E+07   0.465029E+07   0.140507E+03   0.140507E+03   0.852289E+06   0.466422E+07   0.468235E+07   0.466422E+07  -0.500790E-01   0.204797E+07   0.204754E+07   0.318727E+01   0.324446E-02   0.437349E+00  -0.453757E+10
   0.492368E-01   0.433374E+07   0.430133E+07   0.109138E+03   0.109138E+03   0.713806E+06   0.431119E+07   0.432830E+07   0.431119E+07  -0.462886E-01   0.189304E+07   0.189267E+07   0.247244E+01   0.251998E-02   0.437334E+00  -0.384477E+10
   0.533399E-01   0.404764E+07   0.402133E+07   0.868683E+02   0.868683E+02   0.607263E+06   0.402696E+07   0.404322E+07   0.402696E+07  -0.432368E-01   0.176829E+07   0.176798E+07   0.190284E+01   0.200569E-02   0.437320E+00  -0.331515E+10
   0.574430E-01   0.380678E+07   0.378582E+07   0.704563E+02   0.704563E+02   0.522656E+06   0.378773E+07   0.380326E+07   0.378773E+07  -0.406683E-01   0.166328E+07   0.166303E+07   0.147513E+01   0.162670E-02   0.437309E+00  -0.289557E+10
   0.615460E-01   0.359261E+07   0.357575E+07   0.579302E+02   0.579302E+02   0.453287E+06   0.357493E+07   0.358978E+07   0.357493E+07  -0.383835E-01   0.156987E+07   0.156966E+07   0.117640E+01   0.133745E-02   0.437298E+00  -0.255077E+10
   0.656491E-01   0.339084E+07   0.337659E+07   0.480597E+02   0.480597E+02   0.394646E+06   0.337428E+07   0.338845E+07   0.337428E+07  -0.362291E-01   0.148179E+07   0.148160E+07   0.985747E+00   0.110954E-02   0.437289E+00  -0.225717E+10
   0.697522E-01   0.319133E+07   0.317823E+07   0.400677E+02   0.400677E+02   0.343783E+06   0.317566E+07   0.318913E+07   0.317566E+07  -0.340966E-01   0.139460E+07   0.139442E+07   0.877246E+00   0.925008E-03   0.437281E+00  -0.199940E+10
   0.738552E-01   0.299575E+07   0.298260E+07   0.335476E+02   0.335476E+02   0.299639E+06   0.298080E+07   0.299355E+07   0.298080E+07  -0.320043E-01   0.130905E+07   0.130887E+07   0.824955E+00   0.774467E-03   0.437274E+00  -0.177248E+10
   0.779583E-01   0.279780E+07   0.278379E+07   0.281167E+02   0.281167E+02   0.260571E+06   0.278345E+07   0.279544E+07   0.278345E+07  -0.298854E-01   0.122241E+07   0.122222E+07   0.802061E+00   0.649080E-03   0.437268E+00  -0.156804E+10
   0.820614E-01   0.260711E+07   0.259190E+07   0.236425E+02   0.236425E+02   0.226696E+06   0.259330E+07   0.260456E+07   0.259330E+07  -0.278439E-01   0.113892E+07   0.113873E+07   0.788872E+00   0.545785E-03   0.437262E+00  -0.138790E+10
   0.861644E-01   0.242894E+07   0.241262E+07   0.199760E+02   0.199760E+02   0.197676E+06   0.241565E+07   0.242620E+07   0.241565E+07  -0.259365E-01   0.106092E+07   0.106072E+07   0.770464E+00   0.461137E-03   0.437257E+00  -0.123128E+10
   0.912856E-01   0.223080E+07   0.221373E+07   0.163432E+02   0.163432E+02   0.167700E+06   0.221819E+07   0.222794E+07   0.221819E+07  -0.238163E-01   0.974211E+06   0.974012E+06   0.727690E+00   0.377269E-03   0.437252E+00  -0.106722E+10
   0.964067E-01   0.206555E+07   0.204874E+07   0.135664E+02   0.135664E+02   0.143914E+06   0.205365E+07   0.206273E+07   0.205365E+07  -0.220497E-01   0.901961E+06   0.901770E+06   0.659882E+00   0.313166E-03   0.437247E+00  -0.935580E+09
   0.101528E+00   0.193522E+07   0.191967E+07   0.114607E+02   0.114607E+02   0.125356E+06   0.192406E+07   0.193261E+07   0.192406E+07  -0.206583E-01   0.845054E+06   0.844879E+06   0.573649E+00   0.264554E-03   0.437242E+00  -0.832338E+09
   0.106649E+00   0.183506E+07   0.182148E+07   0.984997E+01   0.984997E+01   0.110831E+06   0.182463E+07   0.183278E+07   0.182463E+07  -0.195908E-01   0.801394E+06   0.801240E+06   0.480982E+00   0.227371E-03   0.437238E+00  -0.751434E+09
   0.111770E+00   0.175523E+07   0.174388E+07   0.857921E+01   0.857921E+01   0.991000E+05   0.174549E+07   0.175332E+07   0.174549E+07  -0.187411E-01   0.766640E+06   0.766507E+06   0.394480E+00   0.198036E-03   0.437235E+00  -0.685913E+09
   0.116891E+00   0.168508E+07   0.167577E+07   0.753165E+01   0.753165E+01   0.891507E+05   0.167597E+07   0.168351E+07   0.167597E+07  -0.179946E-01   0.736108E+06   0.735995E+06   0.323868E+00   0.173853E-03   0.437231E+00  -0.629745E+09
   0.122012E+00   0.161631E+07   0.160849E+07   0.663135E+01   0.663135E+01   0.803031E+05   0.160774E+07   0.161500E+07   0.160774E+07  -0.172620E-01   0.706144E+06   0.706044E+06   0.274054E+00   0.153070E-03   0.437228E+00  -0.578755E+09
   0.127134E+00   0.154406E+07   0.153701E+07   0.583510E+01   0.583510E+01   0.721832E+05   0.153592E+07   0.154288E+07   0.153592E+07  -0.164909E-01   0.674604E+06   0.674511E+06   0.244801E+00   0.134690E-03   0.437226E+00  -0.530634E+09
   0.132255E+00   0.146698E+07   0.146003E+07   0.512263E+01   0.512263E+01   0.646490E+05   0.145918E+07   0.146581E+07   0.145918E+07  -0.156670E-01   0.640904E+06   0.640813E+06   0.231764E+00   0.118243E-03   0.437223E+00  -0.484605E+09
   0.137376E+00   0.138663E+07   0.137932E+07   0.448737E+01   0.448737E+01   0.577054E+05   0.137912E+07   0.138540E+07   0.137912E+07  -0.148073E-01   0.605744E+06   0.605650E+06   0.228364E+00   0.103579E-03   0.437221E+00  -0.440944E+09
   0.142497E+00   0.130646E+07   0.129860E+07   0.392901E+01   0.392901E+01   0.514269E+05   0.129921E+07   0.130514E+07   0.129921E+07  -0.139494E-01   0.570651E+06   0.570554E+06   0.227806E+00   0.906909E-04   0.437219E+00  -0.400469E+09
   0.147618E+00   0.123088E+07   0.122255E+07   0.344890E+01   0.344890E+01   0.459022E+05   0.122388E+07   0.122948E+07   0.122388E+07  -0.131406E-01   0.537570E+06   0.537471E+06   0.224743E+00   0.796085E-04   0.437217E+00  -0.364165E+09
   0.152739E+00   0.116406E+07   0.115554E+07   0.304633E+01   0.304633E+01   0.411887E+05   0.115732E+07   0.116263E+07   0.115732E+07  -0.124260E-01   0.508338E+06   0.508239E+06   0.216196E+00   0.703159E-04   0.437216E+00  -0.332815E+09
   0.157860E+00   0.110829E+07   0.109996E+07   0.271517E+01   0.271517E+01   0.372632E+05   0.110183E+07   0.110689E+07   0.110183E+07  -0.118302E-01   0.483967E+06   0.483872E+06   0.201659E+00   0.626718E-04   0.437214E+00  -0.306580E+09
   0.162982E+00   0.106317E+07   0.105538E+07   0.244360E+01   0.244360E+01   0.340140E+05   0.105700E+07   0.106187E+07   0.105700E+07  -0.113489E-01   0.464277E+06   0.464188E+06   0.182593E+00   0.564033E-04   0.437212E+00  -0.284866E+09
   0.168103E+00   0.102637E+07   0.101934E+07   0.221764E+01   0.221764E+01   0.312862E+05   0.102048E+07   0.102519E+07   0.102048E+07  -0.109568E-01   0.448238E+06   0.448157E+06   0.161615E+00   0.511875E-04   0.437211E+00  -0.266647E+09
   0.173224E+00   0.994929E+06   0.988726E+06   0.202469E+01   0.202469E+01   0.289312E+05   0.989321E+06   0.993888E+06   0.989321E+06  -0.106222E-01   0.434551E+06   0.434477E+06   0.141581E+00   0.467338E-04   0.437210E+00  -0.250863E+09
   0.178345E+00   0.965865E+06   0.960402E+06   0.185447E+01   0.185447E+01   0.268229E+05   0.960508E+06   0.964948E+06   0.960508E+06  -0.103128E-01   0.421896E+06   0.421829E+06   0.124780E+00   0.428046E-04   0.437209E+00  -0.236564E+09
   0.183466E+00   0.936405E+06   0.931477E+06   0.169905E+01   0.169905E+01   0.248612E+05   0.931267E+06   0.935577E+06   0.931267E+06  -0.999886E-02   0.409053E+06   0.408991E+06   0.112431E+00   0.392171E-04   0.437208E+00  -0.222961E+09
   0.188587E+00   0.904755E+06   0.900112E+06   0.155371E+01   0.155371E+01   0.229873E+05   0.899806E+06   0.903975E+06   0.899806E+06  -0.966107E-02   0.395235E+06   0.395176E+06   0.104596E+00   0.358623E-04   0.437207E+00  -0.209579E+09
   0.193708E+00   0.870736E+06   0.866147E+06   0.141724E+01   0.141724E+01   0.211906E+05   0.865948E+06   0.869965E+06   0.865948E+06  -0.929754E-02   0.380364E+06   0.380306E+06   0.100400E+00   0.327123E-04   0.437206E+00  -0.196361E+09
   0.198830E+00   0.835462E+06   0.830770E+06   0.129060E+01   0.129060E+01   0.194929E+05   0.830816E+06   0.834674E+06   0.830816E+06  -0.892034E-02   0.364934E+06   0.364876E+06   0.984217E-01   0.297893E-04   0.437205E+00  -0.183543E+09
   0.203951E+00   0.800484E+06   0.795628E+06   0.117516E+01   0.117516E+01   0.179216E+05   0.795969E+06   0.799669E+06   0.795969E+06  -0.854619E-02   0.349629E+06   0.349570E+06   0.971197E-01   0.271246E-04   0.437204E+00  -0.171430E+09
   0.209072E+00   0.767309E+06   0.762323E+06   0.107187E+01   0.107187E+01   0.164983E+05   0.762922E+06   0.766472E+06   0.762922E+06  -0.819137E-02   0.335114E+06   0.335055E+06   0.952216E-01   0.247405E-04   0.437203E+00  -0.160288E+09
   0.214193E+00   0.737223E+06   0.732210E+06   0.981138E+00   0.981138E+00   0.152363E+05   0.732969E+06   0.736382E+06   0.732969E+06  -0.786976E-02   0.321958E+06   0.321899E+06   0.919801E-01   0.226462E-04   0.437202E+00  -0.150313E+09
   0.219314E+00   0.711007E+06   0.706098E+06   0.902556E+00   0.902556E+00   0.141357E+05   0.706888E+06   0.710182E+06   0.706888E+06  -0.758974E-02   0.310503E+06   0.310446E+06   0.872383E-01   0.208324E-04   0.437202E+00  -0.141580E+09
   0.224435E+00   0.688652E+06   0.683969E+06   0.834755E+00   0.834755E+00   0.131811E+05   0.684673E+06   0.687866E+06   0.684673E+06  -0.735122E-02   0.300745E+06   0.300691E+06   0.813318E-01   0.192674E-04   0.437201E+00  -0.134002E+09
   0.229556E+00   0.669446E+06   0.665070E+06   0.775706E+00   0.775706E+00   0.123453E+05   0.665605E+06   0.668711E+06   0.665605E+06  -0.714649E-02   0.292370E+06   0.292318E+06   0.748960E-01   0.179045E-04   0.437200E+00  -0.127364E+09
   0.234678E+00   0.652303E+06   0.648259E+06   0.723255E+00   0.723255E+00   0.115978E+05   0.648595E+06   0.651624E+06   0.648595E+06  -0.696386E-02   0.284898E+06   0.284850E+06   0.686455E-01   0.166938E-04   0.437200E+00  -0.121401E+09
   0.239799E+00   0.636067E+06   0.632325E+06   0.675488E+00   0.675488E+00   0.109108E+05   0.632483E+06   0.635439E+06   0.632483E+06  -0.679087E-02   0.277822E+06   0.277776E+06   0.631777E-01   0.155912E-04   0.437199E+00  -0.115857E+09
   0.244920E+00   0.619759E+06   0.616248E+06   0.630956E+00   0.630956E+00   0.102631E+05   0.616288E+06   0.619170E+06   0.616288E+06  -0.661698E-02   0.270708E+06   0.270665E+06   0.588429E-01   0.145634E-04   0.437199E+00  -0.110530E+09
   0.250041E+00   0.602807E+06   0.599439E+06   0.588824E+00   0.588824E+00   0.964262E+04   0.599437E+06   0.602241E+06   0.599437E+06  -0.643605E-02   0.263306E+06   0.263264E+06   0.557032E-01   0.135909E-04   0.437198E+00  -0.105306E+09
   0.255162E+00   0.585146E+06   0.581840E+06   0.548855E+00   0.548855E+00   0.904670E+04   0.581867E+06   0.584591E+06   0.581867E+06  -0.624741E-02   0.255589E+06   0.255548E+06   0.535710E-01   0.126683E-04   0.437198E+00  -0.100168E+09
   0.260283E+00   0.567105E+06   0.563802E+06   0.511191E+00   0.511191E+00   0.847896E+04   0.563909E+06   0.566550E+06   0.563909E+06  -0.605460E-02   0.247701E+06   0.247661E+06   0.520981E-01   0.117990E-04   0.437197E+00  -0.951669E+08
   0.265404E+00   0.549199E+06   0.545873E+06   0.476112E+00   0.476112E+00   0.794507E+04   0.546081E+06   0.548640E+06   0.546081E+06  -0.586318E-02   0.239871E+06   0.239830E+06   0.508868E-01   0.109893E-04   0.437197E+00  -0.903802E+08
   0.270526E+00   0.531991E+06   0.528650E+06   0.443881E+00   0.443881E+00   0.745072E+04   0.528950E+06   0.531430E+06   0.528950E+06  -0.567925E-02   0.232346E+06   0.232306E+06   0.495934E-01   0.102454E-04   0.437197E+00  -0.858876E+08
   0.275647E+00   0.515975E+06   0.512651E+06   0.414658E+00   0.414658E+00   0.699967E+04   0.513011E+06   0.515417E+06   0.513011E+06  -0.550811E-02   0.225345E+06   0.225305E+06   0.479986E-01   0.957087E-05   0.437196E+00  -0.817520E+08
   0.280768E+00   0.501445E+06   0.498182E+06   0.388411E+00   0.388411E+00   0.659256E+04   0.498558E+06   0.500897E+06   0.498558E+06  -0.535294E-02   0.218997E+06   0.218958E+06   0.460329E-01   0.896504E-05   0.437196E+00  -0.779999E+08
   0.285889E+00   0.488414E+06   0.485255E+06   0.364888E+00   0.364888E+00   0.622615E+04   0.485604E+06   0.487884E+06   0.485604E+06  -0.521385E-02   0.213307E+06   0.213270E+06   0.437605E-01   0.842208E-05   0.437195E+00  -0.746124E+08
   0.291010E+00   0.476652E+06   0.473626E+06   0.343684E+00   0.343684E+00   0.589445E+04   0.473919E+06   0.476144E+06   0.473919E+06  -0.508839E-02   0.208174E+06   0.208138E+06   0.413365E-01   0.793268E-05   0.437195E+00  -0.715356E+08
   0.296131E+00   0.465798E+06   0.462915E+06   0.324351E+00   0.324351E+00   0.559054E+04   0.463138E+06   0.465314E+06   0.463138E+06  -0.497264E-02   0.203439E+06   0.203404E+06   0.389494E-01   0.748643E-05   0.437195E+00  -0.686994E+08
   0.301252E+00   0.455456E+06   0.452710E+06   0.306466E+00   0.306466E+00   0.530771E+04   0.452867E+06   0.454995E+06   0.452867E+06  -0.486235E-02   0.198927E+06   0.198894E+06   0.367676E-01   0.707363E-05   0.437195E+00  -0.660339E+08
   0.306374E+00   0.445275E+06   0.442643E+06   0.289689E+00   0.289689E+00   0.504058E+04   0.442752E+06   0.444833E+06   0.442752E+06  -0.475376E-02   0.194484E+06   0.194452E+06   0.348999E-01   0.668639E-05   0.437194E+00  -0.634800E+08
   0.311495E+00   0.435022E+06   0.432473E+06   0.273792E+00   0.273792E+00   0.478551E+04   0.432560E+06   0.434594E+06   0.432560E+06  -0.464433E-02   0.190007E+06   0.189976E+06   0.333798E-01   0.631945E-05   0.437194E+00  -0.609991E+08
   0.316616E+00   0.424627E+06   0.422131E+06   0.258673E+00   0.258673E+00   0.454110E+04   0.422222E+06   0.424208E+06   0.422222E+06  -0.453332E-02   0.185466E+06   0.185436E+06   0.321708E-01   0.597049E-05   0.437194E+00  -0.585782E+08
   0.321737E+00   0.414173E+06   0.411708E+06   0.244334E+00   0.244334E+00   0.430765E+04   0.411822E+06   0.413759E+06   0.411822E+06  -0.442166E-02   0.180898E+06   0.180868E+06   0.311873E-01   0.563952E-05   0.437193E+00  -0.562260E+08
   0.326858E+00   0.403838E+06   0.401391E+06   0.230825E+00   0.230825E+00   0.408632E+04   0.401537E+06   0.403427E+06   0.401537E+06  -0.431124E-02   0.176381E+06   0.176351E+06   0.303227E-01   0.532773E-05   0.437193E+00  -0.539629E+08
   0.331979E+00   0.393817E+06   0.391389E+06   0.218203E+00   0.218203E+00   0.387838E+04   0.391566E+06   0.393409E+06   0.391566E+06  -0.420418E-02   0.172001E+06   0.171971E+06   0.294776E-01   0.503639E-05   0.437193E+00  -0.518111E+08
   0.337100E+00   0.384280E+06   0.381879E+06   0.206496E+00   0.206496E+00   0.368461E+04   0.382078E+06   0.383877E+06   0.382078E+06  -0.410231E-02   0.167833E+06   0.167804E+06   0.285817E-01   0.476617E-05   0.437193E+00  -0.497877E+08
   0.342222E+00   0.375335E+06   0.372974E+06   0.195696E+00   0.195696E+00   0.350516E+04   0.373180E+06   0.374938E+06   0.373180E+06  -0.400678E-02   0.163925E+06   0.163897E+06   0.276042E-01   0.451691E-05   0.437193E+00  -0.479006E+08
   0.347343E+00   0.367005E+06   0.364699E+06   0.185752E+00   0.185752E+00   0.333931E+04   0.364899E+06   0.366618E+06   0.364899E+06  -0.391786E-02   0.160287E+06   0.160260E+06   0.265523E-01   0.428739E-05   0.437192E+00  -0.461471E+08
   0.352464E+00   0.359234E+06   0.356993E+06   0.176576E+00   0.176576E+00   0.318572E+04   0.357174E+06   0.358858E+06   0.357174E+06  -0.383492E-02   0.156894E+06   0.156867E+06   0.254617E-01   0.407557E-05   0.437192E+00  -0.445140E+08
   0.357585E+00   0.351905E+06   0.349734E+06   0.168056E+00   0.168056E+00   0.304259E+04   0.349891E+06   0.351541E+06   0.349891E+06  -0.375673E-02   0.153695E+06   0.153669E+06   0.243817E-01   0.387894E-05   0.437192E+00  -0.429818E+08
   0.362706E+00   0.344883E+06   0.342781E+06   0.160086E+00   0.160086E+00   0.290814E+04   0.342913E+06   0.344530E+06   0.342913E+06  -0.368180E-02   0.150630E+06   0.150605E+06   0.233606E-01   0.369499E-05   0.437192E+00  -0.415298E+08
   0.367827E+00   0.338042E+06   0.336002E+06   0.152574E+00   0.152574E+00   0.278083E+04   0.336115E+06   0.337700E+06   0.336115E+06  -0.360881E-02   0.147644E+06   0.147619E+06   0.224335E-01   0.352159E-05   0.437192E+00  -0.401398E+08
   0.372948E+00   0.331290E+06   0.329301E+06   0.145449E+00   0.145449E+00   0.265949E+04   0.329402E+06   0.330956E+06   0.329402E+06  -0.353673E-02   0.144695E+06   0.144671E+06   0.216157E-01   0.335713E-05   0.437191E+00  -0.387980E+08
   0.378070E+00   0.324576E+06   0.322629E+06   0.138667E+00   0.138667E+00   0.254345E+04   0.322727E+06   0.324249E+06   0.322727E+06  -0.346506E-02   0.141763E+06   0.141739E+06   0.209023E-01   0.320060E-05   0.437191E+00  -0.374969E+08
   0.383191E+00   0.317910E+06   0.315994E+06   0.132212E+00   0.132212E+00   0.243246E+04   0.316097E+06   0.317588E+06   0.316097E+06  -0.339388E-02   0.138851E+06   0.138828E+06   0.202728E-01   0.305162E-05   0.437191E+00  -0.362357E+08
   0.388312E+00   0.311346E+06   0.309456E+06   0.126089E+00   0.126089E+00   0.232670E+04   0.309568E+06   0.311028E+06   0.309568E+06  -0.332378E-02   0.135983E+06   0.135960E+06   0.196990E-01   0.291027E-05   0.437191E+00  -0.350193E+08
   0.393433E+00   0.304949E+06   0.303083E+06   0.120303E+00   0.120303E+00   0.222638E+04   0.303204E+06   0.304635E+06   0.303204E+06  -0.325545E-02   0.133188E+06   0.133165E+06   0.191517E-01   0.277673E-05   0.437191E+00  -0.338530E+08
   0.398554E+00   0.298771E+06   0.296931E+06   0.114855E+00   0.114855E+00   0.213158E+04   0.297059E+06   0.298462E+06   0.297059E+06  -0.318948E-02   0.130489E+06   0.130466E+06   0.186075E-01   0.265100E-05   0.437191E+00  -0.327407E+08
   0.403675E+00   0.292848E+06   0.291037E+06   0.109740E+00   0.109740E+00   0.204227E+04   0.291169E+06   0.292544E+06   0.291169E+06  -0.312623E-02   0.127901E+06   0.127879E+06   0.180533E-01   0.253292E-05   0.437191E+00  -0.316844E+08
   0.408796E+00   0.287200E+06   0.285423E+06   0.104944E+00   0.104944E+00   0.195826E+04   0.285553E+06   0.286901E+06   0.285553E+06  -0.306593E-02   0.125434E+06   0.125413E+06   0.174871E-01   0.242222E-05   0.437190E+00  -0.306840E+08
   0.413918E+00   0.281821E+06   0.280081E+06   0.100446E+00   0.100446E+00   0.187927E+04   0.280206E+06   0.281529E+06   0.280206E+06  -0.300852E-02   0.123085E+06   0.123064E+06   0.169157E-01   0.231841E-05   0.437190E+00  -0.297369E+08
   0.419039E+00   0.276677E+06   0.274976E+06   0.962174E-01   0.962174E-01   0.180477E+04   0.275092E+06   0.276391E+06   0.275092E+06  -0.295362E-02   0.120839E+06   0.120819E+06   0.163516E-01   0.222081E-05   0.437190E+00  -0.288375E+08
   0.424160E+00   0.271715E+06   0.270053E+06   0.922244E-01   0.922244E-01   0.173421E+04   0.270160E+06   0.271436E+06   0.270160E+06  -0.290066E-02   0.118673E+06   0.118652E+06   0.158078E-01   0.212864E-05   0.437190E+00  -0.279785E+08
   0.429281E+00   0.266890E+06   0.265265E+06   0.884386E-01   0.884386E-01   0.166709E+04   0.265363E+06   0.266617E+06   0.265363E+06  -0.284916E-02   0.116566E+06   0.116546E+06   0.152953E-01   0.204126E-05   0.437190E+00  -0.271539E+08
   0.434402E+00   0.262168E+06   0.260578E+06   0.848382E-01   0.848382E-01   0.160305E+04   0.260670E+06   0.261901E+06   0.260670E+06  -0.279877E-02   0.114504E+06   0.114485E+06   0.148205E-01   0.195816E-05   0.437190E+00  -0.263592E+08
   0.439523E+00   0.257530E+06   0.255969E+06   0.814067E-01   0.814067E-01   0.154180E+04   0.256058E+06   0.257268E+06   0.256058E+06  -0.274925E-02   0.112478E+06   0.112459E+06   0.143840E-01   0.187896E-05   0.437190E+00  -0.255912E+08
   0.444644E+00   0.252965E+06   0.251430E+06   0.781322E-01   0.781322E-01   0.148316E+04   0.251519E+06   0.252708E+06   0.251519E+06  -0.270051E-02   0.110484E+06   0.110466E+06   0.139814E-01   0.180338E-05   0.437190E+00  -0.248480E+08
   0.449766E+00   0.248479E+06   0.246968E+06   0.750086E-01   0.750086E-01   0.142705E+04   0.247057E+06   0.248225E+06   0.247057E+06  -0.265261E-02   0.108525E+06   0.108506E+06   0.136050E-01   0.173128E-05   0.437189E+00  -0.241294E+08
   0.454887E+00   0.244090E+06   0.242601E+06   0.720338E-01   0.720338E-01   0.137344E+04   0.242693E+06   0.243840E+06   0.242693E+06  -0.260575E-02   0.106607E+06   0.106589E+06   0.132465E-01   0.166262E-05   0.437189E+00  -0.234362E+08
   0.460008E+00   0.239821E+06   0.238353E+06   0.692066E-01   0.692066E-01   0.132236E+04   0.238447E+06   0.239574E+06   0.238447E+06  -0.256016E-02   0.104742E+06   0.104725E+06   0.128983E-01   0.159737E-05   0.437189E+00  -0.227699E+08
   0.465129E+00   0.235686E+06   0.234240E+06   0.665237E-01   0.665237E-01   0.127375E+04   0.234335E+06   0.235443E+06   0.234335E+06  -0.251601E-02   0.102936E+06   0.102919E+06   0.125553E-01   0.153544E-05   0.437189E+00  -0.221308E+08
   0.470250E+00   0.231689E+06   0.230267E+06   0.639791E-01   0.639791E-01   0.122753E+04   0.230361E+06   0.231451E+06   0.230361E+06  -0.247335E-02   0.101191E+06   0.101173E+06   0.122152E-01   0.147671E-05   0.437189E+00  -0.215186E+08
   0.475371E+00   0.227828E+06   0.226429E+06   0.615645E-01   0.615645E-01   0.118356E+04   0.226522E+06   0.227593E+06   0.226522E+06  -0.243212E-02   0.995040E+05   0.994871E+05   0.118785E-01   0.142098E-05   0.437189E+00  -0.209320E+08
   0.480492E+00   0.224093E+06   0.222719E+06   0.592714E-01   0.592714E-01   0.114171E+04   0.222808E+06   0.223862E+06   0.222808E+06  -0.239226E-02   0.978730E+05   0.978564E+05   0.115479E-01   0.136805E-05   0.437189E+00  -0.203695E+08
   0.485614E+00   0.220474E+06   0.219125E+06   0.570908E-01   0.570908E-01   0.110181E+04   0.219210E+06   0.220247E+06   0.219210E+06  -0.235362E-02   0.962924E+05   0.962760E+05   0.112267E-01   0.131772E-05   0.437189E+00  -0.198292E+08
   0.490735E+00   0.216954E+06   0.215629E+06   0.550131E-01   0.550131E-01   0.106370E+04   0.215711E+06   0.216731E+06   0.215711E+06  -0.231605E-02   0.947553E+05   0.947392E+05   0.109184E-01   0.126976E-05   0.437189E+00  -0.193090E+08
   0.495856E+00   0.213516E+06   0.212214E+06   0.530288E-01   0.530288E-01   0.102722E+04   0.212293E+06   0.213297E+06   0.212293E+06  -0.227935E-02   0.932539E+05   0.932381E+05   0.106248E-01   0.122396E-05   0.437189E+00  -0.188068E+08
   0.500977E+00   0.210147E+06   0.208867E+06   0.511305E-01   0.511305E-01   0.992224E+03   0.208943E+06   0.209932E+06   0.208943E+06  -0.224339E-02   0.917824E+05   0.917669E+05   0.103468E-01   0.118015E-05   0.437189E+00  -0.183208E+08
   0.506098E+00   0.206843E+06   0.205583E+06   0.493133E-01   0.493133E-01   0.958645E+03   0.205658E+06   0.206631E+06   0.205658E+06  -0.220811E-02   0.903394E+05   0.903241E+05   0.100836E-01   0.113820E-05   0.437189E+00  -0.178503E+08
   0.511219E+00   0.203606E+06   0.202365E+06   0.475739E-01   0.475739E-01   0.926429E+03   0.202439E+06   0.203397E+06   0.202439E+06  -0.217356E-02   0.889256E+05   0.889105E+05   0.983348E-02   0.109806E-05   0.437189E+00  -0.173949E+08
   0.516340E+00   0.200438E+06   0.199216E+06   0.459094E-01   0.459094E-01   0.895526E+03   0.199290E+06   0.200233E+06   0.199290E+06  -0.213974E-02   0.875421E+05   0.875273E+05   0.959391E-02   0.105964E-05   0.437188E+00  -0.169545E+08
   0.521462E+00   0.197342E+06   0.196137E+06   0.443167E-01   0.443167E-01   0.865895E+03   0.196211E+06   0.197140E+06   0.196211E+06  -0.210669E-02   0.861898E+05   0.861751E+05   0.936243E-02   0.102288E-05   0.437188E+00  -0.165286E+08
   0.526583E+00   0.194321E+06   0.193133E+06   0.427936E-01   0.427936E-01   0.837491E+03   0.193207E+06   0.194122E+06   0.193207E+06  -0.207443E-02   0.848702E+05   0.848558E+05   0.913709E-02   0.987722E-06   0.437188E+00  -0.161173E+08
   0.531704E+00   0.191380E+06   0.190209E+06   0.413379E-01   0.413379E-01   0.810294E+03   0.190282E+06   0.191183E+06   0.190282E+06  -0.204303E-02   0.835855E+05   0.835713E+05   0.891674E-02   0.954123E-06   0.437188E+00  -0.157204E+08
   0.536825E+00   0.188520E+06   0.187366E+06   0.399469E-01   0.399469E-01   0.784251E+03   0.187439E+06   0.188326E+06   0.187439E+06  -0.201250E-02   0.823364E+05   0.823224E+05   0.870107E-02   0.922018E-06   0.437188E+00  -0.153378E+08
   0.541946E+00   0.185737E+06   0.184600E+06   0.386168E-01   0.386168E-01   0.759303E+03   0.184671E+06   0.185546E+06   0.184671E+06  -0.198279E-02   0.811208E+05   0.811070E+05   0.849029E-02   0.891319E-06   0.437188E+00  -0.149685E+08
   0.547067E+00   0.183023E+06   0.181904E+06   0.373436E-01   0.373436E-01   0.735372E+03   0.181973E+06   0.182835E+06   0.181973E+06  -0.195382E-02   0.799357E+05   0.799221E+05   0.828507E-02   0.861930E-06   0.437188E+00  -0.146118E+08
   0.559946E+00   0.176481E+06   0.175404E+06   0.343715E-01   0.343715E-01   0.679321E+03   0.175469E+06   0.176300E+06   0.175469E+06  -0.188398E-02   0.770786E+05   0.770655E+05   0.779842E-02   0.793332E-06   0.437188E+00  -0.137655E+08
   0.593872E+00   0.160810E+06   0.159828E+06   0.278432E-01   0.278432E-01   0.555186E+03   0.159887E+06   0.160645E+06   0.159887E+06  -0.171669E-02   0.702341E+05   0.702221E+05   0.671387E-02   0.642652E-06   0.437188E+00  -0.118266E+08
   0.629853E+00   0.146492E+06   0.145598E+06   0.225490E-01   0.225490E-01   0.453371E+03   0.145652E+06   0.146342E+06   0.145652E+06  -0.156384E-02   0.639808E+05   0.639699E+05   0.576992E-02   0.520456E-06   0.437187E+00  -0.101581E+08
   0.879031E+00   0.856349E+05   0.851123E+05   0.676760E-02   0.676760E-02   0.141330E+03   0.851430E+05   0.855472E+05   0.851430E+05  -0.914166E-03   0.374011E+05   0.373947E+05   0.244348E-02   0.156203E-06   0.437186E+00  -0.425484E+07
   0.122679E+01   0.494551E+05   0.491532E+05   0.200662E-02   0.200662E-02   0.429745E+02   0.491708E+05   0.494044E+05   0.491708E+05  -0.527939E-03   0.215995E+05   0.215957E+05   0.103304E-02   0.463149E-07   0.437185E+00  -0.176067E+07
   0.171212E+01   0.282639E+05   0.280913E+05   0.588785E-03   0.588785E-03   0.128125E+02   0.281014E+05   0.282349E+05   0.281014E+05  -0.301720E-03   0.123443E+05   0.123420E+05   0.440749E-03   0.135898E-07   0.437185E+00  -0.720998E+06
   0.238945E+01   0.160083E+05   0.159103E+05   0.171214E-03   0.171214E-03   0.376175E+01   0.159162E+05   0.159919E+05   0.159162E+05  -0.170890E-03   0.699162E+04   0.699024E+04   0.192958E-03   0.395181E-08   0.437184E+00  -0.292604E+06
