#          k/h    CDM            baryon         photon         nu             mass_nu        total          no_nu          total_de       Weyl           v_CDM          v_b            v_b-v_c        ISW            log_grow       pert_vel    
   0.994668E-05   0.260093E+08   0.260093E+08   0.346548E+08   0.346543E+08   0.260121E+08   0.260093E+08   0.260093E+08   0.260186E+08  -0.279594E+00   0.176092E+08   0.176092E+08   0.943088E+01   0.582101E+06  -0.107056E+01  -0.177043E+15
   0.109829E-04   0.260174E+08   0.260174E+08   0.346602E+08   0.346596E+08   0.260202E+08   0.260174E+08   0.260174E+08   0.260266E+08  -0.279680E+00   0.176095E+08   0.176095E+08   0.104130E+02   0.477414E+06  -0.106948E+01  -0.160341E+15
   0.121272E-04   0.260271E+08   0.260271E+08   0.346668E+08   0.346660E+08   0.260299E+08   0.260272E+08   0.260271E+08   0.260364E+08  -0.279785E+00   0.176098E+08   0.176098E+08   0.114973E+02   0.391549E+06  -0.106815E+01  -0.145215E+15
   0.133906E-04   0.260391E+08   0.260391E+08   0.346748E+08   0.346738E+08   0.260418E+08   0.260391E+08   0.260391E+08   0.260483E+08  -0.279913E+00   0.176102E+08   0.176102E+08   0.126943E+02   0.321123E+06  -0.106654E+01  -0.131516E+15
   0.147857E-04   0.260536E+08   0.260536E+08   0.346845E+08   0.346833E+08   0.260563E+08   0.260536E+08   0.260536E+08   0.260628E+08  -0.280069E+00   0.176107E+08   0.176107E+08   0.140158E+02   0.263360E+06  -0.106457E+01  -0.119111E+15
   0.163261E-04   0.260712E+08   0.260712E+08   0.346963E+08   0.346949E+08   0.260739E+08   0.260712E+08   0.260712E+08   0.260805E+08  -0.280259E+00   0.176112E+08   0.176112E+08   0.154746E+02   0.215982E+06  -0.106219E+01  -0.107876E+15
   0.180270E-04   0.260927E+08   0.260927E+08   0.347106E+08   0.347089E+08   0.260954E+08   0.260927E+08   0.260927E+08   0.261019E+08  -0.280489E+00   0.176119E+08   0.176119E+08   0.170849E+02   0.177123E+06  -0.105928E+01  -0.977009E+14
   0.199051E-04   0.261187E+08   0.261187E+08   0.347280E+08   0.347258E+08   0.261214E+08   0.261187E+08   0.261187E+08   0.261280E+08  -0.280769E+00   0.176127E+08   0.176127E+08   0.188623E+02   0.145251E+06  -0.105576E+01  -0.884867E+14
   0.219788E-04   0.261504E+08   0.261504E+08   0.347489E+08   0.347463E+08   0.261530E+08   0.261504E+08   0.261504E+08   0.261597E+08  -0.281109E+00   0.176137E+08   0.176137E+08   0.208240E+02   0.119109E+06  -0.105148E+01  -0.801422E+14
   0.242687E-04   0.261888E+08   0.261888E+08   0.347743E+08   0.347711E+08   0.261914E+08   0.261888E+08   0.261888E+08   0.261981E+08  -0.281521E+00   0.176148E+08   0.176148E+08   0.229889E+02   0.976678E+05  -0.104629E+01  -0.725854E+14
   0.267970E-04   0.262354E+08   0.262354E+08   0.348048E+08   0.348010E+08   0.262379E+08   0.262354E+08   0.262354E+08   0.262447E+08  -0.282021E+00   0.176163E+08   0.176163E+08   0.253777E+02   0.800812E+05  -0.104000E+01  -0.657420E+14
   0.295888E-04   0.262918E+08   0.262918E+08   0.348416E+08   0.348369E+08   0.262942E+08   0.262918E+08   0.262918E+08   0.263011E+08  -0.282627E+00   0.176179E+08   0.176179E+08   0.280133E+02   0.656564E+05  -0.103240E+01  -0.595447E+14
   0.326714E-04   0.263599E+08   0.263599E+08   0.348857E+08   0.348799E+08   0.263623E+08   0.263599E+08   0.263599E+08   0.263693E+08  -0.283359E+00   0.176199E+08   0.176199E+08   0.309206E+02   0.538248E+05  -0.102322E+01  -0.539326E+14
   0.360752E-04   0.264421E+08   0.264421E+08   0.349383E+08   0.349313E+08   0.264444E+08   0.264422E+08   0.264421E+08   0.264515E+08  -0.284241E+00   0.176222E+08   0.176222E+08   0.341268E+02   0.441202E+05  -0.101216E+01  -0.488504E+14
   0.398336E-04   0.265411E+08   0.265411E+08   0.350009E+08   0.349923E+08   0.265432E+08   0.265411E+08   0.265411E+08   0.265505E+08  -0.285304E+00   0.176249E+08   0.176249E+08   0.376619E+02   0.361599E+05  -0.998865E+00  -0.442480E+14
   0.439836E-04   0.266599E+08   0.266599E+08   0.350748E+08   0.350644E+08   0.266618E+08   0.266599E+08   0.266599E+08   0.266693E+08  -0.286579E+00   0.176280E+08   0.176280E+08   0.415583E+02   0.296304E+05  -0.982942E+00  -0.400802E+14
   0.485659E-04   0.268020E+08   0.268019E+08   0.351616E+08   0.351489E+08   0.268037E+08   0.268020E+08   0.268020E+08   0.268114E+08  -0.288105E+00   0.176316E+08   0.176316E+08   0.458512E+02   0.242742E+05  -0.963941E+00  -0.363058E+14
   0.536256E-04   0.269712E+08   0.269712E+08   0.352624E+08   0.352470E+08   0.269726E+08   0.269712E+08   0.269712E+08   0.269806E+08  -0.289922E+00   0.176355E+08   0.176355E+08   0.505786E+02   0.198805E+05  -0.941372E+00  -0.328875E+14
   0.592125E-04   0.271718E+08   0.271718E+08   0.353781E+08   0.353594E+08   0.271729E+08   0.271718E+08   0.271718E+08   0.271813E+08  -0.292076E+00   0.176397E+08   0.176397E+08   0.557815E+02   0.162760E+05  -0.914714E+00  -0.297916E+14
   0.653814E-04   0.274082E+08   0.274081E+08   0.355089E+08   0.354862E+08   0.274089E+08   0.274082E+08   0.274081E+08   0.274176E+08  -0.294613E+00   0.176440E+08   0.176440E+08   0.615036E+02   0.133188E+05  -0.883438E+00  -0.269873E+14
   0.721930E-04   0.276845E+08   0.276845E+08   0.356539E+08   0.356263E+08   0.276848E+08   0.276845E+08   0.276845E+08   0.276940E+08  -0.297580E+00   0.176482E+08   0.176482E+08   0.677912E+02   0.108927E+05  -0.847036E+00  -0.244468E+14
   0.797142E-04   0.280049E+08   0.280048E+08   0.358101E+08   0.357767E+08   0.280045E+08   0.280049E+08   0.280049E+08   0.280144E+08  -0.301020E+00   0.176518E+08   0.176518E+08   0.746926E+02   0.890215E+04  -0.805065E+00  -0.221447E+14
   0.880190E-04   0.283723E+08   0.283722E+08   0.359722E+08   0.359317E+08   0.283712E+08   0.283722E+08   0.283722E+08   0.283818E+08  -0.304964E+00   0.176540E+08   0.176540E+08   0.822579E+02   0.726902E+04  -0.757205E+00  -0.200578E+14
   0.971891E-04   0.287883E+08   0.287882E+08   0.361309E+08   0.360820E+08   0.287864E+08   0.287883E+08   0.287883E+08   0.287979E+08  -0.309430E+00   0.176539E+08   0.176539E+08   0.905377E+02   0.592925E+04  -0.703319E+00  -0.181652E+14
   0.107314E-03   0.292524E+08   0.292523E+08   0.362722E+08   0.362131E+08   0.292494E+08   0.292523E+08   0.292524E+08   0.292620E+08  -0.314412E+00   0.176500E+08   0.176500E+08   0.995816E+02   0.483037E+04  -0.643520E+00  -0.164476E+14
   0.118495E-03   0.297608E+08   0.297607E+08   0.363759E+08   0.363047E+08   0.297566E+08   0.297608E+08   0.297608E+08   0.297705E+08  -0.319870E+00   0.176404E+08   0.176403E+08   0.109437E+03   0.392941E+04  -0.578222E+00  -0.148876E+14
   0.130840E-03   0.303061E+08   0.303060E+08   0.364145E+08   0.363291E+08   0.303004E+08   0.303061E+08   0.303061E+08   0.303158E+08  -0.325723E+00   0.176225E+08   0.176225E+08   0.120145E+03   0.319117E+04  -0.508170E+00  -0.134692E+14
   0.144471E-03   0.308764E+08   0.308762E+08   0.363527E+08   0.362504E+08   0.308687E+08   0.308763E+08   0.308764E+08   0.308860E+08  -0.331843E+00   0.175933E+08   0.175933E+08   0.131738E+03   0.258679E+04  -0.434432E+00  -0.121782E+14
   0.159522E-03   0.314550E+08   0.314548E+08   0.361467E+08   0.360247E+08   0.314451E+08   0.314549E+08   0.314550E+08   0.314646E+08  -0.338052E+00   0.175491E+08   0.175491E+08   0.144236E+03   0.209259E+04  -0.358348E+00  -0.110014E+14
   0.176142E-03   0.320210E+08   0.320207E+08   0.357456E+08   0.356008E+08   0.320082E+08   0.320209E+08   0.320209E+08   0.320304E+08  -0.344124E+00   0.174857E+08   0.174856E+08   0.157638E+03   0.168910E+04  -0.281435E+00  -0.992741E+13
   0.194493E-03   0.325497E+08   0.325494E+08   0.350934E+08   0.349226E+08   0.325335E+08   0.325496E+08   0.325496E+08   0.325589E+08  -0.349794E+00   0.173984E+08   0.173983E+08   0.171918E+03   0.136027E+04  -0.205269E+00  -0.894587E+13
   0.214755E-03   0.330145E+08   0.330141E+08   0.341328E+08   0.339327E+08   0.329942E+08   0.330143E+08   0.330144E+08   0.330234E+08  -0.354776E+00   0.172828E+08   0.172826E+08   0.187015E+03   0.109287E+04  -0.131353E+00  -0.804794E+13
   0.237129E-03   0.333888E+08   0.333883E+08   0.328099E+08   0.325775E+08   0.333635E+08   0.333886E+08   0.333887E+08   0.333973E+08  -0.358784E+00   0.171343E+08   0.171341E+08   0.202824E+03   0.875923E+03  -0.610002E-01  -0.722596E+13
   0.261834E-03   0.336481E+08   0.336475E+08   0.310807E+08   0.308138E+08   0.336167E+08   0.336479E+08   0.336480E+08   0.336561E+08  -0.361555E+00   0.169492E+08   0.169490E+08   0.219183E+03   0.700357E+03   0.474504E-02  -0.647350E+13
   0.289112E-03   0.337725E+08   0.337719E+08   0.289189E+08   0.286161E+08   0.337338E+08   0.337722E+08   0.337724E+08   0.337799E+08  -0.362876E+00   0.167249E+08   0.167247E+08   0.235867E+03   0.558653E+03   0.651536E-01  -0.578513E+13
   0.319233E-03   0.337484E+08   0.337475E+08   0.263232E+08   0.259851E+08   0.337007E+08   0.337480E+08   0.337482E+08   0.337550E+08  -0.362598E+00   0.164601E+08   0.164599E+08   0.252571E+03   0.444591E+03   0.119812E+00  -0.515632E+13
   0.352491E-03   0.335692E+08   0.335682E+08   0.233256E+08   0.229553E+08   0.335108E+08   0.335687E+08   0.335690E+08   0.335749E+08  -0.360653E+00   0.161549E+08   0.161546E+08   0.268907E+03   0.353030E+03   0.168594E+00  -0.458322E+13
   0.389215E-03   0.332363E+08   0.332352E+08   0.199978E+08   0.196016E+08   0.331650E+08   0.332358E+08   0.332361E+08   0.332411E+08  -0.357055E+00   0.158113E+08   0.158109E+08   0.284394E+03   0.279737E+03   0.211607E+00  -0.406249E+13
   0.429764E-03   0.327583E+08   0.327569E+08   0.164566E+08   0.160443E+08   0.326715E+08   0.327577E+08   0.327581E+08   0.327620E+08  -0.351897E+00   0.154327E+08   0.154323E+08   0.298468E+03   0.221231E+03   0.249138E+00  -0.359109E+13
   0.474538E-03   0.321498E+08   0.321482E+08   0.128626E+08   0.124476E+08   0.320443E+08   0.321491E+08   0.321496E+08   0.321525E+08  -0.345336E+00   0.150242E+08   0.150237E+08   0.310496E+03   0.174657E+03   0.281592E+00  -0.316616E+13
   0.523976E-03   0.314303E+08   0.314284E+08   0.941330E+07   0.901111E+07   0.313024E+08   0.314294E+08   0.314300E+08   0.314318E+08  -0.337582E+00   0.145916E+08   0.145911E+08   0.319806E+03   0.137684E+03   0.309443E+00  -0.278487E+13
   0.578566E-03   0.306219E+08   0.306197E+08   0.632334E+07   0.594884E+07   0.304672E+08   0.306208E+08   0.306215E+08   0.306225E+08  -0.328875E+00   0.141419E+08   0.141413E+08   0.325745E+03   0.108409E+03   0.333190E+00  -0.244437E+13
   0.638842E-03   0.297482E+08   0.297457E+08   0.379154E+07   0.345421E+07   0.295614E+08   0.297469E+08   0.297478E+08   0.297479E+08  -0.319469E+00   0.136820E+08   0.136814E+08   0.327747E+03   0.852867E+02   0.353330E+00  -0.214175E+13
   0.705398E-03   0.288326E+08   0.288298E+08   0.195531E+07   0.165323E+07   0.286076E+08   0.288311E+08   0.288321E+08   0.288316E+08  -0.309615E+00   0.132191E+08   0.132184E+08   0.325424E+03   0.670654E+02   0.370335E+00  -0.187404E+13
   0.778888E-03   0.278969E+08   0.278937E+08   0.842631E+06   0.557116E+06   0.276265E+08   0.278951E+08   0.278964E+08   0.278953E+08  -0.299549E+00   0.127599E+08   0.127591E+08   0.318640E+03   0.527336E+02   0.384641E+00  -0.163826E+13
   0.860035E-03   0.269608E+08   0.269572E+08   0.342832E+06   0.376335E+05   0.266366E+08   0.269586E+08   0.269602E+08   0.269587E+08  -0.289482E+00   0.123103E+08   0.123095E+08   0.307563E+03   0.414784E+02   0.396639E+00  -0.143141E+13
   0.949635E-03   0.260409E+08   0.260370E+08   0.225428E+06  -0.144759E+06   0.256532E+08   0.260384E+08   0.260403E+08   0.260384E+08  -0.279593E+00   0.118757E+08   0.118748E+08   0.292652E+03   0.326481E+02   0.406676E+00  -0.125058E+13
   0.104857E-02   0.251509E+08   0.251467E+08   0.225012E+06  -0.244052E+06   0.246885E+08   0.251480E+08   0.251502E+08   0.251480E+08  -0.270028E+00   0.114601E+08   0.114593E+08   0.274571E+03   0.257237E+02   0.415054E+00  -0.109295E+13
   0.115781E-02   0.243012E+08   0.242968E+08   0.167074E+06  -0.396193E+06   0.237513E+08   0.242978E+08   0.243004E+08   0.242978E+08  -0.260895E+00   0.110668E+08   0.110660E+08   0.254070E+03   0.202937E+02   0.422034E+00  -0.955863E+12
   0.127844E-02   0.234990E+08   0.234945E+08   0.473465E+05  -0.550011E+06   0.228476E+08   0.234952E+08   0.234983E+08   0.234952E+08  -0.252275E+00   0.106980E+08   0.106971E+08   0.231896E+03   0.160340E+02   0.427840E+00  -0.836820E+12
   0.141163E-02   0.227490E+08   0.227443E+08  -0.318697E+05  -0.562698E+06   0.219813E+08   0.227446E+08   0.227482E+08   0.227445E+08  -0.244213E+00   0.103546E+08   0.103538E+08   0.208816E+03   0.126902E+02   0.432662E+00  -0.733542E+12
   0.155869E-02   0.220531E+08   0.220483E+08  -0.332673E+05   0.554841E+06   0.211534E+08   0.220480E+08   0.220523E+08   0.220480E+08  -0.236733E+00   0.100371E+08   0.100362E+08   0.185692E+03   0.100632E+02   0.436661E+00  -0.643958E+12
   0.172108E-02   0.214110E+08   0.214063E+08  -0.402511E+05   0.441829E+06   0.203630E+08   0.214052E+08   0.214102E+08   0.214053E+08  -0.229831E+00   0.974481E+07   0.974397E+07   0.163476E+03   0.799568E+01   0.439972E+00  -0.566215E+12
   0.190039E-02   0.208208E+08   0.208162E+08  -0.830490E+05   0.352399E+06   0.196083E+08   0.208143E+08   0.208201E+08   0.208143E+08  -0.223485E+00   0.947653E+07   0.947572E+07   0.143035E+03   0.636534E+01   0.442710E+00  -0.498674E+12
   0.209838E-02   0.202792E+08   0.202746E+08  -0.735421E+05   0.281517E+06   0.188865E+08   0.202719E+08   0.202785E+08   0.202719E+08  -0.217660E+00   0.923051E+07   0.922972E+07   0.124984E+03   0.507703E+01   0.444970E+00  -0.439898E+12
   0.231699E-02   0.197816E+08   0.197771E+08  -0.407361E+05   0.225234E+06   0.181941E+08   0.197734E+08   0.197809E+08   0.197734E+08  -0.212307E+00   0.900456E+07   0.900380E+07   0.109641E+03   0.405677E+01   0.446832E+00  -0.388641E+12
   0.255838E-02   0.193229E+08   0.193183E+08  -0.587609E+05   0.180452E+06   0.175275E+08   0.193136E+08   0.193221E+08   0.193136E+08  -0.207370E+00   0.879624E+07   0.879550E+07   0.969361E+02   0.324664E+01   0.448365E+00  -0.343829E+12
   0.282492E-02   0.188973E+08   0.188925E+08  -0.384973E+05   0.144746E+06   0.168825E+08   0.188869E+08   0.188965E+08   0.188869E+08  -0.202788E+00   0.860292E+07   0.860219E+07   0.863447E+02   0.260182E+01   0.449624E+00  -0.304544E+12
   0.311923E-02   0.184989E+08   0.184940E+08  -0.305875E+05   0.116217E+06   0.162543E+08   0.184874E+08   0.184980E+08   0.184874E+08  -0.198498E+00   0.842189E+07   0.842116E+07   0.771654E+02   0.208743E+01   0.450656E+00  -0.270005E+12
   0.344419E-02   0.181218E+08   0.181167E+08  -0.166297E+05   0.933777E+05   0.156376E+08   0.181092E+08   0.181210E+08   0.181092E+08  -0.194437E+00   0.825045E+07   0.824974E+07   0.688010E+02   0.167610E+01   0.451501E+00  -0.239552E+12
   0.380302E-02   0.177603E+08   0.177550E+08  -0.110221E+05   0.750602E+05   0.150271E+08   0.177465E+08   0.177594E+08   0.177465E+08  -0.190543E+00   0.808599E+07   0.808529E+07   0.610583E+02   0.134657E+01   0.452191E+00  -0.212625E+12
   0.419923E-02   0.174089E+08   0.174032E+08  -0.231125E+04   0.603457E+05   0.144180E+08   0.173938E+08   0.174079E+08   0.173938E+08  -0.186756E+00   0.792599E+07   0.792531E+07   0.541216E+02   0.108208E+01   0.452752E+00  -0.188753E+12
   0.463671E-02   0.170623E+08   0.170563E+08  -0.845614E+04   0.485097E+05   0.138060E+08   0.170459E+08   0.170613E+08   0.170459E+08  -0.183020E+00   0.776810E+07   0.776743E+07   0.481914E+02   0.869488E+00   0.453208E+00  -0.167538E+12
   0.511978E-02   0.167157E+08   0.167092E+08  -0.114559E+05   0.389791E+05   0.131891E+08   0.166979E+08   0.167146E+08   0.166979E+08  -0.179284E+00   0.761012E+07   0.760946E+07   0.431342E+02   0.698418E+00   0.453576E+00  -0.148645E+12
   0.565317E-02   0.163651E+08   0.163580E+08  -0.893778E+04   0.312998E+05   0.125413E+08   0.163459E+08   0.163639E+08   0.163459E+08  -0.175504E+00   0.745022E+07   0.744957E+07   0.386118E+02   0.560647E+00   0.453869E+00  -0.131791E+12
   0.624213E-02   0.160056E+08   0.159977E+08  -0.765034E+04   0.251077E+05   0.118915E+08   0.159848E+08   0.160042E+08   0.159848E+08  -0.171627E+00   0.728616E+07   0.728551E+07   0.344992E+02   0.449608E+00   0.454104E+00  -0.116728E+12
   0.689245E-02   0.156337E+08   0.156250E+08  -0.432264E+04   0.201146E+05   0.112256E+08   0.156114E+08   0.156322E+08   0.156114E+08  -0.167617E+00   0.711643E+07   0.711579E+07   0.309050E+02   0.360104E+00   0.454288E+00  -0.103252E+12
   0.761052E-02   0.152462E+08   0.152365E+08  -0.431228E+04   0.160888E+05   0.105503E+08   0.152224E+08   0.152446E+08   0.152224E+08  -0.163440E+00   0.693955E+07   0.693891E+07   0.277626E+02   0.287965E+00   0.454431E+00  -0.911856E+11
   0.840340E-02   0.148401E+08   0.148291E+08  -0.488905E+04   0.128443E+05   0.987237E+07   0.148147E+08   0.148382E+08   0.148147E+08  -0.159064E+00   0.675414E+07   0.675351E+07   0.249415E+02   0.229843E+00   0.454542E+00  -0.803755E+11
   0.927889E-02   0.144126E+08   0.144002E+08  -0.295294E+04   0.102312E+05   0.918997E+07   0.143858E+08   0.144105E+08   0.143858E+08  -0.154459E+00   0.655900E+07   0.655838E+07   0.224537E+02   0.183048E+00   0.454625E+00  -0.706888E+11
   0.102456E-01   0.139615E+08   0.139473E+08  -0.287404E+04   0.812871E+04   0.850168E+07   0.139333E+08   0.139591E+08   0.139333E+08  -0.149600E+00   0.635307E+07   0.635245E+07   0.202525E+02   0.145405E+00   0.454685E+00  -0.620092E+11
   0.113130E-01   0.134845E+08   0.134682E+08  -0.249078E+04   0.643915E+04   0.781315E+07   0.134549E+08   0.134818E+08   0.134549E+08  -0.144464E+00   0.613534E+07   0.613472E+07   0.183028E+02   0.115162E+00   0.454726E+00  -0.542337E+11
   0.124916E-01   0.129796E+08   0.129610E+08  -0.184133E+04   0.508344E+04   0.713097E+07   0.129488E+08   0.129765E+08   0.129488E+08  -0.139030E+00   0.590493E+07   0.590431E+07   0.165781E+02   0.909005E-01   0.454752E+00  -0.472720E+11
   0.137930E-01   0.124454E+08   0.124240E+08  -0.173007E+04   0.399763E+04   0.645974E+07   0.124135E+08   0.124418E+08   0.124135E+08  -0.133282E+00   0.566116E+07   0.566054E+07   0.150497E+02   0.714729E-01   0.454767E+00  -0.410444E+11
   0.152300E-01   0.118807E+08   0.118563E+08  -0.138349E+04   0.312990E+04   0.580121E+07   0.118479E+08   0.118766E+08   0.118479E+08  -0.127209E+00   0.540356E+07   0.540293E+07   0.136894E+02   0.559503E-01   0.454771E+00  -0.354803E+11
   0.168167E-01   0.112984E+08   0.112706E+08  -0.105730E+04   0.244114E+04   0.517007E+07   0.112648E+08   0.112937E+08   0.112648E+08  -0.120948E+00   0.513793E+07   0.513730E+07   0.124825E+02   0.436315E-01   0.454768E+00  -0.305530E+11
   0.185687E-01   0.106756E+08   0.106442E+08  -0.938858E+03   0.189170E+04   0.455864E+07   0.106414E+08   0.106704E+08   0.106414E+08  -0.114255E+00   0.485393E+07   0.485330E+07   0.113834E+02   0.338064E-01   0.454759E+00  -0.261408E+11
   0.205033E-01   0.100254E+08   0.999011E+07  -0.595744E+03   0.145692E+04   0.397824E+07   0.999089E+07   0.100195E+08   0.999089E+07  -0.107271E+00   0.455749E+07   0.455685E+07   0.103747E+02   0.260331E-01   0.454746E+00  -0.222284E+11
   0.226393E-01   0.934228E+07   0.930314E+07  -0.544746E+03   0.111342E+04   0.343012E+07   0.930776E+07   0.933571E+07   0.930776E+07  -0.999359E-01   0.424614E+07   0.424550E+07   0.942559E+01   0.198926E-01   0.454729E+00  -0.187558E+11
   0.249980E-01   0.865032E+07   0.860758E+07  -0.408499E+03   0.845474E+03   0.292635E+07   0.861609E+07   0.864315E+07   0.861609E+07  -0.925096E-01   0.393085E+07   0.393021E+07   0.851912E+01   0.151036E-01   0.454710E+00  -0.157248E+11
   0.276023E-01   0.795750E+07   0.791173E+07  -0.283882E+03   0.637828E+03   0.246964E+07   0.792388E+07   0.794981E+07   0.792388E+07  -0.850774E-01   0.361527E+07   0.361464E+07   0.763227E+01   0.113929E-01   0.454690E+00  -0.130978E+11
   0.304780E-01   0.726664E+07   0.721882E+07  -0.246630E+03   0.477660E+03   0.206008E+07   0.723401E+07   0.725861E+07   0.723401E+07  -0.776704E-01   0.330072E+07   0.330010E+07   0.674055E+01   0.853108E-02   0.454668E+00  -0.108299E+11
   0.336533E-01   0.659630E+07   0.654788E+07  -0.165422E+03   0.355589E+03   0.170088E+07   0.656504E+07   0.658817E+07   0.656504E+07  -0.704878E-01   0.299565E+07   0.299506E+07   0.583437E+01   0.635025E-02   0.454647E+00  -0.890156E+10
   0.371593E-01   0.597050E+07   0.592334E+07  -0.125051E+03   0.263959E+03   0.139437E+07   0.594097E+07   0.596259E+07   0.594097E+07  -0.637872E-01   0.271103E+07   0.271048E+07   0.491628E+01   0.471345E-02   0.454626E+00  -0.729572E+10
   0.410307E-01   0.540446E+07   0.536070E+07  -0.109799E+03   0.195967E+03   0.113838E+07   0.537696E+07   0.539712E+07   0.537696E+07  -0.577316E-01   0.245379E+07   0.245329E+07   0.400070E+01   0.349903E-02   0.454606E+00  -0.598039E+10
   0.451338E-01   0.493202E+07   0.489349E+07   0.147805E+03   0.147805E+03   0.937054E+06   0.490668E+07   0.492555E+07   0.490668E+07  -0.526822E-01   0.223927E+07   0.223883E+07   0.320475E+01   0.263893E-02   0.454585E+00  -0.496142E+10
   0.492368E-01   0.455854E+07   0.452612E+07   0.114806E+03   0.114806E+03   0.785704E+06   0.453527E+07   0.455310E+07   0.453527E+07  -0.486944E-01   0.206984E+07   0.206948E+07   0.248725E+01   0.204963E-02   0.454569E+00  -0.420388E+10
   0.533399E-01   0.425762E+07   0.423130E+07   0.913797E+02   0.913797E+02   0.669118E+06   0.423624E+07   0.425320E+07   0.423624E+07  -0.454838E-01   0.193343E+07   0.193313E+07   0.191561E+01   0.163131E-02   0.454555E+00  -0.362478E+10
   0.574430E-01   0.400429E+07   0.398332E+07   0.741152E+02   0.741152E+02   0.576425E+06   0.398456E+07   0.400076E+07   0.398456E+07  -0.427816E-01   0.181861E+07   0.181836E+07   0.148628E+01   0.132304E-02   0.454542E+00  -0.316599E+10
   0.615460E-01   0.377902E+07   0.376215E+07   0.609384E+02   0.609384E+02   0.500336E+06   0.376069E+07   0.377619E+07   0.376069E+07  -0.403779E-01   0.171648E+07   0.171626E+07   0.118622E+01   0.108778E-02   0.454531E+00  -0.278898E+10
   0.656491E-01   0.356679E+07   0.355253E+07   0.505552E+02   0.505552E+02   0.435939E+06   0.354959E+07   0.356440E+07   0.354959E+07  -0.381114E-01   0.162017E+07   0.161997E+07   0.994442E+00   0.902405E-03   0.454522E+00  -0.246796E+10
   0.697522E-01   0.335692E+07   0.334382E+07   0.421482E+02   0.421482E+02   0.380016E+06   0.334065E+07   0.335472E+07   0.334065E+07  -0.358680E-01   0.152483E+07   0.152464E+07   0.884948E+00   0.752318E-03   0.454513E+00  -0.218610E+10
   0.738552E-01   0.315119E+07   0.313803E+07   0.352894E+02   0.352894E+02   0.331430E+06   0.313565E+07   0.314898E+07   0.313565E+07  -0.336669E-01   0.143129E+07   0.143110E+07   0.831783E+00   0.629877E-03   0.454506E+00  -0.193799E+10
   0.779583E-01   0.294294E+07   0.292893E+07   0.295765E+02   0.295765E+02   0.288385E+06   0.292804E+07   0.294059E+07   0.292804E+07  -0.314378E-01   0.133655E+07   0.133636E+07   0.808103E+00   0.527896E-03   0.454499E+00  -0.171446E+10
   0.820614E-01   0.274234E+07   0.272713E+07   0.248701E+02   0.248701E+02   0.251030E+06   0.272801E+07   0.273979E+07   0.272801E+07  -0.292902E-01   0.124526E+07   0.124507E+07   0.794219E+00   0.443883E-03   0.454493E+00  -0.151749E+10
   0.861644E-01   0.255491E+07   0.253859E+07   0.210131E+02   0.210131E+02   0.219005E+06   0.254112E+07   0.255217E+07   0.254112E+07  -0.272836E-01   0.115998E+07   0.115978E+07   0.775208E+00   0.375037E-03   0.454487E+00  -0.134625E+10
   0.912856E-01   0.234647E+07   0.232940E+07   0.171917E+02   0.171917E+02   0.185901E+06   0.233339E+07   0.234360E+07   0.233339E+07  -0.250533E-01   0.106517E+07   0.106497E+07   0.731802E+00   0.306827E-03   0.454481E+00  -0.116686E+10
   0.964067E-01   0.217264E+07   0.215582E+07   0.142707E+02   0.142707E+02   0.159619E+06   0.216030E+07   0.216982E+07   0.216030E+07  -0.231948E-01   0.986172E+06   0.985980E+06   0.663488E+00   0.254691E-03   0.454476E+00  -0.102293E+10
   0.101528E+00   0.203555E+07   0.202000E+07   0.120557E+02   0.120557E+02   0.139104E+06   0.202398E+07   0.203294E+07   0.202398E+07  -0.217311E-01   0.923950E+06   0.923775E+06   0.576857E+00   0.215156E-03   0.454471E+00  -0.910051E+09
   0.106649E+00   0.193021E+07   0.191663E+07   0.103613E+02   0.103613E+02   0.123042E+06   0.191939E+07   0.192793E+07   0.191939E+07  -0.206082E-01   0.876213E+06   0.876058E+06   0.483879E+00   0.184914E-03   0.454466E+00  -0.821592E+09
   0.111770E+00   0.184625E+07   0.183490E+07   0.902459E+01   0.902459E+01   0.110065E+06   0.183614E+07   0.184434E+07   0.183614E+07  -0.197143E-01   0.838214E+06   0.838080E+06   0.397125E+00   0.161056E-03   0.454462E+00  -0.749952E+09
   0.116891E+00   0.177248E+07   0.176316E+07   0.792264E+01   0.792264E+01   0.990544E+05   0.176300E+07   0.177091E+07   0.176300E+07  -0.189290E-01   0.804831E+06   0.804717E+06   0.326296E+00   0.141389E-03   0.454459E+00  -0.688539E+09
   0.122012E+00   0.170015E+07   0.169232E+07   0.697560E+01   0.697560E+01   0.892571E+05   0.169122E+07   0.169884E+07   0.169122E+07  -0.181584E-01   0.772069E+06   0.771968E+06   0.276286E+00   0.124486E-03   0.454456E+00  -0.632788E+09
   0.127134E+00   0.162416E+07   0.161710E+07   0.613801E+01   0.613801E+01   0.802599E+05   0.161567E+07   0.162297E+07   0.161567E+07  -0.173472E-01   0.737584E+06   0.737490E+06   0.246848E+00   0.109538E-03   0.454453E+00  -0.580174E+09
   0.132255E+00   0.154307E+07   0.153612E+07   0.538855E+01   0.538855E+01   0.719063E+05   0.153495E+07   0.154190E+07   0.153495E+07  -0.164805E-01   0.700737E+06   0.700645E+06   0.233634E+00   0.961623E-04   0.454450E+00  -0.529847E+09
   0.137376E+00   0.145854E+07   0.145123E+07   0.472031E+01   0.472031E+01   0.642033E+05   0.145072E+07   0.145732E+07   0.145072E+07  -0.155762E-01   0.662294E+06   0.662199E+06   0.230065E+00   0.842365E-04   0.454448E+00  -0.482110E+09
   0.142497E+00   0.137421E+07   0.136635E+07   0.413297E+01   0.413297E+01   0.572346E+05   0.136667E+07   0.137289E+07   0.136667E+07  -0.146737E-01   0.623924E+06   0.623826E+06   0.229351E+00   0.737546E-04   0.454446E+00  -0.437855E+09
   0.147618E+00   0.129471E+07   0.128637E+07   0.362794E+01   0.362794E+01   0.511002E+05   0.128743E+07   0.129331E+07   0.128743E+07  -0.138229E-01   0.587755E+06   0.587655E+06   0.226149E+00   0.647417E-04   0.454443E+00  -0.398162E+09
   0.152739E+00   0.122441E+07   0.121589E+07   0.320447E+01   0.320447E+01   0.458652E+05   0.121741E+07   0.122298E+07   0.121741E+07  -0.130711E-01   0.555792E+06   0.555693E+06   0.217481E+00   0.571844E-04   0.454442E+00  -0.363886E+09
   0.157860E+00   0.116575E+07   0.115742E+07   0.285611E+01   0.285611E+01   0.415045E+05   0.115904E+07   0.116435E+07   0.115904E+07  -0.124444E-01   0.529147E+06   0.529051E+06   0.202843E+00   0.509677E-04   0.454440E+00  -0.335201E+09
   0.162982E+00   0.111830E+07   0.111050E+07   0.257045E+01   0.257045E+01   0.378946E+05   0.111188E+07   0.111699E+07   0.111188E+07  -0.119381E-01   0.507619E+06   0.507529E+06   0.183693E+00   0.458697E-04   0.454438E+00  -0.311460E+09
   0.168103E+00   0.107959E+07   0.107255E+07   0.233276E+01   0.233276E+01   0.348636E+05   0.107347E+07   0.107840E+07   0.107347E+07  -0.115256E-01   0.490082E+06   0.490000E+06   0.162645E+00   0.416280E-04   0.454437E+00  -0.291540E+09
   0.173224E+00   0.104652E+07   0.104032E+07   0.212979E+01   0.212979E+01   0.322465E+05   0.104068E+07   0.104548E+07   0.104068E+07  -0.111737E-01   0.475117E+06   0.475043E+06   0.142551E+00   0.380059E-04   0.454435E+00  -0.274282E+09
   0.178345E+00   0.101595E+07   0.101049E+07   0.195073E+01   0.195073E+01   0.299030E+05   0.101038E+07   0.101504E+07   0.101038E+07  -0.108482E-01   0.461280E+06   0.461213E+06   0.125694E+00   0.348105E-04   0.454434E+00  -0.258648E+09
   0.183466E+00   0.984970E+06   0.980040E+06   0.178724E+01   0.178724E+01   0.277216E+05   0.979616E+06   0.984142E+06   0.979616E+06  -0.105180E-01   0.447238E+06   0.447176E+06   0.113294E+00   0.318929E-04   0.454433E+00  -0.243775E+09
   0.188587E+00   0.951679E+06   0.947034E+06   0.163436E+01   0.163436E+01   0.256370E+05   0.946520E+06   0.950899E+06   0.946520E+06  -0.101626E-01   0.432130E+06   0.432071E+06   0.105407E+00   0.291646E-04   0.454432E+00  -0.229144E+09
   0.193708E+00   0.915894E+06   0.911304E+06   0.149080E+01   0.149080E+01   0.236377E+05   0.910905E+06   0.915124E+06   0.910905E+06  -0.978023E-02   0.415871E+06   0.415813E+06   0.101159E+00   0.266029E-04   0.454431E+00  -0.214692E+09
   0.198830E+00   0.878789E+06   0.874095E+06   0.135760E+01   0.135760E+01   0.217478E+05   0.873948E+06   0.878001E+06   0.873948E+06  -0.938344E-02   0.399001E+06   0.398942E+06   0.991319E-01   0.242258E-04   0.454430E+00  -0.200677E+09
   0.203951E+00   0.841993E+06   0.837136E+06   0.123616E+01   0.123616E+01   0.199982E+05   0.837292E+06   0.841178E+06   0.837292E+06  -0.898986E-02   0.382267E+06   0.382207E+06   0.977832E-01   0.220587E-04   0.454429E+00  -0.187433E+09
   0.209072E+00   0.807095E+06   0.802108E+06   0.112751E+01   0.112751E+01   0.184130E+05   0.802529E+06   0.806257E+06   0.802529E+06  -0.861662E-02   0.366397E+06   0.366337E+06   0.958422E-01   0.201199E-04   0.454428E+00  -0.175251E+09
   0.214193E+00   0.775447E+06   0.770433E+06   0.103207E+01   0.103207E+01   0.170073E+05   0.771020E+06   0.774605E+06   0.771020E+06  -0.827831E-02   0.352013E+06   0.351953E+06   0.925622E-01   0.184167E-04   0.454427E+00  -0.164345E+09
   0.219314E+00   0.747871E+06   0.742961E+06   0.949405E+00   0.949405E+00   0.157812E+05   0.743586E+06   0.747046E+06   0.743586E+06  -0.798375E-02   0.339488E+06   0.339430E+06   0.877868E-01   0.169416E-04   0.454427E+00  -0.154797E+09
   0.224435E+00   0.724357E+06   0.719674E+06   0.878085E+00   0.878085E+00   0.147177E+05   0.720216E+06   0.723571E+06   0.720216E+06  -0.773284E-02   0.328819E+06   0.328764E+06   0.818511E-01   0.156689E-04   0.454426E+00  -0.146511E+09
   0.229556E+00   0.704157E+06   0.699780E+06   0.815971E+00   0.815971E+00   0.137864E+05   0.700158E+06   0.703422E+06   0.700158E+06  -0.751749E-02   0.319662E+06   0.319610E+06   0.753896E-01   0.145605E-04   0.454425E+00  -0.139253E+09
   0.234678E+00   0.686127E+06   0.682082E+06   0.760797E+00   0.760797E+00   0.129535E+05   0.682265E+06   0.685448E+06   0.682265E+06  -0.732537E-02   0.311493E+06   0.311444E+06   0.691162E-01   0.135759E-04   0.454425E+00  -0.132734E+09
   0.239799E+00   0.669051E+06   0.665308E+06   0.710551E+00   0.710551E+00   0.121879E+05   0.665317E+06   0.668423E+06   0.665317E+06  -0.714340E-02   0.303755E+06   0.303710E+06   0.636271E-01   0.126793E-04   0.454424E+00  -0.126672E+09
   0.244920E+00   0.651899E+06   0.648386E+06   0.663707E+00   0.663707E+00   0.114658E+05   0.648281E+06   0.651309E+06   0.648281E+06  -0.696048E-02   0.295978E+06   0.295934E+06   0.592717E-01   0.118434E-04   0.454423E+00  -0.120848E+09
   0.250041E+00   0.634067E+06   0.630699E+06   0.619388E+00   0.619388E+00   0.107740E+05   0.630555E+06   0.633502E+06   0.630555E+06  -0.677016E-02   0.287885E+06   0.287843E+06   0.561119E-01   0.110525E-04   0.454423E+00  -0.115137E+09
   0.255162E+00   0.615491E+06   0.612184E+06   0.577344E+00   0.577344E+00   0.101094E+05   0.612073E+06   0.614935E+06   0.612073E+06  -0.657173E-02   0.279448E+06   0.279406E+06   0.539599E-01   0.103023E-04   0.454422E+00  -0.109519E+09
   0.260283E+00   0.596513E+06   0.593209E+06   0.537725E+00   0.537725E+00   0.947606E+04   0.593182E+06   0.595958E+06   0.593182E+06  -0.636890E-02   0.270823E+06   0.270783E+06   0.524677E-01   0.959528E-05   0.454422E+00  -0.104051E+09
   0.265404E+00   0.577677E+06   0.574350E+06   0.500825E+00   0.500825E+00   0.888042E+04   0.574429E+06   0.577118E+06   0.574429E+06  -0.616755E-02   0.262262E+06   0.262221E+06   0.512379E-01   0.893681E-05   0.454421E+00  -0.988170E+08
   0.270526E+00   0.559575E+06   0.556234E+06   0.466921E+00   0.466921E+00   0.832879E+04   0.556408E+06   0.559014E+06   0.556408E+06  -0.597406E-02   0.254035E+06   0.253994E+06   0.499272E-01   0.833182E-05   0.454421E+00  -0.939051E+08
   0.275647E+00   0.542728E+06   0.539404E+06   0.436182E+00   0.436182E+00   0.782543E+04   0.539641E+06   0.542170E+06   0.539641E+06  -0.579404E-02   0.246380E+06   0.246340E+06   0.483165E-01   0.778329E-05   0.454420E+00  -0.893835E+08
   0.280768E+00   0.527445E+06   0.524181E+06   0.408572E+00   0.408572E+00   0.737107E+04   0.524438E+06   0.526897E+06   0.524438E+06  -0.563081E-02   0.239439E+06   0.239400E+06   0.463363E-01   0.729061E-05   0.454420E+00  -0.852810E+08
   0.285889E+00   0.513739E+06   0.510578E+06   0.383827E+00   0.383827E+00   0.696210E+04   0.510812E+06   0.513208E+06   0.510812E+06  -0.548451E-02   0.233218E+06   0.233181E+06   0.440509E-01   0.684906E-05   0.454420E+00  -0.815774E+08
   0.291010E+00   0.501367E+06   0.498340E+06   0.361524E+00   0.361524E+00   0.659185E+04   0.498520E+06   0.500859E+06   0.498520E+06  -0.535253E-02   0.227606E+06   0.227570E+06   0.416149E-01   0.645106E-05   0.454419E+00  -0.782133E+08
   0.296131E+00   0.489951E+06   0.487067E+06   0.341187E+00   0.341187E+00   0.625258E+04   0.487180E+06   0.489466E+06   0.487180E+06  -0.523077E-02   0.222429E+06   0.222394E+06   0.392170E-01   0.608816E-05   0.454419E+00  -0.751124E+08
   0.301252E+00   0.479073E+06   0.476326E+06   0.322374E+00   0.322374E+00   0.593681E+04   0.476375E+06   0.478612E+06   0.476375E+06  -0.511476E-02   0.217496E+06   0.217462E+06   0.370248E-01   0.575246E-05   0.454419E+00  -0.721980E+08
   0.306374E+00   0.468365E+06   0.465732E+06   0.304726E+00   0.304726E+00   0.563853E+04   0.465735E+06   0.467923E+06   0.465735E+06  -0.500052E-02   0.212638E+06   0.212606E+06   0.351473E-01   0.543754E-05   0.454418E+00  -0.694057E+08
   0.311495E+00   0.457580E+06   0.455030E+06   0.288003E+00   0.288003E+00   0.535368E+04   0.455014E+06   0.457152E+06   0.455014E+06  -0.488541E-02   0.207744E+06   0.207712E+06   0.336176E-01   0.513913E-05   0.454418E+00  -0.666933E+08
   0.316616E+00   0.446646E+06   0.444149E+06   0.272099E+00   0.272099E+00   0.508069E+04   0.444139E+06   0.446227E+06   0.444139E+06  -0.476864E-02   0.202779E+06   0.202748E+06   0.323993E-01   0.485535E-05   0.454418E+00  -0.640464E+08
   0.321737E+00   0.435650E+06   0.433184E+06   0.257016E+00   0.257016E+00   0.481990E+04   0.433199E+06   0.435236E+06   0.433199E+06  -0.465119E-02   0.197784E+06   0.197754E+06   0.314067E-01   0.458620E-05   0.454417E+00  -0.614745E+08
   0.326858E+00   0.424778E+06   0.422331E+06   0.242807E+00   0.242807E+00   0.457262E+04   0.422380E+06   0.424367E+06   0.422380E+06  -0.453503E-02   0.192845E+06   0.192815E+06   0.305333E-01   0.433264E-05   0.454417E+00  -0.590002E+08
   0.331979E+00   0.414237E+06   0.411809E+06   0.229529E+00   0.229529E+00   0.434028E+04   0.411892E+06   0.413829E+06   0.411892E+06  -0.442241E-02   0.188056E+06   0.188027E+06   0.296800E-01   0.409571E-05   0.454417E+00  -0.566476E+08
   0.337100E+00   0.404206E+06   0.401804E+06   0.217214E+00   0.217214E+00   0.412375E+04   0.401911E+06   0.403802E+06   0.401911E+06  -0.431525E-02   0.183500E+06   0.183471E+06   0.287763E-01   0.387596E-05   0.454417E+00  -0.544353E+08
   0.342222E+00   0.394796E+06   0.392435E+06   0.205854E+00   0.205854E+00   0.392321E+04   0.392552E+06   0.394400E+06   0.392552E+06  -0.421476E-02   0.179227E+06   0.179198E+06   0.277914E-01   0.367325E-05   0.454416E+00  -0.523720E+08
   0.347343E+00   0.386035E+06   0.383728E+06   0.195394E+00   0.195394E+00   0.373785E+04   0.383840E+06   0.385647E+06   0.383840E+06  -0.412123E-02   0.175249E+06   0.175221E+06   0.267328E-01   0.348660E-05   0.454416E+00  -0.504548E+08
   0.352464E+00   0.377861E+06   0.375619E+06   0.185741E+00   0.185741E+00   0.356619E+04   0.375715E+06   0.377484E+06   0.375715E+06  -0.403399E-02   0.171540E+06   0.171513E+06   0.256359E-01   0.331435E-05   0.454416E+00  -0.486692E+08
   0.357585E+00   0.370152E+06   0.367981E+06   0.176779E+00   0.176779E+00   0.340620E+04   0.368054E+06   0.369788E+06   0.368054E+06  -0.395173E-02   0.168042E+06   0.168016E+06   0.245500E-01   0.315444E-05   0.454416E+00  -0.469940E+08
   0.362706E+00   0.362766E+06   0.360663E+06   0.168396E+00   0.168396E+00   0.325591E+04   0.360713E+06   0.362413E+06   0.360713E+06  -0.387292E-02   0.164690E+06   0.164665E+06   0.235233E-01   0.300484E-05   0.454416E+00  -0.454065E+08
   0.367827E+00   0.355571E+06   0.353530E+06   0.160493E+00   0.160493E+00   0.311358E+04   0.353562E+06   0.355228E+06   0.353562E+06  -0.379613E-02   0.161425E+06   0.161401E+06   0.225908E-01   0.286383E-05   0.454415E+00  -0.438867E+08
   0.372948E+00   0.348468E+06   0.346479E+06   0.152998E+00   0.152998E+00   0.297792E+04   0.346501E+06   0.348134E+06   0.346501E+06  -0.372032E-02   0.158202E+06   0.158177E+06   0.217678E-01   0.273009E-05   0.454415E+00  -0.424196E+08
   0.378070E+00   0.341407E+06   0.339459E+06   0.145865E+00   0.145865E+00   0.284816E+04   0.339479E+06   0.341080E+06   0.339479E+06  -0.364493E-02   0.154996E+06   0.154972E+06   0.210494E-01   0.260279E-05   0.454415E+00  -0.409971E+08
   0.383191E+00   0.334395E+06   0.332478E+06   0.139075E+00   0.139075E+00   0.272404E+04   0.332505E+06   0.334073E+06   0.332505E+06  -0.357005E-02   0.151812E+06   0.151788E+06   0.204150E-01   0.248164E-05   0.454415E+00  -0.396182E+08
   0.388312E+00   0.327490E+06   0.325600E+06   0.132633E+00   0.132633E+00   0.260577E+04   0.325636E+06   0.327173E+06   0.325636E+06  -0.349630E-02   0.148676E+06   0.148653E+06   0.198365E-01   0.236670E-05   0.454415E+00  -0.382882E+08
   0.393433E+00   0.320761E+06   0.318895E+06   0.126547E+00   0.126547E+00   0.249356E+04   0.318943E+06   0.320448E+06   0.318943E+06  -0.342444E-02   0.145620E+06   0.145597E+06   0.192847E-01   0.225809E-05   0.454414E+00  -0.370130E+08
   0.398554E+00   0.314263E+06   0.312422E+06   0.120817E+00   0.120817E+00   0.238752E+04   0.312479E+06   0.313954E+06   0.312479E+06  -0.335504E-02   0.142669E+06   0.142646E+06   0.187362E-01   0.215584E-05   0.454414E+00  -0.357970E+08
   0.403675E+00   0.308033E+06   0.306221E+06   0.115436E+00   0.115436E+00   0.228761E+04   0.306283E+06   0.307728E+06   0.306283E+06  -0.328851E-02   0.139840E+06   0.139818E+06   0.181780E-01   0.205982E-05   0.454414E+00  -0.346421E+08
   0.408796E+00   0.302092E+06   0.300314E+06   0.110391E+00   0.110391E+00   0.219364E+04   0.300375E+06   0.301793E+06   0.300375E+06  -0.322508E-02   0.137143E+06   0.137121E+06   0.176078E-01   0.196980E-05   0.454414E+00  -0.335483E+08
   0.413918E+00   0.296434E+06   0.294694E+06   0.105660E+00   0.105660E+00   0.210527E+04   0.294751E+06   0.296142E+06   0.294751E+06  -0.316469E-02   0.134575E+06   0.134554E+06   0.170328E-01   0.188538E-05   0.454414E+00  -0.325128E+08
   0.419039E+00   0.291023E+06   0.289322E+06   0.101212E+00   0.101212E+00   0.202191E+04   0.289371E+06   0.290738E+06   0.289371E+06  -0.310693E-02   0.132119E+06   0.132098E+06   0.164652E-01   0.180600E-05   0.454414E+00  -0.315293E+08
   0.424160E+00   0.285804E+06   0.284142E+06   0.970113E-01   0.970113E-01   0.194296E+04   0.284183E+06   0.285525E+06   0.284183E+06  -0.305122E-02   0.129750E+06   0.129730E+06   0.159180E-01   0.173105E-05   0.454414E+00  -0.305902E+08
   0.429281E+00   0.280728E+06   0.279103E+06   0.930290E-01   0.930290E-01   0.186786E+04   0.279137E+06   0.280456E+06   0.279137E+06  -0.299705E-02   0.127446E+06   0.127426E+06   0.154024E-01   0.165999E-05   0.454413E+00  -0.296886E+08
   0.434402E+00   0.275763E+06   0.274171E+06   0.892417E-01   0.892417E-01   0.179619E+04   0.274200E+06   0.275495E+06   0.274200E+06  -0.294404E-02   0.125192E+06   0.125173E+06   0.149245E-01   0.159241E-05   0.454413E+00  -0.288197E+08
   0.439523E+00   0.270884E+06   0.269322E+06   0.856321E-01   0.856321E-01   0.172765E+04   0.269349E+06   0.270622E+06   0.269349E+06  -0.289196E-02   0.122977E+06   0.122958E+06   0.144850E-01   0.152800E-05   0.454413E+00  -0.279800E+08
   0.444644E+00   0.266082E+06   0.264547E+06   0.821877E-01   0.821877E-01   0.166202E+04   0.264574E+06   0.265824E+06   0.264574E+06  -0.284069E-02   0.120797E+06   0.120779E+06   0.140795E-01   0.146654E-05   0.454413E+00  -0.271675E+08
   0.449766E+00   0.261363E+06   0.259851E+06   0.789019E-01   0.789019E-01   0.159921E+04   0.259881E+06   0.261110E+06   0.259881E+06  -0.279030E-02   0.118655E+06   0.118636E+06   0.137004E-01   0.140791E-05   0.454413E+00  -0.263817E+08
   0.454887E+00   0.256747E+06   0.255257E+06   0.757727E-01   0.757727E-01   0.153921E+04   0.255290E+06   0.256497E+06   0.255290E+06  -0.274101E-02   0.116559E+06   0.116540E+06   0.133392E-01   0.135207E-05   0.454413E+00  -0.256239E+08
   0.460008E+00   0.252256E+06   0.250788E+06   0.727988E-01   0.727988E-01   0.148202E+04   0.250824E+06   0.252010E+06   0.250824E+06  -0.269305E-02   0.114519E+06   0.114502E+06   0.129884E-01   0.129901E-05   0.454413E+00  -0.248954E+08
   0.465129E+00   0.247907E+06   0.246460E+06   0.699766E-01   0.699766E-01   0.142760E+04   0.246498E+06   0.247664E+06   0.246498E+06  -0.264661E-02   0.112545E+06   0.112527E+06   0.126429E-01   0.124865E-05   0.454413E+00  -0.241967E+08
   0.470250E+00   0.243703E+06   0.242280E+06   0.672999E-01   0.672999E-01   0.137586E+04   0.242318E+06   0.243464E+06   0.242318E+06  -0.260173E-02   0.110636E+06   0.110619E+06   0.123005E-01   0.120089E-05   0.454413E+00  -0.235273E+08
   0.475371E+00   0.239641E+06   0.238242E+06   0.647600E-01   0.647600E-01   0.132664E+04   0.238280E+06   0.239406E+06   0.238280E+06  -0.255837E-02   0.108792E+06   0.108775E+06   0.119615E-01   0.115556E-05   0.454413E+00  -0.228860E+08
   0.480492E+00   0.235713E+06   0.234339E+06   0.623479E-01   0.623479E-01   0.127977E+04   0.234374E+06   0.235482E+06   0.234374E+06  -0.251643E-02   0.107009E+06   0.106992E+06   0.116287E-01   0.111252E-05   0.454412E+00  -0.222709E+08
   0.485614E+00   0.231906E+06   0.230557E+06   0.600541E-01   0.600541E-01   0.123510E+04   0.230588E+06   0.231679E+06   0.230588E+06  -0.247579E-02   0.105281E+06   0.105264E+06   0.113055E-01   0.107159E-05   0.454412E+00  -0.216802E+08
   0.490735E+00   0.228203E+06   0.226879E+06   0.578685E-01   0.578685E-01   0.119243E+04   0.226908E+06   0.227981E+06   0.226908E+06  -0.243627E-02   0.103600E+06   0.103584E+06   0.109951E-01   0.103259E-05   0.454412E+00  -0.211114E+08
   0.495856E+00   0.224587E+06   0.223285E+06   0.557813E-01   0.557813E-01   0.115157E+04   0.223312E+06   0.224369E+06   0.223312E+06  -0.239767E-02   0.101959E+06   0.101943E+06   0.106996E-01   0.995349E-06   0.454412E+00  -0.205623E+08
   0.500977E+00   0.221043E+06   0.219763E+06   0.537844E-01   0.537844E-01   0.111239E+04   0.219788E+06   0.220828E+06   0.219788E+06  -0.235983E-02   0.100350E+06   0.100334E+06   0.104197E-01   0.959718E-06   0.454412E+00  -0.200310E+08
   0.506098E+00   0.217568E+06   0.216308E+06   0.518729E-01   0.518729E-01   0.107478E+04   0.216333E+06   0.217356E+06   0.216333E+06  -0.232273E-02   0.987719E+05   0.987565E+05   0.101547E-01   0.925608E-06   0.454412E+00  -0.195166E+08
   0.511219E+00   0.214163E+06   0.212922E+06   0.500432E-01   0.500432E-01   0.103870E+04   0.212947E+06   0.213955E+06   0.212947E+06  -0.228638E-02   0.972262E+05   0.972110E+05   0.990277E-02   0.892959E-06   0.454412E+00  -0.190187E+08
   0.516340E+00   0.210832E+06   0.209608E+06   0.482923E-01   0.482923E-01   0.100409E+04   0.209634E+06   0.210626E+06   0.209634E+06  -0.225081E-02   0.957136E+05   0.956986E+05   0.966149E-02   0.861716E-06   0.454412E+00  -0.185371E+08
   0.521462E+00   0.207575E+06   0.206369E+06   0.466170E-01   0.466170E-01   0.970898E+03   0.206396E+06   0.207372E+06   0.206396E+06  -0.221604E-02   0.942350E+05   0.942202E+05   0.942836E-02   0.831822E-06   0.454412E+00  -0.180715E+08
   0.526583E+00   0.204397E+06   0.203209E+06   0.450148E-01   0.450148E-01   0.939082E+03   0.203236E+06   0.204198E+06   0.203236E+06  -0.218211E-02   0.927922E+05   0.927777E+05   0.920142E-02   0.803233E-06   0.454412E+00  -0.176218E+08
   0.531704E+00   0.201303E+06   0.200132E+06   0.434835E-01   0.434835E-01   0.908616E+03   0.200159E+06   0.201107E+06   0.200159E+06  -0.214908E-02   0.913877E+05   0.913734E+05   0.897954E-02   0.775909E-06   0.454412E+00  -0.171879E+08
   0.536825E+00   0.198295E+06   0.197141E+06   0.420203E-01   0.420203E-01   0.879442E+03   0.197168E+06   0.198101E+06   0.197168E+06  -0.211696E-02   0.900220E+05   0.900079E+05   0.876237E-02   0.749801E-06   0.454412E+00  -0.167695E+08
   0.541946E+00   0.195367E+06   0.194231E+06   0.406212E-01   0.406212E-01   0.851493E+03   0.194257E+06   0.195177E+06   0.194257E+06  -0.208570E-02   0.886929E+05   0.886790E+05   0.855017E-02   0.724835E-06   0.454411E+00  -0.163658E+08
   0.547067E+00   0.192513E+06   0.191394E+06   0.392819E-01   0.392819E-01   0.824682E+03   0.191419E+06   0.192325E+06   0.191419E+06  -0.205523E-02   0.873971E+05   0.873834E+05   0.834356E-02   0.700936E-06   0.454411E+00  -0.159757E+08
   0.559946E+00   0.185632E+06   0.184555E+06   0.361556E-01   0.361556E-01   0.761883E+03   0.184577E+06   0.185451E+06   0.184577E+06  -0.198177E-02   0.842733E+05   0.842601E+05   0.785363E-02   0.645150E-06   0.454411E+00  -0.150504E+08
   0.593872E+00   0.169148E+06   0.168166E+06   0.292884E-01   0.292884E-01   0.622778E+03   0.168187E+06   0.168983E+06   0.168187E+06  -0.180579E-02   0.767899E+05   0.767779E+05   0.676154E-02   0.522615E-06   0.454411E+00  -0.129305E+08
   0.629853E+00   0.154088E+06   0.153194E+06   0.237194E-01   0.237194E-01   0.508657E+03   0.153212E+06   0.153938E+06   0.153212E+06  -0.164501E-02   0.699529E+05   0.699419E+05   0.581109E-02   0.423243E-06   0.454411E+00  -0.111063E+08
   0.879031E+00   0.900752E+05   0.895524E+05   0.711887E-02   0.711887E-02   0.158694E+03   0.895624E+05   0.899875E+05   0.895624E+05  -0.961616E-03   0.408922E+05   0.408857E+05   0.246155E-02   0.127027E-06   0.454409E+00  -0.465201E+07
   0.122679E+01   0.520194E+05   0.517174E+05   0.211077E-02   0.211077E-02   0.482803E+02   0.517230E+05   0.519687E+05   0.517230E+05  -0.555341E-03   0.236157E+05   0.236118E+05   0.104117E-02   0.376639E-07   0.454408E+00  -0.192502E+07
   0.171212E+01   0.297295E+05   0.295567E+05   0.619346E-03   0.619346E-03   0.143993E+02   0.295600E+05   0.297005E+05   0.295600E+05  -0.317381E-03   0.134965E+05   0.134942E+05   0.444610E-03   0.110514E-07   0.454408E+00  -0.788299E+06
   0.238945E+01   0.168384E+05   0.167403E+05   0.180101E-03   0.180101E-03   0.422851E+01   0.167423E+05   0.168219E+05   0.167423E+05  -0.179760E-03   0.764423E+04   0.764284E+04   0.194942E-03   0.321366E-08   0.454407E+00  -0.319917E+06
