#          k/h    CDM            baryon         photon         nu             mass_nu        total          no_nu          total_de       Weyl           v_CDM          v_b            v_b-v_c        ISW            log_grow       pert_vel    
   0.994668E-05   0.384198E+08   0.384198E+08   0.512082E+08   0.512077E+08   0.384230E+08   0.384199E+08   0.384198E+08   0.384335E+08  -0.463410E+00   0.890770E+07   0.890770E+07   0.758261E+01   0.102084E+07   0.635983E+00  -0.895578E+14
   0.109829E-04   0.384163E+08   0.384163E+08   0.511995E+08   0.511989E+08   0.384194E+08   0.384163E+08   0.384163E+08   0.384300E+08  -0.463368E+00   0.890729E+07   0.890729E+07   0.837226E+01   0.837395E+06   0.635894E+00  -0.811041E+14
   0.121272E-04   0.384120E+08   0.384120E+08   0.511888E+08   0.511882E+08   0.384151E+08   0.384120E+08   0.384120E+08   0.384257E+08  -0.463316E+00   0.890679E+07   0.890679E+07   0.924407E+01   0.686932E+06   0.635786E+00  -0.734476E+14
   0.133906E-04   0.384067E+08   0.384067E+08   0.511759E+08   0.511751E+08   0.384098E+08   0.384067E+08   0.384067E+08   0.384204E+08  -0.463252E+00   0.890619E+07   0.890619E+07   0.102066E+02   0.563523E+06   0.635654E+00  -0.665131E+14
   0.147857E-04   0.384003E+08   0.384003E+08   0.511601E+08   0.511591E+08   0.384034E+08   0.384003E+08   0.384003E+08   0.384140E+08  -0.463175E+00   0.890545E+07   0.890545E+07   0.112691E+02   0.462302E+06   0.635494E+00  -0.602324E+14
   0.163261E-04   0.383925E+08   0.383925E+08   0.511409E+08   0.511396E+08   0.383956E+08   0.383925E+08   0.383925E+08   0.384062E+08  -0.463081E+00   0.890455E+07   0.890455E+07   0.124421E+02   0.379281E+06   0.635298E+00  -0.545438E+14
   0.180270E-04   0.383830E+08   0.383830E+08   0.511174E+08   0.511159E+08   0.383860E+08   0.383830E+08   0.383830E+08   0.383967E+08  -0.462966E+00   0.890346E+07   0.890346E+07   0.137369E+02   0.311188E+06   0.635060E+00  -0.493914E+14
   0.199051E-04   0.383714E+08   0.383714E+08   0.510889E+08   0.510870E+08   0.383744E+08   0.383715E+08   0.383714E+08   0.383851E+08  -0.462826E+00   0.890212E+07   0.890212E+07   0.151661E+02   0.255337E+06   0.634771E+00  -0.447245E+14
   0.219788E-04   0.383573E+08   0.383573E+08   0.510541E+08   0.510518E+08   0.383603E+08   0.383574E+08   0.383573E+08   0.383710E+08  -0.462656E+00   0.890050E+07   0.890050E+07   0.167436E+02   0.209528E+06   0.634418E+00  -0.404972E+14
   0.242687E-04   0.383402E+08   0.383402E+08   0.510117E+08   0.510090E+08   0.383431E+08   0.383402E+08   0.383402E+08   0.383538E+08  -0.462449E+00   0.889852E+07   0.889852E+07   0.184845E+02   0.171955E+06   0.633990E+00  -0.366681E+14
   0.267970E-04   0.383193E+08   0.383193E+08   0.509601E+08   0.509568E+08   0.383221E+08   0.383193E+08   0.383193E+08   0.383329E+08  -0.462197E+00   0.889611E+07   0.889611E+07   0.204056E+02   0.141138E+06   0.633468E+00  -0.331993E+14
   0.295888E-04   0.382939E+08   0.382939E+08   0.508974E+08   0.508933E+08   0.382967E+08   0.382939E+08   0.382939E+08   0.383075E+08  -0.461891E+00   0.889317E+07   0.889317E+07   0.225251E+02   0.115861E+06   0.632835E+00  -0.300570E+14
   0.326714E-04   0.382630E+08   0.382630E+08   0.508210E+08   0.508161E+08   0.382657E+08   0.382630E+08   0.382630E+08   0.382766E+08  -0.461518E+00   0.888960E+07   0.888960E+07   0.248634E+02   0.951276E+05   0.632066E+00  -0.272101E+14
   0.360752E-04   0.382255E+08   0.382255E+08   0.507281E+08   0.507221E+08   0.382281E+08   0.382255E+08   0.382255E+08   0.382391E+08  -0.461066E+00   0.888526E+07   0.888526E+07   0.274423E+02   0.781215E+05   0.631134E+00  -0.246307E+14
   0.398336E-04   0.381800E+08   0.381800E+08   0.506152E+08   0.506079E+08   0.381824E+08   0.381800E+08   0.381800E+08   0.381935E+08  -0.460517E+00   0.887998E+07   0.887998E+07   0.302859E+02   0.641719E+05   0.630004E+00  -0.222935E+14
   0.439836E-04   0.381248E+08   0.381248E+08   0.504781E+08   0.504692E+08   0.381270E+08   0.381248E+08   0.381248E+08   0.381383E+08  -0.459850E+00   0.887357E+07   0.887357E+07   0.334205E+02   0.527292E+05   0.628637E+00  -0.201755E+14
   0.485659E-04   0.380579E+08   0.380578E+08   0.503116E+08   0.503008E+08   0.380599E+08   0.380579E+08   0.380579E+08   0.380713E+08  -0.459043E+00   0.886579E+07   0.886578E+07   0.368746E+02   0.433422E+05   0.626986E+00  -0.182558E+14
   0.536256E-04   0.379769E+08   0.379769E+08   0.501098E+08   0.500966E+08   0.379787E+08   0.379769E+08   0.379769E+08   0.379903E+08  -0.458066E+00   0.885635E+07   0.885634E+07   0.406789E+02   0.356411E+05   0.624995E+00  -0.165157E+14
   0.592125E-04   0.378791E+08   0.378791E+08   0.498654E+08   0.498494E+08   0.378807E+08   0.378791E+08   0.378791E+08   0.378925E+08  -0.456886E+00   0.884491E+07   0.884490E+07   0.448668E+02   0.293223E+05   0.622601E+00  -0.149381E+14
   0.653814E-04   0.377613E+08   0.377612E+08   0.495698E+08   0.495503E+08   0.377624E+08   0.377613E+08   0.377613E+08   0.377745E+08  -0.455464E+00   0.883107E+07   0.883106E+07   0.494738E+02   0.241369E+05   0.619730E+00  -0.135075E+14
   0.721930E-04   0.376195E+08   0.376195E+08   0.492129E+08   0.491892E+08   0.376203E+08   0.376195E+08   0.376195E+08   0.376326E+08  -0.453754E+00   0.881436E+07   0.881435E+07   0.545377E+02   0.198805E+05   0.616298E+00  -0.122099E+14
   0.797142E-04   0.374495E+08   0.374494E+08   0.487828E+08   0.487542E+08   0.374497E+08   0.374495E+08   0.374495E+08   0.374625E+08  -0.451702E+00   0.879422E+07   0.879420E+07   0.600983E+02   0.163857E+05   0.612214E+00  -0.110326E+14
   0.880190E-04   0.372463E+08   0.372462E+08   0.482659E+08   0.482312E+08   0.372459E+08   0.372463E+08   0.372463E+08   0.372592E+08  -0.449250E+00   0.876999E+07   0.876997E+07   0.661969E+02   0.135147E+05   0.607377E+00  -0.996410E+13
   0.971891E-04   0.370044E+08   0.370043E+08   0.476464E+08   0.476043E+08   0.370031E+08   0.370043E+08   0.370043E+08   0.370171E+08  -0.446331E+00   0.874093E+07   0.874091E+07   0.728757E+02   0.111550E+05   0.601681E+00  -0.899407E+13
   0.107314E-03   0.367177E+08   0.367176E+08   0.469064E+08   0.468555E+08   0.367155E+08   0.367177E+08   0.367177E+08   0.367302E+08  -0.442872E+00   0.870620E+07   0.870617E+07   0.801768E+02   0.921374E+04   0.595019E+00  -0.811309E+13
   0.118495E-03   0.363799E+08   0.363798E+08   0.460260E+08   0.459646E+08   0.363766E+08   0.363799E+08   0.363799E+08   0.363922E+08  -0.438796E+00   0.866484E+07   0.866481E+07   0.881407E+02   0.761516E+04   0.587291E+00  -0.731269E+13
   0.130840E-03   0.359844E+08   0.359842E+08   0.449835E+08   0.449096E+08   0.359796E+08   0.359843E+08   0.359844E+08   0.359963E+08  -0.434024E+00   0.861582E+07   0.861579E+07   0.968045E+02   0.629701E+04   0.578409E+00  -0.658526E+13
   0.144471E-03   0.355247E+08   0.355245E+08   0.437558E+08   0.436671E+08   0.355182E+08   0.355246E+08   0.355247E+08   0.355363E+08  -0.428477E+00   0.855804E+07   0.855799E+07   0.106199E+03   0.520835E+04   0.568308E+00  -0.592392E+13
   0.159522E-03   0.349949E+08   0.349947E+08   0.423191E+08   0.422129E+08   0.349864E+08   0.349949E+08   0.349949E+08   0.350061E+08  -0.422084E+00   0.849033E+07   0.849027E+07   0.116345E+03   0.430758E+04   0.556964E+00  -0.532253E+13
   0.176142E-03   0.343902E+08   0.343900E+08   0.406500E+08   0.405235E+08   0.343791E+08   0.343901E+08   0.343902E+08   0.344010E+08  -0.414786E+00   0.841155E+07   0.841149E+07   0.127250E+03   0.356077E+04   0.544396E+00  -0.477561E+13
   0.194493E-03   0.337072E+08   0.337069E+08   0.387272E+08   0.385772E+08   0.336930E+08   0.337071E+08   0.337071E+08   0.337174E+08  -0.406543E+00   0.832063E+07   0.832054E+07   0.138902E+03   0.294037E+04   0.530686E+00  -0.427827E+13
   0.214755E-03   0.329448E+08   0.329444E+08   0.365331E+08   0.363563E+08   0.329268E+08   0.329446E+08   0.329447E+08   0.329544E+08  -0.397341E+00   0.821661E+07   0.821651E+07   0.151260E+03   0.242405E+04   0.515981E+00  -0.382616E+13
   0.237129E-03   0.321044E+08   0.321040E+08   0.340568E+08   0.338499E+08   0.320819E+08   0.321042E+08   0.321043E+08   0.321133E+08  -0.387198E+00   0.809879E+07   0.809867E+07   0.164249E+03   0.199381E+04   0.500493E+00  -0.341547E+13
   0.261834E-03   0.311906E+08   0.311901E+08   0.312968E+08   0.310568E+08   0.311626E+08   0.311904E+08   0.311905E+08   0.311987E+08  -0.376168E+00   0.796676E+07   0.796662E+07   0.177752E+03   0.163512E+04   0.484497E+00  -0.304278E+13
   0.289112E-03   0.302108E+08   0.302102E+08   0.282650E+08   0.279896E+08   0.301761E+08   0.302106E+08   0.302107E+08   0.302181E+08  -0.364341E+00   0.782050E+07   0.782034E+07   0.191593E+03   0.133626E+04   0.468306E+00  -0.270509E+13
   0.319233E-03   0.291757E+08   0.291750E+08   0.249910E+08   0.246788E+08   0.291329E+08   0.291754E+08   0.291756E+08   0.291820E+08  -0.351845E+00   0.766048E+07   0.766028E+07   0.205533E+03   0.108768E+04   0.452260E+00  -0.239973E+13
   0.352491E-03   0.280981E+08   0.280973E+08   0.215262E+08   0.211776E+08   0.280456E+08   0.280978E+08   0.280980E+08   0.281035E+08  -0.338835E+00   0.748762E+07   0.748738E+07   0.219258E+03   0.881563E+03   0.436689E+00  -0.212427E+13
   0.389215E-03   0.269928E+08   0.269918E+08   0.179487E+08   0.175662E+08   0.269284E+08   0.269923E+08   0.269926E+08   0.269971E+08  -0.325489E+00   0.730334E+07   0.730307E+07   0.232374E+03   0.711369E+03   0.421894E+00  -0.187649E+13
   0.429764E-03   0.258752E+08   0.258740E+08   0.143655E+08   0.139541E+08   0.257966E+08   0.258747E+08   0.258750E+08   0.258785E+08  -0.311994E+00   0.710952E+07   0.710921E+07   0.244408E+03   0.571558E+03   0.408122E+00  -0.165433E+13
   0.474538E-03   0.247610E+08   0.247596E+08   0.109125E+08   0.104798E+08   0.246651E+08   0.247603E+08   0.247608E+08   0.247632E+08  -0.298538E+00   0.690840E+07   0.690803E+07   0.254824E+03   0.457367E+03   0.395553E+00  -0.145586E+13
   0.523976E-03   0.236648E+08   0.236631E+08   0.774719E+07   0.730218E+07   0.235482E+08   0.236640E+08   0.236645E+08   0.236660E+08  -0.285300E+00   0.670245E+07   0.670204E+07   0.263042E+03   0.364664E+03   0.384295E+00  -0.127919E+13
   0.578566E-03   0.225996E+08   0.225977E+08   0.503255E+07   0.458389E+07   0.224582E+08   0.225986E+08   0.225993E+08   0.225999E+08  -0.272437E+00   0.649431E+07   0.649385E+07   0.268491E+03   0.289858E+03   0.374386E+00  -0.112251E+13
   0.638842E-03   0.215766E+08   0.215744E+08   0.290868E+07   0.246121E+07   0.214054E+08   0.215755E+08   0.215763E+08   0.215762E+08  -0.260085E+00   0.628660E+07   0.628608E+07   0.270669E+03   0.229835E+03   0.365805E+00  -0.984085E+12
   0.705398E-03   0.206046E+08   0.206021E+08   0.145449E+07   0.100514E+07   0.203978E+08   0.206032E+08   0.206042E+08   0.206036E+08  -0.248350E+00   0.608183E+07   0.608126E+07   0.269219E+03   0.181921E+03   0.358482E+00  -0.862202E+12
   0.778888E-03   0.196900E+08   0.196872E+08   0.648674E+06   0.183111E+06   0.194407E+08   0.196884E+08   0.196896E+08   0.196885E+08  -0.237310E+00   0.588226E+07   0.588164E+07   0.263998E+03   0.143842E+03   0.352314E+00  -0.755227E+12
   0.860035E-03   0.188371E+08   0.188339E+08   0.349976E+06  -0.156670E+06   0.185373E+08   0.188351E+08   0.188366E+08   0.188352E+08  -0.227018E+00   0.568986E+07   0.568920E+07   0.255125E+03   0.113686E+03   0.347180E+00  -0.661597E+12
   0.949635E-03   0.180479E+08   0.180445E+08   0.323283E+06  -0.251496E+06   0.176884E+08   0.180456E+08   0.180473E+08   0.180457E+08  -0.217497E+00   0.550625E+07   0.550556E+07   0.242960E+03   0.898689E+02   0.342949E+00  -0.579837E+12
   0.104857E-02   0.173229E+08   0.173192E+08   0.325797E+06  -0.328889E+06   0.168929E+08   0.173202E+08   0.173223E+08   0.173203E+08  -0.208751E+00   0.533262E+07   0.533190E+07   0.228036E+03   0.710911E+02   0.339491E+00  -0.508568E+12
   0.115781E-02   0.166609E+08   0.166569E+08   0.224848E+06  -0.485349E+06   0.161482E+08   0.166578E+08   0.166602E+08   0.166578E+08  -0.200764E+00   0.516978E+07   0.516905E+07   0.210948E+03   0.562994E+02   0.336684E+00  -0.446519E+12
   0.127844E-02   0.160594E+08   0.160553E+08   0.601181E+05  -0.635889E+06   0.154508E+08   0.160559E+08   0.160587E+08   0.160558E+08  -0.193508E+00   0.501816E+07   0.501742E+07   0.192298E+03   0.446488E+02   0.334417E+00  -0.392528E+12
   0.141163E-02   0.155152E+08   0.155111E+08  -0.395990E+05  -0.626199E+06   0.147967E+08   0.155111E+08   0.155145E+08   0.155111E+08  -0.186942E+00   0.487779E+07   0.487706E+07   0.172728E+03   0.354676E+02   0.332593E+00  -0.345548E+12
   0.155869E-02   0.150242E+08   0.150200E+08  -0.376233E+05   0.377995E+06   0.141809E+08   0.150195E+08   0.150235E+08   0.150195E+08  -0.181017E+00   0.474838E+07   0.474766E+07   0.153014E+03   0.282264E+02   0.331128E+00  -0.304642E+12
   0.172108E-02   0.145816E+08   0.145775E+08  -0.355603E+05   0.300898E+06   0.135983E+08   0.145763E+08   0.145809E+08   0.145763E+08  -0.175674E+00   0.462943E+07   0.462874E+07   0.134054E+03   0.225044E+02   0.329952E+00  -0.268987E+12
   0.190039E-02   0.141826E+08   0.141785E+08  -0.772993E+05   0.240042E+06   0.130443E+08   0.141765E+08   0.141819E+08   0.141766E+08  -0.170856E+00   0.452018E+07   0.451951E+07   0.116675E+03   0.179751E+02   0.329009E+00  -0.237858E+12
   0.209838E-02   0.138220E+08   0.138179E+08  -0.720360E+05   0.191875E+06   0.125146E+08   0.138151E+08   0.138213E+08   0.138151E+08  -0.166499E+00   0.441967E+07   0.441903E+07   0.101461E+03   0.143820E+02   0.328251E+00  -0.210626E+12
   0.231699E-02   0.134944E+08   0.134904E+08  -0.407715E+05   0.153646E+06   0.120051E+08   0.134867E+08   0.134937E+08   0.134867E+08  -0.162541E+00   0.432684E+07   0.432622E+07   0.887153E+02   0.115251E+02   0.327640E+00  -0.186746E+12
   0.255838E-02   0.131948E+08   0.131907E+08  -0.579426E+05   0.123221E+06   0.115125E+08   0.131861E+08   0.131941E+08   0.131861E+08  -0.158918E+00   0.424054E+07   0.423994E+07   0.783615E+02   0.924838E+01   0.327146E+00  -0.165753E+12
   0.282492E-02   0.129180E+08   0.129138E+08  -0.376145E+05   0.989458E+05   0.110338E+08   0.129084E+08   0.129173E+08   0.129084E+08  -0.155571E+00   0.415958E+07   0.415899E+07   0.698823E+02   0.742968E+01   0.326745E+00  -0.147248E+12
   0.311923E-02   0.126593E+08   0.126549E+08  -0.295516E+05   0.795297E+05   0.105654E+08   0.126487E+08   0.126586E+08   0.126487E+08  -0.152441E+00   0.408279E+07   0.408221E+07   0.625883E+02   0.597380E+01   0.326418E+00  -0.130893E+12
   0.344419E-02   0.124142E+08   0.124096E+08  -0.153008E+05   0.639667E+05   0.101041E+08   0.124025E+08   0.124134E+08   0.124025E+08  -0.149473E+00   0.400900E+07   0.400842E+07   0.558990E+02   0.480601E+01   0.326150E+00  -0.116400E+12
   0.380302E-02   0.121784E+08   0.121735E+08  -0.942657E+04   0.514684E+05   0.964632E+07   0.121656E+08   0.121776E+08   0.121656E+08  -0.146618E+00   0.393708E+07   0.393651E+07   0.496402E+02   0.386770E+01   0.325928E+00  -0.103526E+12
   0.419923E-02   0.119480E+08   0.119428E+08  -0.365439E+03   0.414154E+05   0.918937E+07   0.119341E+08   0.119471E+08   0.119341E+08  -0.143827E+00   0.386598E+07   0.386543E+07   0.440161E+02   0.311264E+01   0.325744E+00  -0.920653E+11
   0.463671E-02   0.117194E+08   0.117138E+08  -0.641256E+04   0.333187E+05   0.873104E+07   0.117043E+08   0.117185E+08   0.117043E+08  -0.141059E+00   0.379471E+07   0.379417E+07   0.392475E+02   0.250433E+01   0.325589E+00  -0.818416E+11
   0.511978E-02   0.114894E+08   0.114834E+08  -0.963605E+04   0.267914E+05   0.827097E+07   0.114732E+08   0.114884E+08   0.114732E+08  -0.138273E+00   0.372235E+07   0.372181E+07   0.352191E+02   0.201381E+01   0.325459E+00  -0.727063E+11
   0.565317E-02   0.112554E+08   0.112488E+08  -0.737330E+04   0.215264E+05   0.778753E+07   0.112379E+08   0.112543E+08   0.112379E+08  -0.135437E+00   0.364816E+07   0.364763E+07   0.316096E+02   0.161808E+01   0.325345E+00  -0.645339E+11
   0.624213E-02   0.110140E+08   0.110067E+08  -0.653028E+04   0.172771E+05   0.730696E+07   0.109953E+08   0.110128E+08   0.109953E+08  -0.132513E+00   0.357116E+07   0.357063E+07   0.283090E+02   0.129865E+01   0.325247E+00  -0.572113E+11
   0.689245E-02   0.107632E+08   0.107549E+08  -0.346357E+04   0.138476E+05   0.681814E+07   0.107431E+08   0.107618E+08   0.107431E+08  -0.129474E+00   0.349072E+07   0.349020E+07   0.254381E+02   0.104083E+01   0.325160E+00  -0.506462E+11
   0.761052E-02   0.105006E+08   0.104913E+08  -0.349014E+04   0.110805E+05   0.632867E+07   0.104793E+08   0.104991E+08   0.104793E+08  -0.126295E+00   0.340623E+07   0.340570E+07   0.229409E+02   0.832799E+00   0.325083E+00  -0.447573E+11
   0.840340E-02   0.102245E+08   0.102139E+08  -0.445545E+04   0.884897E+04   0.584601E+07   0.102020E+08   0.102227E+08   0.102020E+08  -0.122952E+00   0.331708E+07   0.331656E+07   0.206961E+02   0.665034E+00   0.325015E+00  -0.394734E+11
   0.927889E-02   0.993297E+07   0.992089E+07  -0.260327E+04   0.705076E+04   0.536860E+07   0.990935E+07   0.993095E+07   0.990935E+07  -0.119425E+00   0.322277E+07   0.322225E+07   0.187233E+02   0.529852E+00   0.324954E+00  -0.347326E+11
   0.102456E-01   0.962459E+07   0.961074E+07  -0.253582E+04   0.560326E+04   0.489499E+07   0.959989E+07   0.962226E+07   0.959989E+07  -0.115696E+00   0.312283E+07   0.312231E+07   0.169824E+02   0.421039E+00   0.324898E+00  -0.304800E+11
   0.113130E-01   0.929788E+07   0.928197E+07  -0.231229E+04   0.443957E+04   0.443045E+07   0.927218E+07   0.929521E+07   0.927218E+07  -0.111746E+00   0.301682E+07   0.301630E+07   0.154445E+02   0.333567E+00   0.324847E+00  -0.266671E+11
   0.124916E-01   0.895157E+07   0.893328E+07  -0.166611E+04   0.350551E+04   0.398094E+07   0.892499E+07   0.894850E+07   0.892499E+07  -0.107562E+00   0.290436E+07   0.290383E+07   0.140878E+02   0.263362E+00   0.324800E+00  -0.232506E+11
   0.137930E-01   0.858469E+07   0.856367E+07  -0.162869E+04   0.275718E+04   0.354938E+07   0.855735E+07   0.858116E+07   0.855735E+07  -0.103131E+00   0.278515E+07   0.278462E+07   0.128883E+02   0.207122E+00   0.324757E+00  -0.201926E+11
   0.152300E-01   0.819655E+07   0.817246E+07  -0.128971E+04   0.215900E+04   0.313583E+07   0.816857E+07   0.819250E+07   0.816857E+07  -0.984458E-01   0.265898E+07   0.265844E+07   0.118216E+02   0.162171E+00   0.324717E+00  -0.174589E+11
   0.168167E-01   0.779597E+07   0.776847E+07  -0.994032E+03   0.168410E+04   0.274978E+07   0.776749E+07   0.779135E+07   0.776749E+07  -0.936121E-01   0.252874E+07   0.252819E+07   0.108745E+02   0.126488E+00   0.324680E+00  -0.150370E+11
   0.185687E-01   0.736731E+07   0.733613E+07  -0.897301E+03   0.130519E+04   0.238574E+07   0.733852E+07   0.736207E+07   0.733852E+07  -0.884422E-01   0.238935E+07   0.238879E+07   0.100078E+02   0.980200E-01   0.324647E+00  -0.128676E+11
   0.205033E-01   0.691953E+07   0.688450E+07  -0.561142E+03   0.100531E+04   0.204925E+07   0.689063E+07   0.691365E+07   0.689063E+07  -0.830443E-01   0.224375E+07   0.224318E+07   0.920514E+01   0.754925E-01   0.324616E+00  -0.109433E+11
   0.226393E-01   0.644889E+07   0.641000E+07  -0.516586E+03   0.768343E+03   0.173964E+07   0.642010E+07   0.644236E+07   0.642010E+07  -0.773736E-01   0.209073E+07   0.209015E+07   0.843886E+01   0.576934E-01   0.324588E+00  -0.923485E+10
   0.249980E-01   0.597202E+07   0.592951E+07  -0.388018E+03   0.583486E+03   0.146197E+07   0.594357E+07   0.596488E+07   0.594357E+07  -0.716305E-01   0.193570E+07   0.193513E+07   0.769212E+01   0.438096E-01   0.324562E+00  -0.774335E+10
   0.276023E-01   0.549440E+07   0.544884E+07  -0.267718E+03   0.440212E+03   0.121594E+07   0.546654E+07   0.548675E+07   0.546654E+07  -0.658814E-01   0.178048E+07   0.177991E+07   0.694329E+01   0.330501E-01   0.324539E+00  -0.645037E+10
   0.304780E-01   0.501799E+07   0.497037E+07  -0.234233E+03   0.329687E+03   0.100010E+07   0.499102E+07   0.500999E+07   0.499102E+07  -0.601506E-01   0.162572E+07   0.162515E+07   0.617090E+01   0.247506E-01   0.324517E+00  -0.533396E+10
   0.336533E-01   0.455558E+07   0.450733E+07  -0.156363E+03   0.245445E+03   0.814566E+06   0.452981E+07   0.454748E+07   0.452981E+07  -0.545923E-01   0.147559E+07   0.147504E+07   0.536615E+01   0.184253E-01   0.324498E+00  -0.438457E+10
   0.371593E-01   0.412375E+07   0.407675E+07  -0.117940E+03   0.182206E+03   0.659091E+06   0.409950E+07   0.411586E+07   0.409950E+07  -0.494062E-01   0.133549E+07   0.133498E+07   0.453253E+01   0.136773E-01   0.324481E+00  -0.359385E+10
   0.410307E-01   0.373301E+07   0.368938E+07  -0.104610E+03   0.135278E+03   0.531317E+06   0.371056E+07   0.372568E+07   0.371056E+07  -0.447189E-01   0.120884E+07   0.120839E+07   0.368613E+01   0.101542E-01   0.324465E+00  -0.294612E+10
   0.451338E-01   0.340610E+07   0.336761E+07   0.102016E+03   0.102016E+03   0.432113E+06   0.338559E+07   0.339964E+07   0.338559E+07  -0.408024E-01   0.110293E+07   0.110251E+07   0.308774E+01   0.765801E-02   0.324423E+00  -0.244362E+10
   0.492368E-01   0.314809E+07   0.311572E+07   0.792418E+02   0.792418E+02   0.358575E+06   0.312948E+07   0.314266E+07   0.312948E+07  -0.377158E-01   0.101952E+07   0.101917E+07   0.238812E+01   0.594826E-02   0.324411E+00  -0.207061E+10
   0.533399E-01   0.294015E+07   0.291386E+07   0.630739E+02   0.630739E+02   0.302546E+06   0.292327E+07   0.293573E+07   0.292327E+07  -0.352306E-01   0.952368E+06   0.952075E+06   0.183013E+01   0.473450E-02   0.324402E+00  -0.178544E+10
   0.574430E-01   0.276506E+07   0.274413E+07   0.511583E+02   0.511583E+02   0.258468E+06   0.274970E+07   0.276154E+07   0.274970E+07  -0.331387E-01   0.895838E+06   0.895595E+06   0.141163E+01   0.384000E-02   0.324394E+00  -0.155951E+10
   0.615460E-01   0.260940E+07   0.259257E+07   0.420637E+02   0.420637E+02   0.222666E+06   0.259529E+07   0.260657E+07   0.259529E+07  -0.312779E-01   0.845548E+06   0.845342E+06   0.112046E+01   0.315729E-02   0.324387E+00  -0.137384E+10
   0.656491E-01   0.246280E+07   0.244859E+07   0.348971E+02   0.348971E+02   0.192680E+06   0.244968E+07   0.246042E+07   0.244968E+07  -0.295230E-01   0.798123E+06   0.797939E+06   0.936247E+00   0.261933E-02   0.324382E+00  -0.121574E+10
   0.697522E-01   0.231791E+07   0.230484E+07   0.290943E+02   0.290943E+02   0.166908E+06   0.230554E+07   0.231571E+07   0.230554E+07  -0.277859E-01   0.751175E+06   0.751000E+06   0.833399E+00   0.218375E-02   0.324377E+00  -0.107692E+10
   0.738552E-01   0.217592E+07   0.216279E+07   0.243600E+02   0.243600E+02   0.144733E+06   0.216411E+07   0.217372E+07   0.216411E+07  -0.260814E-01   0.705107E+06   0.704933E+06   0.786083E+00   0.182839E-02   0.324372E+00  -0.954711E+09
   0.779583E-01   0.203223E+07   0.201825E+07   0.204166E+02   0.204166E+02   0.125266E+06   0.202087E+07   0.202989E+07   0.202087E+07  -0.243551E-01   0.658448E+06   0.658269E+06   0.767671E+00   0.153240E-02   0.324368E+00  -0.844608E+09
   0.820614E-01   0.189384E+07   0.187865E+07   0.171679E+02   0.171679E+02   0.108504E+06   0.188285E+07   0.189129E+07   0.188285E+07  -0.226917E-01   0.613488E+06   0.613302E+06   0.758431E+00   0.128855E-02   0.324365E+00  -0.747587E+09
   0.861644E-01   0.176452E+07   0.174823E+07   0.145056E+02   0.145056E+02   0.942286E+05   0.175390E+07   0.176179E+07   0.175390E+07  -0.211375E-01   0.571480E+06   0.571288E+06   0.743456E+00   0.108872E-02   0.324362E+00  -0.663230E+09
   0.912856E-01   0.162069E+07   0.160364E+07   0.118677E+02   0.118677E+02   0.795638E+05   0.161055E+07   0.161783E+07   0.161055E+07  -0.194100E-01   0.524782E+06   0.524589E+06   0.704279E+00   0.890722E-03   0.324359E+00  -0.574865E+09
   0.964067E-01   0.150069E+07   0.148389E+07   0.985139E+01   0.985139E+01   0.679842E+05   0.149110E+07   0.149787E+07   0.149110E+07  -0.179704E-01   0.485868E+06   0.485683E+06   0.639357E+00   0.739386E-03   0.324356E+00  -0.503964E+09
   0.101528E+00   0.140600E+07   0.139046E+07   0.832235E+01   0.832235E+01   0.589811E+05   0.139703E+07   0.140339E+07   0.139703E+07  -0.168367E-01   0.455218E+06   0.455049E+06   0.555386E+00   0.624622E-03   0.324353E+00  -0.448356E+09
   0.106649E+00   0.133318E+07   0.131962E+07   0.715273E+01   0.715273E+01   0.519541E+05   0.132485E+07   0.133091E+07   0.132485E+07  -0.159668E-01   0.431702E+06   0.431553E+06   0.464493E+00   0.536836E-03   0.324351E+00  -0.404779E+09
   0.111770E+00   0.127511E+07   0.126379E+07   0.622997E+01   0.622997E+01   0.462947E+05   0.126740E+07   0.127321E+07   0.126740E+07  -0.152745E-01   0.412982E+06   0.412855E+06   0.379427E+00   0.467578E-03   0.324349E+00  -0.369487E+09
   0.116891E+00   0.122408E+07   0.121479E+07   0.546929E+01   0.546929E+01   0.415130E+05   0.121693E+07   0.122252E+07   0.121693E+07  -0.146662E-01   0.396537E+06   0.396428E+06   0.310045E+00   0.410485E-03   0.324347E+00  -0.339233E+09
   0.122012E+00   0.117409E+07   0.116627E+07   0.481553E+01   0.481553E+01   0.372805E+05   0.116740E+07   0.117277E+07   0.116740E+07  -0.140692E-01   0.380397E+06   0.380302E+06   0.261349E+00   0.361417E-03   0.324346E+00  -0.311767E+09
   0.127134E+00   0.112159E+07   0.111455E+07   0.423732E+01   0.423732E+01   0.334161E+05   0.111526E+07   0.112040E+07   0.111526E+07  -0.134409E-01   0.363409E+06   0.363320E+06   0.233150E+00   0.318021E-03   0.324344E+00  -0.285847E+09
   0.132255E+00   0.106561E+07   0.105867E+07   0.371995E+01   0.371995E+01   0.298485E+05   0.105955E+07   0.106444E+07   0.105955E+07  -0.127694E-01   0.345257E+06   0.345169E+06   0.221122E+00   0.279190E-03   0.324343E+00  -0.261053E+09
   0.137376E+00   0.100728E+07   0.999980E+06   0.325865E+01   0.325865E+01   0.265757E+05   0.100142E+07   0.100605E+07   0.100142E+07  -0.120688E-01   0.326318E+06   0.326228E+06   0.218679E+00   0.244568E-03   0.324342E+00  -0.237534E+09
   0.142497E+00   0.949091E+06   0.941239E+06   0.285319E+01   0.285319E+01   0.236280E+05   0.943399E+06   0.947773E+06   0.943399E+06  -0.113696E-01   0.307415E+06   0.307322E+06   0.219008E+00   0.214137E-03   0.324341E+00  -0.215731E+09
   0.147618E+00   0.894231E+06   0.885909E+06   0.250454E+01   0.250454E+01   0.210421E+05   0.888708E+06   0.892834E+06   0.888708E+06  -0.107105E-01   0.289596E+06   0.289500E+06   0.216742E+00   0.187970E-03   0.324340E+00  -0.196175E+09
   0.152739E+00   0.845714E+06   0.837206E+06   0.221221E+01   0.221221E+01   0.188411E+05   0.840379E+06   0.844286E+06   0.840379E+06  -0.101281E-01   0.273849E+06   0.273754E+06   0.208882E+00   0.166030E-03   0.324339E+00  -0.179288E+09
   0.157860E+00   0.805211E+06   0.796891E+06   0.197173E+01   0.197173E+01   0.170107E+05   0.800090E+06   0.803814E+06   0.800090E+06  -0.964250E-02   0.260721E+06   0.260629E+06   0.194920E+00   0.147981E-03   0.324338E+00  -0.165156E+09
   0.162982E+00   0.772423E+06   0.764638E+06   0.177452E+01   0.177452E+01   0.154974E+05   0.767540E+06   0.771116E+06   0.767540E+06  -0.925021E-02   0.250115E+06   0.250029E+06   0.176330E+00   0.133180E-03   0.324337E+00  -0.153459E+09
   0.168103E+00   0.745661E+06   0.738638E+06   0.161043E+01   0.161043E+01   0.142282E+05   0.741026E+06   0.744482E+06   0.741026E+06  -0.893067E-02   0.241475E+06   0.241396E+06   0.155751E+00   0.120865E-03   0.324336E+00  -0.143645E+09
   0.173224E+00   0.722793E+06   0.716599E+06   0.147032E+01   0.147032E+01   0.131340E+05   0.718399E+06   0.721753E+06   0.718399E+06  -0.865798E-02   0.234101E+06   0.234030E+06   0.136063E+00   0.110349E-03   0.324336E+00  -0.135142E+09
   0.178345E+00   0.701654E+06   0.696199E+06   0.134670E+01   0.134670E+01   0.121564E+05   0.697479E+06   0.700738E+06   0.697479E+06  -0.840586E-02   0.227284E+06   0.227220E+06   0.119576E+00   0.101072E-03   0.324335E+00  -0.127439E+09
   0.183466E+00   0.680236E+06   0.675316E+06   0.123384E+01   0.123384E+01   0.112490E+05   0.676248E+06   0.679410E+06   0.676248E+06  -0.814998E-02   0.220365E+06   0.220306E+06   0.107525E+00   0.926009E-04   0.324335E+00  -0.120111E+09
   0.188587E+00   0.657240E+06   0.652605E+06   0.112829E+01   0.112829E+01   0.103851E+05   0.653404E+06   0.656462E+06   0.653404E+06  -0.787467E-02   0.212922E+06   0.212865E+06   0.999831E-01   0.846797E-04   0.324334E+00  -0.112903E+09
   0.193708E+00   0.632534E+06   0.627952E+06   0.102919E+01   0.102919E+01   0.955915E+04   0.628820E+06   0.631764E+06   0.628820E+06  -0.757839E-02   0.204911E+06   0.204855E+06   0.960768E-01   0.772418E-04   0.324334E+00  -0.105782E+09
   0.198830E+00   0.606924E+06   0.602239E+06   0.937230E+00   0.937230E+00   0.878080E+04   0.603310E+06   0.606137E+06   0.603310E+06  -0.727095E-02   0.196599E+06   0.196543E+06   0.943798E-01   0.703401E-04   0.324333E+00  -0.988771E+08
   0.203951E+00   0.581531E+06   0.576682E+06   0.853397E+00   0.853397E+00   0.806190E+04   0.578006E+06   0.580717E+06   0.578006E+06  -0.696600E-02   0.188354E+06   0.188297E+06   0.933435E-01   0.640483E-04   0.324333E+00  -0.923516E+08
   0.209072E+00   0.557445E+06   0.552467E+06   0.778389E+00   0.778389E+00   0.741187E+04   0.554010E+06   0.556609E+06   0.554010E+06  -0.667680E-02   0.180536E+06   0.180478E+06   0.916899E-01   0.584189E-04   0.324332E+00  -0.863495E+08
   0.214193E+00   0.535599E+06   0.530593E+06   0.712500E+00   0.712500E+00   0.683625E+04   0.532260E+06   0.534759E+06   0.532260E+06  -0.641468E-02   0.173448E+06   0.173391E+06   0.886673E-01   0.534738E-04   0.324332E+00  -0.809761E+08
   0.219314E+00   0.516556E+06   0.511654E+06   0.655435E+00   0.655435E+00   0.633468E+04   0.513322E+06   0.515733E+06   0.513322E+06  -0.618644E-02   0.167277E+06   0.167222E+06   0.841171E-01   0.491910E-04   0.324332E+00  -0.762716E+08
   0.224435E+00   0.500312E+06   0.495636E+06   0.606198E+00   0.606198E+00   0.589996E+04   0.497191E+06   0.499527E+06   0.497191E+06  -0.599203E-02   0.162021E+06   0.161968E+06   0.783768E-01   0.454957E-04   0.324331E+00  -0.721891E+08
   0.229556E+00   0.486351E+06   0.481982E+06   0.563317E+00   0.563317E+00   0.551952E+04   0.483345E+06   0.485618E+06   0.483345E+06  -0.582517E-02   0.157509E+06   0.157459E+06   0.720865E-01   0.422774E-04   0.324331E+00  -0.686133E+08
   0.234678E+00   0.473887E+06   0.469849E+06   0.525227E+00   0.525227E+00   0.517966E+04   0.470994E+06   0.473209E+06   0.470994E+06  -0.567631E-02   0.153484E+06   0.153437E+06   0.659667E-01   0.394188E-04   0.324331E+00  -0.654010E+08
   0.239799E+00   0.462083E+06   0.458346E+06   0.490539E+00   0.490539E+00   0.486769E+04   0.459295E+06   0.461456E+06   0.459295E+06  -0.553532E-02   0.149671E+06   0.149628E+06   0.606205E-01   0.368154E-04   0.324330E+00  -0.624146E+08
   0.244920E+00   0.450230E+06   0.446724E+06   0.458201E+00   0.458201E+00   0.457404E+04   0.447535E+06   0.449641E+06   0.447535E+06  -0.539359E-02   0.145839E+06   0.145797E+06   0.564025E-01   0.343883E-04   0.324330E+00  -0.595449E+08
   0.250041E+00   0.437913E+06   0.434551E+06   0.427604E+00   0.427604E+00   0.429325E+04   0.435299E+06   0.437348E+06   0.435299E+06  -0.524612E-02   0.141852E+06   0.141812E+06   0.533774E-01   0.320921E-04   0.324330E+00  -0.567307E+08
   0.255162E+00   0.425085E+06   0.421784E+06   0.398579E+00   0.398579E+00   0.402405E+04   0.422541E+06   0.424531E+06   0.422541E+06  -0.509236E-02   0.137694E+06   0.137655E+06   0.513579E-01   0.299137E-04   0.324330E+00  -0.539628E+08
   0.260283E+00   0.411983E+06   0.408685E+06   0.371228E+00   0.371228E+00   0.376804E+04   0.409500E+06   0.411430E+06   0.409500E+06  -0.493520E-02   0.133445E+06   0.133406E+06   0.499948E-01   0.278609E-04   0.324329E+00  -0.512685E+08
   0.265404E+00   0.398981E+06   0.395660E+06   0.345753E+00   0.345753E+00   0.352760E+04   0.396555E+06   0.398424E+06   0.396555E+06  -0.477918E-02   0.129227E+06   0.129188E+06   0.488886E-01   0.259490E-04   0.324329E+00  -0.486898E+08
   0.270526E+00   0.386485E+06   0.383149E+06   0.322347E+00   0.322347E+00   0.330525E+04   0.384115E+06   0.385925E+06   0.384115E+06  -0.462926E-02   0.125173E+06   0.125134E+06   0.476938E-01   0.241924E-04   0.324329E+00  -0.462696E+08
   0.275647E+00   0.374854E+06   0.371535E+06   0.301126E+00   0.301126E+00   0.310254E+04   0.372540E+06   0.374297E+06   0.372540E+06  -0.448977E-02   0.121401E+06   0.121363E+06   0.461899E-01   0.225997E-04   0.324329E+00  -0.440417E+08
   0.280768E+00   0.364300E+06   0.361042E+06   0.282065E+00   0.282065E+00   0.291971E+04   0.362045E+06   0.363753E+06   0.362045E+06  -0.436329E-02   0.117982E+06   0.117944E+06   0.443065E-01   0.211692E-04   0.324329E+00  -0.420204E+08
   0.285889E+00   0.354832E+06   0.351677E+06   0.264982E+00   0.264982E+00   0.275525E+04   0.352639E+06   0.354303E+06   0.352639E+06  -0.424992E-02   0.114916E+06   0.114880E+06   0.421086E-01   0.198871E-04   0.324329E+00  -0.401955E+08
   0.291010E+00   0.346285E+06   0.343263E+06   0.249585E+00   0.249585E+00   0.260646E+04   0.344153E+06   0.345777E+06   0.344153E+06  -0.414766E-02   0.112151E+06   0.112116E+06   0.397521E-01   0.187315E-04   0.324328E+00  -0.385380E+08
   0.296131E+00   0.338396E+06   0.335518E+06   0.235545E+00   0.235545E+00   0.247024E+04   0.336325E+06   0.337912E+06   0.336325E+06  -0.405331E-02   0.109600E+06   0.109567E+06   0.374272E-01   0.176778E-04   0.324328E+00  -0.370101E+08
   0.301252E+00   0.330879E+06   0.328137E+06   0.222557E+00   0.222557E+00   0.234356E+04   0.328866E+06   0.330419E+06   0.328866E+06  -0.396342E-02   0.107169E+06   0.107137E+06   0.353039E-01   0.167031E-04   0.324328E+00  -0.355741E+08
   0.306374E+00   0.323481E+06   0.320853E+06   0.210373E+00   0.210373E+00   0.222406E+04   0.321521E+06   0.323040E+06   0.321521E+06  -0.387490E-02   0.104776E+06   0.104745E+06   0.334922E-01   0.157887E-04   0.324328E+00  -0.341983E+08
   0.311495E+00   0.316031E+06   0.313486E+06   0.198829E+00   0.198829E+00   0.211007E+04   0.314120E+06   0.315604E+06   0.314120E+06  -0.378571E-02   0.102364E+06   0.102334E+06   0.320266E-01   0.149222E-04   0.324328E+00  -0.328618E+08
   0.316616E+00   0.308480E+06   0.305988E+06   0.187849E+00   0.187849E+00   0.200097E+04   0.306613E+06   0.308061E+06   0.306613E+06  -0.369523E-02   0.999176E+05   0.998883E+05   0.308708E-01   0.140982E-04   0.324328E+00  -0.315576E+08
   0.321737E+00   0.300887E+06   0.298426E+06   0.177436E+00   0.177436E+00   0.189688E+04   0.299061E+06   0.300474E+06   0.299061E+06  -0.360421E-02   0.974567E+05   0.974278E+05   0.299390E-01   0.133167E-04   0.324327E+00  -0.302904E+08
   0.326858E+00   0.293380E+06   0.290938E+06   0.167626E+00   0.167626E+00   0.179828E+04   0.291592E+06   0.292970E+06   0.291592E+06  -0.351420E-02   0.950230E+05   0.949945E+05   0.291241E-01   0.125805E-04   0.324327E+00  -0.290712E+08
   0.331979E+00   0.286103E+06   0.283678E+06   0.158460E+00   0.158460E+00   0.170574E+04   0.284352E+06   0.285696E+06   0.284352E+06  -0.342694E-02   0.926635E+05   0.926353E+05   0.283263E-01   0.118925E-04   0.324327E+00  -0.279120E+08
   0.337100E+00   0.279176E+06   0.276778E+06   0.149958E+00   0.149958E+00   0.161954E+04   0.277462E+06   0.278773E+06   0.277462E+06  -0.334390E-02   0.904184E+05   0.903906E+05   0.274749E-01   0.112545E-04   0.324327E+00  -0.268220E+08
   0.342222E+00   0.272678E+06   0.270320E+06   0.142116E+00   0.142116E+00   0.153978E+04   0.271001E+06   0.272282E+06   0.271001E+06  -0.326604E-02   0.883129E+05   0.882857E+05   0.265389E-01   0.106659E-04   0.324327E+00  -0.258054E+08
   0.347343E+00   0.266626E+06   0.264323E+06   0.134894E+00   0.134894E+00   0.146609E+04   0.264987E+06   0.266240E+06   0.264987E+06  -0.319356E-02   0.863531E+05   0.863265E+05   0.255255E-01   0.101239E-04   0.324327E+00  -0.248607E+08
   0.352464E+00   0.260980E+06   0.258742E+06   0.128230E+00   0.128230E+00   0.139789E+04   0.259378E+06   0.260604E+06   0.259378E+06  -0.312596E-02   0.845253E+05   0.844994E+05   0.244708E-01   0.962376E-05   0.324327E+00  -0.239809E+08
   0.357585E+00   0.255655E+06   0.253487E+06   0.122043E+00   0.122043E+00   0.133437E+04   0.254089E+06   0.255291E+06   0.254089E+06  -0.306222E-02   0.828018E+05   0.827767E+05   0.234245E-01   0.915944E-05   0.324327E+00  -0.231555E+08
   0.362706E+00   0.250552E+06   0.248453E+06   0.116256E+00   0.116256E+00   0.127474E+04   0.249022E+06   0.250200E+06   0.249022E+06  -0.300115E-02   0.811504E+05   0.811260E+05   0.224353E-01   0.872507E-05   0.324327E+00  -0.223733E+08
   0.367827E+00   0.245582E+06   0.243544E+06   0.110800E+00   0.110800E+00   0.121832E+04   0.244085E+06   0.245240E+06   0.244085E+06  -0.294165E-02   0.795416E+05   0.795179E+05   0.215387E-01   0.831562E-05   0.324327E+00  -0.216244E+08
   0.372948E+00   0.240675E+06   0.238690E+06   0.105626E+00   0.105626E+00   0.116458E+04   0.239210E+06   0.240342E+06   0.239210E+06  -0.288290E-02   0.779531E+05   0.779299E+05   0.207504E-01   0.792728E-05   0.324327E+00  -0.209016E+08
   0.378070E+00   0.235798E+06   0.233854E+06   0.100701E+00   0.100701E+00   0.111323E+04   0.234363E+06   0.235472E+06   0.234363E+06  -0.282448E-02   0.763735E+05   0.763508E+05   0.200656E-01   0.755767E-05   0.324326E+00  -0.202006E+08
   0.383191E+00   0.230956E+06   0.229043E+06   0.960134E-01   0.960134E-01   0.106414E+04   0.229548E+06   0.230635E+06   0.229548E+06  -0.276646E-02   0.748046E+05   0.747822E+05   0.194639E-01   0.720588E-05   0.324326E+00  -0.195212E+08
   0.388312E+00   0.226188E+06   0.224301E+06   0.915664E-01   0.915664E-01   0.101741E+04   0.224807E+06   0.225871E+06   0.224807E+06  -0.270932E-02   0.732595E+05   0.732375E+05   0.189168E-01   0.687213E-05   0.324326E+00  -0.188659E+08
   0.393433E+00   0.221541E+06   0.219678E+06   0.873647E-01   0.873647E-01   0.973105E+03   0.220186E+06   0.221228E+06   0.220186E+06  -0.265363E-02   0.717537E+05   0.717320E+05   0.183951E-01   0.655679E-05   0.324326E+00  -0.182376E+08
   0.398554E+00   0.217053E+06   0.215216E+06   0.834088E-01   0.834088E-01   0.931259E+03   0.215724E+06   0.216745E+06   0.215724E+06  -0.259985E-02   0.702996E+05   0.702782E+05   0.178755E-01   0.625989E-05   0.324326E+00  -0.176384E+08
   0.403675E+00   0.212751E+06   0.210943E+06   0.796938E-01   0.796938E-01   0.891859E+03   0.211446E+06   0.212447E+06   0.211446E+06  -0.254830E-02   0.689057E+05   0.688847E+05   0.173446E-01   0.598107E-05   0.324326E+00  -0.170693E+08
   0.408796E+00   0.208648E+06   0.206873E+06   0.762108E-01   0.762108E-01   0.854811E+03   0.207368E+06   0.208350E+06   0.207368E+06  -0.249915E-02   0.675767E+05   0.675561E+05   0.168003E-01   0.571967E-05   0.324326E+00  -0.165304E+08
   0.413918E+00   0.204740E+06   0.203003E+06   0.729447E-01   0.729447E-01   0.819997E+03   0.203485E+06   0.204448E+06   0.203485E+06  -0.245235E-02   0.663113E+05   0.662911E+05   0.162498E-01   0.547455E-05   0.324326E+00  -0.160202E+08
   0.419039E+00   0.201002E+06   0.199304E+06   0.698738E-01   0.698738E-01   0.787172E+03   0.199771E+06   0.200717E+06   0.199771E+06  -0.240760E-02   0.651011E+05   0.650814E+05   0.157054E-01   0.524407E-05   0.324326E+00  -0.155356E+08
   0.424160E+00   0.197397E+06   0.195738E+06   0.669740E-01   0.669740E-01   0.756102E+03   0.196189E+06   0.197119E+06   0.196189E+06  -0.236443E-02   0.639339E+05   0.639146E+05   0.151805E-01   0.502645E-05   0.324326E+00  -0.150729E+08
   0.429281E+00   0.193891E+06   0.192269E+06   0.642247E-01   0.642247E-01   0.726560E+03   0.192706E+06   0.193619E+06   0.192706E+06  -0.232245E-02   0.627988E+05   0.627799E+05   0.146862E-01   0.482011E-05   0.324326E+00  -0.146286E+08
   0.434402E+00   0.190461E+06   0.188873E+06   0.616101E-01   0.616101E-01   0.698384E+03   0.189298E+06   0.190195E+06   0.189298E+06  -0.228137E-02   0.616881E+05   0.616696E+05   0.142289E-01   0.462388E-05   0.324326E+00  -0.142005E+08
   0.439523E+00   0.187092E+06   0.185533E+06   0.591181E-01   0.591181E-01   0.671459E+03   0.185949E+06   0.186830E+06   0.185949E+06  -0.224101E-02   0.605968E+05   0.605786E+05   0.138093E-01   0.443686E-05   0.324326E+00  -0.137868E+08
   0.444644E+00   0.183775E+06   0.182243E+06   0.567402E-01   0.567402E-01   0.645688E+03   0.182653E+06   0.183518E+06   0.182653E+06  -0.220129E-02   0.595226E+05   0.595047E+05   0.134231E-01   0.425839E-05   0.324326E+00  -0.133864E+08
   0.449766E+00   0.180516E+06   0.179007E+06   0.544718E-01   0.544718E-01   0.621045E+03   0.179413E+06   0.180263E+06   0.179413E+06  -0.216224E-02   0.584669E+05   0.584492E+05   0.130626E-01   0.408815E-05   0.324326E+00  -0.129992E+08
   0.454887E+00   0.177328E+06   0.175841E+06   0.523115E-01   0.523115E-01   0.597510E+03   0.176243E+06   0.177079E+06   0.176243E+06  -0.212404E-02   0.574340E+05   0.574166E+05   0.127193E-01   0.392601E-05   0.324326E+00  -0.126258E+08
   0.460008E+00   0.174227E+06   0.172761E+06   0.502583E-01   0.502583E-01   0.575094E+03   0.173160E+06   0.173981E+06   0.173160E+06  -0.208688E-02   0.564292E+05   0.564121E+05   0.123858E-01   0.377192E-05   0.324326E+00  -0.122668E+08
   0.465129E+00   0.171223E+06   0.169779E+06   0.483100E-01   0.483100E-01   0.553772E+03   0.170174E+06   0.170980E+06   0.170174E+06  -0.205090E-02   0.554561E+05   0.554393E+05   0.120569E-01   0.362570E-05   0.324326E+00  -0.119226E+08
   0.470250E+00   0.168320E+06   0.166899E+06   0.464621E-01   0.464621E-01   0.533505E+03   0.167288E+06   0.168081E+06   0.167288E+06  -0.201612E-02   0.545157E+05   0.544992E+05   0.117303E-01   0.348701E-05   0.324325E+00  -0.115928E+08
   0.475371E+00   0.165514E+06   0.164118E+06   0.447086E-01   0.447086E-01   0.514237E+03   0.164500E+06   0.165280E+06   0.164500E+06  -0.198252E-02   0.536071E+05   0.535909E+05   0.114065E-01   0.335541E-05   0.324325E+00  -0.112767E+08
   0.480492E+00   0.162801E+06   0.161429E+06   0.430434E-01   0.430434E-01   0.495897E+03   0.161804E+06   0.162571E+06   0.161804E+06  -0.195002E-02   0.527284E+05   0.527124E+05   0.110883E-01   0.323044E-05   0.324325E+00  -0.109737E+08
   0.485614E+00   0.160171E+06   0.158825E+06   0.414598E-01   0.414598E-01   0.478426E+03   0.159191E+06   0.159945E+06   0.159191E+06  -0.191853E-02   0.518769E+05   0.518612E+05   0.107791E-01   0.311159E-05   0.324325E+00  -0.106826E+08
   0.490735E+00   0.157614E+06   0.156292E+06   0.399509E-01   0.399509E-01   0.461739E+03   0.156649E+06   0.157392E+06   0.156649E+06  -0.188790E-02   0.510488E+05   0.510334E+05   0.104822E-01   0.299835E-05   0.324325E+00  -0.104024E+08
   0.495856E+00   0.155116E+06   0.153817E+06   0.385100E-01   0.385100E-01   0.445774E+03   0.154167E+06   0.154898E+06   0.154167E+06  -0.185799E-02   0.502399E+05   0.502248E+05   0.101997E-01   0.289020E-05   0.324325E+00  -0.101318E+08
   0.500977E+00   0.152669E+06   0.151391E+06   0.371314E-01   0.371314E-01   0.430465E+03   0.151735E+06   0.152454E+06   0.151735E+06  -0.182867E-02   0.494472E+05   0.494323E+05   0.993243E-02   0.278674E-05   0.324325E+00  -0.987002E+07
   0.506098E+00   0.150268E+06   0.149011E+06   0.358117E-01   0.358117E-01   0.415781E+03   0.149349E+06   0.150057E+06   0.149349E+06  -0.179992E-02   0.486698E+05   0.486551E+05   0.967961E-02   0.268769E-05   0.324325E+00  -0.961653E+07
   0.511219E+00   0.147917E+06   0.146678E+06   0.345485E-01   0.345485E-01   0.401700E+03   0.147012E+06   0.147709E+06   0.147012E+06  -0.177175E-02   0.479081E+05   0.478936E+05   0.943951E-02   0.259289E-05   0.324325E+00  -0.937121E+07
   0.516340E+00   0.145616E+06   0.144395E+06   0.333397E-01   0.333397E-01   0.388196E+03   0.144725E+06   0.145411E+06   0.144725E+06  -0.174419E-02   0.471628E+05   0.471485E+05   0.920967E-02   0.250217E-05   0.324325E+00  -0.913392E+07
   0.521462E+00   0.143367E+06   0.142163E+06   0.321832E-01   0.321832E-01   0.375254E+03   0.142489E+06   0.143165E+06   0.142489E+06  -0.171724E-02   0.464342E+05   0.464202E+05   0.898759E-02   0.241537E-05   0.324325E+00  -0.890450E+07
   0.526583E+00   0.141172E+06   0.139986E+06   0.310770E-01   0.310770E-01   0.362850E+03   0.140307E+06   0.140973E+06   0.140307E+06  -0.169095E-02   0.457233E+05   0.457095E+05   0.877133E-02   0.233235E-05   0.324325E+00  -0.868290E+07
   0.531704E+00   0.139035E+06   0.137866E+06   0.300199E-01   0.300199E-01   0.350979E+03   0.138184E+06   0.138839E+06   0.138184E+06  -0.166536E-02   0.450312E+05   0.450176E+05   0.855975E-02   0.225302E-05   0.324325E+00  -0.846911E+07
   0.536825E+00   0.136958E+06   0.135806E+06   0.290098E-01   0.290098E-01   0.339614E+03   0.136118E+06   0.136764E+06   0.136118E+06  -0.164047E-02   0.443583E+05   0.443448E+05   0.835253E-02   0.217720E-05   0.324325E+00  -0.826296E+07
   0.541946E+00   0.134935E+06   0.133801E+06   0.280439E-01   0.280439E-01   0.328732E+03   0.134109E+06   0.134745E+06   0.134109E+06  -0.161625E-02   0.437034E+05   0.436901E+05   0.814991E-02   0.210471E-05   0.324325E+00  -0.806404E+07
   0.547067E+00   0.132964E+06   0.131847E+06   0.271192E-01   0.271192E-01   0.318295E+03   0.132150E+06   0.132776E+06   0.132150E+06  -0.159264E-02   0.430649E+05   0.430518E+05   0.795257E-02   0.203532E-05   0.324325E+00  -0.787184E+07
   0.559946E+00   0.128211E+06   0.127136E+06   0.249609E-01   0.249609E-01   0.293863E+03   0.127426E+06   0.128031E+06   0.127426E+06  -0.153571E-02   0.415256E+05   0.415131E+05   0.748461E-02   0.187333E-05   0.324325E+00  -0.741591E+07
   0.593872E+00   0.116827E+06   0.115846E+06   0.202200E-01   0.202200E-01   0.239827E+03   0.116111E+06   0.116662E+06   0.116111E+06  -0.139934E-02   0.378382E+05   0.378268E+05   0.644295E-02   0.151753E-05   0.324325E+00  -0.637136E+07
   0.629853E+00   0.106425E+06   0.105532E+06   0.163753E-01   0.163753E-01   0.195587E+03   0.105773E+06   0.106275E+06   0.105773E+06  -0.127475E-02   0.344693E+05   0.344589E+05   0.553595E-02   0.122898E-05   0.324325E+00  -0.547252E+07
   0.879031E+00   0.622128E+05   0.616910E+05   0.491470E-02   0.491470E-02   0.606034E+02   0.618315E+05   0.621252E+05   0.618315E+05  -0.745178E-03   0.201497E+05   0.201435E+05   0.234096E-02   0.368852E-06   0.324324E+00  -0.229223E+07
   0.122679E+01   0.359286E+05   0.356272E+05   0.145723E-02   0.145723E-02   0.183538E+02   0.357083E+05   0.358780E+05   0.357083E+05  -0.430348E-03   0.116367E+05   0.116330E+05   0.986963E-03   0.109366E-06   0.324323E+00  -0.948535E+06
   0.171212E+01   0.205335E+05   0.203611E+05   0.427582E-03   0.427582E-03   0.545824E+01   0.204075E+05   0.205045E+05   0.204075E+05  -0.245946E-03   0.665044E+04   0.664829E+04   0.418975E-03   0.320904E-07   0.324323E+00  -0.388427E+06
   0.238945E+01   0.116299E+05   0.115321E+05   0.124337E-03   0.124337E-03   0.160009E+01   0.115585E+05   0.116135E+05   0.115585E+05  -0.139300E-03   0.376672E+04   0.376542E+04   0.181822E-03   0.933165E-08   0.324322E+00  -0.157636E+06
