#          k/h    CDM            baryon         photon         nu             mass_nu        total          no_nu          total_de       Weyl           v_CDM          v_b            v_b-v_c        ISW            log_grow       pert_vel    
   0.994668E-05   0.426469E+08   0.426469E+08   0.568427E+08   0.568422E+08   0.426502E+08   0.426469E+08   0.426469E+08   0.426621E+08  -0.458270E+00   0.992844E+07   0.992844E+07   0.801378E+01   0.112849E+07   0.565854E+00  -0.998203E+14
   0.109829E-04   0.426423E+08   0.426423E+08   0.568323E+08   0.568317E+08   0.426456E+08   0.426423E+08   0.426423E+08   0.426575E+08  -0.458221E+00   0.992788E+07   0.992788E+07   0.884831E+01   0.925640E+06   0.565770E+00  -0.903969E+14
   0.121272E-04   0.426367E+08   0.426367E+08   0.568196E+08   0.568189E+08   0.426400E+08   0.426368E+08   0.426367E+08   0.426519E+08  -0.458161E+00   0.992720E+07   0.992720E+07   0.976966E+01   0.759262E+06   0.565667E+00  -0.818621E+14
   0.133906E-04   0.426300E+08   0.426300E+08   0.568041E+08   0.568032E+08   0.426332E+08   0.426300E+08   0.426300E+08   0.426452E+08  -0.458088E+00   0.992638E+07   0.992637E+07   0.107868E+02   0.622798E+06   0.565541E+00  -0.741321E+14
   0.147857E-04   0.426217E+08   0.426217E+08   0.567852E+08   0.567842E+08   0.426249E+08   0.426217E+08   0.426217E+08   0.426369E+08  -0.457999E+00   0.992537E+07   0.992537E+07   0.119097E+02   0.510871E+06   0.565388E+00  -0.671307E+14
   0.163261E-04   0.426116E+08   0.426116E+08   0.567622E+08   0.567609E+08   0.426148E+08   0.426116E+08   0.426116E+08   0.426268E+08  -0.457891E+00   0.992414E+07   0.992414E+07   0.131493E+02   0.419068E+06   0.565202E+00  -0.607892E+14
   0.180270E-04   0.425994E+08   0.425994E+08   0.567342E+08   0.567326E+08   0.426026E+08   0.425994E+08   0.425994E+08   0.426145E+08  -0.457759E+00   0.992264E+07   0.992264E+07   0.145176E+02   0.343772E+06   0.564975E+00  -0.550453E+14
   0.199051E-04   0.425844E+08   0.425844E+08   0.567001E+08   0.566982E+08   0.425876E+08   0.425845E+08   0.425844E+08   0.425996E+08  -0.457599E+00   0.992082E+07   0.992082E+07   0.160279E+02   0.282014E+06   0.564699E+00  -0.498425E+14
   0.219788E-04   0.425663E+08   0.425663E+08   0.566585E+08   0.566562E+08   0.425694E+08   0.425663E+08   0.425663E+08   0.425814E+08  -0.457403E+00   0.991860E+07   0.991860E+07   0.176948E+02   0.231360E+06   0.564363E+00  -0.451296E+14
   0.242687E-04   0.425441E+08   0.425441E+08   0.566079E+08   0.566051E+08   0.425472E+08   0.425442E+08   0.425441E+08   0.425593E+08  -0.457166E+00   0.991590E+07   0.991590E+07   0.195344E+02   0.189813E+06   0.563955E+00  -0.408604E+14
   0.267970E-04   0.425172E+08   0.425172E+08   0.565463E+08   0.565429E+08   0.425202E+08   0.425172E+08   0.425172E+08   0.425323E+08  -0.456876E+00   0.991261E+07   0.991261E+07   0.215642E+02   0.155736E+06   0.563459E+00  -0.369928E+14
   0.295888E-04   0.424845E+08   0.424845E+08   0.564713E+08   0.564672E+08   0.424874E+08   0.424845E+08   0.424845E+08   0.424996E+08  -0.456525E+00   0.990861E+07   0.990861E+07   0.238037E+02   0.127785E+06   0.562858E+00  -0.334889E+14
   0.326714E-04   0.424447E+08   0.424447E+08   0.563802E+08   0.563751E+08   0.424476E+08   0.424448E+08   0.424447E+08   0.424598E+08  -0.456097E+00   0.990374E+07   0.990374E+07   0.262740E+02   0.104860E+06   0.562127E+00  -0.303143E+14
   0.360752E-04   0.423965E+08   0.423965E+08   0.562693E+08   0.562631E+08   0.423992E+08   0.423965E+08   0.423965E+08   0.424115E+08  -0.455578E+00   0.989782E+07   0.989782E+07   0.289984E+02   0.860553E+05   0.561243E+00  -0.274376E+14
   0.398336E-04   0.423379E+08   0.423379E+08   0.561347E+08   0.561272E+08   0.423405E+08   0.423379E+08   0.423379E+08   0.423529E+08  -0.454949E+00   0.989063E+07   0.989063E+07   0.320022E+02   0.706310E+05   0.560173E+00  -0.248308E+14
   0.439836E-04   0.422669E+08   0.422669E+08   0.559712E+08   0.559621E+08   0.422693E+08   0.422669E+08   0.422669E+08   0.422819E+08  -0.454186E+00   0.988190E+07   0.988189E+07   0.353129E+02   0.579788E+05   0.558880E+00  -0.224681E+14
   0.485659E-04   0.421810E+08   0.421809E+08   0.557730E+08   0.557619E+08   0.421832E+08   0.421810E+08   0.421810E+08   0.421959E+08  -0.453262E+00   0.987130E+07   0.987130E+07   0.389605E+02   0.476001E+05   0.557321E+00  -0.203263E+14
   0.536256E-04   0.420771E+08   0.420771E+08   0.555329E+08   0.555193E+08   0.420791E+08   0.420771E+08   0.420771E+08   0.420919E+08  -0.452146E+00   0.985846E+07   0.985845E+07   0.429774E+02   0.390858E+05   0.555446E+00  -0.183845E+14
   0.592125E-04   0.419518E+08   0.419518E+08   0.552424E+08   0.552259E+08   0.419535E+08   0.419518E+08   0.419518E+08   0.419666E+08  -0.450799E+00   0.984292E+07   0.984291E+07   0.473982E+02   0.321003E+05   0.553198E+00  -0.166237E+14
   0.653814E-04   0.418010E+08   0.418010E+08   0.548915E+08   0.548714E+08   0.418023E+08   0.418010E+08   0.418010E+08   0.418157E+08  -0.449178E+00   0.982414E+07   0.982413E+07   0.522603E+02   0.263685E+05   0.550511E+00  -0.150265E+14
   0.721930E-04   0.416200E+08   0.416199E+08   0.544685E+08   0.544441E+08   0.416208E+08   0.416200E+08   0.416200E+08   0.416345E+08  -0.447233E+00   0.980149E+07   0.980148E+07   0.576030E+02   0.216644E+05   0.547313E+00  -0.135773E+14
   0.797142E-04   0.414034E+08   0.414033E+08   0.539597E+08   0.539302E+08   0.414037E+08   0.414033E+08   0.414033E+08   0.414178E+08  -0.444904E+00   0.977423E+07   0.977421E+07   0.634675E+02   0.178030E+05   0.543524E+00  -0.122620E+14
   0.880190E-04   0.411451E+08   0.411450E+08   0.533495E+08   0.533137E+08   0.411447E+08   0.411451E+08   0.411451E+08   0.411593E+08  -0.442128E+00   0.974150E+07   0.974148E+07   0.698967E+02   0.146321E+05   0.539063E+00  -0.110679E+14
   0.971891E-04   0.408385E+08   0.408385E+08   0.526200E+08   0.525766E+08   0.408374E+08   0.408385E+08   0.408385E+08   0.408526E+08  -0.438833E+00   0.970234E+07   0.970232E+07   0.769338E+02   0.120273E+05   0.533845E+00  -0.998332E+13
   0.107314E-03   0.404766E+08   0.404765E+08   0.517511E+08   0.516987E+08   0.404744E+08   0.404765E+08   0.404766E+08   0.404904E+08  -0.434942E+00   0.965566E+07   0.965564E+07   0.846218E+02   0.988627E+04   0.527791E+00  -0.899787E+13
   0.118495E-03   0.400518E+08   0.400517E+08   0.507209E+08   0.506577E+08   0.400484E+08   0.400517E+08   0.400518E+08   0.400653E+08  -0.430376E+00   0.960026E+07   0.960022E+07   0.930013E+02   0.812521E+04   0.520831E+00  -0.810214E+13
   0.130840E-03   0.395567E+08   0.395566E+08   0.495057E+08   0.494296E+08   0.395519E+08   0.395566E+08   0.395567E+08   0.395699E+08  -0.425054E+00   0.953482E+07   0.953478E+07   0.102109E+03   0.667552E+04   0.512916E+00  -0.728767E+13
   0.144471E-03   0.389843E+08   0.389841E+08   0.480808E+08   0.479895E+08   0.389777E+08   0.389842E+08   0.389843E+08   0.389971E+08  -0.418901E+00   0.945800E+07   0.945796E+07   0.111974E+03   0.548104E+04   0.504023E+00  -0.654688E+13
   0.159522E-03   0.383285E+08   0.383283E+08   0.464213E+08   0.463121E+08   0.383198E+08   0.383284E+08   0.383284E+08   0.383408E+08  -0.411851E+00   0.936842E+07   0.936837E+07   0.122616E+03   0.449588E+04   0.494168E+00  -0.587301E+13
   0.176142E-03   0.375846E+08   0.375844E+08   0.445036E+08   0.443735E+08   0.375733E+08   0.375845E+08   0.375846E+08   0.375964E+08  -0.403855E+00   0.926476E+07   0.926469E+07   0.134037E+03   0.368262E+04   0.483413E+00  -0.526002E+13
   0.194493E-03   0.367503E+08   0.367500E+08   0.423068E+08   0.421526E+08   0.367358E+08   0.367502E+08   0.367503E+08   0.367615E+08  -0.394885E+00   0.914582E+07   0.914573E+07   0.146218E+03   0.301080E+04   0.471873E+00  -0.470256E+13
   0.214755E-03   0.358258E+08   0.358255E+08   0.398151E+08   0.396335E+08   0.358075E+08   0.358257E+08   0.358258E+08   0.358363E+08  -0.384946E+00   0.901064E+07   0.901054E+07   0.159113E+03   0.245566E+04   0.459713E+00  -0.419592E+13
   0.237129E-03   0.348146E+08   0.348141E+08   0.370203E+08   0.368079E+08   0.347915E+08   0.348144E+08   0.348145E+08   0.348243E+08  -0.374073E+00   0.885861E+07   0.885849E+07   0.172636E+03   0.199708E+04   0.447147E+00  -0.373590E+13
   0.261834E-03   0.337235E+08   0.337229E+08   0.339250E+08   0.336789E+08   0.336948E+08   0.337232E+08   0.337234E+08   0.337323E+08  -0.362341E+00   0.868953E+07   0.868938E+07   0.186655E+03   0.161868E+04   0.434422E+00  -0.331883E+13
   0.289112E-03   0.325628E+08   0.325621E+08   0.305463E+08   0.302640E+08   0.325273E+08   0.325625E+08   0.325627E+08   0.325706E+08  -0.349859E+00   0.850372E+07   0.850355E+07   0.200980E+03   0.130707E+04   0.421806E+00  -0.294142E+13
   0.319233E-03   0.313457E+08   0.313450E+08   0.269199E+08   0.266004E+08   0.313020E+08   0.313454E+08   0.313456E+08   0.313526E+08  -0.336771E+00   0.830208E+07   0.830188E+07   0.215356E+03   0.105123E+04   0.409561E+00  -0.260072E+13
   0.352491E-03   0.300880E+08   0.300872E+08   0.231049E+08   0.227485E+08   0.300343E+08   0.300876E+08   0.300879E+08   0.300938E+08  -0.323245E+00   0.808610E+07   0.808586E+07   0.229448E+03   0.842005E+03   0.397927E+00  -0.229406E+13
   0.389215E-03   0.288067E+08   0.288057E+08   0.191874E+08   0.187968E+08   0.287409E+08   0.288062E+08   0.288065E+08   0.288113E+08  -0.309463E+00   0.785779E+07   0.785751E+07   0.242843E+03   0.671696E+03   0.387104E+00  -0.201895E+13
   0.429764E-03   0.275194E+08   0.275182E+08   0.152835E+08   0.148639E+08   0.274391E+08   0.275189E+08   0.275192E+08   0.275229E+08  -0.295616E+00   0.761967E+07   0.761934E+07   0.255048E+03   0.533787E+03   0.377240E+00  -0.177304E+13
   0.474538E-03   0.262433E+08   0.262419E+08   0.115385E+08   0.110974E+08   0.261456E+08   0.262426E+08   0.262431E+08   0.262457E+08  -0.281889E+00   0.737460E+07   0.737422E+07   0.265508E+03   0.422726E+03   0.368425E+00  -0.155410E+13
   0.523976E-03   0.249942E+08   0.249925E+08   0.811921E+07   0.766545E+07   0.248755E+08   0.249934E+08   0.249939E+08   0.249955E+08  -0.268452E+00   0.712565E+07   0.712522E+07   0.273629E+03   0.333780E+03   0.360695E+00  -0.135995E+13
   0.578566E-03   0.237860E+08   0.237841E+08   0.519688E+07   0.473849E+07   0.236421E+08   0.237850E+08   0.237857E+08   0.237864E+08  -0.255455E+00   0.687597E+07   0.687548E+07   0.278830E+03   0.262918E+03   0.354035E+00  -0.118848E+13
   0.638842E-03   0.226303E+08   0.226280E+08   0.291775E+07   0.245837E+07   0.224562E+08   0.226291E+08   0.226299E+08   0.226298E+08  -0.243023E+00   0.662862E+07   0.662808E+07   0.280609E+03   0.206738E+03   0.348391E+00  -0.103762E+13
   0.705398E-03   0.215360E+08   0.215334E+08   0.136317E+07   0.897753E+06   0.213259E+08   0.215346E+08   0.215355E+08   0.215349E+08  -0.231254E+00   0.638644E+07   0.638585E+07   0.278615E+03   0.162383E+03   0.343682E+00  -0.905386E+12
   0.778888E-03   0.205095E+08   0.205066E+08   0.509075E+06   0.206761E+05   0.202565E+08   0.205078E+08   0.205090E+08   0.205079E+08  -0.220217E+00   0.615195E+07   0.615131E+07   0.272727E+03   0.127489E+03   0.339810E+00  -0.789853E+12
   0.860035E-03   0.195547E+08   0.195515E+08   0.205402E+06  -0.333643E+06   0.192509E+08   0.195528E+08   0.195542E+08   0.195528E+08  -0.209954E+00   0.592728E+07   0.592660E+07   0.263091E+03   0.100111E+03   0.336667E+00  -0.689203E+12
   0.949635E-03   0.186736E+08   0.186701E+08   0.202685E+06  -0.416006E+06   0.183096E+08   0.186713E+08   0.186730E+08   0.186713E+08  -0.200484E+00   0.571410E+07   0.571338E+07   0.250104E+03   0.786705E+02   0.334147E+00  -0.601724E+12
   0.104857E-02   0.178659E+08   0.178622E+08   0.240816E+06  -0.468871E+06   0.174311E+08   0.178633E+08   0.178653E+08   0.178633E+08  -0.191805E+00   0.551361E+07   0.551288E+07   0.234338E+03   0.618968E+02   0.332147E+00  -0.525829E+12
   0.115781E-02   0.171301E+08   0.171261E+08   0.171511E+06  -0.600487E+06   0.166122E+08   0.171270E+08   0.171294E+08   0.171269E+08  -0.183897E+00   0.532658E+07   0.532583E+07   0.216424E+03   0.487768E+02   0.330574E+00  -0.460061E+12
   0.127844E-02   0.164631E+08   0.164589E+08   0.257016E+05  -0.730409E+06   0.158487E+08   0.164594E+08   0.164624E+08   0.164594E+08  -0.176728E+00   0.515330E+07   0.515255E+07   0.196992E+03   0.385098E+02   0.329345E+00  -0.403099E+12
   0.141163E-02   0.158609E+08   0.158566E+08  -0.670762E+05  -0.701456E+06   0.151362E+08   0.158568E+08   0.158602E+08   0.158567E+08  -0.170256E+00   0.499371E+07   0.499296E+07   0.176698E+03   0.304669E+02   0.328391E+00  -0.353760E+12
   0.155869E-02   0.153189E+08   0.153146E+08  -0.627250E+05   0.385410E+06   0.144691E+08   0.153142E+08   0.153182E+08   0.153142E+08  -0.164431E+00   0.484734E+07   0.484661E+07   0.156328E+03   0.241580E+02   0.327652E+00  -0.310991E+12
   0.172108E-02   0.148318E+08   0.148276E+08  -0.562238E+05   0.306061E+06   0.138417E+08   0.148265E+08   0.148311E+08   0.148265E+08  -0.159193E+00   0.471353E+07   0.471282E+07   0.136779E+03   0.191975E+02   0.327082E+00  -0.273873E+12
   0.190039E-02   0.143941E+08   0.143900E+08  -0.913979E+05   0.243622E+06   0.132486E+08   0.143880E+08   0.143934E+08   0.143880E+08  -0.154485E+00   0.459132E+07   0.459064E+07   0.118882E+03   0.152888E+02   0.326641E+00  -0.241602E+12
   0.209838E-02   0.140000E+08   0.139959E+08  -0.814482E+05   0.194347E+06   0.126852E+08   0.139931E+08   0.139993E+08   0.139931E+08  -0.150244E+00   0.447959E+07   0.447894E+07   0.103224E+03   0.122008E+02   0.326299E+00  -0.213481E+12
   0.231699E-02   0.136437E+08   0.136396E+08  -0.482588E+05   0.155345E+06   0.121468E+08   0.136359E+08   0.136430E+08   0.136359E+08  -0.146409E+00   0.437710E+07   0.437647E+07   0.901030E+02   0.975491E+01   0.326033E+00  -0.188915E+12
   0.255838E-02   0.133194E+08   0.133153E+08  -0.636424E+05   0.124385E+06   0.116294E+08   0.133107E+08   0.133187E+08   0.133107E+08  -0.142917E+00   0.428252E+07   0.428191E+07   0.794385E+02   0.781217E+01   0.325824E+00  -0.167394E+12
   0.282492E-02   0.130217E+08   0.130175E+08  -0.412191E+05   0.997401E+05   0.111297E+08   0.130120E+08   0.130210E+08   0.130120E+08  -0.139710E+00   0.419452E+07   0.419392E+07   0.707066E+02   0.626498E+01   0.325658E+00  -0.148485E+12
   0.311923E-02   0.127453E+08   0.127408E+08  -0.315312E+05   0.800697E+05   0.106436E+08   0.127346E+08   0.127445E+08   0.127346E+08  -0.136731E+00   0.411176E+07   0.411117E+07   0.632113E+02   0.502976E+01   0.325524E+00  -0.131821E+12
   0.344419E-02   0.124852E+08   0.124805E+08  -0.154376E+05   0.643325E+05   0.101674E+08   0.124734E+08   0.124844E+08   0.124735E+08  -0.133926E+00   0.403292E+07   0.403234E+07   0.563643E+02   0.404129E+01   0.325416E+00  -0.117095E+12
   0.380302E-02   0.122368E+08   0.122319E+08  -0.845065E+04   0.517154E+05   0.969729E+07   0.122240E+08   0.122360E+08   0.122240E+08  -0.131248E+00   0.395678E+07   0.395621E+07   0.499844E+02   0.324870E+01   0.325326E+00  -0.104044E+12
   0.419923E-02   0.119959E+08   0.119907E+08   0.236815E+03   0.415816E+05   0.923011E+07   0.119820E+08   0.119951E+08   0.119820E+08  -0.128649E+00   0.388215E+07   0.388159E+07   0.442692E+02   0.261204E+01   0.325249E+00  -0.924504E+11
   0.463671E-02   0.117586E+08   0.117531E+08  -0.649407E+04   0.334302E+05   0.876338E+07   0.117435E+08   0.117577E+08   0.117435E+08  -0.126089E+00   0.380794E+07   0.380739E+07   0.394328E+02   0.209990E+01   0.325184E+00  -0.821270E+11
   0.511978E-02   0.115214E+08   0.115153E+08  -0.987504E+04   0.268660E+05   0.829645E+07   0.115051E+08   0.115204E+08   0.115051E+08  -0.123529E+00   0.373315E+07   0.373261E+07   0.353544E+02   0.168748E+01   0.325126E+00  -0.729172E+11
   0.565317E-02   0.112814E+08   0.112748E+08  -0.766635E+04   0.215762E+05   0.780746E+07   0.112639E+08   0.112803E+08   0.112639E+08  -0.120939E+00   0.365695E+07   0.365641E+07   0.317082E+02   0.135512E+01   0.325072E+00  -0.646892E+11
   0.624213E-02   0.110351E+08   0.110277E+08  -0.669301E+04   0.173102E+05   0.732243E+07   0.110163E+08   0.110339E+08   0.110163E+08  -0.118281E+00   0.357828E+07   0.357775E+07   0.283806E+02   0.108709E+01   0.325023E+00  -0.573254E+11
   0.689245E-02   0.107802E+08   0.107720E+08  -0.339695E+04   0.138696E+05   0.683005E+07   0.107602E+08   0.107788E+08   0.107602E+08  -0.115530E+00   0.349649E+07   0.349596E+07   0.254900E+02   0.870934E+00   0.324977E+00  -0.507299E+11
   0.761052E-02   0.105144E+08   0.105051E+08  -0.341516E+04   0.110950E+05   0.633776E+07   0.104931E+08   0.105128E+08   0.104931E+08  -0.112663E+00   0.341088E+07   0.341035E+07   0.229784E+02   0.696637E+00   0.324933E+00  -0.448184E+11
   0.840340E-02   0.102355E+08   0.102250E+08  -0.449933E+04   0.885855E+04   0.585289E+07   0.102130E+08   0.102338E+08   0.102130E+08  -0.109656E+00   0.332082E+07   0.332030E+07   0.207234E+02   0.556153E+00   0.324892E+00  -0.395180E+11
   0.927889E-02   0.994184E+07   0.992976E+07  -0.256120E+04   0.705706E+04   0.537375E+07   0.991821E+07   0.993982E+07   0.991821E+07  -0.106490E+00   0.322577E+07   0.322525E+07   0.187429E+02   0.443005E+00   0.324853E+00  -0.347650E+11
   0.102456E-01   0.963168E+07   0.961783E+07  -0.251557E+04   0.560739E+04   0.489881E+07   0.960697E+07   0.962935E+07   0.960697E+07  -0.103149E+00   0.312523E+07   0.312471E+07   0.169965E+02   0.351963E+00   0.324816E+00  -0.305035E+11
   0.113130E-01   0.930352E+07   0.928762E+07  -0.229377E+04   0.444227E+04   0.443326E+07   0.927782E+07   0.930085E+07   0.927782E+07  -0.996146E-01   0.301874E+07   0.301822E+07   0.154547E+02   0.278799E+00   0.324780E+00  -0.266840E+11
   0.124916E-01   0.895606E+07   0.893777E+07  -0.165342E+04   0.350726E+04   0.398298E+07   0.892947E+07   0.895299E+07   0.892946E+07  -0.958743E-01   0.290589E+07   0.290536E+07   0.140951E+02   0.220093E+00   0.324745E+00  -0.232629E+11
   0.137930E-01   0.858824E+07   0.856722E+07  -0.161746E+04   0.275832E+04   0.355085E+07   0.856088E+07   0.858471E+07   0.856088E+07  -0.919169E-01   0.278636E+07   0.278583E+07   0.128935E+02   0.173075E+00   0.324712E+00  -0.202013E+11
   0.152300E-01   0.819934E+07   0.817525E+07  -0.128463E+04   0.215974E+04   0.313688E+07   0.817136E+07   0.819530E+07   0.817136E+07  -0.877346E-01   0.265994E+07   0.265940E+07   0.118252E+02   0.135502E+00   0.324681E+00  -0.174652E+11
   0.168167E-01   0.779816E+07   0.777067E+07  -0.988493E+03   0.168458E+04   0.275052E+07   0.776968E+07   0.779355E+07   0.776968E+07  -0.834219E-01   0.252949E+07   0.252894E+07   0.108771E+02   0.105679E+00   0.324651E+00  -0.150415E+11
   0.185687E-01   0.736902E+07   0.733784E+07  -0.893204E+03   0.130549E+04   0.238627E+07   0.734023E+07   0.736379E+07   0.734023E+07  -0.788109E-01   0.238994E+07   0.238938E+07   0.100096E+02   0.818900E-01   0.324623E+00  -0.128708E+11
   0.205033E-01   0.692086E+07   0.688583E+07  -0.559784E+03   0.100550E+04   0.204963E+07   0.689195E+07   0.691498E+07   0.689195E+07  -0.739978E-01   0.224421E+07   0.224364E+07   0.920642E+01   0.630666E-01   0.324597E+00  -0.109456E+11
   0.226393E-01   0.644992E+07   0.641103E+07  -0.517610E+03   0.768466E+03   0.173990E+07   0.642113E+07   0.644339E+07   0.642113E+07  -0.689426E-01   0.209109E+07   0.209051E+07   0.843974E+01   0.481953E-01   0.324573E+00  -0.923643E+10
   0.249980E-01   0.597281E+07   0.593030E+07  -0.387957E+03   0.583563E+03   0.146216E+07   0.594436E+07   0.596567E+07   0.594436E+07  -0.638236E-01   0.193598E+07   0.193541E+07   0.769273E+01   0.365960E-01   0.324550E+00  -0.774446E+10
   0.276023E-01   0.549500E+07   0.544944E+07  -0.266912E+03   0.440260E+03   0.121606E+07   0.546714E+07   0.548735E+07   0.546714E+07  -0.586998E-01   0.178070E+07   0.178012E+07   0.694371E+01   0.276073E-01   0.324529E+00  -0.645115E+10
   0.304780E-01   0.501845E+07   0.497083E+07  -0.234150E+03   0.329718E+03   0.100019E+07   0.499148E+07   0.501045E+07   0.499148E+07  -0.535927E-01   0.162588E+07   0.162532E+07   0.617118E+01   0.206742E-01   0.324510E+00  -0.533450E+10
   0.336533E-01   0.455593E+07   0.450768E+07  -0.156127E+03   0.245464E+03   0.814628E+06   0.453016E+07   0.454783E+07   0.453016E+07  -0.486396E-01   0.147571E+07   0.147517E+07   0.536634E+01   0.153903E-01   0.324492E+00  -0.438494E+10
   0.371593E-01   0.412402E+07   0.407701E+07  -0.117732E+03   0.182218E+03   0.659134E+06   0.409977E+07   0.411613E+07   0.409977E+07  -0.440185E-01   0.133559E+07   0.133508E+07   0.453266E+01   0.114242E-01   0.324476E+00  -0.359412E+10
   0.410307E-01   0.373321E+07   0.368959E+07  -0.104485E+03   0.135285E+03   0.531347E+06   0.371077E+07   0.372589E+07   0.371077E+07  -0.398419E-01   0.120892E+07   0.120847E+07   0.368622E+01   0.848137E-02   0.324462E+00  -0.294630E+10
   0.451338E-01   0.340632E+07   0.336784E+07   0.102023E+03   0.102023E+03   0.432151E+06   0.338582E+07   0.339986E+07   0.338582E+07  -0.363530E-01   0.110302E+07   0.110260E+07   0.308780E+01   0.639642E-02   0.324425E+00  -0.244383E+10
   0.492368E-01   0.314828E+07   0.311590E+07   0.792466E+02   0.792466E+02   0.358605E+06   0.312967E+07   0.314285E+07   0.312967E+07  -0.336027E-01   0.101961E+07   0.101925E+07   0.238816E+01   0.496829E-02   0.324414E+00  -0.207078E+10
   0.533399E-01   0.294031E+07   0.291403E+07   0.630774E+02   0.630774E+02   0.302570E+06   0.292343E+07   0.293590E+07   0.292343E+07  -0.313884E-01   0.952440E+06   0.952148E+06   0.183017E+01   0.395447E-02   0.324406E+00  -0.178558E+10
   0.574430E-01   0.276520E+07   0.274427E+07   0.511609E+02   0.511609E+02   0.258487E+06   0.274984E+07   0.276169E+07   0.274984E+07  -0.295246E-01   0.895903E+06   0.895660E+06   0.141165E+01   0.320733E-02   0.324398E+00  -0.155963E+10
   0.615460E-01   0.260953E+07   0.259270E+07   0.420658E+02   0.420658E+02   0.222682E+06   0.259542E+07   0.260670E+07   0.259542E+07  -0.278666E-01   0.845607E+06   0.845401E+06   0.112048E+01   0.263709E-02   0.324392E+00  -0.137394E+10
   0.656491E-01   0.246292E+07   0.244870E+07   0.348987E+02   0.348987E+02   0.192693E+06   0.244980E+07   0.246053E+07   0.244980E+07  -0.263031E-01   0.798177E+06   0.797992E+06   0.936264E+00   0.218775E-02   0.324386E+00  -0.121582E+10
   0.697522E-01   0.231801E+07   0.230494E+07   0.290955E+02   0.290955E+02   0.166919E+06   0.230565E+07   0.231582E+07   0.230565E+07  -0.247553E-01   0.751224E+06   0.751049E+06   0.833412E+00   0.182394E-02   0.324381E+00  -0.107699E+10
   0.738552E-01   0.217601E+07   0.216289E+07   0.243611E+02   0.243611E+02   0.144742E+06   0.216421E+07   0.217381E+07   0.216421E+07  -0.232367E-01   0.705152E+06   0.704978E+06   0.786094E+00   0.152713E-02   0.324377E+00  -0.954771E+09
   0.779583E-01   0.203232E+07   0.201833E+07   0.204175E+02   0.204175E+02   0.125274E+06   0.202095E+07   0.202997E+07   0.202095E+07  -0.216987E-01   0.658489E+06   0.658309E+06   0.767680E+00   0.127990E-02   0.324374E+00  -0.844660E+09
   0.820614E-01   0.189391E+07   0.187873E+07   0.171686E+02   0.171686E+02   0.108511E+06   0.188293E+07   0.189136E+07   0.188293E+07  -0.202167E-01   0.613525E+06   0.613339E+06   0.758438E+00   0.107623E-02   0.324370E+00  -0.747632E+09
   0.861644E-01   0.176459E+07   0.174830E+07   0.145061E+02   0.145061E+02   0.942346E+05   0.175396E+07   0.176186E+07   0.175396E+07  -0.188320E-01   0.571514E+06   0.571322E+06   0.743462E+00   0.909324E-03   0.324367E+00  -0.663270E+09
   0.912856E-01   0.162075E+07   0.160370E+07   0.118681E+02   0.118681E+02   0.795688E+05   0.161061E+07   0.161789E+07   0.161061E+07  -0.172928E-01   0.524812E+06   0.524619E+06   0.704284E+00   0.743953E-03   0.324364E+00  -0.574898E+09
   0.964067E-01   0.150075E+07   0.148395E+07   0.985175E+01   0.985175E+01   0.679884E+05   0.149116E+07   0.149793E+07   0.149116E+07  -0.160103E-01   0.485896E+06   0.485711E+06   0.639361E+00   0.617552E-03   0.324361E+00  -0.503993E+09
   0.101528E+00   0.140605E+07   0.139051E+07   0.832264E+01   0.832264E+01   0.589847E+05   0.139708E+07   0.140344E+07   0.139708E+07  -0.150002E-01   0.455243E+06   0.455074E+06   0.555390E+00   0.521698E-03   0.324359E+00  -0.448381E+09
   0.106649E+00   0.133323E+07   0.131967E+07   0.715298E+01   0.715298E+01   0.519573E+05   0.132490E+07   0.133095E+07   0.132490E+07  -0.142252E-01   0.431726E+06   0.431577E+06   0.464496E+00   0.448376E-03   0.324357E+00  -0.404801E+09
   0.111770E+00   0.127516E+07   0.126383E+07   0.623019E+01   0.623019E+01   0.462974E+05   0.126745E+07   0.127325E+07   0.126745E+07  -0.136084E-01   0.413005E+06   0.412878E+06   0.379429E+00   0.390530E-03   0.324355E+00  -0.369507E+09
   0.116891E+00   0.122413E+07   0.121483E+07   0.546947E+01   0.546947E+01   0.415155E+05   0.121698E+07   0.122257E+07   0.121698E+07  -0.130665E-01   0.396558E+06   0.396450E+06   0.310047E+00   0.342845E-03   0.324353E+00  -0.339251E+09
   0.122012E+00   0.117413E+07   0.116631E+07   0.481569E+01   0.481569E+01   0.372827E+05   0.116744E+07   0.117281E+07   0.116744E+07  -0.125346E-01   0.380418E+06   0.380322E+06   0.261351E+00   0.301862E-03   0.324352E+00  -0.311784E+09
   0.127134E+00   0.112162E+07   0.111458E+07   0.423746E+01   0.423746E+01   0.334180E+05   0.111530E+07   0.112044E+07   0.111530E+07  -0.119748E-01   0.363428E+06   0.363339E+06   0.233152E+00   0.265617E-03   0.324350E+00  -0.285862E+09
   0.132255E+00   0.106564E+07   0.105871E+07   0.372007E+01   0.372007E+01   0.298502E+05   0.105958E+07   0.106448E+07   0.105958E+07  -0.113765E-01   0.345275E+06   0.345187E+06   0.221124E+00   0.233184E-03   0.324349E+00  -0.261067E+09
   0.137376E+00   0.100731E+07   0.100001E+07   0.325875E+01   0.325875E+01   0.265772E+05   0.100145E+07   0.100608E+07   0.100145E+07  -0.107524E-01   0.326335E+06   0.326245E+06   0.218680E+00   0.204267E-03   0.324348E+00  -0.237547E+09
   0.142497E+00   0.949122E+06   0.941270E+06   0.285328E+01   0.285328E+01   0.236293E+05   0.943430E+06   0.947803E+06   0.943430E+06  -0.101294E-01   0.307431E+06   0.307338E+06   0.219009E+00   0.178851E-03   0.324347E+00  -0.215743E+09
   0.147618E+00   0.894260E+06   0.885937E+06   0.250462E+01   0.250462E+01   0.210433E+05   0.888736E+06   0.892862E+06   0.888736E+06  -0.954222E-02   0.289611E+06   0.289515E+06   0.216743E+00   0.156996E-03   0.324346E+00  -0.196186E+09
   0.152739E+00   0.845741E+06   0.837233E+06   0.221228E+01   0.221228E+01   0.188421E+05   0.840406E+06   0.844312E+06   0.840406E+06  -0.902330E-02   0.273863E+06   0.273768E+06   0.208883E+00   0.138670E-03   0.324345E+00  -0.179297E+09
   0.157860E+00   0.805236E+06   0.796916E+06   0.197179E+01   0.197179E+01   0.170116E+05   0.800115E+06   0.803839E+06   0.800115E+06  -0.859070E-02   0.260735E+06   0.260643E+06   0.194921E+00   0.123596E-03   0.324344E+00  -0.165164E+09
   0.162982E+00   0.772447E+06   0.764662E+06   0.177457E+01   0.177457E+01   0.154982E+05   0.767564E+06   0.771140E+06   0.767564E+06  -0.824121E-02   0.250128E+06   0.250042E+06   0.176331E+00   0.111234E-03   0.324343E+00  -0.153467E+09
   0.168103E+00   0.745684E+06   0.738661E+06   0.161048E+01   0.161048E+01   0.142290E+05   0.741049E+06   0.744505E+06   0.741049E+06  -0.795652E-02   0.241487E+06   0.241409E+06   0.155752E+00   0.100948E-03   0.324343E+00  -0.143652E+09
   0.173224E+00   0.722815E+06   0.716622E+06   0.147036E+01   0.147036E+01   0.131347E+05   0.718421E+06   0.721775E+06   0.718421E+06  -0.771357E-02   0.234113E+06   0.234042E+06   0.136064E+00   0.921651E-04   0.324342E+00  -0.135149E+09
   0.178345E+00   0.701675E+06   0.696221E+06   0.134674E+01   0.134674E+01   0.121570E+05   0.697501E+06   0.700759E+06   0.697501E+06  -0.748895E-02   0.227295E+06   0.227231E+06   0.119576E+00   0.844164E-04   0.324341E+00  -0.127446E+09
   0.183466E+00   0.680257E+06   0.675337E+06   0.123387E+01   0.123387E+01   0.112497E+05   0.676269E+06   0.679431E+06   0.676269E+06  -0.726098E-02   0.220377E+06   0.220317E+06   0.107526E+00   0.773415E-04   0.324341E+00  -0.120117E+09
   0.188587E+00   0.657260E+06   0.652625E+06   0.112833E+01   0.112833E+01   0.103857E+05   0.653424E+06   0.656482E+06   0.653424E+06  -0.701570E-02   0.212932E+06   0.212876E+06   0.999836E-01   0.707256E-04   0.324340E+00  -0.112908E+09
   0.193708E+00   0.632553E+06   0.627972E+06   0.102922E+01   0.102922E+01   0.955967E+04   0.628839E+06   0.631783E+06   0.628839E+06  -0.675174E-02   0.204921E+06   0.204866E+06   0.960773E-01   0.645134E-04   0.324340E+00  -0.105788E+09
   0.198830E+00   0.606942E+06   0.602257E+06   0.937258E+00   0.937258E+00   0.878128E+04   0.603328E+06   0.606155E+06   0.603328E+06  -0.647783E-02   0.196609E+06   0.196553E+06   0.943803E-01   0.587490E-04   0.324339E+00  -0.988821E+08
   0.203951E+00   0.581548E+06   0.576700E+06   0.853423E+00   0.853423E+00   0.806234E+04   0.578024E+06   0.580734E+06   0.578024E+06  -0.620615E-02   0.188364E+06   0.188307E+06   0.933439E-01   0.534940E-04   0.324339E+00  -0.923563E+08
   0.209072E+00   0.557462E+06   0.552484E+06   0.778413E+00   0.778413E+00   0.741228E+04   0.554027E+06   0.556626E+06   0.554027E+06  -0.594849E-02   0.180545E+06   0.180487E+06   0.916903E-01   0.487922E-04   0.324339E+00  -0.863539E+08
   0.214193E+00   0.535615E+06   0.530609E+06   0.712521E+00   0.712521E+00   0.683662E+04   0.532276E+06   0.534775E+06   0.532276E+06  -0.571496E-02   0.173457E+06   0.173400E+06   0.886676E-01   0.446620E-04   0.324338E+00  -0.809802E+08
   0.219314E+00   0.516572E+06   0.511670E+06   0.655454E+00   0.655454E+00   0.633502E+04   0.513338E+06   0.515749E+06   0.513338E+06  -0.551162E-02   0.167286E+06   0.167231E+06   0.841174E-01   0.410849E-04   0.324338E+00  -0.762754E+08
   0.224435E+00   0.500327E+06   0.495651E+06   0.606216E+00   0.606216E+00   0.590028E+04   0.497206E+06   0.499542E+06   0.497206E+06  -0.533842E-02   0.162029E+06   0.161976E+06   0.783771E-01   0.379986E-04   0.324338E+00  -0.721927E+08
   0.229556E+00   0.486366E+06   0.481996E+06   0.563334E+00   0.563334E+00   0.551982E+04   0.483360E+06   0.485632E+06   0.483360E+06  -0.518975E-02   0.157517E+06   0.157467E+06   0.720868E-01   0.353106E-04   0.324337E+00  -0.686167E+08
   0.234678E+00   0.473901E+06   0.469863E+06   0.525243E+00   0.525243E+00   0.517993E+04   0.471008E+06   0.473223E+06   0.471008E+06  -0.505713E-02   0.153491E+06   0.153445E+06   0.659670E-01   0.329230E-04   0.324337E+00  -0.654043E+08
   0.239799E+00   0.462097E+06   0.458360E+06   0.490554E+00   0.490554E+00   0.486795E+04   0.459309E+06   0.461469E+06   0.459309E+06  -0.493152E-02   0.149679E+06   0.149635E+06   0.606208E-01   0.307487E-04   0.324337E+00  -0.624177E+08
   0.244920E+00   0.450243E+06   0.446738E+06   0.458214E+00   0.458214E+00   0.457428E+04   0.447548E+06   0.449654E+06   0.447548E+06  -0.480525E-02   0.145846E+06   0.145805E+06   0.564027E-01   0.287215E-04   0.324337E+00  -0.595479E+08
   0.250041E+00   0.437925E+06   0.434564E+06   0.427617E+00   0.427617E+00   0.429348E+04   0.435311E+06   0.437361E+06   0.435311E+06  -0.467387E-02   0.141859E+06   0.141819E+06   0.533776E-01   0.268037E-04   0.324336E+00  -0.567335E+08
   0.255162E+00   0.425097E+06   0.421797E+06   0.398591E+00   0.398591E+00   0.402427E+04   0.422553E+06   0.424543E+06   0.422553E+06  -0.453688E-02   0.137701E+06   0.137662E+06   0.513581E-01   0.249842E-04   0.324336E+00  -0.539655E+08
   0.260283E+00   0.411995E+06   0.408697E+06   0.371239E+00   0.371239E+00   0.376824E+04   0.409512E+06   0.411442E+06   0.409512E+06  -0.439686E-02   0.133452E+06   0.133413E+06   0.499950E-01   0.232698E-04   0.324336E+00  -0.512711E+08
   0.265404E+00   0.398993E+06   0.395672E+06   0.345763E+00   0.345763E+00   0.352779E+04   0.396566E+06   0.398435E+06   0.396566E+06  -0.425787E-02   0.129233E+06   0.129194E+06   0.488888E-01   0.216729E-04   0.324336E+00  -0.486922E+08
   0.270526E+00   0.386497E+06   0.383161E+06   0.322357E+00   0.322357E+00   0.330542E+04   0.384126E+06   0.385937E+06   0.384126E+06  -0.412429E-02   0.125179E+06   0.125141E+06   0.476940E-01   0.202058E-04   0.324335E+00  -0.462719E+08
   0.275647E+00   0.374865E+06   0.371546E+06   0.301135E+00   0.301135E+00   0.310270E+04   0.372551E+06   0.374308E+06   0.372551E+06  -0.400002E-02   0.121408E+06   0.121369E+06   0.461901E-01   0.188755E-04   0.324335E+00  -0.440439E+08
   0.280768E+00   0.364311E+06   0.361052E+06   0.282073E+00   0.282073E+00   0.291986E+04   0.362056E+06   0.363764E+06   0.362056E+06  -0.388733E-02   0.117987E+06   0.117950E+06   0.443067E-01   0.176808E-04   0.324335E+00  -0.420225E+08
   0.285889E+00   0.354843E+06   0.351688E+06   0.264990E+00   0.264990E+00   0.275540E+04   0.352649E+06   0.354313E+06   0.352649E+06  -0.378634E-02   0.114922E+06   0.114886E+06   0.421087E-01   0.166099E-04   0.324335E+00  -0.401975E+08
   0.291010E+00   0.346295E+06   0.343273E+06   0.249592E+00   0.249592E+00   0.260659E+04   0.344163E+06   0.345788E+06   0.344163E+06  -0.369522E-02   0.112157E+06   0.112122E+06   0.397522E-01   0.156448E-04   0.324335E+00  -0.385399E+08
   0.296131E+00   0.338406E+06   0.335527E+06   0.235551E+00   0.235551E+00   0.247037E+04   0.336335E+06   0.337922E+06   0.336335E+06  -0.361117E-02   0.109605E+06   0.109572E+06   0.374274E-01   0.147647E-04   0.324335E+00  -0.370119E+08
   0.301252E+00   0.330889E+06   0.328147E+06   0.222563E+00   0.222563E+00   0.234369E+04   0.328876E+06   0.330428E+06   0.328876E+06  -0.353108E-02   0.107175E+06   0.107143E+06   0.353040E-01   0.139506E-04   0.324335E+00  -0.355759E+08
   0.306374E+00   0.323490E+06   0.320862E+06   0.210380E+00   0.210380E+00   0.222418E+04   0.321531E+06   0.323049E+06   0.321531E+06  -0.345222E-02   0.104781E+06   0.104750E+06   0.334924E-01   0.131869E-04   0.324334E+00  -0.342000E+08
   0.311495E+00   0.316041E+06   0.313495E+06   0.198834E+00   0.198834E+00   0.211018E+04   0.314130E+06   0.315613E+06   0.314130E+06  -0.337276E-02   0.102369E+06   0.102339E+06   0.320267E-01   0.124632E-04   0.324334E+00  -0.328634E+08
   0.316616E+00   0.308489E+06   0.305997E+06   0.187855E+00   0.187855E+00   0.200108E+04   0.306622E+06   0.308070E+06   0.306622E+06  -0.329215E-02   0.999225E+05   0.998933E+05   0.308709E-01   0.117750E-04   0.324334E+00  -0.315592E+08
   0.321737E+00   0.300896E+06   0.298435E+06   0.177441E+00   0.177441E+00   0.189698E+04   0.299070E+06   0.300483E+06   0.299070E+06  -0.321106E-02   0.974615E+05   0.974326E+05   0.299391E-01   0.111223E-04   0.324334E+00  -0.302919E+08
   0.326858E+00   0.293389E+06   0.290947E+06   0.167631E+00   0.167631E+00   0.179837E+04   0.291601E+06   0.292979E+06   0.291601E+06  -0.313087E-02   0.950277E+05   0.949991E+05   0.291242E-01   0.105074E-04   0.324334E+00  -0.290727E+08
   0.331979E+00   0.286111E+06   0.283687E+06   0.158464E+00   0.158464E+00   0.170582E+04   0.284360E+06   0.285704E+06   0.284360E+06  -0.305312E-02   0.926681E+05   0.926399E+05   0.283264E-01   0.993276E-05   0.324334E+00  -0.279134E+08
   0.337100E+00   0.279184E+06   0.276786E+06   0.149963E+00   0.149963E+00   0.161962E+04   0.277470E+06   0.278781E+06   0.277470E+06  -0.297915E-02   0.904228E+05   0.903950E+05   0.274750E-01   0.939986E-05   0.324334E+00  -0.268233E+08
   0.342222E+00   0.272686E+06   0.270328E+06   0.142120E+00   0.142120E+00   0.153986E+04   0.271009E+06   0.272290E+06   0.271009E+06  -0.290977E-02   0.883173E+05   0.882900E+05   0.265389E-01   0.890825E-05   0.324334E+00  -0.258067E+08
   0.347343E+00   0.266634E+06   0.264331E+06   0.134898E+00   0.134898E+00   0.146616E+04   0.264994E+06   0.266247E+06   0.264994E+06  -0.284520E-02   0.863574E+05   0.863308E+05   0.255256E-01   0.845561E-05   0.324333E+00  -0.248619E+08
   0.352464E+00   0.260988E+06   0.258750E+06   0.128234E+00   0.128234E+00   0.139796E+04   0.259385E+06   0.260612E+06   0.259385E+06  -0.278497E-02   0.845294E+05   0.845036E+05   0.244709E-01   0.803787E-05   0.324333E+00  -0.239821E+08
   0.357585E+00   0.255662E+06   0.253494E+06   0.122047E+00   0.122047E+00   0.133444E+04   0.254096E+06   0.255298E+06   0.254096E+06  -0.272819E-02   0.828058E+05   0.827807E+05   0.234246E-01   0.765006E-05   0.324333E+00  -0.231566E+08
   0.362706E+00   0.250559E+06   0.248460E+06   0.116259E+00   0.116259E+00   0.127480E+04   0.249029E+06   0.250207E+06   0.249029E+06  -0.267378E-02   0.811544E+05   0.811300E+05   0.224353E-01   0.728727E-05   0.324333E+00  -0.223744E+08
   0.367827E+00   0.245589E+06   0.243552E+06   0.110803E+00   0.110803E+00   0.121838E+04   0.244092E+06   0.245247E+06   0.244092E+06  -0.262077E-02   0.795455E+05   0.795218E+05   0.215388E-01   0.694530E-05   0.324333E+00  -0.216255E+08
   0.372948E+00   0.240682E+06   0.238697E+06   0.105629E+00   0.105629E+00   0.116464E+04   0.239217E+06   0.240349E+06   0.239217E+06  -0.256843E-02   0.779569E+05   0.779337E+05   0.207505E-01   0.662095E-05   0.324333E+00  -0.209026E+08
   0.378070E+00   0.235805E+06   0.233860E+06   0.100704E+00   0.100704E+00   0.111328E+04   0.234369E+06   0.235479E+06   0.234369E+06  -0.251639E-02   0.763772E+05   0.763545E+05   0.200657E-01   0.631224E-05   0.324333E+00  -0.202016E+08
   0.383191E+00   0.230962E+06   0.229050E+06   0.960162E-01   0.960162E-01   0.106420E+04   0.229555E+06   0.230641E+06   0.229555E+06  -0.246469E-02   0.748082E+05   0.747859E+05   0.194639E-01   0.601842E-05   0.324333E+00  -0.195222E+08
   0.388312E+00   0.226194E+06   0.224307E+06   0.915691E-01   0.915691E-01   0.101746E+04   0.224813E+06   0.225877E+06   0.224813E+06  -0.241378E-02   0.732631E+05   0.732411E+05   0.189169E-01   0.573967E-05   0.324333E+00  -0.188668E+08
   0.393433E+00   0.221547E+06   0.219685E+06   0.873673E-01   0.873673E-01   0.973154E+03   0.220192E+06   0.221234E+06   0.220192E+06  -0.236417E-02   0.717572E+05   0.717355E+05   0.183952E-01   0.547630E-05   0.324333E+00  -0.182385E+08
   0.398554E+00   0.217060E+06   0.215222E+06   0.834112E-01   0.834112E-01   0.931307E+03   0.215730E+06   0.216751E+06   0.215730E+06  -0.231625E-02   0.703030E+05   0.702817E+05   0.178756E-01   0.522832E-05   0.324333E+00  -0.176393E+08
   0.403675E+00   0.212757E+06   0.210949E+06   0.796961E-01   0.796961E-01   0.891904E+03   0.211452E+06   0.212453E+06   0.211452E+06  -0.227033E-02   0.689091E+05   0.688881E+05   0.173446E-01   0.499545E-05   0.324333E+00  -0.170702E+08
   0.408796E+00   0.208654E+06   0.206879E+06   0.762130E-01   0.762130E-01   0.854855E+03   0.207374E+06   0.208356E+06   0.207374E+06  -0.222654E-02   0.675800E+05   0.675594E+05   0.168004E-01   0.477713E-05   0.324333E+00  -0.165312E+08
   0.413918E+00   0.204746E+06   0.203009E+06   0.729468E-01   0.729468E-01   0.820039E+03   0.203491E+06   0.204454E+06   0.203491E+06  -0.218484E-02   0.663145E+05   0.662944E+05   0.162499E-01   0.457240E-05   0.324333E+00  -0.160210E+08
   0.419039E+00   0.201008E+06   0.199310E+06   0.698758E-01   0.698758E-01   0.787212E+03   0.199777E+06   0.200723E+06   0.199777E+06  -0.214497E-02   0.651043E+05   0.650846E+05   0.157055E-01   0.437990E-05   0.324332E+00  -0.155364E+08
   0.424160E+00   0.197403E+06   0.195744E+06   0.669759E-01   0.669759E-01   0.756140E+03   0.196195E+06   0.197124E+06   0.196195E+06  -0.210651E-02   0.639370E+05   0.639177E+05   0.151806E-01   0.419814E-05   0.324332E+00  -0.150736E+08
   0.429281E+00   0.193897E+06   0.192275E+06   0.642265E-01   0.642265E-01   0.726596E+03   0.192712E+06   0.193625E+06   0.192712E+06  -0.206911E-02   0.628018E+05   0.627829E+05   0.146863E-01   0.402581E-05   0.324332E+00  -0.146293E+08
   0.434402E+00   0.190467E+06   0.188878E+06   0.616119E-01   0.616119E-01   0.698419E+03   0.189303E+06   0.190200E+06   0.189303E+06  -0.203252E-02   0.616911E+05   0.616726E+05   0.142290E-01   0.386191E-05   0.324332E+00  -0.142012E+08
   0.439523E+00   0.187097E+06   0.185538E+06   0.591198E-01   0.591198E-01   0.671493E+03   0.185954E+06   0.186835E+06   0.185954E+06  -0.199656E-02   0.605998E+05   0.605816E+05   0.138094E-01   0.370571E-05   0.324332E+00  -0.137874E+08
   0.444644E+00   0.183781E+06   0.182248E+06   0.567418E-01   0.567418E-01   0.645720E+03   0.182658E+06   0.183523E+06   0.182658E+06  -0.196117E-02   0.595255E+05   0.595076E+05   0.134231E-01   0.355665E-05   0.324332E+00  -0.133870E+08
   0.449766E+00   0.180522E+06   0.179012E+06   0.544734E-01   0.544734E-01   0.621077E+03   0.179418E+06   0.180268E+06   0.179418E+06  -0.192638E-02   0.584697E+05   0.584521E+05   0.130626E-01   0.341446E-05   0.324332E+00  -0.129999E+08
   0.454887E+00   0.177333E+06   0.175846E+06   0.523130E-01   0.523130E-01   0.597541E+03   0.176248E+06   0.177084E+06   0.176248E+06  -0.189235E-02   0.574368E+05   0.574195E+05   0.127193E-01   0.327905E-05   0.324332E+00  -0.126264E+08
   0.460008E+00   0.174232E+06   0.172766E+06   0.502598E-01   0.502598E-01   0.575123E+03   0.173165E+06   0.173986E+06   0.173165E+06  -0.185924E-02   0.564320E+05   0.564149E+05   0.123858E-01   0.315035E-05   0.324332E+00  -0.122674E+08
   0.465129E+00   0.171228E+06   0.169784E+06   0.483114E-01   0.483114E-01   0.553800E+03   0.170179E+06   0.170985E+06   0.170179E+06  -0.182718E-02   0.554588E+05   0.554420E+05   0.120569E-01   0.302822E-05   0.324332E+00  -0.119232E+08
   0.470250E+00   0.168324E+06   0.166904E+06   0.464634E-01   0.464634E-01   0.533532E+03   0.167293E+06   0.168086E+06   0.167293E+06  -0.179620E-02   0.545184E+05   0.545019E+05   0.117303E-01   0.291239E-05   0.324332E+00  -0.115933E+08
   0.475371E+00   0.165519E+06   0.164123E+06   0.447099E-01   0.447099E-01   0.514263E+03   0.164505E+06   0.165284E+06   0.164505E+06  -0.176626E-02   0.536098E+05   0.535935E+05   0.114066E-01   0.280248E-05   0.324332E+00  -0.112773E+08
   0.480492E+00   0.162806E+06   0.161434E+06   0.430446E-01   0.430446E-01   0.495922E+03   0.161808E+06   0.162575E+06   0.161808E+06  -0.173731E-02   0.527310E+05   0.527150E+05   0.110883E-01   0.269809E-05   0.324332E+00  -0.109742E+08
   0.485614E+00   0.160176E+06   0.158829E+06   0.414610E-01   0.414610E-01   0.478450E+03   0.159195E+06   0.159950E+06   0.159195E+06  -0.170925E-02   0.518794E+05   0.518637E+05   0.107791E-01   0.259883E-05   0.324332E+00  -0.106831E+08
   0.490735E+00   0.157619E+06   0.156296E+06   0.399521E-01   0.399521E-01   0.461762E+03   0.156654E+06   0.157397E+06   0.156654E+06  -0.168197E-02   0.510513E+05   0.510359E+05   0.104822E-01   0.250425E-05   0.324332E+00  -0.104029E+08
   0.495856E+00   0.155121E+06   0.153821E+06   0.385111E-01   0.385111E-01   0.445797E+03   0.154172E+06   0.154903E+06   0.154172E+06  -0.165532E-02   0.502424E+05   0.502272E+05   0.101998E-01   0.241392E-05   0.324332E+00  -0.101323E+08
   0.500977E+00   0.152673E+06   0.151395E+06   0.371324E-01   0.371324E-01   0.430486E+03   0.151739E+06   0.152458E+06   0.151739E+06  -0.162920E-02   0.494496E+05   0.494347E+05   0.993246E-02   0.232751E-05   0.324332E+00  -0.987050E+07
   0.506098E+00   0.150273E+06   0.149015E+06   0.358127E-01   0.358127E-01   0.415802E+03   0.149353E+06   0.150061E+06   0.149353E+06  -0.160358E-02   0.486721E+05   0.486574E+05   0.967965E-02   0.224479E-05   0.324332E+00  -0.961700E+07
   0.511219E+00   0.147921E+06   0.146682E+06   0.345495E-01   0.345495E-01   0.401720E+03   0.147016E+06   0.147713E+06   0.147016E+06  -0.157849E-02   0.479104E+05   0.478960E+05   0.943954E-02   0.216561E-05   0.324332E+00  -0.937167E+07
   0.516340E+00   0.145620E+06   0.144399E+06   0.333407E-01   0.333407E-01   0.388215E+03   0.144729E+06   0.145415E+06   0.144729E+06  -0.155393E-02   0.471651E+05   0.471508E+05   0.920970E-02   0.208984E-05   0.324332E+00  -0.913437E+07
   0.521462E+00   0.143371E+06   0.142167E+06   0.321841E-01   0.321841E-01   0.375272E+03   0.142493E+06   0.143169E+06   0.142493E+06  -0.152992E-02   0.464365E+05   0.464224E+05   0.898762E-02   0.201734E-05   0.324332E+00  -0.890494E+07
   0.526583E+00   0.141176E+06   0.139990E+06   0.310779E-01   0.310779E-01   0.362868E+03   0.140311E+06   0.140977E+06   0.140311E+06  -0.150650E-02   0.457255E+05   0.457117E+05   0.877136E-02   0.194801E-05   0.324332E+00  -0.868332E+07
   0.531704E+00   0.139039E+06   0.137870E+06   0.300208E-01   0.300208E-01   0.350997E+03   0.138188E+06   0.138843E+06   0.138188E+06  -0.148370E-02   0.450334E+05   0.450198E+05   0.855978E-02   0.188174E-05   0.324332E+00  -0.846952E+07
   0.536825E+00   0.136961E+06   0.135810E+06   0.290106E-01   0.290106E-01   0.339631E+03   0.136122E+06   0.136768E+06   0.136122E+06  -0.146152E-02   0.443604E+05   0.443470E+05   0.835256E-02   0.181842E-05   0.324331E+00  -0.826336E+07
   0.541946E+00   0.134939E+06   0.133805E+06   0.280447E-01   0.280447E-01   0.328748E+03   0.134113E+06   0.134749E+06   0.134113E+06  -0.143995E-02   0.437055E+05   0.436923E+05   0.814994E-02   0.175788E-05   0.324331E+00  -0.806443E+07
   0.547067E+00   0.132968E+06   0.131851E+06   0.271200E-01   0.271200E-01   0.318311E+03   0.132153E+06   0.132780E+06   0.132153E+06  -0.141891E-02   0.430670E+05   0.430539E+05   0.795259E-02   0.169992E-05   0.324331E+00  -0.787223E+07
   0.559946E+00   0.128215E+06   0.127140E+06   0.249616E-01   0.249616E-01   0.293878E+03   0.127430E+06   0.128034E+06   0.127430E+06  -0.136819E-02   0.415277E+05   0.415151E+05   0.748463E-02   0.156463E-05   0.324331E+00  -0.741627E+07
   0.593872E+00   0.116830E+06   0.115849E+06   0.202206E-01   0.202206E-01   0.239839E+03   0.116114E+06   0.116665E+06   0.116114E+06  -0.124670E-02   0.378401E+05   0.378286E+05   0.644298E-02   0.126745E-05   0.324331E+00  -0.637167E+07
   0.629853E+00   0.106428E+06   0.105535E+06   0.163758E-01   0.163758E-01   0.195596E+03   0.105776E+06   0.106278E+06   0.105776E+06  -0.113570E-02   0.344710E+05   0.344606E+05   0.553597E-02   0.102646E-05   0.324331E+00  -0.547279E+07
   0.879031E+00   0.622146E+05   0.616927E+05   0.491484E-02   0.491484E-02   0.606064E+02   0.618332E+05   0.621270E+05   0.618332E+05  -0.663893E-03   0.201507E+05   0.201445E+05   0.234097E-02   0.308069E-06   0.324330E+00  -0.229234E+07
   0.122679E+01   0.359296E+05   0.356282E+05   0.145727E-02   0.145727E-02   0.183546E+02   0.357093E+05   0.358790E+05   0.357093E+05  -0.383405E-03   0.116372E+05   0.116336E+05   0.986967E-03   0.913437E-07   0.324330E+00  -0.948581E+06
   0.171212E+01   0.205340E+05   0.203616E+05   0.427594E-03   0.427594E-03   0.545850E+01   0.204081E+05   0.205051E+05   0.204081E+05  -0.219118E-03   0.665076E+04   0.664861E+04   0.418977E-03   0.268022E-07   0.324329E+00  -0.388446E+06
   0.238945E+01   0.116302E+05   0.115324E+05   0.124341E-03   0.124341E-03   0.160017E+01   0.115588E+05   0.116138E+05   0.115588E+05  -0.124105E-03   0.376690E+04   0.376560E+04   0.181823E-03   0.779388E-08   0.324329E+00  -0.157644E+06
