#          k/h    CDM            baryon         photon         nu             mass_nu        total          no_nu          total_de       Weyl           v_CDM          v_b            v_b-v_c        ISW            log_grow       pert_vel    
   0.994668E-05   0.348955E+08   0.348955E+08   0.465103E+08   0.465098E+08   0.348985E+08   0.348955E+08   0.348955E+08   0.349079E+08  -0.466826E+00   0.808858E+07   0.808858E+07   0.722372E+01   0.927552E+06   0.684342E+00  -0.813224E+14
   0.109829E-04   0.348927E+08   0.348927E+08   0.465029E+08   0.465023E+08   0.348957E+08   0.348927E+08   0.348927E+08   0.349051E+08  -0.466789E+00   0.808827E+07   0.808827E+07   0.797601E+01   0.760906E+06   0.684256E+00  -0.736466E+14
   0.121272E-04   0.348893E+08   0.348893E+08   0.464938E+08   0.464931E+08   0.348923E+08   0.348893E+08   0.348893E+08   0.349017E+08  -0.466744E+00   0.808790E+07   0.808790E+07   0.880657E+01   0.624223E+06   0.684151E+00  -0.666948E+14
   0.133906E-04   0.348852E+08   0.348852E+08   0.464827E+08   0.464819E+08   0.348881E+08   0.348852E+08   0.348852E+08   0.348976E+08  -0.466688E+00   0.808744E+07   0.808744E+07   0.972353E+01   0.512115E+06   0.684022E+00  -0.603985E+14
   0.147857E-04   0.348801E+08   0.348801E+08   0.464693E+08   0.464683E+08   0.348831E+08   0.348802E+08   0.348801E+08   0.348926E+08  -0.466621E+00   0.808688E+07   0.808688E+07   0.107358E+02   0.420165E+06   0.683866E+00  -0.546960E+14
   0.163261E-04   0.348740E+08   0.348740E+08   0.464529E+08   0.464517E+08   0.348769E+08   0.348740E+08   0.348740E+08   0.348864E+08  -0.466539E+00   0.808621E+07   0.808621E+07   0.118534E+02   0.344747E+06   0.683676E+00  -0.495312E+14
   0.180270E-04   0.348665E+08   0.348665E+08   0.464329E+08   0.464314E+08   0.348694E+08   0.348665E+08   0.348665E+08   0.348789E+08  -0.466439E+00   0.808538E+07   0.808538E+07   0.130870E+02   0.282890E+06   0.683444E+00  -0.448532E+14
   0.199051E-04   0.348574E+08   0.348574E+08   0.464085E+08   0.464067E+08   0.348603E+08   0.348574E+08   0.348574E+08   0.348698E+08  -0.466317E+00   0.808438E+07   0.808438E+07   0.144487E+02   0.232154E+06   0.683162E+00  -0.406162E+14
   0.219788E-04   0.348463E+08   0.348463E+08   0.463788E+08   0.463766E+08   0.348491E+08   0.348463E+08   0.348463E+08   0.348587E+08  -0.466168E+00   0.808316E+07   0.808316E+07   0.159516E+02   0.190541E+06   0.682819E+00  -0.367783E+14
   0.242687E-04   0.348328E+08   0.348328E+08   0.463426E+08   0.463400E+08   0.348356E+08   0.348328E+08   0.348328E+08   0.348452E+08  -0.465988E+00   0.808167E+07   0.808166E+07   0.176103E+02   0.156409E+06   0.682401E+00  -0.333021E+14
   0.267970E-04   0.348164E+08   0.348164E+08   0.462986E+08   0.462954E+08   0.348191E+08   0.348164E+08   0.348164E+08   0.348288E+08  -0.465768E+00   0.807985E+07   0.807985E+07   0.194408E+02   0.128414E+06   0.681892E+00  -0.301532E+14
   0.295888E-04   0.347964E+08   0.347964E+08   0.462450E+08   0.462411E+08   0.347990E+08   0.347964E+08   0.347964E+08   0.348088E+08  -0.465500E+00   0.807764E+07   0.807764E+07   0.214604E+02   0.105451E+06   0.681275E+00  -0.273007E+14
   0.326714E-04   0.347721E+08   0.347721E+08   0.461798E+08   0.461750E+08   0.347746E+08   0.347721E+08   0.347721E+08   0.347844E+08  -0.465175E+00   0.807495E+07   0.807495E+07   0.236885E+02   0.866169E+05   0.680524E+00  -0.247166E+14
   0.360752E-04   0.347425E+08   0.347425E+08   0.461004E+08   0.460946E+08   0.347450E+08   0.347426E+08   0.347425E+08   0.347549E+08  -0.464779E+00   0.807168E+07   0.807168E+07   0.261461E+02   0.711680E+05   0.679613E+00  -0.223754E+14
   0.398336E-04   0.347067E+08   0.347066E+08   0.460039E+08   0.459968E+08   0.347089E+08   0.347067E+08   0.347066E+08   0.347189E+08  -0.464299E+00   0.806770E+07   0.806770E+07   0.288561E+02   0.584959E+05   0.678508E+00  -0.202542E+14
   0.439836E-04   0.346631E+08   0.346631E+08   0.458866E+08   0.458780E+08   0.346652E+08   0.346631E+08   0.346631E+08   0.346754E+08  -0.463716E+00   0.806287E+07   0.806287E+07   0.318437E+02   0.481008E+05   0.677169E+00  -0.183322E+14
   0.485659E-04   0.346103E+08   0.346103E+08   0.457442E+08   0.457336E+08   0.346122E+08   0.346103E+08   0.346103E+08   0.346225E+08  -0.463009E+00   0.805700E+07   0.805699E+07   0.351361E+02   0.395733E+05   0.675550E+00  -0.165904E+14
   0.536256E-04   0.345463E+08   0.345463E+08   0.455714E+08   0.455586E+08   0.345481E+08   0.345463E+08   0.345463E+08   0.345585E+08  -0.462154E+00   0.804987E+07   0.804987E+07   0.387627E+02   0.325770E+05   0.673595E+00  -0.150118E+14
   0.592125E-04   0.344690E+08   0.344690E+08   0.453619E+08   0.453463E+08   0.344705E+08   0.344690E+08   0.344690E+08   0.344811E+08  -0.461119E+00   0.804123E+07   0.804123E+07   0.427556E+02   0.268365E+05   0.671239E+00  -0.135808E+14
   0.653814E-04   0.343757E+08   0.343757E+08   0.451083E+08   0.450894E+08   0.343768E+08   0.343757E+08   0.343757E+08   0.343877E+08  -0.459870E+00   0.803077E+07   0.803077E+07   0.471489E+02   0.221253E+05   0.668406E+00  -0.122834E+14
   0.721930E-04   0.342633E+08   0.342632E+08   0.448018E+08   0.447788E+08   0.342639E+08   0.342633E+08   0.342633E+08   0.342752E+08  -0.458365E+00   0.801813E+07   0.801812E+07   0.519788E+02   0.182580E+05   0.665011E+00  -0.111069E+14
   0.797142E-04   0.341282E+08   0.341282E+08   0.444319E+08   0.444040E+08   0.341284E+08   0.341282E+08   0.341282E+08   0.341401E+08  -0.456558E+00   0.800286E+07   0.800285E+07   0.572839E+02   0.150822E+05   0.660956E+00  -0.100398E+14
   0.880190E-04   0.339664E+08   0.339664E+08   0.439865E+08   0.439527E+08   0.339660E+08   0.339664E+08   0.339664E+08   0.339782E+08  -0.454392E+00   0.798448E+07   0.798446E+07   0.631041E+02   0.124730E+05   0.656133E+00  -0.907164E+13
   0.971891E-04   0.337734E+08   0.337733E+08   0.434517E+08   0.434108E+08   0.337721E+08   0.337733E+08   0.337734E+08   0.337850E+08  -0.451808E+00   0.796239E+07   0.796237E+07   0.694804E+02   0.103278E+05   0.650425E+00  -0.819298E+13
   0.107314E-03   0.335439E+08   0.335438E+08   0.428114E+08   0.427619E+08   0.335417E+08   0.335439E+08   0.335439E+08   0.335553E+08  -0.448737E+00   0.793593E+07   0.793590E+07   0.764539E+02   0.856242E+04   0.643712E+00  -0.739529E+13
   0.118495E-03   0.332726E+08   0.332725E+08   0.420475E+08   0.419878E+08   0.332693E+08   0.332725E+08   0.332726E+08   0.332838E+08  -0.445105E+00   0.790435E+07   0.790432E+07   0.840645E+02   0.710778E+04   0.635871E+00  -0.667087E+13
   0.130840E-03   0.329536E+08   0.329535E+08   0.411402E+08   0.410683E+08   0.329489E+08   0.329536E+08   0.329536E+08   0.329646E+08  -0.440836E+00   0.786681E+07   0.786677E+07   0.923492E+02   0.590724E+04   0.626787E+00  -0.601277E+13
   0.144471E-03   0.325812E+08   0.325811E+08   0.400680E+08   0.399816E+08   0.325749E+08   0.325812E+08   0.325812E+08   0.325919E+08  -0.435852E+00   0.782241E+07   0.782236E+07   0.101339E+03   0.491443E+04   0.616364E+00  -0.541471E+13
   0.159522E-03   0.321499E+08   0.321497E+08   0.388083E+08   0.387048E+08   0.321415E+08   0.321498E+08   0.321498E+08   0.321602E+08  -0.430078E+00   0.777018E+07   0.777013E+07   0.111058E+03   0.409139E+04   0.604535E+00  -0.487108E+13
   0.176142E-03   0.316547E+08   0.316544E+08   0.373384E+08   0.372151E+08   0.316438E+08   0.316546E+08   0.316546E+08   0.316645E+08  -0.423449E+00   0.770916E+07   0.770909E+07   0.121514E+03   0.340719E+04   0.591279E+00  -0.437683E+13
   0.194493E-03   0.310919E+08   0.310916E+08   0.356370E+08   0.354907E+08   0.310779E+08   0.310917E+08   0.310918E+08   0.311012E+08  -0.415915E+00   0.763838E+07   0.763830E+07   0.132700E+03   0.283669E+04   0.576630E+00  -0.392747E+13
   0.214755E-03   0.304594E+08   0.304590E+08   0.336858E+08   0.335133E+08   0.304418E+08   0.304592E+08   0.304593E+08   0.304682E+08  -0.407447E+00   0.755698E+07   0.755689E+07   0.144582E+03   0.235955E+04   0.560695E+00  -0.351900E+13
   0.237129E-03   0.297572E+08   0.297568E+08   0.314718E+08   0.312698E+08   0.297352E+08   0.297570E+08   0.297571E+08   0.297654E+08  -0.398047E+00   0.746423E+07   0.746412E+07   0.157093E+03   0.195943E+04   0.543655E+00  -0.314786E+13
   0.261834E-03   0.289880E+08   0.289876E+08   0.289908E+08   0.287562E+08   0.289606E+08   0.289878E+08   0.289880E+08   0.289956E+08  -0.387749E+00   0.735965E+07   0.735951E+07   0.170124E+03   0.162323E+04   0.525768E+00  -0.281090E+13
   0.289112E-03   0.281572E+08   0.281566E+08   0.262505E+08   0.259810E+08   0.281232E+08   0.281569E+08   0.281571E+08   0.281639E+08  -0.376624E+00   0.724302E+07   0.724286E+07   0.183513E+03   0.134047E+04   0.507357E+00  -0.250535E+13
   0.319233E-03   0.272728E+08   0.272721E+08   0.232753E+08   0.229696E+08   0.272309E+08   0.272725E+08   0.272727E+08   0.272787E+08  -0.364781E+00   0.711453E+07   0.711434E+07   0.197036E+03   0.110278E+04   0.488790E+00  -0.222871E+13
   0.352491E-03   0.263455E+08   0.263447E+08   0.201106E+08   0.197688E+08   0.262940E+08   0.263451E+08   0.263454E+08   0.263505E+08  -0.352362E+00   0.697474E+07   0.697452E+07   0.210394E+03   0.903349E+03   0.470455E+00  -0.197876E+13
   0.389215E-03   0.253878E+08   0.253868E+08   0.168272E+08   0.164519E+08   0.253246E+08   0.253874E+08   0.253877E+08   0.253918E+08  -0.339536E+00   0.682465E+07   0.682438E+07   0.223213E+03   0.736607E+03   0.452725E+00  -0.175349E+13
   0.429764E-03   0.244134E+08   0.244123E+08   0.135244E+08   0.131204E+08   0.243362E+08   0.244129E+08   0.244132E+08   0.244164E+08  -0.326484E+00   0.666565E+07   0.666535E+07   0.235040E+03   0.597856E+03   0.435932E+00  -0.155105E+13
   0.474538E-03   0.234364E+08   0.234350E+08   0.103295E+08   0.990420E+07   0.233422E+08   0.234357E+08   0.234362E+08   0.234384E+08  -0.313397E+00   0.649951E+07   0.649916E+07   0.245354E+03   0.483060E+03   0.420345E+00  -0.136969E+13
   0.523976E-03   0.224703E+08   0.224687E+08   0.739133E+07   0.695409E+07   0.223557E+08   0.224695E+08   0.224700E+08   0.224714E+08  -0.300455E+00   0.632824E+07   0.632784E+07   0.253593E+03   0.388685E+03   0.406152E+00  -0.120777E+13
   0.578566E-03   0.215275E+08   0.215256E+08   0.486494E+07   0.442492E+07   0.213884E+08   0.215265E+08   0.215272E+08   0.215278E+08  -0.287826E+00   0.615403E+07   0.615358E+07   0.259197E+03   0.311604E+03   0.393460E+00  -0.106370E+13
   0.638842E-03   0.206187E+08   0.206165E+08   0.288416E+07   0.244732E+07   0.204500E+08   0.206175E+08   0.206183E+08   0.206183E+08  -0.275654E+00   0.597911E+07   0.597861E+07   0.261669E+03   0.249050E+03   0.382295E+00  -0.935951E+12
   0.705398E-03   0.197525E+08   0.197500E+08   0.152476E+07   0.108982E+07   0.195486E+08   0.197511E+08   0.197521E+08   0.197515E+08  -0.264054E+00   0.580568E+07   0.580513E+07   0.260647E+03   0.198585E+03   0.372622E+00  -0.823053E+12
   0.778888E-03   0.189354E+08   0.189326E+08   0.766924E+06   0.321999E+06   0.186894E+08   0.189338E+08   0.189349E+08   0.189339E+08  -0.253115E+00   0.563575E+07   0.563515E+07   0.255976E+03   0.158085E+03   0.364353E+00  -0.723577E+12
   0.860035E-03   0.181718E+08   0.181687E+08   0.476478E+06  -0.634412E+03   0.178757E+08   0.181699E+08   0.181713E+08   0.181699E+08  -0.242894E+00   0.547110E+07   0.547046E+07   0.247750E+03   0.125723E+03   0.357367E+00  -0.636160E+12
   0.949635E-03   0.174640E+08   0.174606E+08   0.430761E+06  -0.103649E+06   0.171086E+08   0.174618E+08   0.174634E+08   0.174618E+08  -0.233422E+00   0.531323E+07   0.531256E+07   0.236299E+03   0.999539E+02   0.351525E+00  -0.559511E+12
   0.104857E-02   0.168128E+08   0.168091E+08   0.402554E+06  -0.201164E+06   0.163873E+08   0.168101E+08   0.168122E+08   0.168102E+08  -0.224709E+00   0.516327E+07   0.516257E+07   0.222119E+03   0.794837E+02   0.346680E+00  -0.492418E+12
   0.115781E-02   0.162173E+08   0.162134E+08   0.273642E+06  -0.378866E+06   0.157097E+08   0.162142E+08   0.162166E+08   0.162142E+08  -0.216741E+00   0.502203E+07   0.502131E+07   0.205773E+03   0.632476E+02   0.342689E+00  -0.433757E+12
   0.127844E-02   0.156755E+08   0.156715E+08   0.920892E+05  -0.547433E+06   0.150724E+08   0.156720E+08   0.156748E+08   0.156720E+08  -0.209491E+00   0.488994E+07   0.488922E+07   0.187835E+03   0.503785E+02   0.339417E+00  -0.382498E+12
   0.141163E-02   0.151846E+08   0.151804E+08  -0.136940E+05  -0.555105E+06   0.144719E+08   0.151805E+08   0.151839E+08   0.151804E+08  -0.202919E+00   0.476712E+07   0.476640E+07   0.168931E+03   0.401782E+02   0.336746E+00  -0.337708E+12
   0.155869E-02   0.147407E+08   0.147366E+08  -0.137580E+05   0.370863E+06   0.139037E+08   0.147361E+08   0.147400E+08   0.147361E+08  -0.196978E+00   0.465334E+07   0.465264E+07   0.149829E+03   0.320902E+02   0.334570E+00  -0.298545E+12
   0.172108E-02   0.143398E+08   0.143357E+08  -0.158247E+05   0.295907E+06   0.133631E+08   0.143345E+08   0.143391E+08   0.143345E+08  -0.191609E+00   0.454825E+07   0.454757E+07   0.131421E+03   0.256677E+02   0.332800E+00  -0.264270E+12
   0.190039E-02   0.139772E+08   0.139732E+08  -0.637656E+05   0.236566E+06   0.128459E+08   0.139712E+08   0.139766E+08   0.139712E+08  -0.186753E+00   0.445117E+07   0.445052E+07   0.114532E+03   0.205610E+02   0.331362E+00  -0.234227E+12
   0.209838E-02   0.136483E+08   0.136444E+08  -0.629269E+05   0.189465E+06   0.123482E+08   0.136415E+08   0.136477E+08   0.136415E+08  -0.182345E+00   0.436129E+07   0.436066E+07   0.997439E+02   0.164933E+02   0.330192E+00  -0.207844E+12
   0.231699E-02   0.133483E+08   0.133443E+08  -0.334782E+05   0.151982E+06   0.118665E+08   0.133406E+08   0.133476E+08   0.133406E+08  -0.178323E+00   0.427769E+07   0.427708E+07   0.873587E+02   0.132471E+02   0.329240E+00  -0.184625E+12
   0.255838E-02   0.130724E+08   0.130683E+08  -0.523785E+05   0.122079E+06   0.113978E+08   0.130638E+08   0.130717E+08   0.130638E+08  -0.174622E+00   0.419934E+07   0.419875E+07   0.773054E+02   0.106514E+02   0.328464E+00  -0.164143E+12
   0.282492E-02   0.128159E+08   0.128117E+08  -0.340845E+05   0.981638E+05   0.109394E+08   0.128063E+08   0.128152E+08   0.128063E+08  -0.171180E+00   0.412520E+07   0.412462E+07   0.690717E+02   0.857160E+01   0.327829E+00  -0.146031E+12
   0.311923E-02   0.125745E+08   0.125701E+08  -0.276067E+05   0.789968E+05   0.104883E+08   0.125639E+08   0.125738E+08   0.125639E+08  -0.167940E+00   0.405422E+07   0.405364E+07   0.619744E+02   0.690230E+01   0.327309E+00  -0.129977E+12
   0.344419E-02   0.123440E+08   0.123394E+08  -0.151700E+05   0.636049E+05   0.100415E+08   0.123323E+08   0.123432E+08   0.123323E+08  -0.164844E+00   0.398534E+07   0.398476E+07   0.554395E+02   0.556016E+01   0.326882E+00  -0.115713E+12
   0.380302E-02   0.121205E+08   0.121156E+08  -0.103893E+05   0.512237E+05   0.959583E+07   0.121077E+08   0.121197E+08   0.121077E+08  -0.161841E+00   0.391756E+07   0.391700E+07   0.492995E+02   0.447954E+01   0.326530E+00  -0.103013E+12
   0.419923E-02   0.119004E+08   0.118952E+08  -0.957491E+03   0.412504E+05   0.914895E+07   0.118865E+08   0.118995E+08   0.118865E+08  -0.158884E+00   0.384994E+07   0.384938E+07   0.437653E+02   0.360841E+01   0.326238E+00  -0.916832E+11
   0.463671E-02   0.116804E+08   0.116749E+08  -0.633088E+04   0.332079E+05   0.869892E+07   0.116654E+08   0.116795E+08   0.116654E+08  -0.155929E+00   0.378157E+07   0.378102E+07   0.390635E+02   0.290551E+01   0.325995E+00  -0.815581E+11
   0.511978E-02   0.114576E+08   0.114515E+08  -0.939934E+04   0.267171E+05   0.824563E+07   0.114414E+08   0.114566E+08   0.114414E+08  -0.152934E+00   0.371162E+07   0.371108E+07   0.350847E+02   0.233797E+01   0.325791E+00  -0.724966E+11
   0.565317E-02   0.112295E+08   0.112229E+08  -0.708239E+04   0.214769E+05   0.776769E+07   0.112120E+08   0.112284E+08   0.112120E+08  -0.149868E+00   0.363942E+07   0.363889E+07   0.315116E+02   0.187959E+01   0.325617E+00  -0.643792E+11
   0.624213E-02   0.109930E+08   0.109856E+08  -0.636888E+04   0.172441E+05   0.729155E+07   0.109743E+08   0.109918E+08   0.109743E+08  -0.146690E+00   0.356406E+07   0.356353E+07   0.282377E+02   0.150923E+01   0.325470E+00  -0.570975E+11
   0.689245E-02   0.107461E+08   0.107379E+08  -0.353031E+04   0.138257E+05   0.680626E+07   0.107261E+08   0.107448E+08   0.107261E+08  -0.143373E+00   0.348497E+07   0.348445E+07   0.253864E+02   0.121008E+01   0.325343E+00  -0.505628E+11
   0.761052E-02   0.104869E+08   0.104776E+08  -0.356478E+04   0.110660E+05   0.631960E+07   0.104656E+08   0.104854E+08   0.104656E+08  -0.139891E+00   0.340158E+07   0.340106E+07   0.229035E+02   0.968536E+00   0.325233E+00  -0.446963E+11
   0.840340E-02   0.102134E+08   0.102029E+08  -0.441184E+04   0.883941E+04   0.583914E+07   0.101910E+08   0.102117E+08   0.101910E+08  -0.136220E+00   0.331334E+07   0.331282E+07   0.206689E+02   0.773636E+00   0.325137E+00  -0.394290E+11
   0.927889E-02   0.992412E+07   0.991204E+07  -0.264530E+04   0.704447E+04   0.536345E+07   0.990052E+07   0.992209E+07   0.990052E+07  -0.132338E+00   0.321977E+07   0.321925E+07   0.187037E+02   0.616515E+00   0.325054E+00  -0.347003E+11
   0.102456E-01   0.961751E+07   0.960367E+07  -0.255600E+04   0.559914E+04   0.489117E+07   0.959283E+07   0.961518E+07   0.959283E+07  -0.128225E+00   0.312043E+07   0.311991E+07   0.169684E+02   0.489995E+00   0.324980E+00  -0.304566E+11
   0.113130E-01   0.929223E+07   0.927633E+07  -0.233081E+04   0.443688E+04   0.442764E+07   0.926656E+07   0.928956E+07   0.926656E+07  -0.123863E+00   0.301491E+07   0.301438E+07   0.154343E+02   0.388256E+00   0.324913E+00  -0.266501E+11
   0.124916E-01   0.894709E+07   0.892881E+07  -0.167878E+04   0.350375E+04   0.397890E+07   0.892052E+07   0.894402E+07   0.892052E+07  -0.119238E+00   0.290284E+07   0.290231E+07   0.140806E+02   0.306579E+00   0.324854E+00  -0.232384E+11
   0.137930E-01   0.858114E+07   0.856013E+07  -0.163991E+04   0.275604E+04   0.354790E+07   0.855381E+07   0.857762E+07   0.855381E+07  -0.114336E+00   0.278394E+07   0.278341E+07   0.128831E+02   0.241135E+00   0.324801E+00  -0.201838E+11
   0.152300E-01   0.819375E+07   0.816966E+07  -0.129479E+04   0.215827E+04   0.313478E+07   0.816579E+07   0.818971E+07   0.816579E+07  -0.109150E+00   0.265803E+07   0.265749E+07   0.118179E+02   0.188819E+00   0.324753E+00  -0.174526E+11
   0.168167E-01   0.779378E+07   0.776628E+07  -0.999566E+03   0.168363E+04   0.274903E+07   0.776531E+07   0.778916E+07   0.776531E+07  -0.103797E+00   0.252798E+07   0.252744E+07   0.108719E+02   0.147282E+00   0.324710E+00  -0.150326E+11
   0.185687E-01   0.736559E+07   0.733442E+07  -0.901396E+03   0.130489E+04   0.238521E+07   0.733681E+07   0.736036E+07   0.733681E+07  -0.980690E-01   0.238876E+07   0.238820E+07   0.100060E+02   0.114141E+00   0.324670E+00  -0.128644E+11
   0.205033E-01   0.691820E+07   0.688317E+07  -0.562498E+03   0.100511E+04   0.204888E+07   0.688930E+07   0.691231E+07   0.688930E+07  -0.920872E-01   0.224328E+07   0.224272E+07   0.920387E+01   0.879129E-01   0.324635E+00  -0.109411E+11
   0.226393E-01   0.644786E+07   0.640897E+07  -0.515563E+03   0.768220E+03   0.173937E+07   0.641908E+07   0.644133E+07   0.641908E+07  -0.858019E-01   0.209037E+07   0.208980E+07   0.843798E+01   0.671881E-01   0.324603E+00  -0.923326E+10
   0.249980E-01   0.597122E+07   0.592872E+07  -0.388081E+03   0.583408E+03   0.146179E+07   0.594278E+07   0.596409E+07   0.594278E+07  -0.794354E-01   0.193543E+07   0.193485E+07   0.769151E+01   0.510211E-01   0.324574E+00  -0.774224E+10
   0.276023E-01   0.549379E+07   0.544823E+07  -0.268523E+03   0.440163E+03   0.121581E+07   0.546593E+07   0.548614E+07   0.546593E+07  -0.730615E-01   0.178027E+07   0.177969E+07   0.694288E+01   0.384914E-01   0.324548E+00  -0.644959E+10
   0.304780E-01   0.501753E+07   0.496990E+07  -0.234317E+03   0.329657E+03   0.100001E+07   0.499056E+07   0.500953E+07   0.499056E+07  -0.667073E-01   0.162555E+07   0.162499E+07   0.617061E+01   0.288262E-01   0.324525E+00  -0.533342E+10
   0.336533E-01   0.455523E+07   0.450698E+07  -0.156600E+03   0.245426E+03   0.814503E+06   0.452946E+07   0.454713E+07   0.452946E+07  -0.605440E-01   0.147546E+07   0.147492E+07   0.536596E+01   0.214597E-01   0.324504E+00  -0.438419E+10
   0.371593E-01   0.412349E+07   0.407648E+07  -0.118148E+03   0.182194E+03   0.659048E+06   0.409924E+07   0.411559E+07   0.409924E+07  -0.547933E-01   0.133539E+07   0.133488E+07   0.453240E+01   0.159300E-01   0.324485E+00  -0.359359E+10
   0.410307E-01   0.373280E+07   0.368918E+07  -0.104734E+03   0.135270E+03   0.531286E+06   0.371036E+07   0.372548E+07   0.371036E+07  -0.495953E-01   0.120877E+07   0.120831E+07   0.368604E+01   0.118268E-01   0.324468E+00  -0.294593E+10
   0.451338E-01   0.340587E+07   0.336739E+07   0.102009E+03   0.102009E+03   0.432075E+06   0.338537E+07   0.339941E+07   0.338537E+07  -0.452512E-01   0.110283E+07   0.110241E+07   0.308768E+01   0.891945E-02   0.324420E+00  -0.244340E+10
   0.492368E-01   0.314790E+07   0.311553E+07   0.792371E+02   0.792371E+02   0.358546E+06   0.312929E+07   0.314247E+07   0.312929E+07  -0.418283E-01   0.101944E+07   0.101909E+07   0.238807E+01   0.692812E-02   0.324409E+00  -0.207044E+10
   0.533399E-01   0.293998E+07   0.291370E+07   0.630704E+02   0.630704E+02   0.302523E+06   0.292311E+07   0.293557E+07   0.292311E+07  -0.390723E-01   0.952294E+06   0.952002E+06   0.183010E+01   0.551445E-02   0.324399E+00  -0.178531E+10
   0.574430E-01   0.276492E+07   0.274399E+07   0.511556E+02   0.511556E+02   0.258449E+06   0.274956E+07   0.276140E+07   0.274956E+07  -0.367525E-01   0.895772E+06   0.895529E+06   0.141160E+01   0.447261E-02   0.324390E+00  -0.155940E+10
   0.615460E-01   0.260927E+07   0.259244E+07   0.420617E+02   0.420617E+02   0.222650E+06   0.259517E+07   0.260645E+07   0.259517E+07  -0.346888E-01   0.845490E+06   0.845283E+06   0.112044E+01   0.367745E-02   0.324383E+00  -0.137375E+10
   0.656491E-01   0.246269E+07   0.244847E+07   0.348954E+02   0.348954E+02   0.192666E+06   0.244957E+07   0.246030E+07   0.244957E+07  -0.327427E-01   0.798070E+06   0.797885E+06   0.936231E+00   0.305087E-02   0.324377E+00  -0.121566E+10
   0.697522E-01   0.231781E+07   0.230474E+07   0.290930E+02   0.290930E+02   0.166897E+06   0.230544E+07   0.231561E+07   0.230544E+07  -0.308162E-01   0.751126E+06   0.750952E+06   0.833385E+00   0.254353E-02   0.324372E+00  -0.107685E+10
   0.738552E-01   0.217583E+07   0.216270E+07   0.243590E+02   0.243590E+02   0.144723E+06   0.216402E+07   0.217362E+07   0.216402E+07  -0.289258E-01   0.705063E+06   0.704889E+06   0.786072E+00   0.212963E-02   0.324367E+00  -0.954651E+09
   0.779583E-01   0.203215E+07   0.201817E+07   0.204158E+02   0.204158E+02   0.125258E+06   0.202079E+07   0.202980E+07   0.202079E+07  -0.270113E-01   0.658408E+06   0.658228E+06   0.767662E+00   0.178487E-02   0.324363E+00  -0.844556E+09
   0.820614E-01   0.189376E+07   0.187858E+07   0.171672E+02   0.171672E+02   0.108497E+06   0.188278E+07   0.189121E+07   0.188278E+07  -0.251665E-01   0.613451E+06   0.613265E+06   0.758423E+00   0.150085E-02   0.324360E+00  -0.747541E+09
   0.861644E-01   0.176445E+07   0.174816E+07   0.145050E+02   0.145050E+02   0.942226E+05   0.175383E+07   0.176172E+07   0.175383E+07  -0.234429E-01   0.571446E+06   0.571254E+06   0.743450E+00   0.126810E-02   0.324357E+00  -0.663191E+09
   0.912856E-01   0.162063E+07   0.160358E+07   0.118672E+02   0.118672E+02   0.795588E+05   0.161049E+07   0.161777E+07   0.161049E+07  -0.215269E-01   0.524751E+06   0.524558E+06   0.704274E+00   0.103748E-02   0.324353E+00  -0.574831E+09
   0.964067E-01   0.150064E+07   0.148384E+07   0.985103E+01   0.985103E+01   0.679800E+05   0.149105E+07   0.149782E+07   0.149105E+07  -0.199304E-01   0.485840E+06   0.485656E+06   0.639353E+00   0.861214E-03   0.324350E+00  -0.503935E+09
   0.101528E+00   0.140595E+07   0.139041E+07   0.832205E+01   0.832205E+01   0.589775E+05   0.139698E+07   0.140334E+07   0.139698E+07  -0.186730E-01   0.455192E+06   0.455023E+06   0.555383E+00   0.727541E-03   0.324348E+00  -0.448331E+09
   0.106649E+00   0.133314E+07   0.131958E+07   0.715248E+01   0.715248E+01   0.519510E+05   0.132481E+07   0.133086E+07   0.132481E+07  -0.177083E-01   0.431678E+06   0.431529E+06   0.464490E+00   0.625291E-03   0.324345E+00  -0.404756E+09
   0.111770E+00   0.127507E+07   0.126374E+07   0.622976E+01   0.622976E+01   0.462919E+05   0.126736E+07   0.127317E+07   0.126736E+07  -0.169404E-01   0.412959E+06   0.412832E+06   0.379424E+00   0.544622E-03   0.324343E+00  -0.369467E+09
   0.116891E+00   0.122404E+07   0.121475E+07   0.546910E+01   0.546910E+01   0.415105E+05   0.121689E+07   0.122248E+07   0.121689E+07  -0.162658E-01   0.396515E+06   0.396407E+06   0.310043E+00   0.478121E-03   0.324341E+00  -0.339214E+09
   0.122012E+00   0.117405E+07   0.116623E+07   0.481537E+01   0.481537E+01   0.372783E+05   0.116736E+07   0.117274E+07   0.116736E+07  -0.156038E-01   0.380377E+06   0.380281E+06   0.261347E+00   0.420969E-03   0.324340E+00  -0.311751E+09
   0.127134E+00   0.112155E+07   0.111451E+07   0.423718E+01   0.423718E+01   0.334141E+05   0.111522E+07   0.112037E+07   0.111522E+07  -0.149068E-01   0.363389E+06   0.363300E+06   0.233148E+00   0.370423E-03   0.324338E+00  -0.285831E+09
   0.132255E+00   0.106557E+07   0.105864E+07   0.371983E+01   0.371983E+01   0.298468E+05   0.105951E+07   0.106441E+07   0.105951E+07  -0.141622E-01   0.345238E+06   0.345151E+06   0.221121E+00   0.325194E-03   0.324337E+00  -0.261039E+09
   0.137376E+00   0.100724E+07   0.999947E+06   0.325854E+01   0.325854E+01   0.265741E+05   0.100138E+07   0.100602E+07   0.100138E+07  -0.133852E-01   0.326300E+06   0.326210E+06   0.218677E+00   0.284867E-03   0.324336E+00  -0.237522E+09
   0.142497E+00   0.949061E+06   0.941209E+06   0.285310E+01   0.285310E+01   0.236266E+05   0.943369E+06   0.947743E+06   0.943369E+06  -0.126097E-01   0.307399E+06   0.307305E+06   0.219007E+00   0.249422E-03   0.324334E+00  -0.215720E+09
   0.147618E+00   0.894203E+06   0.885880E+06   0.250447E+01   0.250447E+01   0.210409E+05   0.888680E+06   0.892806E+06   0.888680E+06  -0.118787E-01   0.289581E+06   0.289485E+06   0.216741E+00   0.218944E-03   0.324333E+00  -0.196165E+09
   0.152739E+00   0.845688E+06   0.837180E+06   0.221214E+01   0.221214E+01   0.188400E+05   0.840353E+06   0.844259E+06   0.840353E+06  -0.112327E-01   0.273835E+06   0.273739E+06   0.208881E+00   0.193388E-03   0.324332E+00  -0.179279E+09
   0.157860E+00   0.805186E+06   0.796866E+06   0.197166E+01   0.197166E+01   0.170097E+05   0.800065E+06   0.803789E+06   0.800065E+06  -0.106942E-01   0.260708E+06   0.260616E+06   0.194919E+00   0.172365E-03   0.324332E+00  -0.165147E+09
   0.162982E+00   0.772399E+06   0.764614E+06   0.177446E+01   0.177446E+01   0.154965E+05   0.767516E+06   0.771092E+06   0.767516E+06  -0.102592E-01   0.250102E+06   0.250016E+06   0.176329E+00   0.155125E-03   0.324331E+00  -0.153451E+09
   0.168103E+00   0.745638E+06   0.738615E+06   0.161038E+01   0.161038E+01   0.142274E+05   0.741003E+06   0.744459E+06   0.741003E+06  -0.990476E-02   0.241462E+06   0.241384E+06   0.155751E+00   0.140781E-03   0.324330E+00  -0.143637E+09
   0.173224E+00   0.722771E+06   0.716577E+06   0.147027E+01   0.147027E+01   0.131332E+05   0.718377E+06   0.721731E+06   0.718377E+06  -0.960233E-02   0.234089E+06   0.234019E+06   0.136063E+00   0.128532E-03   0.324329E+00  -0.135135E+09
   0.178345E+00   0.701632E+06   0.696178E+06   0.134666E+01   0.134666E+01   0.121557E+05   0.697458E+06   0.700717E+06   0.697458E+06  -0.932271E-02   0.227272E+06   0.227208E+06   0.119575E+00   0.117726E-03   0.324329E+00  -0.127433E+09
   0.183466E+00   0.680215E+06   0.675296E+06   0.123380E+01   0.123380E+01   0.112484E+05   0.676227E+06   0.679389E+06   0.676227E+06  -0.903893E-02   0.220354E+06   0.220295E+06   0.107525E+00   0.107860E-03   0.324328E+00  -0.120105E+09
   0.188587E+00   0.657220E+06   0.652585E+06   0.112826E+01   0.112826E+01   0.103845E+05   0.653384E+06   0.656442E+06   0.653384E+06  -0.873359E-02   0.212911E+06   0.212854E+06   0.999826E-01   0.986332E-04   0.324328E+00  -0.112897E+09
   0.193708E+00   0.632514E+06   0.627933E+06   0.102916E+01   0.102916E+01   0.955862E+04   0.628801E+06   0.631745E+06   0.628801E+06  -0.840499E-02   0.204901E+06   0.204845E+06   0.960763E-01   0.899697E-04   0.324327E+00  -0.105777E+09
   0.198830E+00   0.606905E+06   0.602221E+06   0.937202E+00   0.937202E+00   0.878032E+04   0.603292E+06   0.606119E+06   0.603292E+06  -0.806402E-02   0.196589E+06   0.196533E+06   0.943794E-01   0.819308E-04   0.324327E+00  -0.988721E+08
   0.203951E+00   0.581513E+06   0.576665E+06   0.853372E+00   0.853372E+00   0.806146E+04   0.577989E+06   0.580699E+06   0.577989E+06  -0.772581E-02   0.188345E+06   0.188288E+06   0.933432E-01   0.746022E-04   0.324326E+00  -0.923470E+08
   0.209072E+00   0.557429E+06   0.552450E+06   0.778366E+00   0.778366E+00   0.741147E+04   0.553994E+06   0.556593E+06   0.553994E+06  -0.740507E-02   0.180526E+06   0.180469E+06   0.916896E-01   0.680452E-04   0.324326E+00  -0.863452E+08
   0.214193E+00   0.535583E+06   0.530577E+06   0.712479E+00   0.712479E+00   0.683588E+04   0.532244E+06   0.534743E+06   0.532244E+06  -0.711435E-02   0.173440E+06   0.173383E+06   0.886669E-01   0.622852E-04   0.324326E+00  -0.809721E+08
   0.219314E+00   0.516541E+06   0.511639E+06   0.655415E+00   0.655415E+00   0.633434E+04   0.513307E+06   0.515718E+06   0.513307E+06  -0.686122E-02   0.167269E+06   0.167214E+06   0.841168E-01   0.572967E-04   0.324325E+00  -0.762677E+08
   0.224435E+00   0.500298E+06   0.495621E+06   0.606180E+00   0.606180E+00   0.589964E+04   0.497176E+06   0.499512E+06   0.497176E+06  -0.664561E-02   0.162013E+06   0.161960E+06   0.783765E-01   0.529925E-04   0.324325E+00  -0.721855E+08
   0.229556E+00   0.486337E+06   0.481967E+06   0.563300E+00   0.563300E+00   0.551922E+04   0.483331E+06   0.485603E+06   0.483331E+06  -0.646054E-02   0.157501E+06   0.157451E+06   0.720862E-01   0.492440E-04   0.324325E+00  -0.686099E+08
   0.234678E+00   0.473873E+06   0.469835E+06   0.525212E+00   0.525212E+00   0.517938E+04   0.470980E+06   0.473195E+06   0.470980E+06  -0.629545E-02   0.153476E+06   0.153430E+06   0.659665E-01   0.459142E-04   0.324324E+00  -0.653978E+08
   0.239799E+00   0.462070E+06   0.458333E+06   0.490525E+00   0.490525E+00   0.486743E+04   0.459281E+06   0.461442E+06   0.459281E+06  -0.613908E-02   0.149664E+06   0.149620E+06   0.606203E-01   0.428819E-04   0.324324E+00  -0.624115E+08
   0.244920E+00   0.450217E+06   0.446711E+06   0.458187E+00   0.458187E+00   0.457379E+04   0.447522E+06   0.449628E+06   0.447522E+06  -0.598189E-02   0.145832E+06   0.145790E+06   0.564022E-01   0.400549E-04   0.324324E+00  -0.595419E+08
   0.250041E+00   0.437900E+06   0.434538E+06   0.427592E+00   0.427592E+00   0.429302E+04   0.435286E+06   0.437335E+06   0.435286E+06  -0.581833E-02   0.141844E+06   0.141804E+06   0.533771E-01   0.373803E-04   0.324323E+00  -0.567279E+08
   0.255162E+00   0.425072E+06   0.421772E+06   0.398567E+00   0.398567E+00   0.402384E+04   0.422528E+06   0.424518E+06   0.422528E+06  -0.564781E-02   0.137687E+06   0.137648E+06   0.513577E-01   0.348429E-04   0.324323E+00  -0.539602E+08
   0.260283E+00   0.411971E+06   0.408673E+06   0.371217E+00   0.371217E+00   0.376784E+04   0.409488E+06   0.411417E+06   0.409488E+06  -0.547351E-02   0.133438E+06   0.133399E+06   0.499946E-01   0.324519E-04   0.324323E+00  -0.512660E+08
   0.265404E+00   0.398969E+06   0.395649E+06   0.345743E+00   0.345743E+00   0.352742E+04   0.396543E+06   0.398412E+06   0.396543E+06  -0.530047E-02   0.129220E+06   0.129181E+06   0.488884E-01   0.302250E-04   0.324323E+00  -0.486874E+08
   0.270526E+00   0.386474E+06   0.383138E+06   0.322338E+00   0.322338E+00   0.330507E+04   0.384103E+06   0.385914E+06   0.384103E+06  -0.513419E-02   0.125167E+06   0.125128E+06   0.476937E-01   0.281789E-04   0.324323E+00  -0.462673E+08
   0.275647E+00   0.374843E+06   0.371524E+06   0.301117E+00   0.301117E+00   0.310238E+04   0.372529E+06   0.374286E+06   0.372529E+06  -0.497949E-02   0.121395E+06   0.121357E+06   0.461897E-01   0.263238E-04   0.324322E+00  -0.440395E+08
   0.280768E+00   0.364290E+06   0.361031E+06   0.282057E+00   0.282057E+00   0.291956E+04   0.362035E+06   0.363742E+06   0.362035E+06  -0.483921E-02   0.117976E+06   0.117938E+06   0.443064E-01   0.246575E-04   0.324322E+00  -0.420183E+08
   0.285889E+00   0.354822E+06   0.351667E+06   0.264975E+00   0.264975E+00   0.275511E+04   0.352629E+06   0.354292E+06   0.352629E+06  -0.471348E-02   0.114911E+06   0.114875E+06   0.421084E-01   0.231642E-04   0.324322E+00  -0.401935E+08
   0.291010E+00   0.346275E+06   0.343253E+06   0.249577E+00   0.249577E+00   0.260632E+04   0.344143E+06   0.345767E+06   0.344143E+06  -0.460006E-02   0.112146E+06   0.112111E+06   0.397519E-01   0.218181E-04   0.324322E+00  -0.385361E+08
   0.296131E+00   0.338386E+06   0.335508E+06   0.235538E+00   0.235538E+00   0.247011E+04   0.336315E+06   0.337903E+06   0.336315E+06  -0.449542E-02   0.109595E+06   0.109561E+06   0.374271E-01   0.205908E-04   0.324322E+00  -0.370083E+08
   0.301252E+00   0.330870E+06   0.328128E+06   0.222550E+00   0.222550E+00   0.234344E+04   0.328857E+06   0.330409E+06   0.328857E+06  -0.439573E-02   0.107164E+06   0.107132E+06   0.353038E-01   0.194554E-04   0.324322E+00  -0.355724E+08
   0.306374E+00   0.323472E+06   0.320843E+06   0.210367E+00   0.210367E+00   0.222394E+04   0.321512E+06   0.323030E+06   0.321512E+06  -0.429756E-02   0.104771E+06   0.104740E+06   0.334921E-01   0.183904E-04   0.324321E+00  -0.341966E+08
   0.311495E+00   0.316022E+06   0.313477E+06   0.198823E+00   0.198823E+00   0.210996E+04   0.314111E+06   0.315595E+06   0.314111E+06  -0.419863E-02   0.102359E+06   0.102329E+06   0.320264E-01   0.173812E-04   0.324321E+00  -0.328602E+08
   0.316616E+00   0.308471E+06   0.305979E+06   0.187844E+00   0.187844E+00   0.200087E+04   0.306604E+06   0.308052E+06   0.306604E+06  -0.409828E-02   0.999127E+05   0.998834E+05   0.308706E-01   0.164214E-04   0.324321E+00  -0.315561E+08
   0.321737E+00   0.300878E+06   0.298417E+06   0.177431E+00   0.177431E+00   0.189678E+04   0.299052E+06   0.300465E+06   0.299052E+06  -0.399734E-02   0.974519E+05   0.974230E+05   0.299388E-01   0.155111E-04   0.324321E+00  -0.302889E+08
   0.326858E+00   0.293372E+06   0.290930E+06   0.167622E+00   0.167622E+00   0.179818E+04   0.291584E+06   0.292962E+06   0.291584E+06  -0.389752E-02   0.950183E+05   0.949898E+05   0.291240E-01   0.146535E-04   0.324321E+00  -0.290698E+08
   0.331979E+00   0.286094E+06   0.283670E+06   0.158455E+00   0.158455E+00   0.170565E+04   0.284343E+06   0.285687E+06   0.284343E+06  -0.380073E-02   0.926590E+05   0.926308E+05   0.283262E-01   0.138522E-04   0.324321E+00  -0.279107E+08
   0.337100E+00   0.279168E+06   0.276770E+06   0.149954E+00   0.149954E+00   0.161946E+04   0.277454E+06   0.278765E+06   0.277454E+06  -0.370864E-02   0.904139E+05   0.903862E+05   0.274748E-01   0.131090E-04   0.324321E+00  -0.268207E+08
   0.342222E+00   0.272670E+06   0.270312E+06   0.142111E+00   0.142111E+00   0.153970E+04   0.270993E+06   0.272274E+06   0.270993E+06  -0.362228E-02   0.883086E+05   0.882814E+05   0.265388E-01   0.124234E-04   0.324321E+00  -0.258041E+08
   0.347343E+00   0.266619E+06   0.264316E+06   0.134891E+00   0.134891E+00   0.146601E+04   0.264979E+06   0.266232E+06   0.264979E+06  -0.354190E-02   0.863489E+05   0.863223E+05   0.255254E-01   0.117922E-04   0.324320E+00  -0.248595E+08
   0.352464E+00   0.260973E+06   0.258735E+06   0.128226E+00   0.128226E+00   0.139782E+04   0.259370E+06   0.260597E+06   0.259370E+06  -0.346692E-02   0.845211E+05   0.844952E+05   0.244707E-01   0.112096E-04   0.324320E+00  -0.239797E+08
   0.357585E+00   0.255647E+06   0.253480E+06   0.122040E+00   0.122040E+00   0.133430E+04   0.254082E+06   0.255283E+06   0.254082E+06  -0.339623E-02   0.827977E+05   0.827726E+05   0.234244E-01   0.106688E-04   0.324320E+00  -0.231544E+08
   0.362706E+00   0.250545E+06   0.248446E+06   0.116252E+00   0.116252E+00   0.127467E+04   0.249014E+06   0.250192E+06   0.249014E+06  -0.332850E-02   0.811464E+05   0.811220E+05   0.224352E-01   0.101628E-04   0.324320E+00  -0.223722E+08
   0.367827E+00   0.245574E+06   0.243537E+06   0.110797E+00   0.110797E+00   0.121826E+04   0.244078E+06   0.245232E+06   0.244078E+06  -0.326251E-02   0.795377E+05   0.795140E+05   0.215386E-01   0.968590E-05   0.324320E+00  -0.216234E+08
   0.372948E+00   0.240668E+06   0.238683E+06   0.105623E+00   0.105623E+00   0.116452E+04   0.239203E+06   0.240335E+06   0.239203E+06  -0.319736E-02   0.779493E+05   0.779261E+05   0.207503E-01   0.923357E-05   0.324320E+00  -0.209005E+08
   0.378070E+00   0.235792E+06   0.233847E+06   0.100698E+00   0.100698E+00   0.111317E+04   0.234356E+06   0.235465E+06   0.234356E+06  -0.313257E-02   0.763698E+05   0.763470E+05   0.200655E-01   0.880305E-05   0.324320E+00  -0.201997E+08
   0.383191E+00   0.230949E+06   0.229036E+06   0.960107E-01   0.960107E-01   0.106409E+04   0.229542E+06   0.230628E+06   0.229542E+06  -0.306821E-02   0.748009E+05   0.747786E+05   0.194638E-01   0.839329E-05   0.324320E+00  -0.195203E+08
   0.388312E+00   0.226181E+06   0.224294E+06   0.915638E-01   0.915638E-01   0.101736E+04   0.224800E+06   0.225864E+06   0.224800E+06  -0.300484E-02   0.732559E+05   0.732339E+05   0.189167E-01   0.800454E-05   0.324320E+00  -0.188650E+08
   0.393433E+00   0.221535E+06   0.219672E+06   0.873622E-01   0.873622E-01   0.973055E+03   0.220179E+06   0.221222E+06   0.220179E+06  -0.294307E-02   0.717502E+05   0.717285E+05   0.183951E-01   0.763724E-05   0.324320E+00  -0.182367E+08
   0.398554E+00   0.217047E+06   0.215210E+06   0.834064E-01   0.834064E-01   0.931212E+03   0.215717E+06   0.216739E+06   0.215717E+06  -0.288343E-02   0.702962E+05   0.702748E+05   0.178754E-01   0.729142E-05   0.324320E+00  -0.176375E+08
   0.403675E+00   0.212745E+06   0.210937E+06   0.796915E-01   0.796915E-01   0.891813E+03   0.211440E+06   0.212441E+06   0.211440E+06  -0.282626E-02   0.689023E+05   0.688813E+05   0.173445E-01   0.696666E-05   0.324320E+00  -0.170685E+08
   0.408796E+00   0.208642E+06   0.206867E+06   0.762086E-01   0.762086E-01   0.854768E+03   0.207362E+06   0.208344E+06   0.207362E+06  -0.277174E-02   0.675734E+05   0.675528E+05   0.168002E-01   0.666218E-05   0.324320E+00  -0.165296E+08
   0.413918E+00   0.204734E+06   0.202997E+06   0.729426E-01   0.729426E-01   0.819955E+03   0.203479E+06   0.204443E+06   0.203479E+06  -0.271984E-02   0.663080E+05   0.662879E+05   0.162498E-01   0.637667E-05   0.324319E+00  -0.160194E+08
   0.419039E+00   0.200997E+06   0.199298E+06   0.698718E-01   0.698718E-01   0.787132E+03   0.199765E+06   0.200712E+06   0.199765E+06  -0.267020E-02   0.650979E+05   0.650782E+05   0.157054E-01   0.610821E-05   0.324319E+00  -0.155348E+08
   0.424160E+00   0.197392E+06   0.195732E+06   0.669721E-01   0.669721E-01   0.756063E+03   0.196184E+06   0.197113E+06   0.196184E+06  -0.262233E-02   0.639308E+05   0.639115E+05   0.151805E-01   0.585472E-05   0.324319E+00  -0.150721E+08
   0.429281E+00   0.193886E+06   0.192264E+06   0.642229E-01   0.642229E-01   0.726523E+03   0.192701E+06   0.193613E+06   0.192701E+06  -0.257577E-02   0.627957E+05   0.627768E+05   0.146862E-01   0.561439E-05   0.324319E+00  -0.146279E+08
   0.434402E+00   0.190456E+06   0.188867E+06   0.616083E-01   0.616083E-01   0.698349E+03   0.189292E+06   0.190189E+06   0.189292E+06  -0.253021E-02   0.616851E+05   0.616666E+05   0.142289E-01   0.538582E-05   0.324319E+00  -0.141998E+08
   0.439523E+00   0.187086E+06   0.185528E+06   0.591164E-01   0.591164E-01   0.671425E+03   0.185944E+06   0.186825E+06   0.185944E+06  -0.248545E-02   0.605939E+05   0.605757E+05   0.138093E-01   0.516798E-05   0.324319E+00  -0.137861E+08
   0.444644E+00   0.183770E+06   0.182238E+06   0.567386E-01   0.567386E-01   0.645655E+03   0.182647E+06   0.183513E+06   0.182647E+06  -0.244139E-02   0.595197E+05   0.595018E+05   0.134230E-01   0.496011E-05   0.324319E+00  -0.133857E+08
   0.449766E+00   0.180511E+06   0.179002E+06   0.544703E-01   0.544703E-01   0.621014E+03   0.179408E+06   0.180258E+06   0.179408E+06  -0.239809E-02   0.584640E+05   0.584464E+05   0.130625E-01   0.476181E-05   0.324319E+00  -0.129986E+08
   0.454887E+00   0.177323E+06   0.175836E+06   0.523100E-01   0.523100E-01   0.597480E+03   0.176238E+06   0.177074E+06   0.176238E+06  -0.235572E-02   0.574312E+05   0.574138E+05   0.127192E-01   0.457296E-05   0.324319E+00  -0.126252E+08
   0.460008E+00   0.174222E+06   0.172756E+06   0.502569E-01   0.502569E-01   0.575065E+03   0.173155E+06   0.173976E+06   0.173155E+06  -0.231451E-02   0.564265E+05   0.564094E+05   0.123857E-01   0.439348E-05   0.324319E+00  -0.122662E+08
   0.465129E+00   0.171218E+06   0.169774E+06   0.483086E-01   0.483086E-01   0.553744E+03   0.170169E+06   0.170976E+06   0.170169E+06  -0.227460E-02   0.554534E+05   0.554366E+05   0.120568E-01   0.422316E-05   0.324319E+00  -0.119220E+08
   0.470250E+00   0.168315E+06   0.166894E+06   0.464607E-01   0.464607E-01   0.533478E+03   0.167283E+06   0.168076E+06   0.167283E+06  -0.223603E-02   0.545131E+05   0.544965E+05   0.117302E-01   0.406162E-05   0.324319E+00  -0.115922E+08
   0.475371E+00   0.165510E+06   0.164113E+06   0.447074E-01   0.447074E-01   0.514211E+03   0.164495E+06   0.165275E+06   0.164495E+06  -0.219876E-02   0.536045E+05   0.535883E+05   0.114065E-01   0.390833E-05   0.324319E+00  -0.112762E+08
   0.480492E+00   0.162796E+06   0.161425E+06   0.430421E-01   0.430421E-01   0.495872E+03   0.161799E+06   0.162566E+06   0.161799E+06  -0.216272E-02   0.527258E+05   0.527099E+05   0.110882E-01   0.376276E-05   0.324319E+00  -0.109731E+08
   0.485614E+00   0.160167E+06   0.158820E+06   0.414586E-01   0.414586E-01   0.478402E+03   0.159186E+06   0.159941E+06   0.159186E+06  -0.212779E-02   0.518744E+05   0.518587E+05   0.107790E-01   0.362433E-05   0.324319E+00  -0.106821E+08
   0.490735E+00   0.157610E+06   0.156287E+06   0.399498E-01   0.399498E-01   0.461716E+03   0.156645E+06   0.157388E+06   0.156645E+06  -0.209383E-02   0.510463E+05   0.510309E+05   0.104821E-01   0.349243E-05   0.324319E+00  -0.104019E+08
   0.495856E+00   0.155112E+06   0.153813E+06   0.385089E-01   0.385089E-01   0.445752E+03   0.154163E+06   0.154894E+06   0.154163E+06  -0.206065E-02   0.502375E+05   0.502223E+05   0.101997E-01   0.336646E-05   0.324319E+00  -0.101313E+08
   0.500977E+00   0.152664E+06   0.151386E+06   0.371303E-01   0.371303E-01   0.430443E+03   0.151730E+06   0.152450E+06   0.151730E+06  -0.202813E-02   0.494448E+05   0.494299E+05   0.993239E-02   0.324595E-05   0.324319E+00  -0.986954E+07
   0.506098E+00   0.150264E+06   0.149006E+06   0.358107E-01   0.358107E-01   0.415761E+03   0.149345E+06   0.150053E+06   0.149345E+06  -0.199625E-02   0.486674E+05   0.486527E+05   0.967958E-02   0.313058E-05   0.324319E+00  -0.961606E+07
   0.511219E+00   0.147913E+06   0.146674E+06   0.345476E-01   0.345476E-01   0.401680E+03   0.147008E+06   0.147705E+06   0.147008E+06  -0.196501E-02   0.479058E+05   0.478913E+05   0.943948E-02   0.302016E-05   0.324319E+00  -0.937076E+07
   0.516340E+00   0.145612E+06   0.144391E+06   0.333388E-01   0.333388E-01   0.388176E+03   0.144720E+06   0.145407E+06   0.144720E+06  -0.193443E-02   0.471605E+05   0.471462E+05   0.920963E-02   0.291449E-05   0.324319E+00  -0.913348E+07
   0.521462E+00   0.143363E+06   0.142159E+06   0.321822E-01   0.321822E-01   0.375235E+03   0.142485E+06   0.143161E+06   0.142485E+06  -0.190455E-02   0.464320E+05   0.464179E+05   0.898756E-02   0.281338E-05   0.324319E+00  -0.890407E+07
   0.526583E+00   0.141168E+06   0.139982E+06   0.310761E-01   0.310761E-01   0.362832E+03   0.140303E+06   0.140969E+06   0.140303E+06  -0.187539E-02   0.457211E+05   0.457072E+05   0.877130E-02   0.271669E-05   0.324318E+00  -0.868248E+07
   0.531704E+00   0.139031E+06   0.137862E+06   0.300190E-01   0.300190E-01   0.350962E+03   0.138180E+06   0.138835E+06   0.138180E+06  -0.184701E-02   0.450290E+05   0.450154E+05   0.855972E-02   0.262428E-05   0.324318E+00  -0.846870E+07
   0.536825E+00   0.136954E+06   0.135802E+06   0.290089E-01   0.290089E-01   0.339597E+03   0.136115E+06   0.136760E+06   0.136115E+06  -0.181940E-02   0.443561E+05   0.443427E+05   0.835250E-02   0.253597E-05   0.324318E+00  -0.826256E+07
   0.541946E+00   0.134932E+06   0.133797E+06   0.280431E-01   0.280431E-01   0.328715E+03   0.134105E+06   0.134741E+06   0.134105E+06  -0.179254E-02   0.437012E+05   0.436880E+05   0.814988E-02   0.245154E-05   0.324318E+00  -0.806365E+07
   0.547067E+00   0.132960E+06   0.131843E+06   0.271184E-01   0.271184E-01   0.318279E+03   0.132146E+06   0.132773E+06   0.132146E+06  -0.176635E-02   0.430628E+05   0.430497E+05   0.795254E-02   0.237071E-05   0.324318E+00  -0.787146E+07
   0.559946E+00   0.128208E+06   0.127132E+06   0.249602E-01   0.249602E-01   0.293848E+03   0.127423E+06   0.128027E+06   0.127423E+06  -0.170322E-02   0.415236E+05   0.415111E+05   0.748458E-02   0.218203E-05   0.324318E+00  -0.741555E+07
   0.593872E+00   0.116823E+06   0.115842E+06   0.202194E-01   0.202194E-01   0.239815E+03   0.116108E+06   0.116659E+06   0.116108E+06  -0.155198E-02   0.378364E+05   0.378249E+05   0.644293E-02   0.176759E-05   0.324318E+00  -0.637105E+07
   0.629853E+00   0.106422E+06   0.105529E+06   0.163749E-01   0.163749E-01   0.195577E+03   0.105770E+06   0.106272E+06   0.105770E+06  -0.141379E-02   0.344677E+05   0.344572E+05   0.553593E-02   0.143150E-05   0.324318E+00  -0.547225E+07
   0.879031E+00   0.622111E+05   0.616892E+05   0.491456E-02   0.491456E-02   0.606005E+02   0.618297E+05   0.621234E+05   0.618297E+05  -0.826459E-03   0.201487E+05   0.201426E+05   0.234095E-02   0.429633E-06   0.324317E+00  -0.229212E+07
   0.122679E+01   0.359276E+05   0.356262E+05   0.145719E-02   0.145719E-02   0.183529E+02   0.357073E+05   0.358770E+05   0.357073E+05  -0.477288E-03   0.116361E+05   0.116325E+05   0.986960E-03   0.127388E-06   0.324317E+00  -0.948489E+06
   0.171212E+01   0.205329E+05   0.203605E+05   0.427570E-03   0.427570E-03   0.545798E+01   0.204069E+05   0.205039E+05   0.204069E+05  -0.272773E-03   0.665012E+04   0.664797E+04   0.418973E-03   0.373784E-07   0.324316E+00  -0.388408E+06
   0.238945E+01   0.116296E+05   0.115317E+05   0.124334E-03   0.124334E-03   0.160002E+01   0.115582E+05   0.116131E+05   0.115582E+05  -0.154495E-03   0.376654E+04   0.376524E+04   0.181821E-03   0.108694E-07   0.324315E+00  -0.157628E+06
