#          k/h    CDM            baryon         photon         nu             mass_nu        total          no_nu          total_de       Weyl           v_CDM          v_b            v_b-v_c        ISW            log_grow       pert_vel    
   0.994668E-05   0.223672E+08   0.223672E+08   0.298103E+08   0.298099E+08   0.223696E+08   0.223672E+08   0.223672E+08   0.223752E+08  -0.475859E+00   0.529086E+07   0.529086E+07   0.587284E+01   0.583225E+06   0.810117E+00  -0.531942E+14
   0.109829E-04   0.223663E+08   0.223663E+08   0.298064E+08   0.298059E+08   0.223687E+08   0.223663E+08   0.223663E+08   0.223743E+08  -0.475841E+00   0.529078E+07   0.529078E+07   0.648448E+01   0.478508E+06   0.810058E+00  -0.481745E+14
   0.121272E-04   0.223653E+08   0.223653E+08   0.298016E+08   0.298010E+08   0.223676E+08   0.223653E+08   0.223653E+08   0.223732E+08  -0.475818E+00   0.529069E+07   0.529069E+07   0.715976E+01   0.392620E+06   0.809985E+00  -0.436283E+14
   0.133906E-04   0.223640E+08   0.223640E+08   0.297958E+08   0.297950E+08   0.223663E+08   0.223640E+08   0.223640E+08   0.223719E+08  -0.475790E+00   0.529057E+07   0.529057E+07   0.790530E+01   0.322175E+06   0.809896E+00  -0.395110E+14
   0.147857E-04   0.223624E+08   0.223624E+08   0.297886E+08   0.297878E+08   0.223647E+08   0.223624E+08   0.223624E+08   0.223703E+08  -0.475756E+00   0.529043E+07   0.529043E+07   0.872838E+01   0.264396E+06   0.809788E+00  -0.357821E+14
   0.163261E-04   0.223604E+08   0.223604E+08   0.297800E+08   0.297789E+08   0.223628E+08   0.223605E+08   0.223604E+08   0.223684E+08  -0.475715E+00   0.529026E+07   0.529026E+07   0.963704E+01   0.217006E+06   0.809656E+00  -0.324049E+14
   0.180270E-04   0.223581E+08   0.223581E+08   0.297694E+08   0.297681E+08   0.223604E+08   0.223581E+08   0.223581E+08   0.223661E+08  -0.475665E+00   0.529006E+07   0.529006E+07   0.106401E+02   0.178136E+06   0.809495E+00  -0.293463E+14
   0.199051E-04   0.223552E+08   0.223552E+08   0.297565E+08   0.297549E+08   0.223575E+08   0.223552E+08   0.223552E+08   0.223632E+08  -0.475604E+00   0.528980E+07   0.528980E+07   0.117474E+02   0.146255E+06   0.809300E+00  -0.265761E+14
   0.219788E-04   0.223517E+08   0.223517E+08   0.297408E+08   0.297389E+08   0.223540E+08   0.223517E+08   0.223517E+08   0.223597E+08  -0.475530E+00   0.528950E+07   0.528950E+07   0.129696E+02   0.120107E+06   0.809061E+00  -0.240672E+14
   0.242687E-04   0.223475E+08   0.223475E+08   0.297217E+08   0.297193E+08   0.223497E+08   0.223475E+08   0.223475E+08   0.223554E+08  -0.475439E+00   0.528912E+07   0.528912E+07   0.143185E+02   0.986593E+05   0.808771E+00  -0.217949E+14
   0.267970E-04   0.223423E+08   0.223423E+08   0.296984E+08   0.296955E+08   0.223444E+08   0.223423E+08   0.223423E+08   0.223502E+08  -0.475329E+00   0.528867E+07   0.528866E+07   0.158072E+02   0.810679E+05   0.808417E+00  -0.197367E+14
   0.295888E-04   0.223360E+08   0.223360E+08   0.296700E+08   0.296665E+08   0.223381E+08   0.223360E+08   0.223360E+08   0.223439E+08  -0.475194E+00   0.528811E+07   0.528811E+07   0.174499E+02   0.666393E+05   0.807987E+00  -0.178727E+14
   0.326714E-04   0.223283E+08   0.223283E+08   0.296354E+08   0.296312E+08   0.223303E+08   0.223283E+08   0.223283E+08   0.223362E+08  -0.475031E+00   0.528743E+07   0.528743E+07   0.192623E+02   0.548045E+05   0.807463E+00  -0.161843E+14
   0.360752E-04   0.223190E+08   0.223190E+08   0.295933E+08   0.295881E+08   0.223209E+08   0.223190E+08   0.223190E+08   0.223269E+08  -0.474832E+00   0.528661E+07   0.528660E+07   0.212616E+02   0.450972E+05   0.806826E+00  -0.146549E+14
   0.398336E-04   0.223076E+08   0.223076E+08   0.295421E+08   0.295358E+08   0.223094E+08   0.223076E+08   0.223076E+08   0.223155E+08  -0.474590E+00   0.528560E+07   0.528560E+07   0.234667E+02   0.371348E+05   0.806051E+00  -0.132697E+14
   0.439836E-04   0.222938E+08   0.222938E+08   0.294797E+08   0.294720E+08   0.222954E+08   0.222938E+08   0.222938E+08   0.223017E+08  -0.474295E+00   0.528438E+07   0.528438E+07   0.258980E+02   0.306033E+05   0.805110E+00  -0.120149E+14
   0.485659E-04   0.222770E+08   0.222770E+08   0.294039E+08   0.293945E+08   0.222785E+08   0.222770E+08   0.222770E+08   0.222848E+08  -0.473937E+00   0.528290E+07   0.528289E+07   0.285780E+02   0.252453E+05   0.803967E+00  -0.108782E+14
   0.536256E-04   0.222566E+08   0.222566E+08   0.293117E+08   0.293004E+08   0.222579E+08   0.222566E+08   0.222566E+08   0.222644E+08  -0.473503E+00   0.528109E+07   0.528108E+07   0.315310E+02   0.208497E+05   0.802580E+00  -0.984843E+13
   0.592125E-04   0.222318E+08   0.222318E+08   0.291998E+08   0.291859E+08   0.222329E+08   0.222318E+08   0.222318E+08   0.222397E+08  -0.472976E+00   0.527889E+07   0.527889E+07   0.347831E+02   0.172433E+05   0.800900E+00  -0.891550E+13
   0.653814E-04   0.222019E+08   0.222018E+08   0.290638E+08   0.290470E+08   0.222026E+08   0.222019E+08   0.222019E+08   0.222096E+08  -0.472337E+00   0.527623E+07   0.527622E+07   0.383628E+02   0.142838E+05   0.798867E+00  -0.807022E+13
   0.721930E-04   0.221656E+08   0.221655E+08   0.288990E+08   0.288786E+08   0.221659E+08   0.221656E+08   0.221656E+08   0.221733E+08  -0.471564E+00   0.527300E+07   0.527299E+07   0.423003E+02   0.118546E+05   0.796410E+00  -0.730430E+13
   0.797142E-04   0.221217E+08   0.221217E+08   0.286994E+08   0.286747E+08   0.221216E+08   0.221217E+08   0.221217E+08   0.221294E+08  -0.470630E+00   0.526909E+07   0.526908E+07   0.466277E+02   0.986011E+04   0.793447E+00  -0.661021E+13
   0.880190E-04   0.220688E+08   0.220688E+08   0.284580E+08   0.284280E+08   0.220681E+08   0.220688E+08   0.220688E+08   0.220764E+08  -0.469503E+00   0.526435E+07   0.526434E+07   0.513786E+02   0.822170E+04   0.789883E+00  -0.598114E+13
   0.971891E-04   0.220052E+08   0.220051E+08   0.281666E+08   0.281302E+08   0.220038E+08   0.220052E+08   0.220052E+08   0.220127E+08  -0.468146E+00   0.525864E+07   0.525862E+07   0.565880E+02   0.687487E+04   0.785606E+00  -0.541092E+13
   0.107314E-03   0.219288E+08   0.219287E+08   0.278155E+08   0.277714E+08   0.219265E+08   0.219287E+08   0.219288E+08   0.219362E+08  -0.466519E+00   0.525175E+07   0.525173E+07   0.622913E+02   0.576666E+04   0.780492E+00  -0.489397E+13
   0.118495E-03   0.218374E+08   0.218373E+08   0.273935E+08   0.273403E+08   0.218341E+08   0.218373E+08   0.218374E+08   0.218447E+08  -0.464572E+00   0.524346E+07   0.524344E+07   0.685235E+02   0.485355E+04   0.774402E+00  -0.442522E+13
   0.130840E-03   0.217285E+08   0.217284E+08   0.268880E+08   0.268238E+08   0.217240E+08   0.217284E+08   0.217285E+08   0.217356E+08  -0.462251E+00   0.523353E+07   0.523350E+07   0.753180E+02   0.409979E+04   0.767184E+00  -0.400009E+13
   0.144471E-03   0.215993E+08   0.215992E+08   0.262846E+08   0.262075E+08   0.215933E+08   0.215993E+08   0.215993E+08   0.216063E+08  -0.459499E+00   0.522166E+07   0.522163E+07   0.827046E+02   0.347599E+04   0.758677E+00  -0.361446E+13
   0.159522E-03   0.214469E+08   0.214468E+08   0.255678E+08   0.254754E+08   0.214391E+08   0.214469E+08   0.214469E+08   0.214537E+08  -0.456252E+00   0.520754E+07   0.520750E+07   0.907069E+02   0.295800E+04   0.748718E+00  -0.326457E+13
   0.176142E-03   0.212683E+08   0.212681E+08   0.247208E+08   0.246105E+08   0.212582E+08   0.212682E+08   0.212683E+08   0.212748E+08  -0.452446E+00   0.519082E+07   0.519077E+07   0.993393E+02   0.252602E+04   0.737151E+00  -0.294706E+13
   0.194493E-03   0.210605E+08   0.210603E+08   0.237266E+08   0.235954E+08   0.210477E+08   0.210604E+08   0.210605E+08   0.210667E+08  -0.448018E+00   0.517113E+07   0.517106E+07   0.108603E+03   0.216383E+04   0.723840E+00  -0.265887E+13
   0.214755E-03   0.208208E+08   0.208205E+08   0.225689E+08   0.224138E+08   0.208046E+08   0.208207E+08   0.208208E+08   0.208267E+08  -0.442910E+00   0.514809E+07   0.514802E+07   0.118479E+03   0.185819E+04   0.708682E+00  -0.239727E+13
   0.237129E-03   0.205470E+08   0.205467E+08   0.212337E+08   0.210516E+08   0.205268E+08   0.205469E+08   0.205470E+08   0.205525E+08  -0.437076E+00   0.512135E+07   0.512125E+07   0.128923E+03   0.159840E+04   0.691629E+00  -0.215980E+13
   0.261834E-03   0.202378E+08   0.202374E+08   0.197117E+08   0.194997E+08   0.202126E+08   0.202376E+08   0.202377E+08   0.202429E+08  -0.430485E+00   0.509056E+07   0.509045E+07   0.139859E+03   0.137585E+04   0.672705E+00  -0.194426E+13
   0.289112E-03   0.198928E+08   0.198923E+08   0.180013E+08   0.177569E+08   0.198617E+08   0.198926E+08   0.198928E+08   0.198974E+08  -0.423133E+00   0.505547E+07   0.505534E+07   0.151165E+03   0.118376E+04   0.652022E+00  -0.174867E+13
   0.319233E-03   0.195132E+08   0.195126E+08   0.161122E+08   0.158338E+08   0.194748E+08   0.195130E+08   0.195131E+08   0.195172E+08  -0.415041E+00   0.501591E+07   0.501575E+07   0.162671E+03   0.101681E+04   0.629794E+00  -0.157129E+13
   0.352491E-03   0.191017E+08   0.191010E+08   0.140697E+08   0.137572E+08   0.190544E+08   0.191014E+08   0.191016E+08   0.191051E+08  -0.406268E+00   0.497185E+07   0.497166E+07   0.174143E+03   0.870979E+03   0.606333E+00  -0.141053E+13
   0.389215E-03   0.186626E+08   0.186617E+08   0.119190E+08   0.115742E+08   0.186046E+08   0.186622E+08   0.186625E+08   0.186653E+08  -0.396907E+00   0.492341E+07   0.492320E+07   0.185280E+03   0.743219E+03   0.582045E+00  -0.126500E+13
   0.429764E-03   0.182018E+08   0.182008E+08   0.972802E+07   0.935530E+07   0.181307E+08   0.182013E+08   0.182016E+08   0.182039E+08  -0.387082E+00   0.487093E+07   0.487067E+07   0.195713E+03   0.631259E+03   0.557403E+00  -0.113343E+13
   0.474538E-03   0.177265E+08   0.177253E+08   0.758810E+07   0.719478E+07   0.176397E+08   0.177259E+08   0.177263E+08   0.177279E+08  -0.376947E+00   0.481489E+07   0.481460E+07   0.205012E+03   0.533376E+03   0.532914E+00  -0.101468E+13
   0.523976E-03   0.172447E+08   0.172433E+08   0.560900E+07   0.520501E+07   0.171388E+08   0.172440E+08   0.172445E+08   0.172454E+08  -0.366675E+00   0.475600E+07   0.475566E+07   0.212701E+03   0.448201E+03   0.509076E+00  -0.907697E+12
   0.578566E-03   0.167647E+08   0.167631E+08   0.390617E+07   0.350306E+07   0.166358E+08   0.167638E+08   0.167644E+08   0.167648E+08  -0.356441E+00   0.469508E+07   0.469470E+07   0.218297E+03   0.374569E+03   0.486342E+00  -0.811523E+12
   0.638842E-03   0.162946E+08   0.162927E+08   0.257848E+07   0.218713E+07   0.161379E+08   0.162935E+08   0.162943E+08   0.162942E+08  -0.346420E+00   0.463308E+07   0.463266E+07   0.221358E+03   0.311409E+03   0.465082E+00  -0.725247E+12
   0.705398E-03   0.158416E+08   0.158394E+08   0.167789E+07   0.130537E+07   0.156515E+08   0.158403E+08   0.158412E+08   0.158408E+08  -0.336766E+00   0.457098E+07   0.457051E+07   0.221548E+03   0.257680E+03   0.445569E+00  -0.648013E+12
   0.778888E-03   0.154117E+08   0.154093E+08   0.117971E+07   0.825907E+06   0.151816E+08   0.154102E+08   0.154113E+08   0.154105E+08  -0.327607E+00   0.450973E+07   0.450922E+07   0.218691E+03   0.212352E+03   0.427964E+00  -0.579006E+12
   0.860035E-03   0.150095E+08   0.150068E+08   0.970404E+06   0.626645E+06   0.147316E+08   0.150078E+08   0.150091E+08   0.150080E+08  -0.319042E+00   0.445018E+07   0.444963E+07   0.212814E+03   0.174407E+03   0.412326E+00  -0.517451E+12
   0.949635E-03   0.146380E+08   0.146350E+08   0.874872E+06   0.526931E+06   0.143031E+08   0.146359E+08   0.146375E+08   0.146361E+08  -0.311131E+00   0.439306E+07   0.439248E+07   0.204131E+03   0.142860E+03   0.398624E+00  -0.462612E+12
   0.104857E-02   0.142985E+08   0.142953E+08   0.732454E+06   0.369326E+06   0.138961E+08   0.142961E+08   0.142980E+08   0.142963E+08  -0.303902E+00   0.433887E+07   0.433826E+07   0.192997E+03   0.116784E+03   0.386762E+00  -0.413795E+12
   0.115781E-02   0.139911E+08   0.139876E+08   0.491487E+06   0.116904E+06   0.135091E+08   0.139882E+08   0.139905E+08   0.139883E+08  -0.297354E+00   0.428792E+07   0.428730E+07   0.179822E+03   0.953268E+02   0.376596E+00  -0.370351E+12
   0.127844E-02   0.137143E+08   0.137107E+08   0.242002E+06  -0.120138E+06   0.131395E+08   0.137110E+08   0.137137E+08   0.137110E+08  -0.291458E+00   0.424028E+07   0.423964E+07   0.165050E+03   0.777329E+02   0.367954E+00  -0.331680E+12
   0.141163E-02   0.134661E+08   0.134624E+08   0.113935E+06  -0.201417E+06   0.127844E+08   0.134622E+08   0.134655E+08   0.134622E+08  -0.286167E+00   0.419579E+07   0.419516E+07   0.149214E+03   0.633430E+02   0.360661E+00  -0.297234E+12
   0.155869E-02   0.132433E+08   0.132395E+08   0.107200E+06   0.333189E+06   0.124399E+08   0.132389E+08   0.132427E+08   0.132389E+08  -0.281418E+00   0.415407E+07   0.415344E+07   0.133023E+03   0.515969E+02   0.354537E+00  -0.266512E+12
   0.172108E-02   0.130425E+08   0.130387E+08   0.856902E+05   0.269136E+06   0.121019E+08   0.130374E+08   0.130418E+08   0.130374E+08  -0.277134E+00   0.411469E+07   0.411409E+07   0.117326E+03   0.420154E+02   0.349421E+00  -0.239079E+12
   0.190039E-02   0.128598E+08   0.128561E+08   0.698587E+04   0.217653E+06   0.117668E+08   0.128540E+08   0.128592E+08   0.128540E+08  -0.273235E+00   0.407705E+07   0.407646E+07   0.102906E+03   0.342051E+02   0.345162E+00  -0.214540E+12
   0.209838E-02   0.126914E+08   0.126878E+08  -0.140085E+05   0.176182E+06   0.114316E+08   0.126849E+08   0.126908E+08   0.126849E+08  -0.269638E+00   0.404046E+07   0.403989E+07   0.903079E+02   0.278392E+02   0.341625E+00  -0.192554E+12
   0.231699E-02   0.125336E+08   0.125299E+08   0.653446E+04   0.142706E+06   0.110938E+08   0.125262E+08   0.125330E+08   0.125262E+08  -0.266264E+00   0.400421E+07   0.400366E+07   0.798200E+02   0.226509E+02   0.338695E+00  -0.172822E+12
   0.255838E-02   0.123826E+08   0.123788E+08  -0.216346E+05   0.115637E+06   0.107512E+08   0.123743E+08   0.123820E+08   0.123743E+08  -0.263035E+00   0.396760E+07   0.396705E+07   0.713769E+02   0.184219E+02   0.336271E+00  -0.155084E+12
   0.282492E-02   0.122351E+08   0.122311E+08  -0.143720E+05   0.937151E+05   0.104025E+08   0.122258E+08   0.122344E+08   0.122258E+08  -0.259877E+00   0.392992E+07   0.392937E+07   0.644806E+02   0.149744E+02   0.334268E+00  -0.139118E+12
   0.311923E-02   0.120880E+08   0.120838E+08  -0.166274E+05   0.759402E+05   0.100459E+08   0.120776E+08   0.120873E+08   0.120776E+08  -0.256727E+00   0.389052E+07   0.388998E+07   0.584688E+02   0.121639E+02   0.332614E+00  -0.124729E+12
   0.344419E-02   0.119384E+08   0.119340E+08  -0.145067E+05   0.615150E+05   0.967977E+07   0.119270E+08   0.119377E+08   0.119270E+08  -0.253525E+00   0.384881E+07   0.384826E+07   0.527970E+02   0.987297E+01   0.331248E+00  -0.111749E+12
   0.380302E-02   0.117839E+08   0.117792E+08  -0.159002E+05   0.498014E+05   0.930243E+07   0.117714E+08   0.117831E+08   0.117714E+08  -0.250218E+00   0.380423E+07   0.380369E+07   0.473285E+02   0.800592E+01   0.330120E+00  -0.100033E+12
   0.419923E-02   0.116224E+08   0.116173E+08  -0.430493E+04   0.402867E+05   0.891284E+07   0.116087E+08   0.116215E+08   0.116087E+08  -0.246759E+00   0.375626E+07   0.375573E+07   0.423056E+02   0.648483E+01   0.329188E+00  -0.894525E+11
   0.463671E-02   0.114517E+08   0.114462E+08  -0.583762E+04   0.325575E+05   0.851043E+07   0.114368E+08   0.114507E+08   0.114368E+08  -0.243106E+00   0.370446E+07   0.370394E+07   0.379879E+02   0.524622E+01   0.328418E+00  -0.798952E+11
   0.511978E-02   0.112701E+08   0.112641E+08  -0.802562E+04   0.262799E+05   0.809638E+07   0.112541E+08   0.112691E+08   0.112541E+08  -0.239221E+00   0.364840E+07   0.364787E+07   0.342952E+02   0.423826E+01   0.327780E+00  -0.712618E+11
   0.565317E-02   0.110764E+08   0.110698E+08  -0.538118E+04   0.211841E+05   0.765044E+07   0.110591E+08   0.110753E+08   0.110591E+08  -0.235076E+00   0.358777E+07   0.358724E+07   0.309338E+02   0.341870E+01   0.327249E+00  -0.634655E+11
   0.624213E-02   0.108684E+08   0.108611E+08  -0.542798E+04   0.170486E+05   0.720023E+07   0.108498E+08   0.108672E+08   0.108498E+08  -0.230628E+00   0.352201E+07   0.352149E+07   0.278163E+02   0.275277E+01   0.326807E+00  -0.564238E+11
   0.689245E-02   0.106451E+08   0.106369E+08  -0.393346E+04   0.136957E+05   0.673575E+07   0.106252E+08   0.106437E+08   0.106252E+08  -0.225854E+00   0.345085E+07   0.345033E+07   0.250801E+02   0.221229E+01   0.326439E+00  -0.500677E+11
   0.761052E-02   0.104052E+08   0.103960E+08  -0.400560E+04   0.109798E+05   0.626564E+07   0.103841E+08   0.104037E+08   0.103841E+08  -0.220728E+00   0.337398E+07   0.337346E+07   0.226815E+02   0.177414E+01   0.326130E+00  -0.443336E+11
   0.840340E-02   0.101476E+08   0.101371E+08  -0.415573E+04   0.878246E+04   0.579825E+07   0.101253E+08   0.101459E+08   0.101253E+08  -0.215227E+00   0.329108E+07   0.329057E+07   0.205067E+02   0.141942E+01   0.325872E+00  -0.391641E+11
   0.927889E-02   0.987128E+07   0.985923E+07  -0.289660E+04   0.700697E+04   0.533276E+07   0.984779E+07   0.986926E+07   0.984779E+07  -0.209328E+00   0.320188E+07   0.320136E+07   0.185868E+02   0.113266E+01   0.325654E+00  -0.345074E+11
   0.102456E-01   0.957522E+07   0.956140E+07  -0.267590E+04   0.557452E+04   0.486836E+07   0.955064E+07   0.957290E+07   0.955064E+07  -0.203012E+00   0.310609E+07   0.310557E+07   0.168843E+02   0.901215E+00   0.325470E+00  -0.303167E+11
   0.113130E-01   0.925851E+07   0.924262E+07  -0.244184E+04   0.442077E+04   0.441087E+07   0.923292E+07   0.925584E+07   0.923292E+07  -0.196258E+00   0.300345E+07   0.300293E+07   0.153737E+02   0.714748E+00   0.325313E+00  -0.265489E+11
   0.124916E-01   0.892030E+07   0.890202E+07  -0.175433E+04   0.349325E+04   0.396669E+07   0.889380E+07   0.891722E+07   0.889380E+07  -0.189049E+00   0.289372E+07   0.289319E+07   0.140373E+02   0.564812E+00   0.325180E+00  -0.231654E+11
   0.137930E-01   0.855993E+07   0.853892E+07  -0.170705E+04   0.274922E+04   0.353910E+07   0.853266E+07   0.855640E+07   0.853266E+07  -0.181373E+00   0.277671E+07   0.277618E+07   0.128522E+02   0.444522E+00   0.325066E+00  -0.201313E+11
   0.152300E-01   0.817703E+07   0.815295E+07  -0.132509E+04   0.215386E+04   0.312848E+07   0.814911E+07   0.817299E+07   0.814911E+07  -0.173220E+00   0.265231E+07   0.265177E+07   0.117960E+02   0.348258E+00   0.324968E+00  -0.174150E+11
   0.168167E-01   0.778063E+07   0.775314E+07  -0.103267E+04   0.168079E+04   0.274454E+07   0.775221E+07   0.777602E+07   0.775221E+07  -0.164783E+00   0.252347E+07   0.252293E+07   0.108564E+02   0.271763E+00   0.324884E+00  -0.150057E+11
   0.185687E-01   0.735532E+07   0.732415E+07  -0.925918E+03   0.130307E+04   0.238204E+07   0.732658E+07   0.735009E+07   0.732658E+07  -0.155736E+00   0.238522E+07   0.238466E+07   0.999503E+01   0.210685E+00   0.324811E+00  -0.128453E+11
   0.205033E-01   0.691021E+07   0.687518E+07  -0.570611E+03   0.100395E+04   0.204664E+07   0.688134E+07   0.690433E+07   0.688134E+07  -0.146272E+00   0.224052E+07   0.223995E+07   0.919623E+01   0.162318E+00   0.324748E+00  -0.109276E+11
   0.226393E-01   0.644169E+07   0.640281E+07  -0.509429E+03   0.767485E+03   0.173780E+07   0.641293E+07   0.643516E+07   0.641293E+07  -0.136315E+00   0.208822E+07   0.208765E+07   0.843268E+01   0.124082E+00   0.324694E+00  -0.922377E+10
   0.249980E-01   0.596648E+07   0.592397E+07  -0.388463E+03   0.582944E+03   0.146068E+07   0.593805E+07   0.595934E+07   0.593805E+07  -0.126221E+00   0.193376E+07   0.193319E+07   0.768786E+01   0.942436E-01   0.324646E+00  -0.773558E+10
   0.276023E-01   0.549016E+07   0.544460E+07  -0.273350E+03   0.439872E+03   0.121503E+07   0.546231E+07   0.548251E+07   0.546231E+07  -0.116109E+00   0.177898E+07   0.177841E+07   0.694037E+01   0.711109E-01   0.324605E+00  -0.644493E+10
   0.304780E-01   0.501476E+07   0.496713E+07  -0.234816E+03   0.329475E+03   0.999469E+06   0.498780E+07   0.500676E+07   0.498780E+07  -0.106022E+00   0.162456E+07   0.162400E+07   0.616891E+01   0.532619E-01   0.324569E+00  -0.533017E+10
   0.336533E-01   0.455312E+07   0.450488E+07  -0.158019E+03   0.245312E+03   0.814129E+06   0.452736E+07   0.454502E+07   0.452736E+07  -0.962350E-01   0.147470E+07   0.147416E+07   0.536480E+01   0.396552E-01   0.324538E+00  -0.438192E+10
   0.371593E-01   0.412188E+07   0.407488E+07  -0.119397E+03   0.182123E+03   0.658788E+06   0.409764E+07   0.411399E+07   0.409764E+07  -0.871006E-01   0.133480E+07   0.133430E+07   0.453162E+01   0.294396E-01   0.324511E+00  -0.359201E+10
   0.410307E-01   0.373157E+07   0.368795E+07  -0.105483E+03   0.135226E+03   0.531106E+06   0.370914E+07   0.372425E+07   0.370914E+07  -0.788426E-01   0.120831E+07   0.120786E+07   0.368551E+01   0.218582E-01   0.324487E+00  -0.294482E+10
   0.451338E-01   0.340452E+07   0.336604E+07   0.101968E+03   0.101968E+03   0.431846E+06   0.338402E+07   0.339806E+07   0.338402E+07  -0.719318E-01   0.110225E+07   0.110183E+07   0.308731E+01   0.164847E-01   0.324407E+00  -0.244211E+10
   0.492368E-01   0.314677E+07   0.311439E+07   0.792085E+02   0.792085E+02   0.358368E+06   0.312816E+07   0.314133E+07   0.312816E+07  -0.664931E-01   0.101894E+07   0.101859E+07   0.238780E+01   0.128050E-01   0.324391E+00  -0.206943E+10
   0.533399E-01   0.293901E+07   0.291272E+07   0.630494E+02   0.630494E+02   0.302380E+06   0.292214E+07   0.293459E+07   0.292214E+07  -0.621138E-01   0.951856E+06   0.951564E+06   0.182989E+01   0.101925E-01   0.324378E+00  -0.178448E+10
   0.574430E-01   0.276406E+07   0.274313E+07   0.511398E+02   0.511398E+02   0.258332E+06   0.274870E+07   0.276054E+07   0.274870E+07  -0.584272E-01   0.895381E+06   0.895138E+06   0.141144E+01   0.826709E-02   0.324367E+00  -0.155872E+10
   0.615460E-01   0.260851E+07   0.259168E+07   0.420494E+02   0.420494E+02   0.222553E+06   0.259441E+07   0.260569E+07   0.259441E+07  -0.551475E-01   0.845136E+06   0.844929E+06   0.112031E+01   0.679749E-02   0.324358E+00  -0.137317E+10
   0.656491E-01   0.246201E+07   0.244779E+07   0.348858E+02   0.348858E+02   0.192585E+06   0.244889E+07   0.245962E+07   0.244889E+07  -0.520544E-01   0.797748E+06   0.797564E+06   0.936131E+00   0.563940E-02   0.324350E+00  -0.121517E+10
   0.697522E-01   0.231719E+07   0.230412E+07   0.290853E+02   0.290853E+02   0.166828E+06   0.230483E+07   0.231500E+07   0.230483E+07  -0.489922E-01   0.750833E+06   0.750659E+06   0.833304E+00   0.470169E-02   0.324343E+00  -0.107643E+10
   0.738552E-01   0.217527E+07   0.216215E+07   0.243528E+02   0.243528E+02   0.144665E+06   0.216347E+07   0.217307E+07   0.216347E+07  -0.459874E-01   0.704795E+06   0.704621E+06   0.786006E+00   0.393665E-02   0.324338E+00  -0.954289E+09
   0.779583E-01   0.203165E+07   0.201767E+07   0.204108E+02   0.204108E+02   0.125208E+06   0.202029E+07   0.202930E+07   0.202029E+07  -0.429439E-01   0.658164E+06   0.657984E+06   0.767608E+00   0.329940E-02   0.324333E+00  -0.844244E+09
   0.820614E-01   0.189331E+07   0.187813E+07   0.171632E+02   0.171632E+02   0.108455E+06   0.188233E+07   0.189076E+07   0.188233E+07  -0.400113E-01   0.613229E+06   0.613042E+06   0.758379E+00   0.277441E-02   0.324328E+00  -0.747271E+09
   0.861644E-01   0.176405E+07   0.174775E+07   0.145016E+02   0.145016E+02   0.941866E+05   0.175342E+07   0.176131E+07   0.175342E+07  -0.372712E-01   0.571243E+06   0.571051E+06   0.743413E+00   0.234417E-02   0.324324E+00  -0.662955E+09
   0.912856E-01   0.162027E+07   0.160322E+07   0.118646E+02   0.118646E+02   0.795289E+05   0.161013E+07   0.161740E+07   0.161013E+07  -0.342253E-01   0.524568E+06   0.524376E+06   0.704244E+00   0.191788E-02   0.324320E+00  -0.574631E+09
   0.964067E-01   0.150031E+07   0.148351E+07   0.984887E+01   0.984887E+01   0.679548E+05   0.149072E+07   0.149749E+07   0.149072E+07  -0.316872E-01   0.485674E+06   0.485489E+06   0.639328E+00   0.159204E-02   0.324316E+00  -0.503762E+09
   0.101528E+00   0.140565E+07   0.139011E+07   0.832027E+01   0.832027E+01   0.589559E+05   0.139668E+07   0.140304E+07   0.139668E+07  -0.296882E-01   0.455038E+06   0.454869E+06   0.555363E+00   0.134494E-02   0.324313E+00  -0.448179E+09
   0.106649E+00   0.133286E+07   0.131930E+07   0.715098E+01   0.715098E+01   0.519322E+05   0.132453E+07   0.133058E+07   0.132453E+07  -0.281546E-01   0.431534E+06   0.431385E+06   0.464472E+00   0.115593E-02   0.324310E+00  -0.404622E+09
   0.111770E+00   0.127481E+07   0.126348E+07   0.622847E+01   0.622847E+01   0.462753E+05   0.126710E+07   0.127290E+07   0.126710E+07  -0.269338E-01   0.412823E+06   0.412696E+06   0.379409E+00   0.100680E-02   0.324308E+00  -0.369345E+09
   0.116891E+00   0.122379E+07   0.121450E+07   0.546799E+01   0.546799E+01   0.414958E+05   0.121665E+07   0.122223E+07   0.121665E+07  -0.258614E-01   0.396386E+06   0.396277E+06   0.310029E+00   0.883874E-03   0.324306E+00  -0.339104E+09
   0.122012E+00   0.117381E+07   0.116600E+07   0.481440E+01   0.481440E+01   0.372651E+05   0.116713E+07   0.117250E+07   0.116713E+07  -0.248088E-01   0.380254E+06   0.380158E+06   0.261335E+00   0.778223E-03   0.324304E+00  -0.311650E+09
   0.127134E+00   0.112133E+07   0.111429E+07   0.423634E+01   0.423634E+01   0.334024E+05   0.111500E+07   0.112014E+07   0.111500E+07  -0.237008E-01   0.363273E+06   0.363184E+06   0.233138E+00   0.684782E-03   0.324302E+00  -0.285740E+09
   0.132255E+00   0.106536E+07   0.105843E+07   0.371910E+01   0.371910E+01   0.298364E+05   0.105930E+07   0.106420E+07   0.105930E+07  -0.225169E-01   0.345128E+06   0.345041E+06   0.221112E+00   0.601172E-03   0.324300E+00  -0.260956E+09
   0.137376E+00   0.100705E+07   0.999752E+06   0.325791E+01   0.325791E+01   0.265649E+05   0.100119E+07   0.100582E+07   0.100119E+07  -0.212816E-01   0.326197E+06   0.326107E+06   0.218669E+00   0.526622E-03   0.324299E+00  -0.237446E+09
   0.142497E+00   0.948879E+06   0.941027E+06   0.285255E+01   0.285255E+01   0.236185E+05   0.943188E+06   0.947560E+06   0.943188E+06  -0.200487E-01   0.307302E+06   0.307209E+06   0.219000E+00   0.461098E-03   0.324298E+00  -0.215652E+09
   0.147618E+00   0.894033E+06   0.885710E+06   0.250399E+01   0.250399E+01   0.210336E+05   0.888511E+06   0.892636E+06   0.888511E+06  -0.188864E-01   0.289490E+06   0.289394E+06   0.216734E+00   0.404755E-03   0.324296E+00  -0.196104E+09
   0.152739E+00   0.845528E+06   0.837020E+06   0.221172E+01   0.221172E+01   0.188336E+05   0.840194E+06   0.844100E+06   0.840194E+06  -0.178594E-01   0.273750E+06   0.273654E+06   0.208876E+00   0.357511E-03   0.324295E+00  -0.179223E+09
   0.157860E+00   0.805034E+06   0.796715E+06   0.197129E+01   0.197129E+01   0.170039E+05   0.799915E+06   0.803638E+06   0.799915E+06  -0.170032E-01   0.260627E+06   0.260535E+06   0.194914E+00   0.318647E-03   0.324294E+00  -0.165096E+09
   0.162982E+00   0.772255E+06   0.764470E+06   0.177413E+01   0.177413E+01   0.154913E+05   0.767373E+06   0.770948E+06   0.767373E+06  -0.163115E-01   0.250025E+06   0.249939E+06   0.176325E+00   0.286777E-03   0.324293E+00  -0.153404E+09
   0.168103E+00   0.745499E+06   0.738477E+06   0.161008E+01   0.161008E+01   0.142226E+05   0.740865E+06   0.744320E+06   0.740865E+06  -0.157480E-01   0.241388E+06   0.241309E+06   0.155746E+00   0.260260E-03   0.324293E+00  -0.143593E+09
   0.173224E+00   0.722637E+06   0.716444E+06   0.147000E+01   0.147000E+01   0.131288E+05   0.718244E+06   0.721597E+06   0.718244E+06  -0.152672E-01   0.234017E+06   0.233947E+06   0.136059E+00   0.237616E-03   0.324292E+00  -0.135093E+09
   0.178345E+00   0.701503E+06   0.696049E+06   0.134641E+01   0.134641E+01   0.121516E+05   0.697330E+06   0.700588E+06   0.697330E+06  -0.148226E-01   0.227203E+06   0.227139E+06   0.119571E+00   0.217639E-03   0.324291E+00  -0.127394E+09
   0.183466E+00   0.680091E+06   0.675171E+06   0.123357E+01   0.123357E+01   0.112447E+05   0.676104E+06   0.679265E+06   0.676104E+06  -0.143715E-01   0.220287E+06   0.220228E+06   0.107521E+00   0.199399E-03   0.324290E+00  -0.120069E+09
   0.188587E+00   0.657100E+06   0.652465E+06   0.112805E+01   0.112805E+01   0.103811E+05   0.653265E+06   0.656322E+06   0.653265E+06  -0.138860E-01   0.212846E+06   0.212790E+06   0.999795E-01   0.182342E-03   0.324290E+00  -0.112863E+09
   0.193708E+00   0.632400E+06   0.627819E+06   0.102897E+01   0.102897E+01   0.955547E+04   0.628686E+06   0.631630E+06   0.628686E+06  -0.133635E-01   0.204838E+06   0.204783E+06   0.960735E-01   0.166327E-03   0.324289E+00  -0.105745E+09
   0.198830E+00   0.606795E+06   0.602111E+06   0.937032E+00   0.937032E+00   0.877743E+04   0.603182E+06   0.606009E+06   0.603182E+06  -0.128214E-01   0.196530E+06   0.196473E+06   0.943768E-01   0.151465E-03   0.324289E+00  -0.988422E+08
   0.203951E+00   0.581408E+06   0.576560E+06   0.853218E+00   0.853218E+00   0.805882E+04   0.577885E+06   0.580594E+06   0.577885E+06  -0.122837E-01   0.188288E+06   0.188231E+06   0.933408E-01   0.137917E-03   0.324288E+00  -0.923190E+08
   0.209072E+00   0.557328E+06   0.552350E+06   0.778226E+00   0.778226E+00   0.740905E+04   0.553894E+06   0.556493E+06   0.553894E+06  -0.117737E-01   0.180472E+06   0.180415E+06   0.916874E-01   0.125795E-03   0.324288E+00  -0.863191E+08
   0.214193E+00   0.535487E+06   0.530481E+06   0.712351E+00   0.712351E+00   0.683365E+04   0.532149E+06   0.534647E+06   0.532149E+06  -0.113115E-01   0.173387E+06   0.173331E+06   0.886649E-01   0.115147E-03   0.324287E+00  -0.809477E+08
   0.219314E+00   0.516449E+06   0.511547E+06   0.655298E+00   0.655298E+00   0.633228E+04   0.513215E+06   0.515626E+06   0.513215E+06  -0.109091E-01   0.167219E+06   0.167163E+06   0.841149E-01   0.105925E-03   0.324287E+00  -0.762448E+08
   0.224435E+00   0.500208E+06   0.495532E+06   0.606072E+00   0.606072E+00   0.589773E+04   0.497088E+06   0.499423E+06   0.497088E+06  -0.105662E-01   0.161964E+06   0.161911E+06   0.783747E-01   0.979675E-04   0.324287E+00  -0.721638E+08
   0.229556E+00   0.486250E+06   0.481881E+06   0.563200E+00   0.563200E+00   0.551744E+04   0.483245E+06   0.485517E+06   0.483245E+06  -0.102720E-01   0.157454E+06   0.157404E+06   0.720845E-01   0.910376E-04   0.324286E+00  -0.685893E+08
   0.234678E+00   0.473789E+06   0.469751E+06   0.525118E+00   0.525118E+00   0.517771E+04   0.470896E+06   0.473111E+06   0.470896E+06  -0.100095E-01   0.153430E+06   0.153384E+06   0.659649E-01   0.848820E-04   0.324286E+00  -0.653782E+08
   0.239799E+00   0.461988E+06   0.458251E+06   0.490438E+00   0.490438E+00   0.486586E+04   0.459200E+06   0.461360E+06   0.459200E+06  -0.976089E-02   0.149619E+06   0.149575E+06   0.606188E-01   0.792761E-04   0.324285E+00  -0.623928E+08
   0.244920E+00   0.450137E+06   0.446631E+06   0.458106E+00   0.458106E+00   0.457232E+04   0.447442E+06   0.449548E+06   0.447442E+06  -0.951097E-02   0.145788E+06   0.145747E+06   0.564008E-01   0.740498E-04   0.324285E+00  -0.595241E+08
   0.250041E+00   0.437822E+06   0.434460E+06   0.427516E+00   0.427516E+00   0.429165E+04   0.435209E+06   0.437258E+06   0.435209E+06  -0.925093E-02   0.141802E+06   0.141762E+06   0.533758E-01   0.691052E-04   0.324285E+00  -0.567109E+08
   0.255162E+00   0.424998E+06   0.421697E+06   0.398497E+00   0.398497E+00   0.402255E+04   0.422454E+06   0.424443E+06   0.422454E+06  -0.897980E-02   0.137646E+06   0.137607E+06   0.513564E-01   0.644144E-04   0.324285E+00  -0.539441E+08
   0.260283E+00   0.411899E+06   0.408601E+06   0.371151E+00   0.371151E+00   0.376664E+04   0.409416E+06   0.411345E+06   0.409416E+06  -0.870267E-02   0.133399E+06   0.133360E+06   0.499934E-01   0.599942E-04   0.324284E+00  -0.512507E+08
   0.265404E+00   0.398899E+06   0.395579E+06   0.345682E+00   0.345682E+00   0.352629E+04   0.396473E+06   0.398342E+06   0.396473E+06  -0.842755E-02   0.129182E+06   0.129143E+06   0.488872E-01   0.558773E-04   0.324284E+00  -0.486729E+08
   0.270526E+00   0.386406E+06   0.383070E+06   0.322281E+00   0.322281E+00   0.330402E+04   0.384036E+06   0.385846E+06   0.384036E+06  -0.816318E-02   0.125130E+06   0.125091E+06   0.476926E-01   0.520947E-04   0.324284E+00  -0.462536E+08
   0.275647E+00   0.374778E+06   0.371458E+06   0.301064E+00   0.301064E+00   0.310139E+04   0.372464E+06   0.374220E+06   0.372464E+06  -0.791720E-02   0.121359E+06   0.121321E+06   0.461887E-01   0.486651E-04   0.324284E+00  -0.440265E+08
   0.280768E+00   0.364226E+06   0.360967E+06   0.282007E+00   0.282007E+00   0.291863E+04   0.361971E+06   0.363679E+06   0.361971E+06  -0.769417E-02   0.117941E+06   0.117903E+06   0.443054E-01   0.455847E-04   0.324283E+00  -0.420058E+08
   0.285889E+00   0.354760E+06   0.351605E+06   0.264928E+00   0.264928E+00   0.275424E+04   0.352567E+06   0.354230E+06   0.352567E+06  -0.749427E-02   0.114877E+06   0.114840E+06   0.421075E-01   0.428239E-04   0.324283E+00  -0.401816E+08
   0.291010E+00   0.346214E+06   0.343192E+06   0.249534E+00   0.249534E+00   0.260550E+04   0.344083E+06   0.345707E+06   0.344083E+06  -0.731393E-02   0.112112E+06   0.112078E+06   0.397510E-01   0.403355E-04   0.324283E+00  -0.385246E+08
   0.296131E+00   0.338327E+06   0.335449E+06   0.235497E+00   0.235497E+00   0.246934E+04   0.336256E+06   0.337844E+06   0.336256E+06  -0.714757E-02   0.109562E+06   0.109529E+06   0.374263E-01   0.380665E-04   0.324283E+00  -0.369973E+08
   0.301252E+00   0.330812E+06   0.328070E+06   0.222512E+00   0.222512E+00   0.234271E+04   0.328799E+06   0.330352E+06   0.328799E+06  -0.698905E-02   0.107132E+06   0.107100E+06   0.353030E-01   0.359676E-04   0.324283E+00  -0.355618E+08
   0.306374E+00   0.323415E+06   0.320787E+06   0.210331E+00   0.210331E+00   0.222325E+04   0.321456E+06   0.322974E+06   0.321456E+06  -0.683297E-02   0.104740E+06   0.104709E+06   0.334913E-01   0.339986E-04   0.324283E+00  -0.341865E+08
   0.311495E+00   0.315967E+06   0.313422E+06   0.198788E+00   0.198788E+00   0.210930E+04   0.314057E+06   0.315540E+06   0.314057E+06  -0.667568E-02   0.102329E+06   0.102299E+06   0.320257E-01   0.321328E-04   0.324282E+00  -0.328505E+08
   0.316616E+00   0.308417E+06   0.305926E+06   0.187811E+00   0.187811E+00   0.200024E+04   0.306551E+06   0.307999E+06   0.306551E+06  -0.651613E-02   0.998832E+05   0.998539E+05   0.308699E-01   0.303585E-04   0.324282E+00  -0.315467E+08
   0.321737E+00   0.300826E+06   0.298365E+06   0.177400E+00   0.177400E+00   0.189619E+04   0.299000E+06   0.300413E+06   0.299000E+06  -0.635564E-02   0.974231E+05   0.973942E+05   0.299382E-01   0.286756E-04   0.324282E+00  -0.302800E+08
   0.326858E+00   0.293321E+06   0.290879E+06   0.167593E+00   0.167593E+00   0.179762E+04   0.291533E+06   0.292911E+06   0.291533E+06  -0.619692E-02   0.949903E+05   0.949618E+05   0.291233E-01   0.270903E-04   0.324282E+00  -0.290612E+08
   0.331979E+00   0.286045E+06   0.283621E+06   0.158428E+00   0.158428E+00   0.170512E+04   0.284294E+06   0.285638E+06   0.284294E+06  -0.604304E-02   0.926316E+05   0.926034E+05   0.283256E-01   0.256088E-04   0.324282E+00  -0.279024E+08
   0.337100E+00   0.279120E+06   0.276722E+06   0.149928E+00   0.149928E+00   0.161895E+04   0.277406E+06   0.278717E+06   0.277406E+06  -0.589662E-02   0.903873E+05   0.903595E+05   0.274742E-01   0.242349E-04   0.324282E+00  -0.268128E+08
   0.342222E+00   0.272623E+06   0.270265E+06   0.142087E+00   0.142087E+00   0.153922E+04   0.270946E+06   0.272227E+06   0.270946E+06  -0.575931E-02   0.882825E+05   0.882553E+05   0.265382E-01   0.229674E-04   0.324282E+00  -0.257965E+08
   0.347343E+00   0.266573E+06   0.264270E+06   0.134867E+00   0.134867E+00   0.146556E+04   0.264933E+06   0.266186E+06   0.264933E+06  -0.563150E-02   0.863234E+05   0.862969E+05   0.255249E-01   0.218004E-04   0.324282E+00  -0.248522E+08
   0.352464E+00   0.260928E+06   0.258690E+06   0.128204E+00   0.128204E+00   0.139738E+04   0.259325E+06   0.260552E+06   0.259325E+06  -0.551229E-02   0.844962E+05   0.844704E+05   0.244702E-01   0.207234E-04   0.324281E+00  -0.239727E+08
   0.357585E+00   0.255603E+06   0.253436E+06   0.122019E+00   0.122019E+00   0.133389E+04   0.254038E+06   0.255239E+06   0.254038E+06  -0.539990E-02   0.827733E+05   0.827482E+05   0.234239E-01   0.197236E-04   0.324281E+00  -0.231476E+08
   0.362706E+00   0.250502E+06   0.248403E+06   0.116232E+00   0.116232E+00   0.127428E+04   0.248971E+06   0.250149E+06   0.248971E+06  -0.529221E-02   0.811225E+05   0.810982E+05   0.224347E-01   0.187882E-04   0.324281E+00  -0.223656E+08
   0.367827E+00   0.245532E+06   0.243495E+06   0.110778E+00   0.110778E+00   0.121788E+04   0.244036E+06   0.245190E+06   0.244036E+06  -0.518729E-02   0.795143E+05   0.794906E+05   0.215381E-01   0.179065E-04   0.324281E+00  -0.216170E+08
   0.372948E+00   0.240627E+06   0.238641E+06   0.105604E+00   0.105604E+00   0.116416E+04   0.239162E+06   0.240294E+06   0.239162E+06  -0.508369E-02   0.779264E+05   0.779032E+05   0.207499E-01   0.170703E-04   0.324281E+00  -0.208944E+08
   0.378070E+00   0.235751E+06   0.233806E+06   0.100681E+00   0.100681E+00   0.111283E+04   0.234316E+06   0.235424E+06   0.234316E+06  -0.498068E-02   0.763473E+05   0.763246E+05   0.200651E-01   0.162744E-04   0.324281E+00  -0.201937E+08
   0.383191E+00   0.230909E+06   0.228997E+06   0.959941E-01   0.959941E-01   0.106376E+04   0.229502E+06   0.230588E+06   0.229502E+06  -0.487836E-02   0.747789E+05   0.747566E+05   0.194634E-01   0.155169E-04   0.324281E+00  -0.195145E+08
   0.388312E+00   0.226142E+06   0.224255E+06   0.915480E-01   0.915480E-01   0.101705E+04   0.224762E+06   0.225825E+06   0.224762E+06  -0.477760E-02   0.732344E+05   0.732124E+05   0.189163E-01   0.147982E-04   0.324281E+00  -0.188594E+08
   0.393433E+00   0.221496E+06   0.219634E+06   0.873472E-01   0.873472E-01   0.972757E+03   0.220142E+06   0.221184E+06   0.220142E+06  -0.467939E-02   0.717291E+05   0.717074E+05   0.183947E-01   0.141191E-04   0.324281E+00  -0.182313E+08
   0.398554E+00   0.217010E+06   0.215173E+06   0.833920E-01   0.833920E-01   0.930926E+03   0.215680E+06   0.216701E+06   0.215680E+06  -0.458456E-02   0.702755E+05   0.702541E+05   0.178751E-01   0.134798E-04   0.324281E+00  -0.176324E+08
   0.403675E+00   0.212708E+06   0.210900E+06   0.796778E-01   0.796778E-01   0.891540E+03   0.211404E+06   0.212405E+06   0.211404E+06  -0.449366E-02   0.688821E+05   0.688611E+05   0.173441E-01   0.128794E-04   0.324281E+00  -0.170635E+08
   0.408796E+00   0.208606E+06   0.206831E+06   0.761955E-01   0.761955E-01   0.854506E+03   0.207326E+06   0.208308E+06   0.207326E+06  -0.440699E-02   0.675535E+05   0.675329E+05   0.167999E-01   0.123165E-04   0.324280E+00  -0.165247E+08
   0.413918E+00   0.204699E+06   0.202962E+06   0.729300E-01   0.729300E-01   0.819705E+03   0.203444E+06   0.204407E+06   0.203444E+06  -0.432446E-02   0.662886E+05   0.662684E+05   0.162494E-01   0.117887E-04   0.324280E+00  -0.160147E+08
   0.419039E+00   0.200962E+06   0.199264E+06   0.698597E-01   0.698597E-01   0.786892E+03   0.199731E+06   0.200677E+06   0.199731E+06  -0.424554E-02   0.650788E+05   0.650591E+05   0.157050E-01   0.112924E-04   0.324280E+00  -0.155303E+08
   0.424160E+00   0.197358E+06   0.195699E+06   0.669606E-01   0.669606E-01   0.755833E+03   0.196150E+06   0.197079E+06   0.196150E+06  -0.416942E-02   0.639120E+05   0.638927E+05   0.151802E-01   0.108238E-04   0.324280E+00  -0.150677E+08
   0.429281E+00   0.193853E+06   0.192230E+06   0.642118E-01   0.642118E-01   0.726302E+03   0.192668E+06   0.193580E+06   0.192668E+06  -0.409540E-02   0.627773E+05   0.627584E+05   0.146859E-01   0.103794E-04   0.324280E+00  -0.146236E+08
   0.434402E+00   0.190423E+06   0.188835E+06   0.615977E-01   0.615977E-01   0.698136E+03   0.189260E+06   0.190157E+06   0.189260E+06  -0.402296E-02   0.616670E+05   0.616485E+05   0.142286E-01   0.995690E-05   0.324280E+00  -0.141956E+08
   0.439523E+00   0.187054E+06   0.185496E+06   0.591063E-01   0.591063E-01   0.671221E+03   0.185912E+06   0.186793E+06   0.185912E+06  -0.395180E-02   0.605761E+05   0.605579E+05   0.138090E-01   0.955417E-05   0.324280E+00  -0.137820E+08
   0.444644E+00   0.183739E+06   0.182206E+06   0.567288E-01   0.567288E-01   0.645459E+03   0.182616E+06   0.183481E+06   0.182616E+06  -0.388174E-02   0.595023E+05   0.594844E+05   0.134227E-01   0.916987E-05   0.324280E+00  -0.133818E+08
   0.449766E+00   0.180480E+06   0.178971E+06   0.544609E-01   0.544609E-01   0.620826E+03   0.179377E+06   0.180227E+06   0.179377E+06  -0.381289E-02   0.584469E+05   0.584292E+05   0.130622E-01   0.880327E-05   0.324280E+00  -0.129948E+08
   0.454887E+00   0.177293E+06   0.175806E+06   0.523010E-01   0.523010E-01   0.597299E+03   0.176208E+06   0.177043E+06   0.176208E+06  -0.374553E-02   0.574144E+05   0.573970E+05   0.127190E-01   0.845414E-05   0.324280E+00  -0.126215E+08
   0.460008E+00   0.174192E+06   0.172726E+06   0.502483E-01   0.502483E-01   0.574891E+03   0.173125E+06   0.173946E+06   0.173125E+06  -0.368000E-02   0.564099E+05   0.563929E+05   0.123855E-01   0.812233E-05   0.324280E+00  -0.122626E+08
   0.465129E+00   0.171189E+06   0.169745E+06   0.483004E-01   0.483004E-01   0.553576E+03   0.170140E+06   0.170946E+06   0.170140E+06  -0.361654E-02   0.554372E+05   0.554204E+05   0.120566E-01   0.780746E-05   0.324280E+00  -0.119185E+08
   0.470250E+00   0.168286E+06   0.166866E+06   0.464528E-01   0.464528E-01   0.533317E+03   0.167255E+06   0.168048E+06   0.167255E+06  -0.355522E-02   0.544971E+05   0.544806E+05   0.117300E-01   0.750881E-05   0.324280E+00  -0.115888E+08
   0.475371E+00   0.165481E+06   0.164085E+06   0.446997E-01   0.446997E-01   0.514056E+03   0.164467E+06   0.165247E+06   0.164467E+06  -0.349596E-02   0.535888E+05   0.535726E+05   0.114063E-01   0.722544E-05   0.324280E+00  -0.112729E+08
   0.480492E+00   0.162768E+06   0.161397E+06   0.430348E-01   0.430348E-01   0.495722E+03   0.161771E+06   0.162538E+06   0.161771E+06  -0.343866E-02   0.527104E+05   0.526944E+05   0.110880E-01   0.695631E-05   0.324280E+00  -0.109699E+08
   0.485614E+00   0.160139E+06   0.158793E+06   0.414515E-01   0.414515E-01   0.478258E+03   0.159159E+06   0.159913E+06   0.159159E+06  -0.338312E-02   0.518592E+05   0.518435E+05   0.107788E-01   0.670039E-05   0.324280E+00  -0.106790E+08
   0.490735E+00   0.157583E+06   0.156260E+06   0.399430E-01   0.399430E-01   0.461577E+03   0.156618E+06   0.157361E+06   0.156618E+06  -0.332912E-02   0.510314E+05   0.510159E+05   0.104819E-01   0.645654E-05   0.324280E+00  -0.103988E+08
   0.495856E+00   0.155086E+06   0.153786E+06   0.385023E-01   0.385023E-01   0.445618E+03   0.154137E+06   0.154867E+06   0.154137E+06  -0.327637E-02   0.502228E+05   0.502076E+05   0.101995E-01   0.622366E-05   0.324280E+00  -0.101284E+08
   0.500977E+00   0.152638E+06   0.151360E+06   0.371240E-01   0.371240E-01   0.430314E+03   0.151704E+06   0.152424E+06   0.151704E+06  -0.322467E-02   0.494303E+05   0.494154E+05   0.993218E-02   0.600087E-05   0.324279E+00  -0.986665E+07
   0.506098E+00   0.150238E+06   0.148981E+06   0.358045E-01   0.358045E-01   0.415636E+03   0.149319E+06   0.150027E+06   0.149319E+06  -0.317397E-02   0.486531E+05   0.486385E+05   0.967938E-02   0.578759E-05   0.324279E+00  -0.961325E+07
   0.511219E+00   0.147887E+06   0.146648E+06   0.345416E-01   0.345416E-01   0.401559E+03   0.146982E+06   0.147679E+06   0.146982E+06  -0.312430E-02   0.478918E+05   0.478773E+05   0.943928E-02   0.558345E-05   0.324279E+00  -0.936801E+07
   0.516340E+00   0.145587E+06   0.144366E+06   0.333331E-01   0.333331E-01   0.388060E+03   0.144696E+06   0.145382E+06   0.144696E+06  -0.307569E-02   0.471467E+05   0.471324E+05   0.920944E-02   0.538810E-05   0.324279E+00  -0.913080E+07
   0.521462E+00   0.143338E+06   0.142134E+06   0.321767E-01   0.321767E-01   0.375122E+03   0.142460E+06   0.143136E+06   0.142460E+06  -0.302818E-02   0.464184E+05   0.464043E+05   0.898737E-02   0.520118E-05   0.324279E+00  -0.890146E+07
   0.526583E+00   0.141144E+06   0.139957E+06   0.310708E-01   0.310708E-01   0.362723E+03   0.140279E+06   0.140945E+06   0.140279E+06  -0.298182E-02   0.457077E+05   0.456939E+05   0.877111E-02   0.502242E-05   0.324279E+00  -0.867994E+07
   0.531704E+00   0.139008E+06   0.137838E+06   0.300139E-01   0.300139E-01   0.350856E+03   0.138156E+06   0.138811E+06   0.138156E+06  -0.293668E-02   0.450159E+05   0.450022E+05   0.855954E-02   0.485157E-05   0.324279E+00  -0.846622E+07
   0.536825E+00   0.136930E+06   0.135778E+06   0.290040E-01   0.290040E-01   0.339495E+03   0.136091E+06   0.136737E+06   0.136091E+06  -0.289280E-02   0.443431E+05   0.443297E+05   0.835232E-02   0.468832E-05   0.324279E+00  -0.826014E+07
   0.541946E+00   0.134909E+06   0.133774E+06   0.280383E-01   0.280383E-01   0.328617E+03   0.134082E+06   0.134718E+06   0.134082E+06  -0.285009E-02   0.436885E+05   0.436752E+05   0.814971E-02   0.453222E-05   0.324279E+00  -0.806129E+07
   0.547067E+00   0.132938E+06   0.131820E+06   0.271138E-01   0.271138E-01   0.318184E+03   0.132123E+06   0.132750E+06   0.132123E+06  -0.280845E-02   0.430502E+05   0.430372E+05   0.795237E-02   0.438279E-05   0.324279E+00  -0.786916E+07
   0.559946E+00   0.128186E+06   0.127111E+06   0.249559E-01   0.249559E-01   0.293761E+03   0.127401E+06   0.128005E+06   0.127401E+06  -0.270807E-02   0.415115E+05   0.414989E+05   0.748443E-02   0.403398E-05   0.324279E+00  -0.741338E+07
   0.593872E+00   0.116803E+06   0.115822E+06   0.202160E-01   0.202160E-01   0.239744E+03   0.116088E+06   0.116639E+06   0.116088E+06  -0.246760E-02   0.378253E+05   0.378139E+05   0.644280E-02   0.326779E-05   0.324279E+00  -0.636919E+07
   0.629853E+00   0.106404E+06   0.105511E+06   0.163721E-01   0.163721E-01   0.195519E+03   0.105752E+06   0.106254E+06   0.105752E+06  -0.224789E-02   0.344576E+05   0.344471E+05   0.553582E-02   0.264645E-05   0.324279E+00  -0.547066E+07
   0.879031E+00   0.622005E+05   0.616786E+05   0.491372E-02   0.491372E-02   0.605828E+02   0.618192E+05   0.621129E+05   0.618192E+05  -0.131405E-02   0.201429E+05   0.201367E+05   0.234090E-02   0.794276E-06   0.324278E+00  -0.229145E+07
   0.122679E+01   0.359215E+05   0.356201E+05   0.145694E-02   0.145694E-02   0.183476E+02   0.357012E+05   0.358709E+05   0.357012E+05  -0.758875E-03   0.116327E+05   0.116291E+05   0.986937E-03   0.235506E-06   0.324277E+00  -0.948212E+06
   0.171212E+01   0.205294E+05   0.203570E+05   0.427497E-03   0.427497E-03   0.545641E+01   0.204035E+05   0.205005E+05   0.204035E+05  -0.433702E-03   0.664819E+04   0.664604E+04   0.418963E-03   0.691027E-07   0.324277E+00  -0.388295E+06
   0.238945E+01   0.116276E+05   0.115298E+05   0.124313E-03   0.124313E-03   0.159956E+01   0.115562E+05   0.116112E+05   0.115562E+05  -0.245643E-03   0.376544E+04   0.376414E+04   0.181815E-03   0.200946E-07   0.324276E+00  -0.157583E+06
