#          k/h    CDM            baryon         photon         nu             mass_nu        total          no_nu          total_de       Weyl           v_CDM          v_b            v_b-v_c        ISW            log_grow       pert_vel    
   0.994668E-05   0.254201E+08   0.254201E+08   0.338798E+08   0.338794E+08   0.254227E+08   0.254201E+08   0.254201E+08   0.254292E+08  -0.473893E+00   0.596398E+07   0.596398E+07   0.621998E+01   0.668103E+06   0.784518E+00  -0.599618E+14
   0.109829E-04   0.254189E+08   0.254189E+08   0.338752E+08   0.338747E+08   0.254214E+08   0.254189E+08   0.254189E+08   0.254280E+08  -0.473870E+00   0.596387E+07   0.596387E+07   0.686777E+01   0.548130E+06   0.784450E+00  -0.543032E+14
   0.121272E-04   0.254174E+08   0.254174E+08   0.338695E+08   0.338689E+08   0.254199E+08   0.254174E+08   0.254174E+08   0.254265E+08  -0.473843E+00   0.596372E+07   0.596372E+07   0.758296E+01   0.449728E+06   0.784368E+00  -0.491783E+14
   0.133906E-04   0.254156E+08   0.254156E+08   0.338626E+08   0.338619E+08   0.254181E+08   0.254156E+08   0.254156E+08   0.254246E+08  -0.473808E+00   0.596355E+07   0.596355E+07   0.837256E+01   0.369019E+06   0.784267E+00  -0.445369E+14
   0.147857E-04   0.254133E+08   0.254133E+08   0.338542E+08   0.338533E+08   0.254158E+08   0.254134E+08   0.254133E+08   0.254224E+08  -0.473767E+00   0.596334E+07   0.596334E+07   0.924428E+01   0.302822E+06   0.784145E+00  -0.403333E+14
   0.163261E-04   0.254106E+08   0.254106E+08   0.338440E+08   0.338428E+08   0.254131E+08   0.254106E+08   0.254106E+08   0.254197E+08  -0.473716E+00   0.596308E+07   0.596308E+07   0.102066E+02   0.248527E+06   0.783996E+00  -0.365262E+14
   0.180270E-04   0.254073E+08   0.254073E+08   0.338315E+08   0.338301E+08   0.254098E+08   0.254073E+08   0.254073E+08   0.254164E+08  -0.473654E+00   0.596276E+07   0.596276E+07   0.112690E+02   0.203994E+06   0.783814E+00  -0.330781E+14
   0.199051E-04   0.254033E+08   0.254033E+08   0.338162E+08   0.338146E+08   0.254057E+08   0.254033E+08   0.254033E+08   0.254123E+08  -0.473579E+00   0.596238E+07   0.596238E+07   0.124416E+02   0.167468E+06   0.783592E+00  -0.299552E+14
   0.219788E-04   0.253984E+08   0.253984E+08   0.337977E+08   0.337957E+08   0.254008E+08   0.253984E+08   0.253984E+08   0.254074E+08  -0.473488E+00   0.596191E+07   0.596191E+07   0.137360E+02   0.137510E+06   0.783323E+00  -0.271267E+14
   0.242687E-04   0.253924E+08   0.253924E+08   0.337751E+08   0.337727E+08   0.253947E+08   0.253924E+08   0.253924E+08   0.254014E+08  -0.473376E+00   0.596134E+07   0.596134E+07   0.151646E+02   0.112938E+06   0.782994E+00  -0.245649E+14
   0.267970E-04   0.253851E+08   0.253851E+08   0.337476E+08   0.337446E+08   0.253874E+08   0.253851E+08   0.253851E+08   0.253941E+08  -0.473240E+00   0.596065E+07   0.596065E+07   0.167412E+02   0.927832E+05   0.782595E+00  -0.222445E+14
   0.295888E-04   0.253762E+08   0.253762E+08   0.337140E+08   0.337104E+08   0.253785E+08   0.253763E+08   0.253762E+08   0.253853E+08  -0.473075E+00   0.595980E+07   0.595980E+07   0.184809E+02   0.762522E+05   0.782108E+00  -0.201428E+14
   0.326714E-04   0.253655E+08   0.253654E+08   0.336732E+08   0.336688E+08   0.253676E+08   0.253655E+08   0.253655E+08   0.253745E+08  -0.472873E+00   0.595877E+07   0.595877E+07   0.204003E+02   0.626930E+05   0.781516E+00  -0.182392E+14
   0.360752E-04   0.253523E+08   0.253523E+08   0.336235E+08   0.336182E+08   0.253544E+08   0.253523E+08   0.253523E+08   0.253613E+08  -0.472628E+00   0.595752E+07   0.595752E+07   0.225176E+02   0.515712E+05   0.780797E+00  -0.165148E+14
   0.398336E-04   0.253364E+08   0.253364E+08   0.335630E+08   0.335565E+08   0.253383E+08   0.253364E+08   0.253364E+08   0.253453E+08  -0.472330E+00   0.595599E+07   0.595599E+07   0.248526E+02   0.424484E+05   0.779922E+00  -0.149527E+14
   0.439836E-04   0.253170E+08   0.253169E+08   0.334895E+08   0.334815E+08   0.253187E+08   0.253170E+08   0.253170E+08   0.253259E+08  -0.471968E+00   0.595414E+07   0.595413E+07   0.274273E+02   0.349651E+05   0.778860E+00  -0.135377E+14
   0.485659E-04   0.252934E+08   0.252934E+08   0.334000E+08   0.333903E+08   0.252950E+08   0.252934E+08   0.252934E+08   0.253023E+08  -0.471529E+00   0.595188E+07   0.595187E+07   0.302651E+02   0.288262E+05   0.777572E+00  -0.122557E+14
   0.536256E-04   0.252648E+08   0.252648E+08   0.332913E+08   0.332795E+08   0.252662E+08   0.252648E+08   0.252648E+08   0.252737E+08  -0.470995E+00   0.594914E+07   0.594913E+07   0.333918E+02   0.237898E+05   0.776011E+00  -0.110942E+14
   0.592125E-04   0.252301E+08   0.252301E+08   0.331593E+08   0.331450E+08   0.252312E+08   0.252301E+08   0.252301E+08   0.252390E+08  -0.470348E+00   0.594581E+07   0.594580E+07   0.368352E+02   0.196575E+05   0.774121E+00  -0.100418E+14
   0.653814E-04   0.251881E+08   0.251881E+08   0.329991E+08   0.329818E+08   0.251889E+08   0.251881E+08   0.251881E+08   0.251970E+08  -0.469565E+00   0.594176E+07   0.594176E+07   0.406251E+02   0.162663E+05   0.771837E+00  -0.908819E+13
   0.721930E-04   0.251374E+08   0.251374E+08   0.328051E+08   0.327840E+08   0.251378E+08   0.251374E+08   0.251374E+08   0.251462E+08  -0.468617E+00   0.593687E+07   0.593686E+07   0.447934E+02   0.134827E+05   0.769082E+00  -0.822391E+13
   0.797142E-04   0.250761E+08   0.250761E+08   0.325702E+08   0.325445E+08   0.250761E+08   0.250761E+08   0.250761E+08   0.250848E+08  -0.467474E+00   0.593094E+07   0.593093E+07   0.493741E+02   0.111969E+05   0.765766E+00  -0.744052E+13
   0.880190E-04   0.250024E+08   0.250023E+08   0.322863E+08   0.322552E+08   0.250017E+08   0.250024E+08   0.250024E+08   0.250110E+08  -0.466098E+00   0.592377E+07   0.592376E+07   0.544025E+02   0.931897E+04   0.761787E+00  -0.673035E+13
   0.971891E-04   0.249138E+08   0.249137E+08   0.319439E+08   0.319062E+08   0.249124E+08   0.249138E+08   0.249138E+08   0.249223E+08  -0.464445E+00   0.591513E+07   0.591511E+07   0.599154E+02   0.777502E+04   0.757027E+00  -0.608643E+13
   0.107314E-03   0.248077E+08   0.248076E+08   0.315319E+08   0.314863E+08   0.248055E+08   0.248077E+08   0.248077E+08   0.248161E+08  -0.462465E+00   0.590472E+07   0.590470E+07   0.659499E+02   0.650433E+04   0.751354E+00  -0.550246E+13
   0.118495E-03   0.246811E+08   0.246810E+08   0.310374E+08   0.309824E+08   0.246778E+08   0.246811E+08   0.246811E+08   0.246894E+08  -0.460102E+00   0.589223E+07   0.589221E+07   0.725427E+02   0.545708E+04   0.744627E+00  -0.497275E+13
   0.130840E-03   0.245308E+08   0.245306E+08   0.304460E+08   0.303797E+08   0.245262E+08   0.245307E+08   0.245307E+08   0.245388E+08  -0.457296E+00   0.587728E+07   0.587725E+07   0.797284E+02   0.459231E+04   0.736694E+00  -0.449213E+13
   0.144471E-03   0.243531E+08   0.243530E+08   0.297414E+08   0.296618E+08   0.243470E+08   0.243530E+08   0.243531E+08   0.243610E+08  -0.453981E+00   0.585946E+07   0.585942E+07   0.875379E+02   0.387641E+04   0.727398E+00  -0.405595E+13
   0.159522E-03   0.241444E+08   0.241442E+08   0.289061E+08   0.288107E+08   0.241364E+08   0.241443E+08   0.241444E+08   0.241520E+08  -0.450086E+00   0.583830E+07   0.583825E+07   0.959953E+02   0.328177E+04   0.716591E+00  -0.365999E+13
   0.176142E-03   0.239010E+08   0.239008E+08   0.279215E+08   0.278076E+08   0.238907E+08   0.239009E+08   0.239010E+08   0.239084E+08  -0.445543E+00   0.581332E+07   0.581326E+07   0.105115E+03   0.278579E+04   0.704140E+00  -0.330048E+13
   0.194493E-03   0.236195E+08   0.236192E+08   0.267688E+08   0.266336E+08   0.236063E+08   0.236194E+08   0.236194E+08   0.236265E+08  -0.440288E+00   0.578399E+07   0.578392E+07   0.114895E+03   0.237002E+04   0.689943E+00  -0.297399E+13
   0.214755E-03   0.232968E+08   0.232965E+08   0.254306E+08   0.252708E+08   0.232802E+08   0.232967E+08   0.232967E+08   0.233034E+08  -0.434265E+00   0.574980E+07   0.574972E+07   0.125316E+03   0.201944E+04   0.673946E+00  -0.267746E+13
   0.237129E-03   0.229309E+08   0.229305E+08   0.238922E+08   0.237048E+08   0.229102E+08   0.229307E+08   0.229308E+08   0.229371E+08  -0.427435E+00   0.571027E+07   0.571017E+07   0.136328E+03   0.172196E+04   0.656164E+00  -0.240816E+13
   0.261834E-03   0.225209E+08   0.225204E+08   0.221446E+08   0.219265E+08   0.224951E+08   0.225207E+08   0.225208E+08   0.225266E+08  -0.419780E+00   0.566496E+07   0.566484E+07   0.147847E+03   0.146791E+04   0.636693E+00  -0.216364E+13
   0.289112E-03   0.220673E+08   0.220668E+08   0.201875E+08   0.199362E+08   0.220354E+08   0.220671E+08   0.220672E+08   0.220725E+08  -0.411312E+00   0.561356E+07   0.561342E+07   0.159744E+03   0.124967E+04   0.615723E+00  -0.194172E+13
   0.319233E-03   0.215727E+08   0.215721E+08   0.180332E+08   0.177473E+08   0.215333E+08   0.215724E+08   0.215726E+08   0.215772E+08  -0.402077E+00   0.555589E+07   0.555572E+07   0.171833E+03   0.106131E+04   0.593541E+00  -0.174044E+13
   0.352491E-03   0.210413E+08   0.210406E+08   0.157114E+08   0.153908E+08   0.209929E+08   0.210410E+08   0.210412E+08   0.210451E+08  -0.392155E+00   0.549197E+07   0.549177E+07   0.183866E+03   0.898267E+03   0.570525E+00  -0.155809E+13
   0.389215E-03   0.204795E+08   0.204786E+08   0.132732E+08   0.129199E+08   0.204200E+08   0.204791E+08   0.204794E+08   0.204826E+08  -0.381663E+00   0.542203E+07   0.542180E+07   0.195522E+03   0.757031E+03   0.547117E+00  -0.139311E+13
   0.429764E-03   0.198951E+08   0.198940E+08   0.107945E+08   0.104131E+08   0.198223E+08   0.198946E+08   0.198949E+08   0.198974E+08  -0.370748E+00   0.534656E+07   0.534630E+07   0.206411E+03   0.634890E+03   0.523800E+00  -0.124411E+13
   0.474538E-03   0.192971E+08   0.192959E+08   0.837613E+07   0.797400E+07   0.192082E+08   0.192965E+08   0.192969E+08   0.192987E+08  -0.359580E+00   0.526628E+07   0.526598E+07   0.216074E+03   0.529668E+03   0.501051E+00  -0.110980E+13
   0.523976E-03   0.186953E+08   0.186938E+08   0.613876E+07   0.572563E+07   0.185869E+08   0.186945E+08   0.186950E+08   0.186961E+08  -0.348339E+00   0.518214E+07   0.518178E+07   0.224011E+03   0.439540E+03   0.479309E+00  -0.989027E+12
   0.578566E-03   0.180992E+08   0.180974E+08   0.420931E+07   0.379608E+07   0.179673E+08   0.180982E+08   0.180989E+08   0.180993E+08  -0.337206E+00   0.509522E+07   0.509482E+07   0.229715E+03   0.362880E+03   0.458941E+00  -0.880686E+12
   0.638842E-03   0.175177E+08   0.175157E+08   0.269740E+07   0.229360E+07   0.173575E+08   0.175166E+08   0.175174E+08   0.175173E+08  -0.326348E+00   0.500677E+07   0.500632E+07   0.232722E+03   0.298181E+03   0.440217E+00  -0.783743E+12
   0.705398E-03   0.169586E+08   0.169564E+08   0.166317E+07   0.127346E+07   0.167646E+08   0.169574E+08   0.169583E+08   0.169578E+08  -0.315911E+00   0.491802E+07   0.491753E+07   0.232684E+03   0.244006E+03   0.423306E+00  -0.697212E+12
   0.778888E-03   0.164283E+08   0.164258E+08   0.108509E+07   0.705912E+06   0.161936E+08   0.164268E+08   0.164279E+08   0.164270E+08  -0.306012E+00   0.483020E+07   0.482966E+07   0.229424E+03   0.198987E+03   0.408275E+00  -0.620151E+12
   0.860035E-03   0.159313E+08   0.159284E+08   0.845683E+06   0.464301E+06   0.156480E+08   0.159295E+08   0.159308E+08   0.159296E+08  -0.296738E+00   0.474440E+07   0.474382E+07   0.222980E+03   0.161832E+03   0.395106E+00  -0.551661E+12
   0.949635E-03   0.154704E+08   0.154672E+08   0.757959E+06   0.356700E+06   0.151293E+08   0.154682E+08   0.154698E+08   0.154684E+08  -0.288140E+00   0.466155E+07   0.466094E+07   0.213595E+03   0.131351E+03   0.383712E+00  -0.490885E+12
   0.104857E-02   0.150469E+08   0.150435E+08   0.643260E+06   0.210455E+06   0.146375E+08   0.150444E+08   0.150463E+08   0.150445E+08  -0.280241E+00   0.458237E+07   0.458174E+07   0.201658E+03   0.106463E+03   0.373959E+00  -0.437017E+12
   0.115781E-02   0.146606E+08   0.146570E+08   0.431084E+06  -0.249569E+05   0.141709E+08   0.146577E+08   0.146600E+08   0.146578E+08  -0.273035E+00   0.450734E+07   0.450669E+07   0.187623E+03   0.862173E+02   0.365684E+00  -0.389302E+12
   0.127844E-02   0.143102E+08   0.143065E+08   0.199040E+06  -0.245315E+06   0.137267E+08   0.143069E+08   0.143096E+08   0.143069E+08  -0.266497E+00   0.443668E+07   0.443602E+07   0.171971E+03   0.697916E+02   0.358713E+00  -0.347044E+12
   0.141163E-02   0.139934E+08   0.139896E+08   0.761379E+05  -0.306946E+06   0.133022E+08   0.139895E+08   0.139928E+08   0.139895E+08  -0.260583E+00   0.437040E+07   0.436974E+07   0.155261E+03   0.564887E+02   0.352877E+00  -0.309604E+12
   0.155869E-02   0.137072E+08   0.137033E+08   0.707191E+05   0.344860E+06   0.128932E+08   0.137027E+08   0.137065E+08   0.137027E+08  -0.255240E+00   0.430822E+07   0.430758E+07   0.138225E+03   0.457287E+02   0.348010E+00  -0.276403E+12
   0.172108E-02   0.134479E+08   0.134441E+08   0.547929E+05   0.277503E+06   0.124960E+08   0.134428E+08   0.134473E+08   0.134428E+08  -0.250397E+00   0.424983E+07   0.424920E+07   0.121726E+03   0.370260E+02   0.343969E+00  -0.246931E+12
   0.190039E-02   0.132119E+08   0.132081E+08  -0.147603E+05   0.223613E+06   0.121068E+08   0.132060E+08   0.132113E+08   0.132061E+08  -0.245987E+00   0.419468E+07   0.419407E+07   0.106564E+03   0.299878E+02   0.340621E+00  -0.220730E+12
   0.209838E-02   0.129952E+08   0.129915E+08  -0.292912E+05   0.180399E+06   0.117226E+08   0.129886E+08   0.129946E+08   0.129886E+08  -0.241935E+00   0.414214E+07   0.414155E+07   0.932980E+02   0.242934E+02   0.337855E+00  -0.197400E+12
   0.231699E-02   0.127940E+08   0.127902E+08  -0.612622E+04   0.145671E+06   0.113407E+08   0.127865E+08   0.127934E+08   0.127865E+08  -0.238171E+00   0.409150E+07   0.409093E+07   0.822245E+02   0.196836E+02   0.335571E+00  -0.176589E+12
   0.255838E-02   0.126044E+08   0.126006E+08  -0.314031E+05   0.117709E+06   0.109591E+08   0.125960E+08   0.126038E+08   0.125960E+08  -0.234622E+00   0.404204E+07   0.404147E+07   0.732788E+02   0.159494E+02   0.333687E+00  -0.157994E+12
   0.282492E-02   0.124229E+08   0.124189E+08  -0.206748E+05   0.951534E+05   0.105760E+08   0.124135E+08   0.124222E+08   0.124135E+08  -0.231221E+00   0.399300E+07   0.399244E+07   0.659611E+02   0.129222E+02   0.332134E+00  -0.141351E+12
   0.311923E-02   0.122460E+08   0.122418E+08  -0.201601E+05   0.769330E+05   0.101896E+08   0.122356E+08   0.122453E+08   0.122356E+08  -0.227907E+00   0.394366E+07   0.394310E+07   0.596045E+02   0.104670E+02   0.330854E+00  -0.126432E+12
   0.344419E-02   0.120707E+08   0.120662E+08  -0.147054E+05   0.621966E+05   0.979772E+07   0.120592E+08   0.120699E+08   0.120592E+08  -0.224621E+00   0.389331E+07   0.389276E+07   0.536566E+02   0.847464E+01   0.329798E+00  -0.113041E+12
   0.380302E-02   0.118941E+08   0.118893E+08  -0.141124E+05   0.502669E+05   0.939845E+07   0.118815E+08   0.118933E+08   0.118815E+08  -0.221311E+00   0.384130E+07   0.384076E+07   0.479720E+02   0.685737E+01   0.328927E+00  -0.101008E+12
   0.419923E-02   0.117136E+08   0.117086E+08  -0.322705E+04   0.406030E+05   0.899034E+07   0.116999E+08   0.117128E+08   0.116999E+08  -0.217929E+00   0.378700E+07   0.378647E+07   0.427837E+02   0.554437E+01   0.328207E+00  -0.901845E+11
   0.463671E-02   0.115270E+08   0.115215E+08  -0.600256E+04   0.327715E+05   0.857246E+07   0.115121E+08   0.115260E+08   0.115121E+08  -0.214430E+00   0.372983E+07   0.372930E+07   0.383412E+02   0.447842E+01   0.327612E+00  -0.804423E+11
   0.511978E-02   0.113319E+08   0.113259E+08  -0.847484E+04   0.264241E+05   0.814561E+07   0.113159E+08   0.113309E+08   0.113159E+08  -0.210775E+00   0.366925E+07   0.366871E+07   0.345551E+02   0.361322E+01   0.327118E+00  -0.716690E+11
   0.565317E-02   0.111270E+08   0.111204E+08  -0.593994E+04   0.212808E+05   0.768918E+07   0.111096E+08   0.111259E+08   0.111096E+08  -0.206933E+00   0.360483E+07   0.360431E+07   0.311245E+02   0.291130E+01   0.326706E+00  -0.637674E+11
   0.624213E-02   0.109096E+08   0.109023E+08  -0.573644E+04   0.171133E+05   0.723045E+07   0.108910E+08   0.109084E+08   0.108910E+08  -0.202861E+00   0.353592E+07   0.353540E+07   0.279556E+02   0.234203E+01   0.326362E+00  -0.566468E+11
   0.689245E-02   0.106786E+08   0.106704E+08  -0.379858E+04   0.137388E+05   0.675911E+07   0.106587E+08   0.106772E+08   0.106587E+08  -0.198533E+00   0.346216E+07   0.346164E+07   0.251815E+02   0.188073E+01   0.326074E+00  -0.502317E+11
   0.761052E-02   0.104323E+08   0.104230E+08  -0.385999E+04   0.110084E+05   0.628354E+07   0.104111E+08   0.104308E+08   0.104111E+08  -0.193923E+00   0.338314E+07   0.338262E+07   0.227551E+02   0.150728E+01   0.325831E+00  -0.444539E+11
   0.840340E-02   0.101695E+08   0.101589E+08  -0.424005E+04   0.880137E+04   0.581182E+07   0.101471E+08   0.101677E+08   0.101471E+08  -0.189005E+00   0.329847E+07   0.329795E+07   0.205605E+02   0.120526E+01   0.325627E+00  -0.392520E+11
   0.927889E-02   0.988884E+07   0.987677E+07  -0.281300E+04   0.701943E+04   0.534296E+07   0.986531E+07   0.988681E+07   0.986531E+07  -0.183756E+00   0.320782E+07   0.320730E+07   0.186256E+02   0.961339E+00   0.325454E+00  -0.345715E+11
   0.102456E-01   0.958928E+07   0.957545E+07  -0.263617E+04   0.558270E+04   0.487595E+07   0.956466E+07   0.958696E+07   0.956466E+07  -0.178156E+00   0.311086E+07   0.311034E+07   0.169123E+02   0.764619E+00   0.325307E+00  -0.303632E+11
   0.113130E-01   0.926973E+07   0.925383E+07  -0.240485E+04   0.442613E+04   0.441645E+07   0.924410E+07   0.926706E+07   0.924410E+07  -0.172185E+00   0.300726E+07   0.300674E+07   0.153939E+02   0.606229E+00   0.325180E+00  -0.265826E+11
   0.124916E-01   0.892921E+07   0.891093E+07  -0.172924E+04   0.349675E+04   0.397075E+07   0.890269E+07   0.892614E+07   0.890269E+07  -0.165826E+00   0.289675E+07   0.289623E+07   0.140517E+02   0.478938E+00   0.325071E+00  -0.231897E+11
   0.137930E-01   0.856699E+07   0.854598E+07  -0.168470E+04   0.275149E+04   0.354203E+07   0.853970E+07   0.856346E+07   0.853970E+07  -0.159064E+00   0.277911E+07   0.277858E+07   0.128625E+02   0.376858E+00   0.324978E+00  -0.201488E+11
   0.152300E-01   0.818260E+07   0.815851E+07  -0.131502E+04   0.215533E+04   0.313058E+07   0.815466E+07   0.817855E+07   0.815466E+07  -0.151892E+00   0.265421E+07   0.265367E+07   0.118033E+02   0.295196E+00   0.324896E+00  -0.174275E+11
   0.168167E-01   0.778501E+07   0.775752E+07  -0.102166E+04   0.168173E+04   0.274603E+07   0.775657E+07   0.778039E+07   0.775657E+07  -0.144477E+00   0.252497E+07   0.252443E+07   0.108615E+02   0.230324E+00   0.324826E+00  -0.150147E+11
   0.185687E-01   0.735874E+07   0.732757E+07  -0.917753E+03   0.130367E+04   0.238309E+07   0.732999E+07   0.735351E+07   0.732999E+07  -0.136532E+00   0.238640E+07   0.238584E+07   0.999868E+01   0.178539E+00   0.324764E+00  -0.128517E+11
   0.205033E-01   0.691287E+07   0.687784E+07  -0.567911E+03   0.100434E+04   0.204739E+07   0.688399E+07   0.690699E+07   0.688399E+07  -0.128224E+00   0.224144E+07   0.224087E+07   0.919878E+01   0.137539E+00   0.324711E+00  -0.109321E+11
   0.226393E-01   0.644375E+07   0.640486E+07  -0.511472E+03   0.767730E+03   0.173832E+07   0.641498E+07   0.643722E+07   0.641498E+07  -0.119488E+00   0.208893E+07   0.208836E+07   0.843445E+01   0.105132E+00   0.324664E+00  -0.922693E+10
   0.249980E-01   0.596806E+07   0.592555E+07  -0.388334E+03   0.583099E+03   0.146105E+07   0.593963E+07   0.596092E+07   0.593963E+07  -0.110634E+00   0.193432E+07   0.193374E+07   0.768908E+01   0.798449E-01   0.324622E+00  -0.773780E+10
   0.276023E-01   0.549137E+07   0.544581E+07  -0.271742E+03   0.439969E+03   0.121529E+07   0.546352E+07   0.548372E+07   0.546352E+07  -0.101766E+00   0.177941E+07   0.177884E+07   0.694121E+01   0.602432E-01   0.324586E+00  -0.644649E+10
   0.304780E-01   0.501568E+07   0.496806E+07  -0.234650E+03   0.329535E+03   0.999649E+06   0.498872E+07   0.500768E+07   0.498872E+07  -0.929220E-01   0.162489E+07   0.162433E+07   0.616947E+01   0.451201E-01   0.324554E+00  -0.533125E+10
   0.336533E-01   0.455382E+07   0.450558E+07  -0.157546E+03   0.245350E+03   0.814254E+06   0.452806E+07   0.454572E+07   0.452806E+07  -0.843417E-01   0.147495E+07   0.147441E+07   0.536519E+01   0.335921E-01   0.324527E+00  -0.438268E+10
   0.371593E-01   0.412242E+07   0.407541E+07  -0.118981E+03   0.182147E+03   0.658874E+06   0.409817E+07   0.411452E+07   0.409817E+07  -0.763343E-01   0.133500E+07   0.133449E+07   0.453188E+01   0.249377E-01   0.324502E+00  -0.359254E+10
   0.410307E-01   0.373198E+07   0.368836E+07  -0.105233E+03   0.135240E+03   0.531166E+06   0.370955E+07   0.372466E+07   0.370955E+07  -0.690956E-01   0.120846E+07   0.120801E+07   0.368569E+01   0.185152E-01   0.324481E+00  -0.294519E+10
   0.451338E-01   0.340497E+07   0.336649E+07   0.101982E+03   0.101982E+03   0.431922E+06   0.338447E+07   0.339851E+07   0.338447E+07  -0.630406E-01   0.110244E+07   0.110202E+07   0.308743E+01   0.139636E-01   0.324412E+00  -0.244254E+10
   0.492368E-01   0.314715E+07   0.311477E+07   0.792180E+02   0.792180E+02   0.358427E+06   0.312854E+07   0.314171E+07   0.312854E+07  -0.582735E-01   0.101911E+07   0.101876E+07   0.238789E+01   0.108465E-01   0.324397E+00  -0.206976E+10
   0.533399E-01   0.293933E+07   0.291305E+07   0.630564E+02   0.630564E+02   0.302428E+06   0.292246E+07   0.293492E+07   0.292246E+07  -0.544350E-01   0.952002E+06   0.951710E+06   0.182996E+01   0.863347E-02   0.324385E+00  -0.178476E+10
   0.574430E-01   0.276434E+07   0.274342E+07   0.511451E+02   0.511451E+02   0.258371E+06   0.274899E+07   0.276083E+07   0.274899E+07  -0.512038E-01   0.895512E+06   0.895268E+06   0.141149E+01   0.700250E-02   0.324375E+00  -0.155894E+10
   0.615460E-01   0.260877E+07   0.259194E+07   0.420535E+02   0.420535E+02   0.222585E+06   0.259466E+07   0.260594E+07   0.259466E+07  -0.483293E-01   0.845254E+06   0.845047E+06   0.112036E+01   0.575765E-02   0.324366E+00  -0.137336E+10
   0.656491E-01   0.246224E+07   0.244802E+07   0.348890E+02   0.348890E+02   0.192612E+06   0.244912E+07   0.245985E+07   0.244912E+07  -0.456183E-01   0.797855E+06   0.797671E+06   0.936164E+00   0.477669E-02   0.324359E+00  -0.121533E+10
   0.697522E-01   0.231740E+07   0.230433E+07   0.290878E+02   0.290878E+02   0.166851E+06   0.230504E+07   0.231520E+07   0.230504E+07  -0.429346E-01   0.750931E+06   0.750756E+06   0.833331E+00   0.398241E-02   0.324353E+00  -0.107657E+10
   0.738552E-01   0.217546E+07   0.216233E+07   0.243549E+02   0.243549E+02   0.144684E+06   0.216365E+07   0.217325E+07   0.216365E+07  -0.403012E-01   0.704884E+06   0.704710E+06   0.786028E+00   0.333439E-02   0.324348E+00  -0.954409E+09
   0.779583E-01   0.203182E+07   0.201783E+07   0.204125E+02   0.204125E+02   0.125225E+06   0.202046E+07   0.202947E+07   0.202046E+07  -0.376339E-01   0.658245E+06   0.658066E+06   0.767626E+00   0.279462E-02   0.324343E+00  -0.844348E+09
   0.820614E-01   0.189346E+07   0.187828E+07   0.171645E+02   0.171645E+02   0.108469E+06   0.188248E+07   0.189091E+07   0.188248E+07  -0.350638E-01   0.613303E+06   0.613117E+06   0.758394E+00   0.234994E-02   0.324339E+00  -0.747361E+09
   0.861644E-01   0.176418E+07   0.174789E+07   0.145028E+02   0.145028E+02   0.941986E+05   0.175356E+07   0.176145E+07   0.175356E+07  -0.326625E-01   0.571311E+06   0.571119E+06   0.743425E+00   0.198552E-02   0.324335E+00  -0.663034E+09
   0.912856E-01   0.162039E+07   0.160334E+07   0.118655E+02   0.118655E+02   0.795389E+05   0.161025E+07   0.161752E+07   0.161025E+07  -0.299931E-01   0.524629E+06   0.524436E+06   0.704254E+00   0.162445E-02   0.324331E+00  -0.574698E+09
   0.964067E-01   0.150042E+07   0.148362E+07   0.984959E+01   0.984959E+01   0.679632E+05   0.149083E+07   0.149760E+07   0.149083E+07  -0.277689E-01   0.485729E+06   0.485545E+06   0.639336E+00   0.134846E-02   0.324328E+00  -0.503820E+09
   0.101528E+00   0.140575E+07   0.139021E+07   0.832086E+01   0.832086E+01   0.589631E+05   0.139678E+07   0.140314E+07   0.139678E+07  -0.260170E-01   0.455090E+06   0.454921E+06   0.555369E+00   0.113916E-02   0.324325E+00  -0.448230E+09
   0.106649E+00   0.133295E+07   0.131939E+07   0.715148E+01   0.715148E+01   0.519384E+05   0.132462E+07   0.133067E+07   0.132462E+07  -0.246730E-01   0.431582E+06   0.431433E+06   0.464478E+00   0.979065E-03   0.324322E+00  -0.404666E+09
   0.111770E+00   0.127489E+07   0.126357E+07   0.622890E+01   0.622890E+01   0.462808E+05   0.126719E+07   0.127299E+07   0.126719E+07  -0.236032E-01   0.412869E+06   0.412742E+06   0.379414E+00   0.852759E-03   0.324320E+00  -0.369385E+09
   0.116891E+00   0.122388E+07   0.121458E+07   0.546836E+01   0.546836E+01   0.415007E+05   0.121673E+07   0.122232E+07   0.121673E+07  -0.226633E-01   0.396429E+06   0.396321E+06   0.310034E+00   0.748636E-03   0.324318E+00  -0.339140E+09
   0.122012E+00   0.117389E+07   0.116608E+07   0.481472E+01   0.481472E+01   0.372695E+05   0.116721E+07   0.117258E+07   0.116721E+07  -0.217409E-01   0.380295E+06   0.380199E+06   0.261339E+00   0.659150E-03   0.324316E+00  -0.311684E+09
   0.127134E+00   0.112140E+07   0.111436E+07   0.423662E+01   0.423662E+01   0.334063E+05   0.111508E+07   0.112022E+07   0.111508E+07  -0.207699E-01   0.363312E+06   0.363223E+06   0.233141E+00   0.580005E-03   0.324314E+00  -0.285770E+09
   0.132255E+00   0.106543E+07   0.105850E+07   0.371934E+01   0.371934E+01   0.298398E+05   0.105937E+07   0.106427E+07   0.105937E+07  -0.197323E-01   0.345165E+06   0.345077E+06   0.221115E+00   0.509188E-03   0.324312E+00  -0.260984E+09
   0.137376E+00   0.100712E+07   0.999817E+06   0.325812E+01   0.325812E+01   0.265680E+05   0.100125E+07   0.100589E+07   0.100125E+07  -0.186498E-01   0.326232E+06   0.326142E+06   0.218672E+00   0.446044E-03   0.324311E+00  -0.237472E+09
   0.142497E+00   0.948940E+06   0.941088E+06   0.285273E+01   0.285273E+01   0.236212E+05   0.943248E+06   0.947621E+06   0.943248E+06  -0.175693E-01   0.307335E+06   0.307241E+06   0.219002E+00   0.390545E-03   0.324310E+00  -0.215675E+09
   0.147618E+00   0.894090E+06   0.885767E+06   0.250415E+01   0.250415E+01   0.210360E+05   0.888567E+06   0.892692E+06   0.888567E+06  -0.165508E-01   0.289520E+06   0.289425E+06   0.216736E+00   0.342823E-03   0.324309E+00  -0.196124E+09
   0.152739E+00   0.845581E+06   0.837073E+06   0.221186E+01   0.221186E+01   0.188357E+05   0.840247E+06   0.844153E+06   0.840247E+06  -0.156508E-01   0.273778E+06   0.273683E+06   0.208878E+00   0.302808E-03   0.324308E+00  -0.179242E+09
   0.157860E+00   0.805085E+06   0.796765E+06   0.197142E+01   0.197142E+01   0.170059E+05   0.799965E+06   0.803688E+06   0.799965E+06  -0.149005E-01   0.260654E+06   0.260562E+06   0.194916E+00   0.269891E-03   0.324307E+00  -0.165113E+09
   0.162982E+00   0.772303E+06   0.764518E+06   0.177424E+01   0.177424E+01   0.154930E+05   0.767421E+06   0.770996E+06   0.767421E+06  -0.142943E-01   0.250051E+06   0.249964E+06   0.176326E+00   0.242897E-03   0.324306E+00  -0.153419E+09
   0.168103E+00   0.745546E+06   0.738523E+06   0.161018E+01   0.161018E+01   0.142242E+05   0.740911E+06   0.744366E+06   0.740911E+06  -0.138005E-01   0.241413E+06   0.241334E+06   0.155748E+00   0.220437E-03   0.324305E+00  -0.143608E+09
   0.173224E+00   0.722682E+06   0.716488E+06   0.147009E+01   0.147009E+01   0.131303E+05   0.718289E+06   0.721642E+06   0.718289E+06  -0.133792E-01   0.234041E+06   0.233971E+06   0.136060E+00   0.201258E-03   0.324304E+00  -0.135107E+09
   0.178345E+00   0.701546E+06   0.696092E+06   0.134649E+01   0.134649E+01   0.121530E+05   0.697372E+06   0.700631E+06   0.697372E+06  -0.129896E-01   0.227226E+06   0.227162E+06   0.119573E+00   0.184337E-03   0.324304E+00  -0.127407E+09
   0.183466E+00   0.680132E+06   0.675213E+06   0.123365E+01   0.123365E+01   0.112459E+05   0.676145E+06   0.679306E+06   0.676145E+06  -0.125942E-01   0.220309E+06   0.220250E+06   0.107523E+00   0.168888E-03   0.324303E+00  -0.120081E+09
   0.188587E+00   0.657140E+06   0.652505E+06   0.112812E+01   0.112812E+01   0.103822E+05   0.653305E+06   0.656362E+06   0.653305E+06  -0.121687E-01   0.212868E+06   0.212811E+06   0.999805E-01   0.154442E-03   0.324302E+00  -0.112874E+09
   0.193708E+00   0.632438E+06   0.627857E+06   0.102903E+01   0.102903E+01   0.955652E+04   0.628724E+06   0.631669E+06   0.628724E+06  -0.117109E-01   0.204859E+06   0.204803E+06   0.960745E-01   0.140876E-03   0.324302E+00  -0.105756E+09
   0.198830E+00   0.606832E+06   0.602148E+06   0.937089E+00   0.937089E+00   0.877839E+04   0.603219E+06   0.606046E+06   0.603219E+06  -0.112358E-01   0.196550E+06   0.196493E+06   0.943777E-01   0.128289E-03   0.324301E+00  -0.988521E+08
   0.203951E+00   0.581443E+06   0.576595E+06   0.853269E+00   0.853269E+00   0.805970E+04   0.577920E+06   0.580629E+06   0.577920E+06  -0.107646E-01   0.188307E+06   0.188250E+06   0.933416E-01   0.116814E-03   0.324301E+00  -0.923283E+08
   0.209072E+00   0.557362E+06   0.552384E+06   0.778273E+00   0.778273E+00   0.740986E+04   0.553927E+06   0.556526E+06   0.553927E+06  -0.103177E-01   0.180490E+06   0.180433E+06   0.916881E-01   0.106547E-03   0.324300E+00  -0.863278E+08
   0.214193E+00   0.535519E+06   0.530513E+06   0.712393E+00   0.712393E+00   0.683440E+04   0.532181E+06   0.534679E+06   0.532181E+06  -0.991262E-02   0.173405E+06   0.173348E+06   0.886656E-01   0.975277E-04   0.324300E+00  -0.809558E+08
   0.219314E+00   0.516479E+06   0.511577E+06   0.655337E+00   0.655337E+00   0.633296E+04   0.513246E+06   0.515656E+06   0.513246E+06  -0.955994E-02   0.167236E+06   0.167180E+06   0.841155E-01   0.897165E-04   0.324300E+00  -0.762524E+08
   0.224435E+00   0.500238E+06   0.495562E+06   0.606108E+00   0.606108E+00   0.589837E+04   0.497117E+06   0.499453E+06   0.497117E+06  -0.925952E-02   0.161980E+06   0.161927E+06   0.783753E-01   0.829770E-04   0.324299E+00  -0.721711E+08
   0.229556E+00   0.486279E+06   0.481910E+06   0.563234E+00   0.563234E+00   0.551803E+04   0.483274E+06   0.485546E+06   0.483274E+06  -0.900166E-02   0.157469E+06   0.157420E+06   0.720851E-01   0.771075E-04   0.324299E+00  -0.685962E+08
   0.234678E+00   0.473817E+06   0.469779E+06   0.525150E+00   0.525150E+00   0.517826E+04   0.470924E+06   0.473139E+06   0.470924E+06  -0.877164E-02   0.153445E+06   0.153399E+06   0.659654E-01   0.718937E-04   0.324299E+00  -0.653847E+08
   0.239799E+00   0.462015E+06   0.458278E+06   0.490467E+00   0.490467E+00   0.486638E+04   0.459227E+06   0.461388E+06   0.459227E+06  -0.855376E-02   0.149634E+06   0.149590E+06   0.606193E-01   0.671456E-04   0.324298E+00  -0.623990E+08
   0.244920E+00   0.450163E+06   0.446658E+06   0.458133E+00   0.458133E+00   0.457281E+04   0.447469E+06   0.449575E+06   0.447469E+06  -0.833475E-02   0.145803E+06   0.145761E+06   0.564013E-01   0.627190E-04   0.324298E+00  -0.595301E+08
   0.250041E+00   0.437848E+06   0.434486E+06   0.427542E+00   0.427542E+00   0.429210E+04   0.435235E+06   0.437284E+06   0.435235E+06  -0.810686E-02   0.141816E+06   0.141776E+06   0.533762E-01   0.585310E-04   0.324298E+00  -0.567166E+08
   0.255162E+00   0.425023E+06   0.421722E+06   0.398520E+00   0.398520E+00   0.402298E+04   0.422479E+06   0.424468E+06   0.422479E+06  -0.786927E-02   0.137660E+06   0.137621E+06   0.513568E-01   0.545580E-04   0.324298E+00  -0.539494E+08
   0.260283E+00   0.411923E+06   0.408625E+06   0.371173E+00   0.371173E+00   0.376704E+04   0.409440E+06   0.411369E+06   0.409440E+06  -0.762641E-02   0.133412E+06   0.133373E+06   0.499938E-01   0.508141E-04   0.324297E+00  -0.512558E+08
   0.265404E+00   0.398923E+06   0.395602E+06   0.345702E+00   0.345702E+00   0.352667E+04   0.396496E+06   0.398365E+06   0.396496E+06  -0.738531E-02   0.129195E+06   0.129156E+06   0.488876E-01   0.473271E-04   0.324297E+00  -0.486777E+08
   0.270526E+00   0.386429E+06   0.383093E+06   0.322300E+00   0.322300E+00   0.330437E+04   0.384058E+06   0.385869E+06   0.384058E+06  -0.715363E-02   0.125142E+06   0.125103E+06   0.476929E-01   0.441233E-04   0.324297E+00  -0.462582E+08
   0.275647E+00   0.374800E+06   0.371480E+06   0.301082E+00   0.301082E+00   0.310172E+04   0.372486E+06   0.374242E+06   0.372486E+06  -0.693808E-02   0.121371E+06   0.121333E+06   0.461890E-01   0.412185E-04   0.324297E+00  -0.440308E+08
   0.280768E+00   0.364247E+06   0.360989E+06   0.282024E+00   0.282024E+00   0.291894E+04   0.361993E+06   0.363700E+06   0.361993E+06  -0.674263E-02   0.117952E+06   0.117915E+06   0.443057E-01   0.386095E-04   0.324296E+00  -0.420100E+08
   0.285889E+00   0.354781E+06   0.351626E+06   0.264944E+00   0.264944E+00   0.275453E+04   0.352588E+06   0.354251E+06   0.352588E+06  -0.656745E-02   0.114888E+06   0.114852E+06   0.421078E-01   0.362712E-04   0.324296E+00  -0.401856E+08
   0.291010E+00   0.346235E+06   0.343212E+06   0.249548E+00   0.249548E+00   0.260577E+04   0.344103E+06   0.345727E+06   0.344103E+06  -0.640941E-02   0.112123E+06   0.112089E+06   0.397513E-01   0.341635E-04   0.324296E+00  -0.385285E+08
   0.296131E+00   0.338347E+06   0.335468E+06   0.235510E+00   0.235510E+00   0.246959E+04   0.336276E+06   0.337863E+06   0.336276E+06  -0.626362E-02   0.109573E+06   0.109540E+06   0.374265E-01   0.322417E-04   0.324296E+00  -0.370009E+08
   0.301252E+00   0.330831E+06   0.328089E+06   0.222525E+00   0.222525E+00   0.234295E+04   0.328818E+06   0.330371E+06   0.328818E+06  -0.612471E-02   0.107143E+06   0.107111E+06   0.353032E-01   0.304639E-04   0.324296E+00  -0.355653E+08
   0.306374E+00   0.323434E+06   0.320806E+06   0.210343E+00   0.210343E+00   0.222348E+04   0.321475E+06   0.322993E+06   0.321475E+06  -0.598793E-02   0.104750E+06   0.104719E+06   0.334916E-01   0.287962E-04   0.324296E+00  -0.341899E+08
   0.311495E+00   0.315986E+06   0.313440E+06   0.198800E+00   0.198800E+00   0.210952E+04   0.314075E+06   0.315558E+06   0.314075E+06  -0.585009E-02   0.102339E+06   0.102309E+06   0.320260E-01   0.272160E-04   0.324295E+00  -0.328537E+08
   0.316616E+00   0.308435E+06   0.305943E+06   0.187822E+00   0.187822E+00   0.200045E+04   0.306569E+06   0.308017E+06   0.306569E+06  -0.571028E-02   0.998930E+05   0.998637E+05   0.308702E-01   0.257131E-04   0.324295E+00  -0.315498E+08
   0.321737E+00   0.300844E+06   0.298383E+06   0.177411E+00   0.177411E+00   0.189638E+04   0.299018E+06   0.300430E+06   0.299018E+06  -0.556963E-02   0.974327E+05   0.974038E+05   0.299384E-01   0.242878E-04   0.324295E+00  -0.302829E+08
   0.326858E+00   0.293338E+06   0.290896E+06   0.167602E+00   0.167602E+00   0.179781E+04   0.291550E+06   0.292928E+06   0.291550E+06  -0.543054E-02   0.949996E+05   0.949711E+05   0.291235E-01   0.229450E-04   0.324295E+00  -0.290641E+08
   0.331979E+00   0.286061E+06   0.283637E+06   0.158437E+00   0.158437E+00   0.170529E+04   0.284311E+06   0.285654E+06   0.284311E+06  -0.529569E-02   0.926408E+05   0.926126E+05   0.283258E-01   0.216902E-04   0.324295E+00  -0.279052E+08
   0.337100E+00   0.279136E+06   0.276738E+06   0.149937E+00   0.149937E+00   0.161912E+04   0.277422E+06   0.278733E+06   0.277422E+06  -0.516738E-02   0.903961E+05   0.903684E+05   0.274744E-01   0.205265E-04   0.324295E+00  -0.268154E+08
   0.342222E+00   0.272639E+06   0.270281E+06   0.142095E+00   0.142095E+00   0.153938E+04   0.270962E+06   0.272243E+06   0.270962E+06  -0.504705E-02   0.882912E+05   0.882640E+05   0.265384E-01   0.194530E-04   0.324295E+00  -0.257990E+08
   0.347343E+00   0.266588E+06   0.264285E+06   0.134875E+00   0.134875E+00   0.146571E+04   0.264948E+06   0.266201E+06   0.264948E+06  -0.493504E-02   0.863319E+05   0.863053E+05   0.255251E-01   0.184646E-04   0.324295E+00  -0.248546E+08
   0.352464E+00   0.260943E+06   0.258705E+06   0.128212E+00   0.128212E+00   0.139753E+04   0.259340E+06   0.260567E+06   0.259340E+06  -0.483058E-02   0.845045E+05   0.844787E+05   0.244704E-01   0.175524E-04   0.324294E+00  -0.239750E+08
   0.357585E+00   0.255618E+06   0.253450E+06   0.122026E+00   0.122026E+00   0.133403E+04   0.254052E+06   0.255254E+06   0.254052E+06  -0.473209E-02   0.827815E+05   0.827564E+05   0.234241E-01   0.167055E-04   0.324294E+00  -0.231498E+08
   0.362706E+00   0.250516E+06   0.248417E+06   0.116239E+00   0.116239E+00   0.127441E+04   0.248986E+06   0.250164E+06   0.248986E+06  -0.463771E-02   0.811305E+05   0.811061E+05   0.224348E-01   0.159133E-04   0.324294E+00  -0.223678E+08
   0.367827E+00   0.245546E+06   0.243509E+06   0.110784E+00   0.110784E+00   0.121801E+04   0.244050E+06   0.245204E+06   0.244050E+06  -0.454577E-02   0.795221E+05   0.794984E+05   0.215383E-01   0.151665E-04   0.324294E+00  -0.216191E+08
   0.372948E+00   0.240641E+06   0.238655E+06   0.105610E+00   0.105610E+00   0.116428E+04   0.239176E+06   0.240307E+06   0.239176E+06  -0.445499E-02   0.779340E+05   0.779108E+05   0.207500E-01   0.144582E-04   0.324294E+00  -0.208964E+08
   0.378070E+00   0.235764E+06   0.233820E+06   0.100686E+00   0.100686E+00   0.111294E+04   0.234329E+06   0.235438E+06   0.234329E+06  -0.436471E-02   0.763548E+05   0.763320E+05   0.200652E-01   0.137841E-04   0.324294E+00  -0.201957E+08
   0.383191E+00   0.230923E+06   0.229010E+06   0.959996E-01   0.959996E-01   0.106387E+04   0.229515E+06   0.230601E+06   0.229515E+06  -0.427505E-02   0.747863E+05   0.747639E+05   0.194635E-01   0.131425E-04   0.324294E+00  -0.195165E+08
   0.388312E+00   0.226155E+06   0.224268E+06   0.915533E-01   0.915533E-01   0.101715E+04   0.224774E+06   0.225838E+06   0.224774E+06  -0.418674E-02   0.732416E+05   0.732195E+05   0.189165E-01   0.125338E-04   0.324294E+00  -0.188613E+08
   0.393433E+00   0.221509E+06   0.219646E+06   0.873522E-01   0.873522E-01   0.972856E+03   0.220154E+06   0.221196E+06   0.220154E+06  -0.410069E-02   0.717361E+05   0.717144E+05   0.183948E-01   0.119587E-04   0.324294E+00  -0.182331E+08
   0.398554E+00   0.217022E+06   0.215185E+06   0.833968E-01   0.833968E-01   0.931021E+03   0.215693E+06   0.216714E+06   0.215693E+06  -0.401758E-02   0.702824E+05   0.702610E+05   0.178752E-01   0.114172E-04   0.324294E+00  -0.176341E+08
   0.403675E+00   0.212720E+06   0.210912E+06   0.796823E-01   0.796823E-01   0.891631E+03   0.211416E+06   0.212417E+06   0.211416E+06  -0.393792E-02   0.688888E+05   0.688678E+05   0.173443E-01   0.109086E-04   0.324294E+00  -0.170652E+08
   0.408796E+00   0.208618E+06   0.206843E+06   0.761998E-01   0.761998E-01   0.854594E+03   0.207338E+06   0.208320E+06   0.207338E+06  -0.386197E-02   0.675601E+05   0.675395E+05   0.168000E-01   0.104319E-04   0.324293E+00  -0.165264E+08
   0.413918E+00   0.204711E+06   0.202974E+06   0.729342E-01   0.729342E-01   0.819788E+03   0.203456E+06   0.204419E+06   0.203456E+06  -0.378965E-02   0.662951E+05   0.662749E+05   0.162495E-01   0.998481E-05   0.324293E+00  -0.160163E+08
   0.419039E+00   0.200974E+06   0.199275E+06   0.698637E-01   0.698637E-01   0.786972E+03   0.199743E+06   0.200689E+06   0.199743E+06  -0.372049E-02   0.650852E+05   0.650655E+05   0.157051E-01   0.956446E-05   0.324293E+00  -0.155318E+08
   0.424160E+00   0.197369E+06   0.195710E+06   0.669644E-01   0.669644E-01   0.755910E+03   0.196161E+06   0.197090E+06   0.196161E+06  -0.365378E-02   0.639183E+05   0.638990E+05   0.151803E-01   0.916754E-05   0.324293E+00  -0.150692E+08
   0.429281E+00   0.193864E+06   0.192241E+06   0.642155E-01   0.642155E-01   0.726375E+03   0.192679E+06   0.193591E+06   0.192679E+06  -0.358891E-02   0.627834E+05   0.627645E+05   0.146860E-01   0.879121E-05   0.324293E+00  -0.146250E+08
   0.434402E+00   0.190434E+06   0.188846E+06   0.616013E-01   0.616013E-01   0.698207E+03   0.189271E+06   0.190167E+06   0.189271E+06  -0.352544E-02   0.616730E+05   0.616545E+05   0.142287E-01   0.843332E-05   0.324293E+00  -0.141970E+08
   0.439523E+00   0.187065E+06   0.185506E+06   0.591096E-01   0.591096E-01   0.671289E+03   0.185922E+06   0.186803E+06   0.185922E+06  -0.346307E-02   0.605820E+05   0.605638E+05   0.138091E-01   0.809221E-05   0.324293E+00  -0.137834E+08
   0.444644E+00   0.183749E+06   0.182217E+06   0.567321E-01   0.567321E-01   0.645524E+03   0.182627E+06   0.183492E+06   0.182627E+06  -0.340168E-02   0.595081E+05   0.594902E+05   0.134228E-01   0.776672E-05   0.324293E+00  -0.133831E+08
   0.449766E+00   0.180491E+06   0.178981E+06   0.544640E-01   0.544640E-01   0.620888E+03   0.179387E+06   0.180237E+06   0.179387E+06  -0.334134E-02   0.584526E+05   0.584350E+05   0.130623E-01   0.745622E-05   0.324293E+00  -0.129961E+08
   0.454887E+00   0.177303E+06   0.175816E+06   0.523040E-01   0.523040E-01   0.597359E+03   0.176218E+06   0.177053E+06   0.176218E+06  -0.328232E-02   0.574200E+05   0.574026E+05   0.127191E-01   0.716051E-05   0.324293E+00  -0.126227E+08
   0.460008E+00   0.174202E+06   0.172736E+06   0.502512E-01   0.502512E-01   0.574949E+03   0.173135E+06   0.173956E+06   0.173135E+06  -0.322489E-02   0.564155E+05   0.563984E+05   0.123855E-01   0.687947E-05   0.324293E+00  -0.122638E+08
   0.465129E+00   0.171198E+06   0.169755E+06   0.483031E-01   0.483031E-01   0.553632E+03   0.170150E+06   0.170956E+06   0.170150E+06  -0.316928E-02   0.554426E+05   0.554258E+05   0.120566E-01   0.661278E-05   0.324293E+00  -0.119197E+08
   0.470250E+00   0.168296E+06   0.166875E+06   0.464554E-01   0.464554E-01   0.533370E+03   0.167264E+06   0.168057E+06   0.167264E+06  -0.311554E-02   0.545024E+05   0.544859E+05   0.117301E-01   0.635983E-05   0.324293E+00  -0.115899E+08
   0.475371E+00   0.165491E+06   0.164094E+06   0.447022E-01   0.447022E-01   0.514108E+03   0.164477E+06   0.165256E+06   0.164477E+06  -0.306361E-02   0.535941E+05   0.535778E+05   0.114063E-01   0.611981E-05   0.324293E+00  -0.112740E+08
   0.480492E+00   0.162778E+06   0.161406E+06   0.430372E-01   0.430372E-01   0.495772E+03   0.161780E+06   0.162547E+06   0.161780E+06  -0.301339E-02   0.527156E+05   0.526996E+05   0.110881E-01   0.589187E-05   0.324293E+00  -0.109710E+08
   0.485614E+00   0.160148E+06   0.158802E+06   0.414539E-01   0.414539E-01   0.478306E+03   0.159168E+06   0.159922E+06   0.159168E+06  -0.296473E-02   0.518642E+05   0.518485E+05   0.107789E-01   0.567511E-05   0.324293E+00  -0.106800E+08
   0.490735E+00   0.157592E+06   0.156269E+06   0.399452E-01   0.399452E-01   0.461623E+03   0.156627E+06   0.157370E+06   0.156627E+06  -0.291740E-02   0.510364E+05   0.510209E+05   0.104820E-01   0.546857E-05   0.324293E+00  -0.103998E+08
   0.495856E+00   0.155094E+06   0.153795E+06   0.385045E-01   0.385045E-01   0.445662E+03   0.154145E+06   0.154876E+06   0.154145E+06  -0.287118E-02   0.502277E+05   0.502125E+05   0.101995E-01   0.527133E-05   0.324293E+00  -0.101294E+08
   0.500977E+00   0.152647E+06   0.151369E+06   0.371261E-01   0.371261E-01   0.430357E+03   0.151713E+06   0.152432E+06   0.151713E+06  -0.282587E-02   0.494351E+05   0.494202E+05   0.993225E-02   0.508263E-05   0.324293E+00  -0.986761E+07
   0.506098E+00   0.150247E+06   0.148989E+06   0.358066E-01   0.358066E-01   0.415677E+03   0.149328E+06   0.150036E+06   0.149328E+06  -0.278144E-02   0.486579E+05   0.486432E+05   0.967945E-02   0.490198E-05   0.324293E+00  -0.961419E+07
   0.511219E+00   0.147896E+06   0.146657E+06   0.345436E-01   0.345436E-01   0.401599E+03   0.146991E+06   0.147688E+06   0.146991E+06  -0.273791E-02   0.478964E+05   0.478820E+05   0.943935E-02   0.472908E-05   0.324292E+00  -0.936893E+07
   0.516340E+00   0.145595E+06   0.144374E+06   0.333350E-01   0.333350E-01   0.388099E+03   0.144704E+06   0.145390E+06   0.144704E+06  -0.269532E-02   0.471513E+05   0.471370E+05   0.920951E-02   0.456362E-05   0.324292E+00  -0.913169E+07
   0.521462E+00   0.143346E+06   0.142143E+06   0.321786E-01   0.321786E-01   0.375160E+03   0.142469E+06   0.143144E+06   0.142469E+06  -0.265368E-02   0.464229E+05   0.464089E+05   0.898744E-02   0.440530E-05   0.324292E+00  -0.890233E+07
   0.526583E+00   0.141152E+06   0.139965E+06   0.310726E-01   0.310726E-01   0.362759E+03   0.140287E+06   0.140953E+06   0.140287E+06  -0.261305E-02   0.457122E+05   0.456983E+05   0.877118E-02   0.425389E-05   0.324292E+00  -0.868079E+07
   0.531704E+00   0.139016E+06   0.137846E+06   0.300156E-01   0.300156E-01   0.350892E+03   0.138164E+06   0.138819E+06   0.138164E+06  -0.257350E-02   0.450202E+05   0.450066E+05   0.855960E-02   0.410919E-05   0.324292E+00  -0.846705E+07
   0.536825E+00   0.136938E+06   0.135786E+06   0.290056E-01   0.290056E-01   0.339529E+03   0.136099E+06   0.136745E+06   0.136099E+06  -0.253504E-02   0.443475E+05   0.443340E+05   0.835238E-02   0.397092E-05   0.324292E+00  -0.826095E+07
   0.541946E+00   0.134916E+06   0.133782E+06   0.280399E-01   0.280399E-01   0.328650E+03   0.134090E+06   0.134726E+06   0.134090E+06  -0.249761E-02   0.436927E+05   0.436795E+05   0.814977E-02   0.383871E-05   0.324292E+00  -0.806207E+07
   0.547067E+00   0.132945E+06   0.131828E+06   0.271154E-01   0.271154E-01   0.318216E+03   0.132131E+06   0.132758E+06   0.132131E+06  -0.246112E-02   0.430544E+05   0.430414E+05   0.795243E-02   0.371214E-05   0.324292E+00  -0.786993E+07
   0.559946E+00   0.128193E+06   0.127118E+06   0.249573E-01   0.249573E-01   0.293790E+03   0.127408E+06   0.128013E+06   0.127408E+06  -0.237316E-02   0.415155E+05   0.415030E+05   0.748448E-02   0.341670E-05   0.324292E+00  -0.741410E+07
   0.593872E+00   0.116810E+06   0.115829E+06   0.202171E-01   0.202171E-01   0.239767E+03   0.116094E+06   0.116645E+06   0.116094E+06  -0.216242E-02   0.378290E+05   0.378176E+05   0.644284E-02   0.276776E-05   0.324292E+00  -0.636981E+07
   0.629853E+00   0.106410E+06   0.105517E+06   0.163730E-01   0.163730E-01   0.195538E+03   0.105758E+06   0.106260E+06   0.105758E+06  -0.196989E-02   0.344609E+05   0.344505E+05   0.553586E-02   0.224149E-05   0.324292E+00  -0.547119E+07
   0.879031E+00   0.622040E+05   0.616822E+05   0.491400E-02   0.491400E-02   0.605887E+02   0.618227E+05   0.621164E+05   0.618227E+05  -0.115154E-02   0.201448E+05   0.201387E+05   0.234092E-02   0.672737E-06   0.324291E+00  -0.229167E+07
   0.122679E+01   0.359235E+05   0.356221E+05   0.145702E-02   0.145702E-02   0.183494E+02   0.357032E+05   0.358729E+05   0.357032E+05  -0.665024E-03   0.116339E+05   0.116302E+05   0.986945E-03   0.199469E-06   0.324291E+00  -0.948305E+06
   0.171212E+01   0.205306E+05   0.203582E+05   0.427521E-03   0.427521E-03   0.545693E+01   0.204046E+05   0.205016E+05   0.204046E+05  -0.380065E-03   0.664883E+04   0.664668E+04   0.418966E-03   0.585287E-07   0.324290E+00  -0.388332E+06
   0.238945E+01   0.116283E+05   0.115304E+05   0.124320E-03   0.124320E-03   0.159971E+01   0.115569E+05   0.116118E+05   0.115569E+05  -0.215263E-03   0.376581E+04   0.376451E+04   0.181817E-03   0.170197E-07   0.324289E+00  -0.157598E+06
