#          k/h    CDM            baryon         photon         nu             mass_nu        total          no_nu          total_de       Weyl           v_CDM          v_b            v_b-v_c        ISW            log_grow       pert_vel    
   0.994668E-05   0.319371E+08   0.319371E+08   0.425668E+08   0.425664E+08   0.319399E+08   0.319371E+08   0.319371E+08   0.319485E+08  -0.469283E+00   0.741608E+07   0.741608E+07   0.691868E+01   0.847570E+06   0.719630E+00  -0.745611E+14
   0.109829E-04   0.319349E+08   0.319349E+08   0.425604E+08   0.425598E+08   0.319377E+08   0.319349E+08   0.319349E+08   0.319463E+08  -0.469250E+00   0.741584E+07   0.741584E+07   0.763922E+01   0.695319E+06   0.719548E+00  -0.675239E+14
   0.121272E-04   0.319322E+08   0.319322E+08   0.425525E+08   0.425518E+08   0.319350E+08   0.319322E+08   0.319322E+08   0.319436E+08  -0.469210E+00   0.741555E+07   0.741555E+07   0.843473E+01   0.570443E+06   0.719449E+00  -0.611505E+14
   0.133906E-04   0.319289E+08   0.319289E+08   0.425429E+08   0.425421E+08   0.319317E+08   0.319289E+08   0.319289E+08   0.319402E+08  -0.469162E+00   0.741520E+07   0.741520E+07   0.931299E+01   0.468019E+06   0.719327E+00  -0.553782E+14
   0.147857E-04   0.319248E+08   0.319248E+08   0.425312E+08   0.425302E+08   0.319276E+08   0.319249E+08   0.319248E+08   0.319362E+08  -0.469102E+00   0.741478E+07   0.741478E+07   0.102826E+02   0.384012E+06   0.719179E+00  -0.501502E+14
   0.163261E-04   0.319199E+08   0.319199E+08   0.425169E+08   0.425157E+08   0.319227E+08   0.319200E+08   0.319199E+08   0.319313E+08  -0.469030E+00   0.741426E+07   0.741426E+07   0.113530E+02   0.315109E+06   0.718998E+00  -0.454152E+14
   0.180270E-04   0.319140E+08   0.319140E+08   0.424995E+08   0.424981E+08   0.319167E+08   0.319140E+08   0.319140E+08   0.319253E+08  -0.468942E+00   0.741362E+07   0.741362E+07   0.125345E+02   0.258595E+06   0.718778E+00  -0.411267E+14
   0.199051E-04   0.319067E+08   0.319067E+08   0.424783E+08   0.424766E+08   0.319094E+08   0.319067E+08   0.319067E+08   0.319181E+08  -0.468836E+00   0.741285E+07   0.741285E+07   0.138388E+02   0.212242E+06   0.718511E+00  -0.372424E+14
   0.219788E-04   0.318978E+08   0.318978E+08   0.424525E+08   0.424504E+08   0.319005E+08   0.318978E+08   0.318978E+08   0.319092E+08  -0.468705E+00   0.741191E+07   0.741191E+07   0.152784E+02   0.174223E+06   0.718184E+00  -0.337242E+14
   0.242687E-04   0.318870E+08   0.318870E+08   0.424210E+08   0.424185E+08   0.318897E+08   0.318870E+08   0.318870E+08   0.318984E+08  -0.468547E+00   0.741076E+07   0.741076E+07   0.168672E+02   0.143040E+06   0.717788E+00  -0.305375E+14
   0.267970E-04   0.318739E+08   0.318739E+08   0.423828E+08   0.423796E+08   0.318765E+08   0.318739E+08   0.318739E+08   0.318852E+08  -0.468353E+00   0.740937E+07   0.740937E+07   0.186206E+02   0.117463E+06   0.717305E+00  -0.276510E+14
   0.295888E-04   0.318579E+08   0.318579E+08   0.423361E+08   0.423323E+08   0.318604E+08   0.318579E+08   0.318579E+08   0.318692E+08  -0.468118E+00   0.740767E+07   0.740767E+07   0.205552E+02   0.964842E+05   0.716718E+00  -0.250363E+14
   0.326714E-04   0.318385E+08   0.318385E+08   0.422794E+08   0.422747E+08   0.318409E+08   0.318385E+08   0.318385E+08   0.318498E+08  -0.467832E+00   0.740560E+07   0.740560E+07   0.226896E+02   0.792768E+05   0.716004E+00  -0.226677E+14
   0.360752E-04   0.318148E+08   0.318148E+08   0.422103E+08   0.422046E+08   0.318171E+08   0.318148E+08   0.318148E+08   0.318261E+08  -0.467485E+00   0.740308E+07   0.740308E+07   0.250439E+02   0.651625E+05   0.715137E+00  -0.205220E+14
   0.398336E-04   0.317861E+08   0.317861E+08   0.421263E+08   0.421193E+08   0.317883E+08   0.317861E+08   0.317861E+08   0.317974E+08  -0.467062E+00   0.740002E+07   0.740002E+07   0.276402E+02   0.535850E+05   0.714085E+00  -0.185780E+14
   0.439836E-04   0.317512E+08   0.317512E+08   0.420241E+08   0.420157E+08   0.317532E+08   0.317512E+08   0.317512E+08   0.317624E+08  -0.466550E+00   0.739630E+07   0.739629E+07   0.305025E+02   0.440879E+05   0.712810E+00  -0.168167E+14
   0.485659E-04   0.317089E+08   0.317089E+08   0.419000E+08   0.418898E+08   0.317107E+08   0.317089E+08   0.317089E+08   0.317201E+08  -0.465928E+00   0.739177E+07   0.739177E+07   0.336570E+02   0.362969E+05   0.711266E+00  -0.152206E+14
   0.536256E-04   0.316576E+08   0.316576E+08   0.417494E+08   0.417369E+08   0.316592E+08   0.316576E+08   0.316576E+08   0.316688E+08  -0.465174E+00   0.738628E+07   0.738627E+07   0.371322E+02   0.299050E+05   0.709398E+00  -0.137743E+14
   0.592125E-04   0.315956E+08   0.315955E+08   0.415667E+08   0.415515E+08   0.315969E+08   0.315956E+08   0.315956E+08   0.316067E+08  -0.464261E+00   0.737962E+07   0.737961E+07   0.409587E+02   0.246603E+05   0.707145E+00  -0.124634E+14
   0.653814E-04   0.315206E+08   0.315206E+08   0.413453E+08   0.413269E+08   0.315216E+08   0.315206E+08   0.315206E+08   0.315316E+08  -0.463159E+00   0.737155E+07   0.737154E+07   0.451694E+02   0.203560E+05   0.704431E+00  -0.112751E+14
   0.721930E-04   0.314302E+08   0.314301E+08   0.410775E+08   0.410551E+08   0.314308E+08   0.314302E+08   0.314302E+08   0.314411E+08  -0.461830E+00   0.736178E+07   0.736177E+07   0.497994E+02   0.168227E+05   0.701170E+00  -0.101977E+14
   0.797142E-04   0.313214E+08   0.313213E+08   0.407540E+08   0.407267E+08   0.313215E+08   0.313214E+08   0.313214E+08   0.313323E+08  -0.460230E+00   0.734998E+07   0.734996E+07   0.548857E+02   0.139210E+05   0.697266E+00  -0.922075E+13
   0.880190E-04   0.311908E+08   0.311908E+08   0.403639E+08   0.403309E+08   0.311903E+08   0.311908E+08   0.311908E+08   0.312016E+08  -0.458311E+00   0.733575E+07   0.733573E+07   0.604672E+02   0.115369E+05   0.692608E+00  -0.833458E+13
   0.971891E-04   0.310347E+08   0.310346E+08   0.398948E+08   0.398548E+08   0.310334E+08   0.310347E+08   0.310347E+08   0.310453E+08  -0.456016E+00   0.731863E+07   0.731861E+07   0.665836E+02   0.957661E+04   0.687075E+00  -0.753057E+13
   0.107314E-03   0.308487E+08   0.308486E+08   0.393321E+08   0.392838E+08   0.308465E+08   0.308487E+08   0.308487E+08   0.308592E+08  -0.453281E+00   0.729809E+07   0.729806E+07   0.732750E+02   0.796312E+04   0.680538E+00  -0.680090E+13
   0.118495E-03   0.306282E+08   0.306280E+08   0.386595E+08   0.386011E+08   0.306248E+08   0.306281E+08   0.306281E+08   0.306384E+08  -0.450038E+00   0.727352E+07   0.727349E+07   0.805807E+02   0.663329E+04   0.672864E+00  -0.613849E+13
   0.130840E-03   0.303680E+08   0.303679E+08   0.378586E+08   0.377883E+08   0.303634E+08   0.303680E+08   0.303680E+08   0.303781E+08  -0.446213E+00   0.724425E+07   0.724422E+07   0.885371E+02   0.553529E+04   0.663919E+00  -0.553693E+13
   0.144471E-03   0.300631E+08   0.300630E+08   0.369094E+08   0.368250E+08   0.300568E+08   0.300631E+08   0.300631E+08   0.300729E+08  -0.441730E+00   0.720954E+07   0.720950E+07   0.971759E+02   0.462663E+04   0.653584E+00  -0.499048E+13
   0.159522E-03   0.297084E+08   0.297082E+08   0.357908E+08   0.356897E+08   0.297001E+08   0.297084E+08   0.297084E+08   0.297179E+08  -0.436514E+00   0.716860E+07   0.716855E+07   0.106521E+03   0.387254E+04   0.641760E+00  -0.449395E+13
   0.176142E-03   0.292992E+08   0.292990E+08   0.344811E+08   0.343605E+08   0.292885E+08   0.292991E+08   0.292992E+08   0.293083E+08  -0.430497E+00   0.712058E+07   0.712052E+07   0.116583E+03   0.324463E+04   0.628386E+00  -0.404267E+13
   0.194493E-03   0.288316E+08   0.288313E+08   0.329592E+08   0.328161E+08   0.288179E+08   0.288315E+08   0.288316E+08   0.288403E+08  -0.423621E+00   0.706467E+07   0.706460E+07   0.127357E+03   0.271979E+04   0.613456E+00  -0.363249E+13
   0.214755E-03   0.283030E+08   0.283026E+08   0.312065E+08   0.310377E+08   0.282857E+08   0.283028E+08   0.283029E+08   0.283111E+08  -0.415846E+00   0.700009E+07   0.700000E+07   0.138814E+03   0.227936E+04   0.597029E+00  -0.325968E+13
   0.237129E-03   0.277124E+08   0.277120E+08   0.292092E+08   0.290114E+08   0.276907E+08   0.277122E+08   0.277123E+08   0.277200E+08  -0.407161E+00   0.692615E+07   0.692604E+07   0.150894E+03   0.190832E+04   0.579244E+00  -0.292093E+13
   0.261834E-03   0.270610E+08   0.270606E+08   0.269607E+08   0.267309E+08   0.270341E+08   0.270608E+08   0.270610E+08   0.270680E+08  -0.397581E+00   0.684233E+07   0.684220E+07   0.163495E+03   0.159470E+04   0.560324E+00  -0.261332E+13
   0.289112E-03   0.263526E+08   0.263520E+08   0.244659E+08   0.242017E+08   0.263192E+08   0.263524E+08   0.263525E+08   0.263589E+08  -0.387161E+00   0.674834E+07   0.674819E+07   0.176465E+03   0.132899E+04   0.540573E+00  -0.233424E+13
   0.319233E-03   0.255933E+08   0.255926E+08   0.217449E+08   0.214450E+08   0.255521E+08   0.255930E+08   0.255932E+08   0.255988E+08  -0.375991E+00   0.664419E+07   0.664400E+07   0.189593E+03   0.110366E+04   0.520361E+00  -0.208137E+13
   0.352491E-03   0.247917E+08   0.247909E+08   0.188381E+08   0.185025E+08   0.247410E+08   0.247913E+08   0.247915E+08   0.247963E+08  -0.364198E+00   0.653019E+07   0.652998E+07   0.202596E+03   0.912724E+03   0.500099E+00  -0.185264E+13
   0.389215E-03   0.239584E+08   0.239574E+08   0.158102E+08   0.154412E+08   0.238962E+08   0.239579E+08   0.239582E+08   0.239621E+08  -0.351938E+00   0.640705E+07   0.640680E+07   0.215115E+03   0.751340E+03   0.480207E+00  -0.164620E+13
   0.429764E-03   0.231054E+08   0.231042E+08   0.127533E+08   0.123558E+08   0.230294E+08   0.231048E+08   0.231052E+08   0.231082E+08  -0.339387E+00   0.627583E+07   0.627553E+07   0.226713E+03   0.615501E+03   0.461084E+00  -0.146034E+13
   0.474538E-03   0.222453E+08   0.222440E+08   0.978712E+07   0.936852E+07   0.221527E+08   0.222447E+08   0.222451E+08   0.222472E+08  -0.326731E+00   0.613789E+07   0.613756E+07   0.236890E+03   0.501791E+03   0.443072E+00  -0.129348E+13
   0.523976E-03   0.213908E+08   0.213892E+08   0.705260E+07   0.662231E+07   0.212780E+08   0.213900E+08   0.213905E+08   0.213919E+08  -0.314157E+00   0.599490E+07   0.599451E+07   0.245097E+03   0.407217E+03   0.426438E+00  -0.114415E+13
   0.578566E-03   0.205535E+08   0.205516E+08   0.469707E+07   0.426479E+07   0.204164E+08   0.205525E+08   0.205532E+08   0.205537E+08  -0.301836E+00   0.584867E+07   0.584823E+07   0.250789E+03   0.329099E+03   0.411359E+00  -0.101092E+13
   0.638842E-03   0.197436E+08   0.197414E+08   0.284812E+07   0.242081E+07   0.195773E+08   0.197424E+08   0.197432E+08   0.197431E+08  -0.289920E+00   0.570112E+07   0.570064E+07   0.253473E+03   0.265019E+03   0.397924E+00  -0.892435E+12
   0.705398E-03   0.189696E+08   0.189672E+08   0.157793E+07   0.115598E+07   0.187684E+08   0.189682E+08   0.189692E+08   0.189686E+08  -0.278534E+00   0.555414E+07   0.555361E+07   0.252790E+03   0.212801E+03   0.386140E+00  -0.787394E+12
   0.778888E-03   0.182379E+08   0.182352E+08   0.867171E+06   0.440978E+06   0.179950E+08   0.182363E+08   0.182375E+08   0.182365E+08  -0.267774E+00   0.540953E+07   0.540895E+07   0.248575E+03   0.170501E+03   0.375948E+00  -0.694532E+12
   0.860035E-03   0.175531E+08   0.175501E+08   0.587378E+06   0.137285E+06   0.172606E+08   0.175512E+08   0.175526E+08   0.175513E+08  -0.257705E+00   0.526886E+07   0.526824E+07   0.240901E+03   0.136409E+03   0.367242E+00  -0.612644E+12
   0.949635E-03   0.169177E+08   0.169144E+08   0.526700E+06   0.295120E+05   0.165662E+08   0.169155E+08   0.169171E+08   0.169156E+08  -0.248365E+00   0.513350E+07   0.513284E+07   0.230072E+03   0.109046E+03   0.359883E+00  -0.540584E+12
   0.104857E-02   0.163326E+08   0.163290E+08   0.471961E+06  -0.844170E+05   0.159115E+08   0.163300E+08   0.163320E+08   0.163301E+08  -0.239765E+00   0.500448E+07   0.500380E+07   0.216552E+03   0.871525E+02   0.353718E+00  -0.477273E+12
   0.115781E-02   0.157972E+08   0.157935E+08   0.318310E+06  -0.280249E+06   0.152944E+08   0.157942E+08   0.157966E+08   0.157943E+08  -0.231896E+00   0.488255E+07   0.488185E+07   0.200874E+03   0.696714E+02   0.348589E+00  -0.421710E+12
   0.127844E-02   0.153099E+08   0.153059E+08   0.121803E+06  -0.464562E+06   0.147120E+08   0.153064E+08   0.153092E+08   0.153064E+08  -0.224731E+00   0.476813E+07   0.476742E+07   0.183585E+03   0.557305E+02   0.344346E+00  -0.372970E+12
   0.141163E-02   0.148679E+08   0.148639E+08   0.107413E+05  -0.487885E+06   0.141609E+08   0.148639E+08   0.148672E+08   0.148638E+08  -0.218232E+00   0.466135E+07   0.466065E+07   0.165295E+03   0.446183E+02   0.340851E+00  -0.330215E+12
   0.155869E-02   0.144678E+08   0.144638E+08   0.894378E+04   0.363998E+06   0.136369E+08   0.144632E+08   0.144672E+08   0.144633E+08  -0.212350E+00   0.456202E+07   0.456133E+07   0.146763E+03   0.357614E+02   0.337979E+00  -0.292685E+12
   0.172108E-02   0.141059E+08   0.141018E+08   0.303319E+04   0.291080E+06   0.131357E+08   0.141006E+08   0.141052E+08   0.141006E+08  -0.207025E+00   0.446983E+07   0.446917E+07   0.128876E+03   0.286947E+02   0.335625E+00  -0.259713E+12
   0.190039E-02   0.137777E+08   0.137737E+08  -0.507695E+05   0.233189E+06   0.126532E+08   0.137717E+08   0.137770E+08   0.137717E+08  -0.202196E+00   0.438420E+07   0.438356E+07   0.112453E+03   0.230511E+02   0.333699E+00  -0.230703E+12
   0.209838E-02   0.134790E+08   0.134751E+08  -0.541089E+05   0.187115E+06   0.121860E+08   0.134723E+08   0.134784E+08   0.134723E+08  -0.197798E+00   0.430440E+07   0.430379E+07   0.980706E+02   0.185376E+02   0.332123E+00  -0.205133E+12
   0.231699E-02   0.132053E+08   0.132014E+08  -0.263728E+05   0.150355E+06   0.117309E+08   0.131977E+08   0.132047E+08   0.131977E+08  -0.193767E+00   0.422961E+07   0.422901E+07   0.860323E+02   0.149225E+02   0.330833E+00  -0.182550E+12
   0.255838E-02   0.129522E+08   0.129482E+08  -0.469462E+05   0.120956E+06   0.112851E+08   0.129437E+08   0.129515E+08   0.129437E+08  -0.190036E+00   0.415891E+07   0.415833E+07   0.762696E+02   0.120221E+02   0.329776E+00  -0.162563E+12
   0.282492E-02   0.127154E+08   0.127113E+08  -0.306273E+05   0.973938E+05   0.108464E+08   0.127059E+08   0.127147E+08   0.127059E+08  -0.186545E+00   0.409137E+07   0.409079E+07   0.682746E+02   0.969130E+01   0.328910E+00  -0.144833E+12
   0.311923E-02   0.124908E+08   0.124864E+08  -0.256958E+05   0.784708E+05   0.104121E+08   0.124802E+08   0.124900E+08   0.124802E+08  -0.183232E+00   0.402602E+07   0.402545E+07   0.613692E+02   0.781556E+01   0.328199E+00  -0.129073E+12
   0.344419E-02   0.122745E+08   0.122700E+08  -0.150452E+05   0.632470E+05   0.997951E+07   0.122629E+08   0.122738E+08   0.122629E+08  -0.180041E+00   0.396194E+07   0.396137E+07   0.549856E+02   0.630392E+01   0.327613E+00  -0.115034E+12
   0.380302E-02   0.120631E+08   0.120583E+08  -0.113390E+05   0.509812E+05   0.954580E+07   0.120504E+08   0.120623E+08   0.120504E+08  -0.176921E+00   0.389823E+07   0.389767E+07   0.489625E+02   0.508433E+01   0.327131E+00  -0.102505E+12
   0.419923E-02   0.118532E+08   0.118480E+08  -0.153951E+04   0.410867E+05   0.910884E+07   0.118393E+08   0.118523E+08   0.118393E+08  -0.173822E+00   0.383402E+07   0.383347E+07   0.435166E+02   0.409942E+01   0.326731E+00  -0.913041E+11
   0.463671E-02   0.116417E+08   0.116362E+08  -0.624903E+04   0.330977E+05   0.866700E+07   0.116267E+08   0.116408E+08   0.116267E+08  -0.170700E+00   0.376851E+07   0.376797E+07   0.388809E+02   0.330348E+01   0.326400E+00  -0.812764E+11
   0.511978E-02   0.114259E+08   0.114199E+08  -0.916489E+04   0.266433E+05   0.822043E+07   0.114097E+08   0.114249E+08   0.114097E+08  -0.167515E+00   0.370094E+07   0.370040E+07   0.349511E+02   0.265997E+01   0.326123E+00  -0.722880E+11
   0.565317E-02   0.112037E+08   0.111971E+08  -0.679362E+04   0.214276E+05   0.774793E+07   0.111863E+08   0.112026E+08   0.111863E+08  -0.164233E+00   0.363072E+07   0.363018E+07   0.314141E+02   0.213966E+01   0.325890E+00  -0.642252E+11
   0.624213E-02   0.109721E+08   0.109647E+08  -0.620881E+04   0.172112E+05   0.727619E+07   0.109533E+08   0.109708E+08   0.109533E+08  -0.160813E+00   0.355698E+07   0.355646E+07   0.281667E+02   0.171886E+01   0.325693E+00  -0.569842E+11
   0.689245E-02   0.107292E+08   0.107209E+08  -0.359719E+04   0.138039E+05   0.679442E+07   0.107092E+08   0.107278E+08   0.107092E+08  -0.157229E+00   0.347924E+07   0.347872E+07   0.253349E+02   0.137869E+01   0.325526E+00  -0.504797E+11
   0.761052E-02   0.104732E+08   0.104639E+08  -0.363909E+04   0.110516E+05   0.631055E+07   0.104520E+08   0.104717E+08   0.104520E+08  -0.153452E+00   0.339696E+07   0.339643E+07   0.228663E+02   0.110385E+01   0.325383E+00  -0.446355E+11
   0.840340E-02   0.102024E+08   0.101918E+08  -0.436849E+04   0.882988E+04   0.583229E+07   0.101800E+08   0.102006E+08   0.101800E+08  -0.149459E+00   0.330961E+07   0.330909E+07   0.206417E+02   0.881959E+00   0.325260E+00  -0.393846E+11
   0.927889E-02   0.991528E+07   0.990320E+07  -0.268729E+04   0.703820E+04   0.535832E+07   0.989169E+07   0.991325E+07   0.989169E+07  -0.145226E+00   0.321677E+07   0.321625E+07   0.186841E+02   0.702995E+00   0.325154E+00  -0.346680E+11
   0.102456E-01   0.961044E+07   0.959660E+07  -0.257613E+04   0.559502E+04   0.488736E+07   0.958577E+07   0.960811E+07   0.958577E+07  -0.140735E+00   0.311803E+07   0.311751E+07   0.169543E+02   0.558831E+00   0.325061E+00  -0.304332E+11
   0.113130E-01   0.928660E+07   0.927070E+07  -0.234933E+04   0.443418E+04   0.442484E+07   0.926093E+07   0.928393E+07   0.926093E+07  -0.135966E+00   0.301299E+07   0.301247E+07   0.154242E+02   0.442867E+00   0.324980E+00  -0.266332E+11
   0.124916E-01   0.894262E+07   0.892433E+07  -0.169143E+04   0.350200E+04   0.397686E+07   0.891606E+07   0.893955E+07   0.891606E+07  -0.130902E+00   0.290131E+07   0.290079E+07   0.140734E+02   0.349745E+00   0.324908E+00  -0.232262E+11
   0.137930E-01   0.857760E+07   0.855659E+07  -0.165112E+04   0.275490E+04   0.354644E+07   0.855028E+07   0.857407E+07   0.855028E+07  -0.125532E+00   0.278273E+07   0.278220E+07   0.128780E+02   0.275115E+00   0.324845E+00  -0.201750E+11
   0.152300E-01   0.819096E+07   0.816687E+07  -0.129985E+04   0.215753E+04   0.313373E+07   0.816300E+07   0.818692E+07   0.816300E+07  -0.119846E+00   0.265707E+07   0.265653E+07   0.118143E+02   0.215445E+00   0.324789E+00  -0.174463E+11
   0.168167E-01   0.779158E+07   0.776409E+07  -0.100510E+04   0.168315E+04   0.274828E+07   0.776312E+07   0.778697E+07   0.776312E+07  -0.113975E+00   0.252723E+07   0.252668E+07   0.108693E+02   0.168063E+00   0.324739E+00  -0.150281E+11
   0.185687E-01   0.736388E+07   0.733270E+07  -0.905489E+03   0.130458E+04   0.238468E+07   0.733511E+07   0.735865E+07   0.733511E+07  -0.107691E+00   0.238817E+07   0.238761E+07   0.100041E+02   0.130254E+00   0.324694E+00  -0.128612E+11
   0.205033E-01   0.691686E+07   0.688183E+07  -0.563853E+03   0.100492E+04   0.204851E+07   0.688797E+07   0.691098E+07   0.688797E+07  -0.101127E+00   0.224282E+07   0.224226E+07   0.920260E+01   0.100328E+00   0.324654E+00  -0.109388E+11
   0.226393E-01   0.644683E+07   0.640794E+07  -0.514539E+03   0.768098E+03   0.173911E+07   0.641805E+07   0.644030E+07   0.641805E+07  -0.942276E-01   0.209001E+07   0.208944E+07   0.843709E+01   0.766792E-01   0.324618E+00  -0.923168E+10
   0.249980E-01   0.597043E+07   0.592793E+07  -0.388143E+03   0.583331E+03   0.146160E+07   0.594199E+07   0.596330E+07   0.594199E+07  -0.872382E-01   0.193515E+07   0.193457E+07   0.769090E+01   0.582303E-01   0.324586E+00  -0.774113E+10
   0.276023E-01   0.549318E+07   0.544763E+07  -0.269328E+03   0.440115E+03   0.121568E+07   0.546533E+07   0.548554E+07   0.546533E+07  -0.802400E-01   0.178005E+07   0.177948E+07   0.694246E+01   0.439314E-01   0.324558E+00  -0.644882E+10
   0.304780E-01   0.501706E+07   0.496944E+07  -0.234400E+03   0.329626E+03   0.999918E+06   0.499009E+07   0.500907E+07   0.499009E+07  -0.732628E-01   0.162539E+07   0.162482E+07   0.617033E+01   0.329010E-01   0.324532E+00  -0.533287E+10
   0.336533E-01   0.455488E+07   0.450663E+07  -0.156836E+03   0.245407E+03   0.814441E+06   0.452911E+07   0.454678E+07   0.452911E+07  -0.664948E-01   0.147533E+07   0.147479E+07   0.536577E+01   0.244936E-01   0.324509E+00  -0.438381E+10
   0.371593E-01   0.412322E+07   0.407621E+07  -0.118356E+03   0.182182E+03   0.659004E+06   0.409897E+07   0.411533E+07   0.409897E+07  -0.601796E-01   0.133529E+07   0.133479E+07   0.453227E+01   0.181825E-01   0.324489E+00  -0.359333E+10
   0.410307E-01   0.373260E+07   0.368898E+07  -0.104859E+03   0.135263E+03   0.531256E+06   0.371016E+07   0.372527E+07   0.371016E+07  -0.544712E-01   0.120869E+07   0.120824E+07   0.368595E+01   0.134992E-01   0.324471E+00  -0.294575E+10
   0.451338E-01   0.340565E+07   0.336716E+07   0.102002E+03   0.102002E+03   0.432036E+06   0.338514E+07   0.339919E+07   0.338514E+07  -0.496995E-01   0.110273E+07   0.110231E+07   0.308762E+01   0.101807E-01   0.324418E+00  -0.244319E+10
   0.492368E-01   0.314772E+07   0.311534E+07   0.792323E+02   0.792323E+02   0.358516E+06   0.312910E+07   0.314228E+07   0.312910E+07  -0.459404E-01   0.101936E+07   0.101900E+07   0.238803E+01   0.790787E-02   0.324406E+00  -0.207027E+10
   0.533399E-01   0.293982E+07   0.291354E+07   0.630669E+02   0.630669E+02   0.302499E+06   0.292295E+07   0.293541E+07   0.292295E+07  -0.429136E-01   0.952221E+06   0.951929E+06   0.183007E+01   0.629432E-02   0.324395E+00  -0.178517E+10
   0.574430E-01   0.276477E+07   0.274384E+07   0.511530E+02   0.511530E+02   0.258429E+06   0.274941E+07   0.276126E+07   0.274941E+07  -0.403659E-01   0.895707E+06   0.895464E+06   0.141157E+01   0.510517E-02   0.324386E+00  -0.155929E+10
   0.615460E-01   0.260915E+07   0.259232E+07   0.420596E+02   0.420596E+02   0.222634E+06   0.259504E+07   0.260632E+07   0.259504E+07  -0.380994E-01   0.845431E+06   0.845224E+06   0.112042E+01   0.419757E-02   0.324379E+00  -0.137365E+10
   0.656491E-01   0.246258E+07   0.244836E+07   0.348938E+02   0.348938E+02   0.192653E+06   0.244946E+07   0.246019E+07   0.244946E+07  -0.359620E-01   0.798016E+06   0.797832E+06   0.936214E+00   0.348237E-02   0.324373E+00  -0.121558E+10
   0.697522E-01   0.231770E+07   0.230464E+07   0.290917E+02   0.290917E+02   0.166885E+06   0.230534E+07   0.231551E+07   0.230534E+07  -0.338462E-01   0.751077E+06   0.750903E+06   0.833372E+00   0.290329E-02   0.324367E+00  -0.107678E+10
   0.738552E-01   0.217574E+07   0.216261E+07   0.243580E+02   0.243580E+02   0.144713E+06   0.216393E+07   0.217353E+07   0.216393E+07  -0.317700E-01   0.705018E+06   0.704844E+06   0.786061E+00   0.243085E-02   0.324362E+00  -0.954590E+09
   0.779583E-01   0.203207E+07   0.201808E+07   0.204150E+02   0.204150E+02   0.125249E+06   0.202071E+07   0.202972E+07   0.202071E+07  -0.296673E-01   0.658367E+06   0.658188E+06   0.767653E+00   0.203734E-02   0.324358E+00  -0.844504E+09
   0.820614E-01   0.189369E+07   0.187850E+07   0.171666E+02   0.171666E+02   0.108490E+06   0.188270E+07   0.189114E+07   0.188270E+07  -0.276411E-01   0.613414E+06   0.613228E+06   0.758416E+00   0.171315E-02   0.324355E+00  -0.747496E+09
   0.861644E-01   0.176439E+07   0.174809E+07   0.145045E+02   0.145045E+02   0.942166E+05   0.175376E+07   0.176165E+07   0.175376E+07  -0.257481E-01   0.571412E+06   0.571220E+06   0.743444E+00   0.144747E-02   0.324351E+00  -0.663152E+09
   0.912856E-01   0.162057E+07   0.160352E+07   0.118668E+02   0.118668E+02   0.795538E+05   0.161043E+07   0.161771E+07   0.161043E+07  -0.236437E-01   0.524721E+06   0.524528E+06   0.704269E+00   0.118424E-02   0.324348E+00  -0.574798E+09
   0.964067E-01   0.150058E+07   0.148379E+07   0.985067E+01   0.985067E+01   0.679758E+05   0.149100E+07   0.149776E+07   0.149100E+07  -0.218902E-01   0.485813E+06   0.485628E+06   0.639349E+00   0.983034E-03   0.324345E+00  -0.503906E+09
   0.101528E+00   0.140590E+07   0.139036E+07   0.832175E+01   0.832175E+01   0.589739E+05   0.139693E+07   0.140329E+07   0.139693E+07  -0.205092E-01   0.455166E+06   0.454997E+06   0.555380E+00   0.830454E-03   0.324342E+00  -0.448305E+09
   0.106649E+00   0.133309E+07   0.131953E+07   0.715223E+01   0.715223E+01   0.519478E+05   0.132476E+07   0.133081E+07   0.132476E+07  -0.194497E-01   0.431654E+06   0.431505E+06   0.464487E+00   0.713741E-03   0.324339E+00  -0.404734E+09
   0.111770E+00   0.127502E+07   0.126370E+07   0.622955E+01   0.622955E+01   0.462891E+05   0.126732E+07   0.127312E+07   0.126732E+07  -0.186063E-01   0.412937E+06   0.412810E+06   0.379422E+00   0.621662E-03   0.324337E+00  -0.369446E+09
   0.116891E+00   0.122400E+07   0.121471E+07   0.546891E+01   0.546891E+01   0.415081E+05   0.121685E+07   0.122244E+07   0.121685E+07  -0.178654E-01   0.396494E+06   0.396385E+06   0.310040E+00   0.545755E-03   0.324335E+00  -0.339196E+09
   0.122012E+00   0.117401E+07   0.116619E+07   0.481520E+01   0.481520E+01   0.372761E+05   0.116732E+07   0.117270E+07   0.116732E+07  -0.171382E-01   0.380356E+06   0.380261E+06   0.261345E+00   0.480519E-03   0.324334E+00  -0.311734E+09
   0.127134E+00   0.112151E+07   0.111447E+07   0.423704E+01   0.423704E+01   0.334121E+05   0.111519E+07   0.112033E+07   0.111519E+07  -0.163727E-01   0.363370E+06   0.363281E+06   0.233146E+00   0.422822E-03   0.324332E+00  -0.285816E+09
   0.132255E+00   0.106554E+07   0.105860E+07   0.371971E+01   0.371971E+01   0.298450E+05   0.105948E+07   0.106437E+07   0.105948E+07  -0.155548E-01   0.345220E+06   0.345132E+06   0.221119E+00   0.371195E-03   0.324331E+00  -0.261025E+09
   0.137376E+00   0.100721E+07   0.999915E+06   0.325844E+01   0.325844E+01   0.265726E+05   0.100135E+07   0.100599E+07   0.100135E+07  -0.147015E-01   0.326283E+06   0.326193E+06   0.218676E+00   0.325164E-03   0.324329E+00  -0.237509E+09
   0.142497E+00   0.949031E+06   0.941179E+06   0.285301E+01   0.285301E+01   0.236252E+05   0.943339E+06   0.947712E+06   0.943339E+06  -0.138498E-01   0.307383E+06   0.307289E+06   0.219006E+00   0.284705E-03   0.324328E+00  -0.215709E+09
   0.147618E+00   0.894175E+06   0.885852E+06   0.250439E+01   0.250439E+01   0.210397E+05   0.888652E+06   0.892777E+06   0.888652E+06  -0.130469E-01   0.289566E+06   0.289470E+06   0.216739E+00   0.249915E-03   0.324327E+00  -0.196155E+09
   0.152739E+00   0.845661E+06   0.837153E+06   0.221207E+01   0.221207E+01   0.188389E+05   0.840326E+06   0.844233E+06   0.840326E+06  -0.123374E-01   0.273821E+06   0.273725E+06   0.208880E+00   0.220744E-03   0.324326E+00  -0.179269E+09
   0.157860E+00   0.805160E+06   0.796841E+06   0.197160E+01   0.197160E+01   0.170088E+05   0.800040E+06   0.803763E+06   0.800040E+06  -0.117459E-01   0.260695E+06   0.260602E+06   0.194918E+00   0.196748E-03   0.324325E+00  -0.165139E+09
   0.162982E+00   0.772375E+06   0.764590E+06   0.177441E+01   0.177441E+01   0.154956E+05   0.767492E+06   0.771068E+06   0.767492E+06  -0.112680E-01   0.250089E+06   0.250003E+06   0.176329E+00   0.177069E-03   0.324325E+00  -0.153443E+09
   0.168103E+00   0.745615E+06   0.738592E+06   0.161033E+01   0.161033E+01   0.142266E+05   0.740980E+06   0.744436E+06   0.740980E+06  -0.108788E-01   0.241450E+06   0.241371E+06   0.155750E+00   0.160696E-03   0.324324E+00  -0.143630E+09
   0.173224E+00   0.722748E+06   0.716555E+06   0.147023E+01   0.147023E+01   0.131325E+05   0.718355E+06   0.721708E+06   0.718355E+06  -0.105466E-01   0.234077E+06   0.234007E+06   0.136062E+00   0.146715E-03   0.324323E+00  -0.135128E+09
   0.178345E+00   0.701611E+06   0.696156E+06   0.134662E+01   0.134662E+01   0.121550E+05   0.697436E+06   0.700695E+06   0.697436E+06  -0.102395E-01   0.227261E+06   0.227197E+06   0.119574E+00   0.134380E-03   0.324323E+00  -0.127426E+09
   0.183466E+00   0.680195E+06   0.675275E+06   0.123376E+01   0.123376E+01   0.112478E+05   0.676207E+06   0.679369E+06   0.676207E+06  -0.992782E-02   0.220343E+06   0.220284E+06   0.107524E+00   0.123118E-03   0.324322E+00  -0.120099E+09
   0.188587E+00   0.657200E+06   0.652565E+06   0.112822E+01   0.112822E+01   0.103839E+05   0.653364E+06   0.656422E+06   0.653364E+06  -0.959245E-02   0.212900E+06   0.212844E+06   0.999821E-01   0.112586E-03   0.324321E+00  -0.112891E+09
   0.193708E+00   0.632495E+06   0.627914E+06   0.102913E+01   0.102913E+01   0.955810E+04   0.628782E+06   0.631726E+06   0.628782E+06  -0.923154E-02   0.204890E+06   0.204835E+06   0.960759E-01   0.102697E-03   0.324321E+00  -0.105772E+09
   0.198830E+00   0.606887E+06   0.602202E+06   0.937174E+00   0.937174E+00   0.877984E+04   0.603274E+06   0.606100E+06   0.603274E+06  -0.885704E-02   0.196579E+06   0.196523E+06   0.943790E-01   0.935210E-04   0.324320E+00  -0.988671E+08
   0.203951E+00   0.581496E+06   0.576647E+06   0.853346E+00   0.853346E+00   0.806102E+04   0.577972E+06   0.580682E+06   0.577972E+06  -0.848557E-02   0.188335E+06   0.188278E+06   0.933428E-01   0.851557E-04   0.324320E+00  -0.923423E+08
   0.209072E+00   0.557412E+06   0.552434E+06   0.778343E+00   0.778343E+00   0.741107E+04   0.553977E+06   0.556576E+06   0.553977E+06  -0.813329E-02   0.180517E+06   0.180460E+06   0.916892E-01   0.776711E-04   0.324320E+00  -0.863408E+08
   0.214193E+00   0.535567E+06   0.530561E+06   0.712457E+00   0.712457E+00   0.683551E+04   0.532228E+06   0.534727E+06   0.532228E+06  -0.781398E-02   0.173431E+06   0.173374E+06   0.886666E-01   0.710964E-04   0.324319E+00  -0.809680E+08
   0.219314E+00   0.516526E+06   0.511624E+06   0.655395E+00   0.655395E+00   0.633399E+04   0.513292E+06   0.515702E+06   0.513292E+06  -0.753596E-02   0.167261E+06   0.167205E+06   0.841165E-01   0.654021E-04   0.324319E+00  -0.762639E+08
   0.224435E+00   0.500283E+06   0.495606E+06   0.606162E+00   0.606162E+00   0.589932E+04   0.497162E+06   0.499497E+06   0.497162E+06  -0.729914E-02   0.162005E+06   0.161952E+06   0.783762E-01   0.604891E-04   0.324318E+00  -0.721819E+08
   0.229556E+00   0.486322E+06   0.481953E+06   0.563284E+00   0.563284E+00   0.551893E+04   0.483317E+06   0.485589E+06   0.483317E+06  -0.709588E-02   0.157493E+06   0.157443E+06   0.720859E-01   0.562102E-04   0.324318E+00  -0.686064E+08
   0.234678E+00   0.473859E+06   0.469821E+06   0.525196E+00   0.525196E+00   0.517910E+04   0.470966E+06   0.473181E+06   0.470966E+06  -0.691455E-02   0.153468E+06   0.153422E+06   0.659662E-01   0.524095E-04   0.324318E+00  -0.653945E+08
   0.239799E+00   0.462056E+06   0.458319E+06   0.490510E+00   0.490510E+00   0.486717E+04   0.459268E+06   0.461428E+06   0.459268E+06  -0.674280E-02   0.149656E+06   0.149613E+06   0.606200E-01   0.489482E-04   0.324318E+00  -0.624084E+08
   0.244920E+00   0.450203E+06   0.446698E+06   0.458174E+00   0.458174E+00   0.457355E+04   0.447509E+06   0.449615E+06   0.447509E+06  -0.657015E-02   0.145824E+06   0.145783E+06   0.564020E-01   0.457213E-04   0.324317E+00  -0.595390E+08
   0.250041E+00   0.437887E+06   0.434525E+06   0.427579E+00   0.427579E+00   0.429279E+04   0.435273E+06   0.437322E+06   0.435273E+06  -0.639052E-02   0.141837E+06   0.141797E+06   0.533769E-01   0.426682E-04   0.324317E+00  -0.567251E+08
   0.255162E+00   0.425060E+06   0.421759E+06   0.398555E+00   0.398555E+00   0.402363E+04   0.422516E+06   0.424506E+06   0.422516E+06  -0.620322E-02   0.137681E+06   0.137641E+06   0.513575E-01   0.397719E-04   0.324317E+00  -0.539575E+08
   0.260283E+00   0.411959E+06   0.408661E+06   0.371206E+00   0.371206E+00   0.376764E+04   0.409476E+06   0.411405E+06   0.409476E+06  -0.601178E-02   0.133432E+06   0.133393E+06   0.499944E-01   0.370427E-04   0.324317E+00  -0.512634E+08
   0.265404E+00   0.398958E+06   0.395637E+06   0.345733E+00   0.345733E+00   0.352723E+04   0.396531E+06   0.398400E+06   0.396531E+06  -0.582173E-02   0.129214E+06   0.129175E+06   0.488882E-01   0.345008E-04   0.324316E+00  -0.486850E+08
   0.270526E+00   0.386463E+06   0.383127E+06   0.322328E+00   0.322328E+00   0.330490E+04   0.384092E+06   0.385903E+06   0.384092E+06  -0.563910E-02   0.125161E+06   0.125122E+06   0.476935E-01   0.321652E-04   0.324316E+00  -0.462650E+08
   0.275647E+00   0.374832E+06   0.371513E+06   0.301108E+00   0.301108E+00   0.310221E+04   0.372518E+06   0.374275E+06   0.372518E+06  -0.546918E-02   0.121389E+06   0.121351E+06   0.461895E-01   0.300477E-04   0.324316E+00  -0.440374E+08
   0.280768E+00   0.364279E+06   0.361020E+06   0.282049E+00   0.282049E+00   0.291940E+04   0.362024E+06   0.363732E+06   0.362024E+06  -0.531511E-02   0.117970E+06   0.117933E+06   0.443062E-01   0.281457E-04   0.324316E+00  -0.420162E+08
   0.285889E+00   0.354812E+06   0.351657E+06   0.264967E+00   0.264967E+00   0.275497E+04   0.352618E+06   0.354282E+06   0.352618E+06  -0.517701E-02   0.114905E+06   0.114869E+06   0.421083E-01   0.264411E-04   0.324316E+00  -0.401915E+08
   0.291010E+00   0.346265E+06   0.343243E+06   0.249570E+00   0.249570E+00   0.260618E+04   0.344133E+06   0.345757E+06   0.344133E+06  -0.505244E-02   0.112140E+06   0.112105E+06   0.397518E-01   0.249047E-04   0.324315E+00  -0.385342E+08
   0.296131E+00   0.338376E+06   0.335498E+06   0.235531E+00   0.235531E+00   0.246998E+04   0.336305E+06   0.337893E+06   0.336305E+06  -0.493751E-02   0.109589E+06   0.109556E+06   0.374269E-01   0.235037E-04   0.324315E+00  -0.370064E+08
   0.301252E+00   0.330860E+06   0.328118E+06   0.222544E+00   0.222544E+00   0.234332E+04   0.328847E+06   0.330400E+06   0.328847E+06  -0.482801E-02   0.107159E+06   0.107127E+06   0.353036E-01   0.222077E-04   0.324315E+00  -0.355706E+08
   0.306374E+00   0.323462E+06   0.320834E+06   0.210361E+00   0.210361E+00   0.222383E+04   0.321503E+06   0.323021E+06   0.321503E+06  -0.472019E-02   0.104766E+06   0.104735E+06   0.334920E-01   0.209920E-04   0.324315E+00  -0.341949E+08
   0.311495E+00   0.316013E+06   0.313468E+06   0.198817E+00   0.198817E+00   0.210985E+04   0.314102E+06   0.315586E+06   0.314102E+06  -0.461153E-02   0.102354E+06   0.102324E+06   0.320263E-01   0.198400E-04   0.324315E+00  -0.328586E+08
   0.316616E+00   0.308462E+06   0.305970E+06   0.187838E+00   0.187838E+00   0.200076E+04   0.306595E+06   0.308044E+06   0.306595E+06  -0.450132E-02   0.999078E+05   0.998785E+05   0.308705E-01   0.187444E-04   0.324315E+00  -0.315545E+08
   0.321737E+00   0.300870E+06   0.298409E+06   0.177426E+00   0.177426E+00   0.189668E+04   0.299044E+06   0.300456E+06   0.299044E+06  -0.439045E-02   0.974471E+05   0.974182E+05   0.299387E-01   0.177054E-04   0.324315E+00  -0.302874E+08
   0.326858E+00   0.293364E+06   0.290921E+06   0.167617E+00   0.167617E+00   0.179809E+04   0.291576E+06   0.292953E+06   0.291576E+06  -0.428080E-02   0.950137E+05   0.949851E+05   0.291239E-01   0.167265E-04   0.324314E+00  -0.290684E+08
   0.331979E+00   0.286086E+06   0.283662E+06   0.158451E+00   0.158451E+00   0.170556E+04   0.284335E+06   0.285679E+06   0.284335E+06  -0.417451E-02   0.926544E+05   0.926262E+05   0.283261E-01   0.158118E-04   0.324314E+00  -0.279093E+08
   0.337100E+00   0.279160E+06   0.276762E+06   0.149950E+00   0.149950E+00   0.161937E+04   0.277446E+06   0.278757E+06   0.277446E+06  -0.407336E-02   0.904095E+05   0.903817E+05   0.274747E-01   0.149635E-04   0.324314E+00  -0.268194E+08
   0.342222E+00   0.272662E+06   0.270305E+06   0.142107E+00   0.142107E+00   0.153962E+04   0.270985E+06   0.272266E+06   0.270985E+06  -0.397850E-02   0.883042E+05   0.882770E+05   0.265387E-01   0.141809E-04   0.324314E+00  -0.258029E+08
   0.347343E+00   0.266611E+06   0.264308E+06   0.134887E+00   0.134887E+00   0.146594E+04   0.264971E+06   0.266224E+06   0.264971E+06  -0.389021E-02   0.863446E+05   0.863181E+05   0.255254E-01   0.134604E-04   0.324314E+00  -0.248583E+08
   0.352464E+00   0.260965E+06   0.258727E+06   0.128223E+00   0.128223E+00   0.139774E+04   0.259363E+06   0.260589E+06   0.259363E+06  -0.380787E-02   0.845170E+05   0.844911E+05   0.244706E-01   0.127954E-04   0.324314E+00  -0.239786E+08
   0.357585E+00   0.255640E+06   0.253472E+06   0.122036E+00   0.122036E+00   0.133423E+04   0.254074E+06   0.255276E+06   0.254074E+06  -0.373022E-02   0.827937E+05   0.827685E+05   0.234243E-01   0.121780E-04   0.324314E+00  -0.231532E+08
   0.362706E+00   0.250538E+06   0.248439E+06   0.116249E+00   0.116249E+00   0.127461E+04   0.249007E+06   0.250185E+06   0.249007E+06  -0.365583E-02   0.811425E+05   0.811181E+05   0.224351E-01   0.116005E-04   0.324314E+00  -0.223711E+08
   0.367827E+00   0.245567E+06   0.243530E+06   0.110794E+00   0.110794E+00   0.121820E+04   0.244071E+06   0.245225E+06   0.244071E+06  -0.358335E-02   0.795338E+05   0.795101E+05   0.215385E-01   0.110561E-04   0.324314E+00  -0.216223E+08
   0.372948E+00   0.240661E+06   0.238676E+06   0.105620E+00   0.105620E+00   0.116446E+04   0.239196E+06   0.240328E+06   0.239196E+06  -0.351179E-02   0.779455E+05   0.779223E+05   0.207503E-01   0.105398E-04   0.324314E+00  -0.208995E+08
   0.378070E+00   0.235785E+06   0.233840E+06   0.100695E+00   0.100695E+00   0.111311E+04   0.234349E+06   0.235458E+06   0.234349E+06  -0.344063E-02   0.763660E+05   0.763433E+05   0.200655E-01   0.100484E-04   0.324313E+00  -0.201987E+08
   0.383191E+00   0.230943E+06   0.229030E+06   0.960079E-01   0.960079E-01   0.106403E+04   0.229535E+06   0.230621E+06   0.229535E+06  -0.336995E-02   0.747973E+05   0.747749E+05   0.194637E-01   0.958065E-05   0.324313E+00  -0.195193E+08
   0.388312E+00   0.226175E+06   0.224288E+06   0.915612E-01   0.915612E-01   0.101731E+04   0.224794E+06   0.225858E+06   0.224794E+06  -0.330034E-02   0.732523E+05   0.732303E+05   0.189167E-01   0.913691E-05   0.324313E+00  -0.188640E+08
   0.393433E+00   0.221528E+06   0.219665E+06   0.873597E-01   0.873597E-01   0.973005E+03   0.220173E+06   0.221215E+06   0.220173E+06  -0.323250E-02   0.717466E+05   0.717250E+05   0.183950E-01   0.871765E-05   0.324313E+00  -0.182358E+08
   0.398554E+00   0.217041E+06   0.215204E+06   0.834040E-01   0.834040E-01   0.931164E+03   0.215711E+06   0.216732E+06   0.215711E+06  -0.316699E-02   0.702927E+05   0.702714E+05   0.178754E-01   0.832291E-05   0.324313E+00  -0.176367E+08
   0.403675E+00   0.212739E+06   0.210931E+06   0.796892E-01   0.796892E-01   0.891768E+03   0.211434E+06   0.212435E+06   0.211434E+06  -0.310420E-02   0.688989E+05   0.688780E+05   0.173444E-01   0.795221E-05   0.324313E+00  -0.170677E+08
   0.408796E+00   0.208636E+06   0.206861E+06   0.762064E-01   0.762064E-01   0.854724E+03   0.207356E+06   0.208338E+06   0.207356E+06  -0.304432E-02   0.675701E+05   0.675495E+05   0.168002E-01   0.760466E-05   0.324313E+00  -0.165288E+08
   0.413918E+00   0.204728E+06   0.202991E+06   0.729405E-01   0.729405E-01   0.819914E+03   0.203473E+06   0.204437E+06   0.203473E+06  -0.298732E-02   0.663048E+05   0.662846E+05   0.162497E-01   0.727875E-05   0.324313E+00  -0.160186E+08
   0.419039E+00   0.200991E+06   0.199293E+06   0.698697E-01   0.698697E-01   0.787092E+03   0.199760E+06   0.200706E+06   0.199760E+06  -0.293280E-02   0.650947E+05   0.650750E+05   0.157053E-01   0.697232E-05   0.324313E+00  -0.155341E+08
   0.424160E+00   0.197386E+06   0.195727E+06   0.669702E-01   0.669702E-01   0.756025E+03   0.196178E+06   0.197107E+06   0.196178E+06  -0.288022E-02   0.639276E+05   0.639083E+05   0.151804E-01   0.668297E-05   0.324313E+00  -0.150714E+08
   0.429281E+00   0.193880E+06   0.192258E+06   0.642210E-01   0.642210E-01   0.726486E+03   0.192695E+06   0.193608E+06   0.192695E+06  -0.282908E-02   0.627926E+05   0.627737E+05   0.146861E-01   0.640863E-05   0.324313E+00  -0.146272E+08
   0.434402E+00   0.190450E+06   0.188862E+06   0.616066E-01   0.616066E-01   0.698313E+03   0.189287E+06   0.190184E+06   0.189287E+06  -0.277904E-02   0.616821E+05   0.616635E+05   0.142288E-01   0.614774E-05   0.324313E+00  -0.141991E+08
   0.439523E+00   0.187081E+06   0.185522E+06   0.591147E-01   0.591147E-01   0.671391E+03   0.185938E+06   0.186819E+06   0.185938E+06  -0.272988E-02   0.605909E+05   0.605727E+05   0.138092E-01   0.589908E-05   0.324313E+00  -0.137854E+08
   0.444644E+00   0.183765E+06   0.182232E+06   0.567369E-01   0.567369E-01   0.645622E+03   0.182642E+06   0.183508E+06   0.182642E+06  -0.268149E-02   0.595168E+05   0.594989E+05   0.134230E-01   0.566180E-05   0.324313E+00  -0.133851E+08
   0.449766E+00   0.180506E+06   0.178997E+06   0.544687E-01   0.544687E-01   0.620983E+03   0.179403E+06   0.180253E+06   0.179403E+06  -0.263392E-02   0.584611E+05   0.584435E+05   0.130625E-01   0.543545E-05   0.324313E+00  -0.129980E+08
   0.454887E+00   0.177318E+06   0.175831E+06   0.523085E-01   0.523085E-01   0.597450E+03   0.176233E+06   0.177068E+06   0.176233E+06  -0.258739E-02   0.574284E+05   0.574110E+05   0.127192E-01   0.521988E-05   0.324313E+00  -0.126246E+08
   0.460008E+00   0.174217E+06   0.172751E+06   0.502555E-01   0.502555E-01   0.575036E+03   0.173150E+06   0.173971E+06   0.173150E+06  -0.254213E-02   0.564237E+05   0.564066E+05   0.123857E-01   0.501501E-05   0.324312E+00  -0.122656E+08
   0.465129E+00   0.171213E+06   0.169769E+06   0.483073E-01   0.483073E-01   0.553716E+03   0.170164E+06   0.170971E+06   0.170164E+06  -0.249829E-02   0.554507E+05   0.554339E+05   0.120568E-01   0.482060E-05   0.324312E+00  -0.119214E+08
   0.470250E+00   0.168310E+06   0.166890E+06   0.464594E-01   0.464594E-01   0.533451E+03   0.167279E+06   0.168072E+06   0.167279E+06  -0.245592E-02   0.545104E+05   0.544939E+05   0.117302E-01   0.463620E-05   0.324312E+00  -0.115916E+08
   0.475371E+00   0.165505E+06   0.164109E+06   0.447061E-01   0.447061E-01   0.514185E+03   0.164491E+06   0.165270E+06   0.164491E+06  -0.241499E-02   0.536019E+05   0.535856E+05   0.114065E-01   0.446123E-05   0.324312E+00  -0.112756E+08
   0.480492E+00   0.162792E+06   0.161420E+06   0.430409E-01   0.430409E-01   0.495847E+03   0.161794E+06   0.162561E+06   0.161794E+06  -0.237540E-02   0.527233E+05   0.527073E+05   0.110882E-01   0.429507E-05   0.324312E+00  -0.109726E+08
   0.485614E+00   0.160162E+06   0.158816E+06   0.414574E-01   0.414574E-01   0.478378E+03   0.159181E+06   0.159936E+06   0.159181E+06  -0.233704E-02   0.518718E+05   0.518561E+05   0.107790E-01   0.413705E-05   0.324312E+00  -0.106816E+08
   0.490735E+00   0.157605E+06   0.156283E+06   0.399486E-01   0.399486E-01   0.461693E+03   0.156640E+06   0.157383E+06   0.156640E+06  -0.229974E-02   0.510438E+05   0.510284E+05   0.104821E-01   0.398649E-05   0.324312E+00  -0.104014E+08
   0.495856E+00   0.155108E+06   0.153808E+06   0.385078E-01   0.385078E-01   0.445730E+03   0.154158E+06   0.154889E+06   0.154158E+06  -0.226330E-02   0.502350E+05   0.502199E+05   0.101996E-01   0.384270E-05   0.324312E+00  -0.101308E+08
   0.500977E+00   0.152660E+06   0.151382E+06   0.371293E-01   0.371293E-01   0.430422E+03   0.151726E+06   0.152445E+06   0.151726E+06  -0.222759E-02   0.494424E+05   0.494275E+05   0.993236E-02   0.370514E-05   0.324312E+00  -0.986906E+07
   0.506098E+00   0.150260E+06   0.149002E+06   0.358096E-01   0.358096E-01   0.415740E+03   0.149340E+06   0.150049E+06   0.149340E+06  -0.219256E-02   0.486650E+05   0.486503E+05   0.967955E-02   0.357346E-05   0.324312E+00  -0.961559E+07
   0.511219E+00   0.147908E+06   0.146670E+06   0.345466E-01   0.345466E-01   0.401659E+03   0.147003E+06   0.147700E+06   0.147003E+06  -0.215825E-02   0.479034E+05   0.478890E+05   0.943944E-02   0.344741E-05   0.324312E+00  -0.937030E+07
   0.516340E+00   0.145608E+06   0.144387E+06   0.333378E-01   0.333378E-01   0.388157E+03   0.144716E+06   0.145403E+06   0.144716E+06  -0.212467E-02   0.471582E+05   0.471439E+05   0.920960E-02   0.332679E-05   0.324312E+00  -0.913303E+07
   0.521462E+00   0.143359E+06   0.142155E+06   0.321813E-01   0.321813E-01   0.375216E+03   0.142481E+06   0.143156E+06   0.142481E+06  -0.209185E-02   0.464297E+05   0.464156E+05   0.898753E-02   0.321139E-05   0.324312E+00  -0.890364E+07
   0.526583E+00   0.141164E+06   0.139977E+06   0.310753E-01   0.310753E-01   0.362814E+03   0.140299E+06   0.140965E+06   0.140299E+06  -0.205982E-02   0.457189E+05   0.457050E+05   0.877127E-02   0.310101E-05   0.324312E+00  -0.868206E+07
   0.531704E+00   0.139027E+06   0.137858E+06   0.300182E-01   0.300182E-01   0.350944E+03   0.138176E+06   0.138831E+06   0.138176E+06  -0.202864E-02   0.450268E+05   0.450132E+05   0.855969E-02   0.299553E-05   0.324312E+00  -0.846828E+07
   0.536825E+00   0.136950E+06   0.135798E+06   0.290081E-01   0.290081E-01   0.339580E+03   0.136111E+06   0.136756E+06   0.136111E+06  -0.199833E-02   0.443539E+05   0.443405E+05   0.835247E-02   0.289473E-05   0.324312E+00  -0.826216E+07
   0.541946E+00   0.134928E+06   0.133793E+06   0.280423E-01   0.280423E-01   0.328699E+03   0.134101E+06   0.134737E+06   0.134101E+06  -0.196882E-02   0.436991E+05   0.436859E+05   0.814985E-02   0.279835E-05   0.324312E+00  -0.806325E+07
   0.547067E+00   0.132956E+06   0.131839E+06   0.271177E-01   0.271177E-01   0.318263E+03   0.132142E+06   0.132769E+06   0.132142E+06  -0.194006E-02   0.430607E+05   0.430476E+05   0.795251E-02   0.270608E-05   0.324312E+00  -0.787108E+07
   0.559946E+00   0.128204E+06   0.127129E+06   0.249595E-01   0.249595E-01   0.293834E+03   0.127419E+06   0.128023E+06   0.127419E+06  -0.187072E-02   0.415216E+05   0.415090E+05   0.748456E-02   0.249071E-05   0.324312E+00  -0.741519E+07
   0.593872E+00   0.116820E+06   0.115839E+06   0.202188E-01   0.202188E-01   0.239803E+03   0.116104E+06   0.116655E+06   0.116104E+06  -0.170460E-02   0.378346E+05   0.378231E+05   0.644291E-02   0.201765E-05   0.324312E+00  -0.637074E+07
   0.629853E+00   0.106419E+06   0.105526E+06   0.163744E-01   0.163744E-01   0.195568E+03   0.105767E+06   0.106269E+06   0.105767E+06  -0.155283E-02   0.344660E+05   0.344555E+05   0.553592E-02   0.163401E-05   0.324311E+00  -0.547199E+07
   0.879031E+00   0.622093E+05   0.616874E+05   0.491442E-02   0.491442E-02   0.605975E+02   0.618280E+05   0.621217E+05   0.618280E+05  -0.907735E-03   0.201478E+05   0.201416E+05   0.234094E-02   0.490413E-06   0.324311E+00  -0.229201E+07
   0.122679E+01   0.359266E+05   0.356251E+05   0.145715E-02   0.145715E-02   0.183520E+02   0.357063E+05   0.358760E+05   0.357063E+05  -0.524226E-03   0.116355E+05   0.116319E+05   0.986956E-03   0.145409E-06   0.324310E+00  -0.948443E+06
   0.171212E+01   0.205323E+05   0.203599E+05   0.427558E-03   0.427558E-03   0.545772E+01   0.204063E+05   0.205034E+05   0.204063E+05  -0.299598E-03   0.664980E+04   0.664765E+04   0.418971E-03   0.426663E-07   0.324310E+00  -0.388389E+06
   0.238945E+01   0.116292E+05   0.115314E+05   0.124330E-03   0.124330E-03   0.159994E+01   0.115579E+05   0.116128E+05   0.115579E+05  -0.169688E-03   0.376636E+04   0.376505E+04   0.181820E-03   0.124070E-07   0.324309E+00  -0.157621E+06
