#          k/h    CDM            baryon         photon         nu             mass_nu        total          no_nu          total_de       Weyl           v_CDM          v_b            v_b-v_c        ISW            log_grow       pert_vel    
   0.994668E-05   0.272797E+08   0.272797E+08   0.363585E+08   0.363581E+08   0.272823E+08   0.272797E+08   0.272797E+08   0.272894E+08  -0.472655E+00   0.637550E+07   0.637550E+07   0.642433E+01   0.719629E+06   0.767548E+00  -0.640991E+14
   0.109829E-04   0.272782E+08   0.272782E+08   0.363534E+08   0.363529E+08   0.272808E+08   0.272782E+08   0.272782E+08   0.272879E+08  -0.472629E+00   0.637535E+07   0.637535E+07   0.709339E+01   0.590392E+06   0.767475E+00  -0.580498E+14
   0.121272E-04   0.272764E+08   0.272764E+08   0.363472E+08   0.363466E+08   0.272790E+08   0.272764E+08   0.272764E+08   0.272861E+08  -0.472598E+00   0.637517E+07   0.637517E+07   0.783208E+01   0.484391E+06   0.767388E+00  -0.525712E+14
   0.133906E-04   0.272742E+08   0.272742E+08   0.363396E+08   0.363388E+08   0.272768E+08   0.272742E+08   0.272742E+08   0.272839E+08  -0.472560E+00   0.637495E+07   0.637495E+07   0.864761E+01   0.397450E+06   0.767280E+00  -0.476094E+14
   0.147857E-04   0.272715E+08   0.272715E+08   0.363303E+08   0.363294E+08   0.272741E+08   0.272715E+08   0.272715E+08   0.272812E+08  -0.472513E+00   0.637469E+07   0.637469E+07   0.954795E+01   0.326141E+06   0.767150E+00  -0.431155E+14
   0.163261E-04   0.272682E+08   0.272682E+08   0.363190E+08   0.363179E+08   0.272708E+08   0.272683E+08   0.272682E+08   0.272780E+08  -0.472457E+00   0.637437E+07   0.637437E+07   0.105419E+02   0.267653E+06   0.766991E+00  -0.390455E+14
   0.180270E-04   0.272643E+08   0.272643E+08   0.363052E+08   0.363039E+08   0.272668E+08   0.272643E+08   0.272643E+08   0.272740E+08  -0.472388E+00   0.637397E+07   0.637397E+07   0.116391E+02   0.219681E+06   0.766797E+00  -0.353593E+14
   0.199051E-04   0.272594E+08   0.272594E+08   0.362885E+08   0.362868E+08   0.272619E+08   0.272594E+08   0.272594E+08   0.272691E+08  -0.472304E+00   0.637350E+07   0.637349E+07   0.128503E+02   0.180335E+06   0.766561E+00  -0.320206E+14
   0.219788E-04   0.272535E+08   0.272535E+08   0.362680E+08   0.362660E+08   0.272560E+08   0.272535E+08   0.272535E+08   0.272632E+08  -0.472201E+00   0.637291E+07   0.637291E+07   0.141871E+02   0.148063E+06   0.766273E+00  -0.289967E+14
   0.242687E-04   0.272463E+08   0.272463E+08   0.362431E+08   0.362406E+08   0.272487E+08   0.272463E+08   0.272463E+08   0.272560E+08  -0.472076E+00   0.637220E+07   0.637220E+07   0.156626E+02   0.121593E+06   0.765923E+00  -0.262579E+14
   0.267970E-04   0.272376E+08   0.272375E+08   0.362127E+08   0.362097E+08   0.272399E+08   0.272376E+08   0.272376E+08   0.272472E+08  -0.471925E+00   0.637133E+07   0.637133E+07   0.172909E+02   0.998825E+05   0.765497E+00  -0.237772E+14
   0.295888E-04   0.272269E+08   0.272269E+08   0.361758E+08   0.361721E+08   0.272292E+08   0.272269E+08   0.272269E+08   0.272366E+08  -0.471740E+00   0.637028E+07   0.637028E+07   0.190877E+02   0.820749E+05   0.764979E+00  -0.215302E+14
   0.326714E-04   0.272139E+08   0.272139E+08   0.361308E+08   0.361263E+08   0.272161E+08   0.272139E+08   0.272139E+08   0.272236E+08  -0.471515E+00   0.636899E+07   0.636899E+07   0.210700E+02   0.674686E+05   0.764348E+00  -0.194948E+14
   0.360752E-04   0.271981E+08   0.271981E+08   0.360760E+08   0.360705E+08   0.272002E+08   0.271981E+08   0.271981E+08   0.272078E+08  -0.471241E+00   0.636743E+07   0.636743E+07   0.232566E+02   0.554878E+05   0.763581E+00  -0.176511E+14
   0.398336E-04   0.271789E+08   0.271789E+08   0.360093E+08   0.360027E+08   0.271809E+08   0.271789E+08   0.271789E+08   0.271886E+08  -0.470908E+00   0.636553E+07   0.636552E+07   0.256682E+02   0.456605E+05   0.762650E+00  -0.159809E+14
   0.439836E-04   0.271556E+08   0.271556E+08   0.359283E+08   0.359202E+08   0.271575E+08   0.271556E+08   0.271556E+08   0.271652E+08  -0.470504E+00   0.636321E+07   0.636321E+07   0.283271E+02   0.375991E+05   0.761520E+00  -0.144678E+14
   0.485659E-04   0.271273E+08   0.271273E+08   0.358297E+08   0.358199E+08   0.271290E+08   0.271273E+08   0.271273E+08   0.271369E+08  -0.470013E+00   0.636040E+07   0.636040E+07   0.312577E+02   0.309861E+05   0.760150E+00  -0.130969E+14
   0.536256E-04   0.270930E+08   0.270929E+08   0.357100E+08   0.356980E+08   0.270944E+08   0.270930E+08   0.270930E+08   0.271025E+08  -0.469417E+00   0.635698E+07   0.635698E+07   0.344865E+02   0.255606E+05   0.758490E+00  -0.118548E+14
   0.592125E-04   0.270513E+08   0.270513E+08   0.355647E+08   0.355501E+08   0.270525E+08   0.270514E+08   0.270513E+08   0.270608E+08  -0.468696E+00   0.635283E+07   0.635283E+07   0.380421E+02   0.211089E+05   0.756482E+00  -0.107293E+14
   0.653814E-04   0.270010E+08   0.270010E+08   0.353884E+08   0.353707E+08   0.270018E+08   0.270010E+08   0.270010E+08   0.270104E+08  -0.467823E+00   0.634780E+07   0.634779E+07   0.419555E+02   0.174556E+05   0.754058E+00  -0.970924E+13
   0.721930E-04   0.269402E+08   0.269401E+08   0.351749E+08   0.351533E+08   0.269406E+08   0.269402E+08   0.269402E+08   0.269495E+08  -0.466768E+00   0.634170E+07   0.634169E+07   0.462593E+02   0.144567E+05   0.751137E+00  -0.878470E+13
   0.797142E-04   0.268668E+08   0.268667E+08   0.349165E+08   0.348904E+08   0.268668E+08   0.268668E+08   0.268668E+08   0.268761E+08  -0.465495E+00   0.633433E+07   0.633432E+07   0.509884E+02   0.119941E+05   0.747626E+00  -0.794659E+13
   0.880190E-04   0.267785E+08   0.267785E+08   0.346045E+08   0.345729E+08   0.267779E+08   0.267785E+08   0.267785E+08   0.267878E+08  -0.463965E+00   0.632542E+07   0.632540E+07   0.561794E+02   0.997076E+04   0.743420E+00  -0.718668E+13
   0.971891E-04   0.266726E+08   0.266726E+08   0.342285E+08   0.341902E+08   0.266713E+08   0.266726E+08   0.266726E+08   0.266818E+08  -0.462129E+00   0.631468E+07   0.631466E+07   0.618699E+02   0.830715E+04   0.738397E+00  -0.649755E+13
   0.107314E-03   0.265460E+08   0.265460E+08   0.337764E+08   0.337300E+08   0.265438E+08   0.265460E+08   0.265460E+08   0.265550E+08  -0.459933E+00   0.630176E+07   0.630174E+07   0.680980E+02   0.693788E+04   0.732426E+00  -0.587245E+13
   0.118495E-03   0.263952E+08   0.263951E+08   0.332343E+08   0.331783E+08   0.263920E+08   0.263952E+08   0.263952E+08   0.264041E+08  -0.457318E+00   0.628627E+07   0.628624E+07   0.749011E+02   0.580928E+04   0.725363E+00  -0.530529E+13
   0.130840E-03   0.262165E+08   0.262163E+08   0.325867E+08   0.325192E+08   0.262119E+08   0.262164E+08   0.262164E+08   0.262251E+08  -0.454217E+00   0.626775E+07   0.626772E+07   0.823147E+02   0.487727E+04   0.717060E+00  -0.479057E+13
   0.144471E-03   0.260057E+08   0.260055E+08   0.318162E+08   0.317352E+08   0.259995E+08   0.260056E+08   0.260057E+08   0.260141E+08  -0.450562E+00   0.624570E+07   0.624566E+07   0.903700E+02   0.410565E+04   0.707369E+00  -0.432331E+13
   0.159522E-03   0.257588E+08   0.257586E+08   0.309042E+08   0.308071E+08   0.257507E+08   0.257587E+08   0.257588E+08   0.257670E+08  -0.446280E+00   0.621958E+07   0.621953E+07   0.990911E+02   0.346476E+04   0.696151E+00  -0.389901E+13
   0.176142E-03   0.254717E+08   0.254715E+08   0.298310E+08   0.297151E+08   0.254613E+08   0.254716E+08   0.254717E+08   0.254796E+08  -0.441301E+00   0.618878E+07   0.618872E+07   0.108492E+03   0.293031E+04   0.683292E+00  -0.351365E+13
   0.194493E-03   0.251408E+08   0.251406E+08   0.285771E+08   0.284395E+08   0.251275E+08   0.251407E+08   0.251408E+08   0.251483E+08  -0.435562E+00   0.615271E+07   0.615264E+07   0.118570E+03   0.248251E+04   0.668714E+00  -0.316358E+13
   0.214755E-03   0.247631E+08   0.247628E+08   0.271244E+08   0.269619E+08   0.247463E+08   0.247629E+08   0.247630E+08   0.247702E+08  -0.429010E+00   0.611077E+07   0.611069E+07   0.129302E+03   0.210529E+04   0.652398E+00  -0.284555E+13
   0.237129E-03   0.243366E+08   0.243362E+08   0.254582E+08   0.252676E+08   0.243156E+08   0.243364E+08   0.243365E+08   0.243432E+08  -0.421612E+00   0.606240E+07   0.606230E+07   0.140637E+03   0.178572E+04   0.634394E+00  -0.255667E+13
   0.261834E-03   0.238609E+08   0.238604E+08   0.235698E+08   0.233482E+08   0.238347E+08   0.238607E+08   0.238608E+08   0.238670E+08  -0.413359E+00   0.600713E+07   0.600701E+07   0.152486E+03   0.151347E+04   0.614841E+00  -0.229433E+13
   0.289112E-03   0.233373E+08   0.233368E+08   0.214603E+08   0.212052E+08   0.233050E+08   0.233371E+08   0.233372E+08   0.233428E+08  -0.404276E+00   0.594463E+07   0.594449E+07   0.164713E+03   0.128043E+04   0.593969E+00  -0.205623E+13
   0.319233E-03   0.227693E+08   0.227687E+08   0.191439E+08   0.188538E+08   0.227294E+08   0.227690E+08   0.227692E+08   0.227741E+08  -0.394421E+00   0.587474E+07   0.587457E+07   0.177125E+03   0.108023E+04   0.572102E+00  -0.184033E+13
   0.352491E-03   0.221623E+08   0.221616E+08   0.166532E+08   0.163281E+08   0.221132E+08   0.221620E+08   0.221622E+08   0.221664E+08  -0.383889E+00   0.579754E+07   0.579734E+07   0.189464E+03   0.907964E+03   0.549639E+00  -0.164478E+13
   0.389215E-03   0.215239E+08   0.215230E+08   0.140432E+08   0.136852E+08   0.214636E+08   0.215235E+08   0.215238E+08   0.215272E+08  -0.372810E+00   0.571337E+07   0.571313E+07   0.201398E+03   0.759783E+03   0.527031E+00  -0.146797E+13
   0.429764E-03   0.208631E+08   0.208620E+08   0.113944E+08   0.110081E+08   0.207893E+08   0.208626E+08   0.208629E+08   0.208656E+08  -0.361342E+00   0.562284E+07   0.562256E+07   0.212522E+03   0.632648E+03   0.504747E+00  -0.130839E+13
   0.474538E-03   0.201900E+08   0.201888E+08   0.881328E+07   0.840616E+07   0.201000E+08   0.201894E+08   0.201898E+08   0.201917E+08  -0.349660E+00   0.552684E+07   0.552652E+07   0.222365E+03   0.524064E+03   0.483236E+00  -0.116471E+13
   0.523976E-03   0.195153E+08   0.195138E+08   0.642676E+07   0.600843E+07   0.194056E+08   0.195146E+08   0.195151E+08   0.195162E+08  -0.337950E+00   0.542648E+07   0.542612E+07   0.230412E+03   0.431886E+03   0.462889E+00  -0.103566E+13
   0.578566E-03   0.188492E+08   0.188475E+08   0.436810E+07   0.394911E+07   0.187158E+08   0.188483E+08   0.188489E+08   0.188494E+08  -0.326390E+00   0.532308E+07   0.532267E+07   0.236142E+03   0.354190E+03   0.444017E+00  -0.920069E+12
   0.638842E-03   0.182012E+08   0.181991E+08   0.275272E+07   0.234181E+07   0.180391E+08   0.182001E+08   0.182008E+08   0.182008E+08  -0.315144E+00   0.521802E+07   0.521756E+07   0.239082E+03   0.289197E+03   0.426832E+00  -0.816812E+12
   0.705398E-03   0.175791E+08   0.175768E+08   0.164485E+07   0.124536E+07   0.173828E+08   0.175778E+08   0.175787E+08   0.175782E+08  -0.304352E+00   0.511276E+07   0.511225E+07   0.238879E+03   0.235240E+03   0.411449E+00  -0.724819E+12
   0.778888E-03   0.169895E+08   0.169869E+08   0.102417E+07   0.630666E+06   0.167522E+08   0.169879E+08   0.169890E+08   0.169882E+08  -0.294125E+00   0.500865E+07   0.500810E+07   0.235356E+03   0.190765E+03   0.397890E+00  -0.643063E+12
   0.860035E-03   0.164368E+08   0.164339E+08   0.770358E+06   0.367896E+06   0.161506E+08   0.164349E+08   0.164363E+08   0.164351E+08  -0.284541E+00   0.490696E+07   0.490637E+07   0.228561E+03   0.154336E+03   0.386100E+00  -0.570563E+12
   0.949635E-03   0.159239E+08   0.159207E+08   0.689208E+06   0.258322E+06   0.155795E+08   0.159217E+08   0.159233E+08   0.159218E+08  -0.275649E+00   0.480874E+07   0.480812E+07   0.218755E+03   0.124659E+03   0.375970E+00  -0.506386E+12
   0.104857E-02   0.154518E+08   0.154484E+08   0.591685E+06   0.120471E+06   0.150388E+08   0.154493E+08   0.154513E+08   0.154494E+08  -0.267467E+00   0.471482E+07   0.471417E+07   0.206348E+03   0.100585E+03   0.367353E+00  -0.449649E+12
   0.115781E-02   0.150205E+08   0.150169E+08   0.396717E+06  -0.103886E+06   0.145266E+08   0.150176E+08   0.150199E+08   0.150176E+08  -0.259990E+00   0.462577E+07   0.462511E+07   0.191818E+03   0.811185E+02   0.360084E+00  -0.399532E+12
   0.127844E-02   0.146284E+08   0.146246E+08   0.175130E+06  -0.313876E+06   0.140403E+08   0.146250E+08   0.146277E+08   0.146250E+08  -0.253190E+00   0.454190E+07   0.454123E+07   0.175666E+03   0.654125E+02   0.353993E+00  -0.355274E+12
   0.141163E-02   0.142731E+08   0.142692E+08   0.555735E+05  -0.364036E+06   0.135768E+08   0.142692E+08   0.142724E+08   0.142691E+08  -0.247028E+00   0.446327E+07   0.446260E+07   0.158470E+03   0.527577E+02   0.348915E+00  -0.316182E+12
   0.155869E-02   0.139516E+08   0.139477E+08   0.511220E+05   0.351009E+06   0.131322E+08   0.139471E+08   0.139509E+08   0.139471E+08  -0.241452E+00   0.438964E+07   0.438898E+07   0.140967E+03   0.425706E+02   0.344699E+00  -0.281626E+12
   0.172108E-02   0.136603E+08   0.136564E+08   0.382997E+05   0.281885E+06   0.127024E+08   0.136551E+08   0.136596E+08   0.136551E+08  -0.236396E+00   0.432075E+07   0.432011E+07   0.124032E+03   0.343676E+02   0.341210E+00  -0.251051E+12
   0.190039E-02   0.133953E+08   0.133914E+08  -0.262901E+05   0.226716E+06   0.122839E+08   0.133894E+08   0.133946E+08   0.133894E+08  -0.231795E+00   0.425604E+07   0.425542E+07   0.108471E+03   0.277607E+02   0.338329E+00  -0.223959E+12
   0.209838E-02   0.131526E+08   0.131488E+08  -0.373016E+05   0.182584E+06   0.118733E+08   0.131459E+08   0.131520E+08   0.131459E+08  -0.227580E+00   0.419488E+07   0.419428E+07   0.948492E+02   0.224353E+02   0.335954E+00  -0.199913E+12
   0.231699E-02   0.129283E+08   0.129244E+08  -0.127024E+05   0.147200E+06   0.114681E+08   0.129207E+08   0.129276E+08   0.129207E+08  -0.223681E+00   0.413655E+07   0.413597E+07   0.834661E+02   0.181393E+02   0.333998E+00  -0.178534E+12
   0.255838E-02   0.127183E+08   0.127144E+08  -0.364621E+05   0.118772E+06   0.110658E+08   0.127098E+08   0.127176E+08   0.127098E+08  -0.220029E+00   0.408028E+07   0.407971E+07   0.742568E+02   0.146702E+02   0.332388E+00  -0.159489E+12
   0.282492E-02   0.125189E+08   0.125148E+08  -0.239243E+05   0.958889E+05   0.106648E+08   0.125095E+08   0.125182E+08   0.125095E+08  -0.216560E+00   0.402528E+07   0.402471E+07   0.667196E+02   0.118661E+02   0.331063E+00  -0.142494E+12
   0.311923E-02   0.123265E+08   0.123223E+08  -0.219731E+05   0.774390E+05   0.102628E+08   0.123161E+08   0.123258E+08   0.123161E+08  -0.213212E+00   0.397075E+07   0.397019E+07   0.601844E+02   0.959763E+01   0.329971E+00  -0.127301E+12
   0.344419E-02   0.121379E+08   0.121334E+08  -0.148131E+05   0.625430E+05   0.985765E+07   0.121264E+08   0.121371E+08   0.121264E+08  -0.209927E+00   0.391593E+07   0.391538E+07   0.540942E+02   0.776099E+01   0.329072E+00  -0.113698E+12
   0.380302E-02   0.119499E+08   0.119451E+08  -0.132003E+05   0.505029E+05   0.944712E+07   0.119373E+08   0.119491E+08   0.119373E+08  -0.206654E+00   0.386010E+07   0.385955E+07   0.482987E+02   0.627315E+01   0.328329E+00  -0.101502E+12
   0.419923E-02   0.117598E+08   0.117547E+08  -0.267413E+04   0.407630E+05   0.902954E+07   0.117460E+08   0.117589E+08   0.117460E+08  -0.203342E+00   0.380255E+07   0.380201E+07   0.430259E+02   0.506734E+01   0.327716E+00  -0.905548E+11
   0.463671E-02   0.115650E+08   0.115595E+08  -0.608485E+04   0.328796E+05   0.860378E+07   0.115500E+08   0.115640E+08   0.115500E+08  -0.199949E+00   0.374264E+07   0.374210E+07   0.385198E+02   0.408990E+01   0.327208E+00  -0.807186E+11
   0.511978E-02   0.113631E+08   0.113571E+08  -0.870267E+04   0.264968E+05   0.817042E+07   0.113470E+08   0.113621E+08   0.113470E+08  -0.196434E+00   0.367975E+07   0.367922E+07   0.346863E+02   0.329758E+01   0.326787E+00  -0.718742E+11
   0.565317E-02   0.111525E+08   0.111458E+08  -0.622242E+04   0.213295E+05   0.770868E+07   0.111351E+08   0.111513E+08   0.111351E+08  -0.192765E+00   0.361342E+07   0.361289E+07   0.312205E+02   0.265550E+01   0.326434E+00  -0.639193E+11
   0.624213E-02   0.109304E+08   0.109230E+08  -0.589260E+04   0.171458E+05   0.724564E+07   0.109117E+08   0.109291E+08   0.109117E+08  -0.188899E+00   0.354292E+07   0.354239E+07   0.280257E+02   0.213525E+01   0.326139E+00  -0.567588E+11
   0.689245E-02   0.106954E+08   0.106872E+08  -0.373133E+04   0.137604E+05   0.677085E+07   0.106755E+08   0.106940E+08   0.106755E+08  -0.184809E+00   0.346784E+07   0.346731E+07   0.252325E+02   0.171402E+01   0.325891E+00  -0.503141E+11
   0.761052E-02   0.104459E+08   0.104366E+08  -0.378669E+04   0.110228E+05   0.629252E+07   0.104247E+08   0.104444E+08   0.104247E+08  -0.180468E+00   0.338773E+07   0.338721E+07   0.227920E+02   0.137322E+01   0.325682E+00  -0.445143E+11
   0.840340E-02   0.101804E+08   0.101699E+08  -0.428260E+04   0.881085E+04   0.581863E+07   0.101580E+08   0.101787E+08   0.101580E+08  -0.175851E+00   0.330218E+07   0.330166E+07   0.205875E+02   0.109777E+01   0.325505E+00  -0.392961E+11
   0.927889E-02   0.989764E+07   0.988557E+07  -0.277114E+04   0.702567E+04   0.534807E+07   0.987409E+07   0.989561E+07   0.987409E+07  -0.170936E+00   0.321080E+07   0.321028E+07   0.186450E+02   0.875406E+00   0.325354E+00  -0.346036E+11
   0.102456E-01   0.959632E+07   0.958249E+07  -0.261621E+04   0.558680E+04   0.487974E+07   0.957169E+07   0.959400E+07   0.957169E+07  -0.165701E+00   0.311325E+07   0.311273E+07   0.169262E+02   0.696143E+00   0.325225E+00  -0.303865E+11
   0.113130E-01   0.927534E+07   0.925945E+07  -0.238635E+04   0.442881E+04   0.441924E+07   0.924971E+07   0.927268E+07   0.924971E+07  -0.160127E+00   0.300917E+07   0.300865E+07   0.154040E+02   0.551853E+00   0.325113E+00  -0.265994E+11
   0.124916E-01   0.893368E+07   0.891539E+07  -0.171666E+04   0.349849E+04   0.397279E+07   0.890714E+07   0.893061E+07   0.890714E+07  -0.154196E+00   0.289827E+07   0.289775E+07   0.140589E+02   0.435925E+00   0.325017E+00  -0.232019E+11
   0.137930E-01   0.857053E+07   0.854952E+07  -0.167352E+04   0.275263E+04   0.354350E+07   0.854322E+07   0.856700E+07   0.854322E+07  -0.147896E+00   0.278032E+07   0.277979E+07   0.128676E+02   0.342977E+00   0.324934E+00  -0.201575E+11
   0.152300E-01   0.818538E+07   0.816130E+07  -0.130997E+04   0.215606E+04   0.313163E+07   0.815744E+07   0.818134E+07   0.815744E+07  -0.141218E+00   0.265516E+07   0.265462E+07   0.118069E+02   0.268634E+00   0.324861E+00  -0.174338E+11
   0.168167E-01   0.778720E+07   0.775971E+07  -0.101614E+04   0.168221E+04   0.274678E+07   0.775875E+07   0.778258E+07   0.775875E+07  -0.134316E+00   0.252573E+07   0.252518E+07   0.108641E+02   0.209584E+00   0.324797E+00  -0.150192E+11
   0.185687E-01   0.736046E+07   0.732928E+07  -0.913667E+03   0.130398E+04   0.238362E+07   0.733169E+07   0.735522E+07   0.733169E+07  -0.126923E+00   0.238699E+07   0.238643E+07   0.100005E+02   0.162452E+00   0.324741E+00  -0.128549E+11
   0.205033E-01   0.691420E+07   0.687917E+07  -0.566560E+03   0.100453E+04   0.204776E+07   0.688532E+07   0.690832E+07   0.688532E+07  -0.119195E+00   0.224190E+07   0.224134E+07   0.920005E+01   0.125141E+00   0.324692E+00  -0.109343E+11
   0.226393E-01   0.644478E+07   0.640589E+07  -0.512494E+03   0.767852E+03   0.173859E+07   0.641600E+07   0.643825E+07   0.641600E+07  -0.111071E+00   0.208929E+07   0.208872E+07   0.843533E+01   0.956510E-01   0.324648E+00  -0.922851E+10
   0.249980E-01   0.596885E+07   0.592634E+07  -0.388270E+03   0.583176E+03   0.146123E+07   0.594042E+07   0.596171E+07   0.594042E+07  -0.102838E+00   0.193459E+07   0.193402E+07   0.768968E+01   0.726423E-01   0.324610E+00  -0.773891E+10
   0.276023E-01   0.549197E+07   0.544642E+07  -0.270937E+03   0.440017E+03   0.121542E+07   0.546412E+07   0.548432E+07   0.546412E+07  -0.945921E-01   0.177962E+07   0.177905E+07   0.694163E+01   0.548073E-01   0.324577E+00  -0.644726E+10
   0.304780E-01   0.501614E+07   0.496852E+07  -0.234567E+03   0.329566E+03   0.999738E+06   0.498917E+07   0.500814E+07   0.498917E+07  -0.863701E-01   0.162506E+07   0.162449E+07   0.616976E+01   0.410479E-01   0.324547E+00  -0.533179E+10
   0.336533E-01   0.455418E+07   0.450593E+07  -0.157309E+03   0.245369E+03   0.814316E+06   0.452841E+07   0.454608E+07   0.452841E+07  -0.783936E-01   0.147508E+07   0.147454E+07   0.536538E+01   0.305598E-01   0.324521E+00  -0.438306E+10
   0.371593E-01   0.412268E+07   0.407568E+07  -0.118773E+03   0.182159E+03   0.658918E+06   0.409844E+07   0.411479E+07   0.409844E+07  -0.709501E-01   0.133510E+07   0.133459E+07   0.453201E+01   0.226863E-01   0.324498E+00  -0.359280E+10
   0.410307E-01   0.373219E+07   0.368857E+07  -0.105109E+03   0.135248E+03   0.531196E+06   0.370975E+07   0.372486E+07   0.370975E+07  -0.642213E-01   0.120854E+07   0.120809E+07   0.368578E+01   0.168434E-01   0.324478E+00  -0.294538E+10
   0.451338E-01   0.340520E+07   0.336671E+07   0.101989E+03   0.101989E+03   0.431960E+06   0.338470E+07   0.339874E+07   0.338470E+07  -0.585942E-01   0.110254E+07   0.110212E+07   0.308749E+01   0.127028E-01   0.324414E+00  -0.244276E+10
   0.492368E-01   0.314734E+07   0.311496E+07   0.792228E+02   0.792228E+02   0.358457E+06   0.312873E+07   0.314190E+07   0.312873E+07  -0.541630E-01   0.101919E+07   0.101884E+07   0.238794E+01   0.986704E-02   0.324400E+00  -0.206993E+10
   0.533399E-01   0.293949E+07   0.291321E+07   0.630599E+02   0.630599E+02   0.302451E+06   0.292262E+07   0.293508E+07   0.292262E+07  -0.505950E-01   0.952075E+06   0.951783E+06   0.183000E+01   0.785383E-02   0.324388E+00  -0.178490E+10
   0.574430E-01   0.276449E+07   0.274356E+07   0.511477E+02   0.511477E+02   0.258390E+06   0.274913E+07   0.276097E+07   0.274913E+07  -0.475915E-01   0.895577E+06   0.895334E+06   0.141152E+01   0.637011E-02   0.324379E+00  -0.155906E+10
   0.615460E-01   0.260889E+07   0.259206E+07   0.420555E+02   0.420555E+02   0.222601E+06   0.259479E+07   0.260607E+07   0.259479E+07  -0.449196E-01   0.845313E+06   0.845106E+06   0.112038E+01   0.523767E-02   0.324371E+00  -0.137346E+10
   0.656491E-01   0.246235E+07   0.244813E+07   0.348906E+02   0.348906E+02   0.192626E+06   0.244923E+07   0.245996E+07   0.244923E+07  -0.423999E-01   0.797909E+06   0.797725E+06   0.936181E+00   0.434528E-02   0.324364E+00  -0.121541E+10
   0.697522E-01   0.231750E+07   0.230443E+07   0.290891E+02   0.290891E+02   0.166862E+06   0.230514E+07   0.231530E+07   0.230514E+07  -0.399054E-01   0.750979E+06   0.750805E+06   0.833345E+00   0.362273E-02   0.324358E+00  -0.107664E+10
   0.738552E-01   0.217555E+07   0.216243E+07   0.243559E+02   0.243559E+02   0.144694E+06   0.216375E+07   0.217335E+07   0.216375E+07  -0.374577E-01   0.704929E+06   0.704755E+06   0.786039E+00   0.303323E-02   0.324353E+00  -0.954470E+09
   0.779583E-01   0.203190E+07   0.201792E+07   0.204133E+02   0.204133E+02   0.125233E+06   0.202054E+07   0.202955E+07   0.202054E+07  -0.349786E-01   0.658286E+06   0.658106E+06   0.767635E+00   0.254221E-02   0.324348E+00  -0.844400E+09
   0.820614E-01   0.189354E+07   0.187835E+07   0.171652E+02   0.171652E+02   0.108476E+06   0.188255E+07   0.189099E+07   0.188255E+07  -0.325898E-01   0.613340E+06   0.613154E+06   0.758401E+00   0.213769E-02   0.324344E+00  -0.747406E+09
   0.861644E-01   0.176425E+07   0.174796E+07   0.145033E+02   0.145033E+02   0.942046E+05   0.175362E+07   0.176151E+07   0.175362E+07  -0.303579E-01   0.571344E+06   0.571152E+06   0.743431E+00   0.180618E-02   0.324341E+00  -0.663073E+09
   0.912856E-01   0.162045E+07   0.160340E+07   0.118659E+02   0.118659E+02   0.795439E+05   0.161031E+07   0.161759E+07   0.161031E+07  -0.278768E-01   0.524660E+06   0.524467E+06   0.704259E+00   0.147772E-02   0.324337E+00  -0.574731E+09
   0.964067E-01   0.150047E+07   0.148368E+07   0.984995E+01   0.984995E+01   0.679674E+05   0.149089E+07   0.149765E+07   0.149089E+07  -0.258095E-01   0.485757E+06   0.485572E+06   0.639341E+00   0.122666E-02   0.324333E+00  -0.503849E+09
   0.101528E+00   0.140580E+07   0.139026E+07   0.832116E+01   0.832116E+01   0.589667E+05   0.139683E+07   0.140319E+07   0.139683E+07  -0.241812E-01   0.455115E+06   0.454946E+06   0.555373E+00   0.103627E-02   0.324330E+00  -0.448255E+09
   0.106649E+00   0.133300E+07   0.131944E+07   0.715173E+01   0.715173E+01   0.519416E+05   0.132467E+07   0.133072E+07   0.132467E+07  -0.229320E-01   0.431606E+06   0.431457E+06   0.464481E+00   0.890628E-03   0.324328E+00  -0.404689E+09
   0.111770E+00   0.127494E+07   0.126361E+07   0.622912E+01   0.622912E+01   0.462836E+05   0.126723E+07   0.127304E+07   0.126723E+07  -0.219376E-01   0.412891E+06   0.412764E+06   0.379417E+00   0.775730E-03   0.324326E+00  -0.369406E+09
   0.116891E+00   0.122392E+07   0.121462E+07   0.546854E+01   0.546854E+01   0.415031E+05   0.121677E+07   0.122236E+07   0.121677E+07  -0.210641E-01   0.396451E+06   0.396342E+06   0.310036E+00   0.681012E-03   0.324324E+00  -0.339159E+09
   0.122012E+00   0.117393E+07   0.116612E+07   0.481488E+01   0.481488E+01   0.372717E+05   0.116724E+07   0.117262E+07   0.116724E+07  -0.202067E-01   0.380315E+06   0.380220E+06   0.261341E+00   0.599609E-03   0.324322E+00  -0.311700E+09
   0.127134E+00   0.112144E+07   0.111440E+07   0.423676E+01   0.423676E+01   0.334082E+05   0.111511E+07   0.112026E+07   0.111511E+07  -0.193043E-01   0.363331E+06   0.363242E+06   0.233143E+00   0.527613E-03   0.324320E+00  -0.285786E+09
   0.132255E+00   0.106547E+07   0.105853E+07   0.371947E+01   0.371947E+01   0.298416E+05   0.105941E+07   0.106430E+07   0.105941E+07  -0.183399E-01   0.345183E+06   0.345096E+06   0.221116E+00   0.463192E-03   0.324319E+00  -0.260997E+09
   0.137376E+00   0.100715E+07   0.999850E+06   0.325822E+01   0.325822E+01   0.265695E+05   0.100129E+07   0.100592E+07   0.100129E+07  -0.173338E-01   0.326249E+06   0.326159E+06   0.218673E+00   0.405753E-03   0.324317E+00  -0.237484E+09
   0.142497E+00   0.948970E+06   0.941118E+06   0.285282E+01   0.285282E+01   0.236225E+05   0.943278E+06   0.947652E+06   0.943278E+06  -0.163296E-01   0.307351E+06   0.307257E+06   0.219003E+00   0.355267E-03   0.324316E+00  -0.215686E+09
   0.147618E+00   0.894118E+06   0.885795E+06   0.250423E+01   0.250423E+01   0.210372E+05   0.888595E+06   0.892721E+06   0.888595E+06  -0.153829E-01   0.289536E+06   0.289440E+06   0.216737E+00   0.311855E-03   0.324315E+00  -0.196134E+09
   0.152739E+00   0.845608E+06   0.837100E+06   0.221193E+01   0.221193E+01   0.188368E+05   0.840273E+06   0.844179E+06   0.840273E+06  -0.145464E-01   0.273792E+06   0.273697E+06   0.208879E+00   0.275454E-03   0.324314E+00  -0.179251E+09
   0.157860E+00   0.805110E+06   0.796790E+06   0.197148E+01   0.197148E+01   0.170068E+05   0.799990E+06   0.803713E+06   0.799990E+06  -0.138490E-01   0.260668E+06   0.260575E+06   0.194916E+00   0.245511E-03   0.324313E+00  -0.165122E+09
   0.162982E+00   0.772327E+06   0.764542E+06   0.177430E+01   0.177430E+01   0.154939E+05   0.767445E+06   0.771020E+06   0.767445E+06  -0.132856E-01   0.250063E+06   0.249977E+06   0.176327E+00   0.220955E-03   0.324312E+00  -0.153427E+09
   0.168103E+00   0.745569E+06   0.738546E+06   0.161023E+01   0.161023E+01   0.142250E+05   0.740934E+06   0.744389E+06   0.740934E+06  -0.128267E-01   0.241425E+06   0.241347E+06   0.155749E+00   0.200524E-03   0.324311E+00  -0.143615E+09
   0.173224E+00   0.722704E+06   0.716510E+06   0.147013E+01   0.147013E+01   0.131310E+05   0.718311E+06   0.721664E+06   0.718311E+06  -0.124350E-01   0.234053E+06   0.233983E+06   0.136061E+00   0.183077E-03   0.324311E+00  -0.135114E+09
   0.178345E+00   0.701568E+06   0.696113E+06   0.134654E+01   0.134654E+01   0.121537E+05   0.697394E+06   0.700652E+06   0.697394E+06  -0.120729E-01   0.227237E+06   0.227174E+06   0.119573E+00   0.167686E-03   0.324310E+00  -0.127413E+09
   0.183466E+00   0.680153E+06   0.675234E+06   0.123369E+01   0.123369E+01   0.112466E+05   0.676166E+06   0.679327E+06   0.676166E+06  -0.117054E-01   0.220321E+06   0.220261E+06   0.107523E+00   0.153632E-03   0.324309E+00  -0.120087E+09
   0.188587E+00   0.657160E+06   0.652525E+06   0.112816E+01   0.112816E+01   0.103828E+05   0.653325E+06   0.656382E+06   0.653325E+06  -0.113100E-01   0.212878E+06   0.212822E+06   0.999810E-01   0.140490E-03   0.324309E+00  -0.112880E+09
   0.193708E+00   0.632457E+06   0.627876E+06   0.102907E+01   0.102907E+01   0.955705E+04   0.628744E+06   0.631688E+06   0.628744E+06  -0.108845E-01   0.204870E+06   0.204814E+06   0.960749E-01   0.128150E-03   0.324308E+00  -0.105761E+09
   0.198830E+00   0.606850E+06   0.602166E+06   0.937117E+00   0.937117E+00   0.877888E+04   0.603237E+06   0.606064E+06   0.603237E+06  -0.104429E-01   0.196559E+06   0.196503E+06   0.943781E-01   0.116700E-03   0.324308E+00  -0.988571E+08
   0.203951E+00   0.581461E+06   0.576612E+06   0.853295E+00   0.853295E+00   0.806014E+04   0.577937E+06   0.580647E+06   0.577937E+06  -0.100050E-01   0.188316E+06   0.188259E+06   0.933420E-01   0.106261E-03   0.324307E+00  -0.923330E+08
   0.209072E+00   0.557378E+06   0.552400E+06   0.778296E+00   0.778296E+00   0.741026E+04   0.553944E+06   0.556543E+06   0.553944E+06  -0.958960E-02   0.180499E+06   0.180442E+06   0.916885E-01   0.969218E-04   0.324307E+00  -0.863322E+08
   0.214193E+00   0.535535E+06   0.530529E+06   0.712415E+00   0.712415E+00   0.683477E+04   0.532197E+06   0.534695E+06   0.532197E+06  -0.921312E-02   0.173414E+06   0.173357E+06   0.886659E-01   0.887176E-04   0.324306E+00  -0.809599E+08
   0.219314E+00   0.516495E+06   0.511593E+06   0.655356E+00   0.655356E+00   0.633331E+04   0.513261E+06   0.515672E+06   0.513261E+06  -0.888532E-02   0.167244E+06   0.167189E+06   0.841158E-01   0.816120E-04   0.324306E+00  -0.762563E+08
   0.224435E+00   0.500253E+06   0.495577E+06   0.606126E+00   0.606126E+00   0.589869E+04   0.497132E+06   0.499468E+06   0.497132E+06  -0.860610E-02   0.161988E+06   0.161936E+06   0.783756E-01   0.754813E-04   0.324306E+00  -0.721747E+08
   0.229556E+00   0.486294E+06   0.481924E+06   0.563250E+00   0.563250E+00   0.551833E+04   0.483288E+06   0.485560E+06   0.483288E+06  -0.836644E-02   0.157477E+06   0.157428E+06   0.720854E-01   0.701420E-04   0.324305E+00  -0.685996E+08
   0.234678E+00   0.473831E+06   0.469793E+06   0.525165E+00   0.525165E+00   0.517854E+04   0.470938E+06   0.473153E+06   0.470938E+06  -0.815265E-02   0.153453E+06   0.153407E+06   0.659657E-01   0.653992E-04   0.324305E+00  -0.653880E+08
   0.239799E+00   0.462029E+06   0.458292E+06   0.490481E+00   0.490481E+00   0.486664E+04   0.459241E+06   0.461401E+06   0.459241E+06  -0.795014E-02   0.149641E+06   0.149598E+06   0.606195E-01   0.610800E-04   0.324305E+00  -0.624021E+08
   0.244920E+00   0.450177E+06   0.446671E+06   0.458147E+00   0.458147E+00   0.457306E+04   0.447482E+06   0.449588E+06   0.447482E+06  -0.774658E-02   0.145810E+06   0.145768E+06   0.564015E-01   0.570533E-04   0.324304E+00  -0.595330E+08
   0.250041E+00   0.437861E+06   0.434499E+06   0.427554E+00   0.427554E+00   0.429233E+04   0.435247E+06   0.437297E+06   0.435247E+06  -0.753478E-02   0.141823E+06   0.141783E+06   0.533765E-01   0.532436E-04   0.324304E+00  -0.567194E+08
   0.255162E+00   0.425035E+06   0.421734E+06   0.398532E+00   0.398532E+00   0.402320E+04   0.422491E+06   0.424481E+06   0.422491E+06  -0.731395E-02   0.137667E+06   0.137628E+06   0.513570E-01   0.496295E-04   0.324304E+00  -0.539521E+08
   0.260283E+00   0.411935E+06   0.408637E+06   0.371184E+00   0.371184E+00   0.376724E+04   0.409452E+06   0.411381E+06   0.409452E+06  -0.708823E-02   0.133419E+06   0.133380E+06   0.499940E-01   0.462238E-04   0.324304E+00  -0.512583E+08
   0.265404E+00   0.398934E+06   0.395614E+06   0.345713E+00   0.345713E+00   0.352685E+04   0.396508E+06   0.398377E+06   0.396508E+06  -0.686415E-02   0.129201E+06   0.129162E+06   0.488878E-01   0.430518E-04   0.324303E+00  -0.486802E+08
   0.270526E+00   0.386440E+06   0.383104E+06   0.322310E+00   0.322310E+00   0.330455E+04   0.384070E+06   0.385880E+06   0.384070E+06  -0.664882E-02   0.125148E+06   0.125110E+06   0.476931E-01   0.401375E-04   0.324303E+00  -0.462605E+08
   0.275647E+00   0.374810E+06   0.371491E+06   0.301091E+00   0.301091E+00   0.310189E+04   0.372497E+06   0.374253E+06   0.372497E+06  -0.644847E-02   0.121377E+06   0.121339E+06   0.461892E-01   0.374950E-04   0.324303E+00  -0.440330E+08
   0.280768E+00   0.364258E+06   0.360999E+06   0.282032E+00   0.282032E+00   0.291909E+04   0.362003E+06   0.363711E+06   0.362003E+06  -0.626682E-02   0.117958E+06   0.117921E+06   0.443059E-01   0.351217E-04   0.324303E+00  -0.420121E+08
   0.285889E+00   0.354791E+06   0.351636E+06   0.264951E+00   0.264951E+00   0.275468E+04   0.352598E+06   0.354261E+06   0.352598E+06  -0.610399E-02   0.114894E+06   0.114858E+06   0.421080E-01   0.329946E-04   0.324303E+00  -0.401876E+08
   0.291010E+00   0.346245E+06   0.343222E+06   0.249556E+00   0.249556E+00   0.260591E+04   0.344113E+06   0.345737E+06   0.344113E+06  -0.595712E-02   0.112129E+06   0.112094E+06   0.397515E-01   0.310773E-04   0.324302E+00  -0.385304E+08
   0.296131E+00   0.338356E+06   0.335478E+06   0.235517E+00   0.235517E+00   0.246972E+04   0.336286E+06   0.337873E+06   0.336286E+06  -0.582161E-02   0.109578E+06   0.109545E+06   0.374267E-01   0.293291E-04   0.324302E+00  -0.370028E+08
   0.301252E+00   0.330841E+06   0.328099E+06   0.222531E+00   0.222531E+00   0.234307E+04   0.328828E+06   0.330380E+06   0.328828E+06  -0.569250E-02   0.107148E+06   0.107116E+06   0.353034E-01   0.277120E-04   0.324302E+00  -0.355671E+08
   0.306374E+00   0.323444E+06   0.320815E+06   0.210349E+00   0.210349E+00   0.222359E+04   0.321484E+06   0.323002E+06   0.321484E+06  -0.556537E-02   0.104755E+06   0.104724E+06   0.334917E-01   0.261949E-04   0.324302E+00  -0.341915E+08
   0.311495E+00   0.315995E+06   0.313450E+06   0.198805E+00   0.198805E+00   0.210963E+04   0.314084E+06   0.315567E+06   0.314084E+06  -0.543726E-02   0.102344E+06   0.102314E+06   0.320261E-01   0.247574E-04   0.324302E+00  -0.328553E+08
   0.316616E+00   0.308444E+06   0.305952E+06   0.187827E+00   0.187827E+00   0.200056E+04   0.306577E+06   0.308026E+06   0.306577E+06  -0.530731E-02   0.998979E+05   0.998687E+05   0.308703E-01   0.233903E-04   0.324302E+00  -0.315514E+08
   0.321737E+00   0.300852E+06   0.298391E+06   0.177416E+00   0.177416E+00   0.189648E+04   0.299026E+06   0.300439E+06   0.299026E+06  -0.517659E-02   0.974375E+05   0.974086E+05   0.299385E-01   0.220937E-04   0.324302E+00  -0.302844E+08
   0.326858E+00   0.293347E+06   0.290904E+06   0.167607E+00   0.167607E+00   0.179790E+04   0.291559E+06   0.292936E+06   0.291559E+06  -0.504732E-02   0.950043E+05   0.949758E+05   0.291236E-01   0.208722E-04   0.324301E+00  -0.290655E+08
   0.331979E+00   0.286070E+06   0.283645E+06   0.158442E+00   0.158442E+00   0.170538E+04   0.284319E+06   0.285663E+06   0.284319E+06  -0.492198E-02   0.926453E+05   0.926171E+05   0.283259E-01   0.197308E-04   0.324301E+00  -0.279066E+08
   0.337100E+00   0.279144E+06   0.276746E+06   0.149941E+00   0.149941E+00   0.161920E+04   0.277430E+06   0.278741E+06   0.277430E+06  -0.480272E-02   0.904006E+05   0.903728E+05   0.274745E-01   0.186723E-04   0.324301E+00  -0.268167E+08
   0.342222E+00   0.272646E+06   0.270289E+06   0.142099E+00   0.142099E+00   0.153946E+04   0.270969E+06   0.272251E+06   0.270969E+06  -0.469089E-02   0.882956E+05   0.882683E+05   0.265385E-01   0.176957E-04   0.324301E+00  -0.258003E+08
   0.347343E+00   0.266596E+06   0.264293E+06   0.134879E+00   0.134879E+00   0.146578E+04   0.264956E+06   0.266209E+06   0.264956E+06  -0.458679E-02   0.863362E+05   0.863096E+05   0.255252E-01   0.167966E-04   0.324301E+00  -0.248558E+08
   0.352464E+00   0.260950E+06   0.258712E+06   0.128215E+00   0.128215E+00   0.139760E+04   0.259348E+06   0.260574E+06   0.259348E+06  -0.448970E-02   0.845087E+05   0.844828E+05   0.244705E-01   0.159668E-04   0.324301E+00  -0.239762E+08
   0.357585E+00   0.255625E+06   0.253458E+06   0.122029E+00   0.122029E+00   0.133410E+04   0.254060E+06   0.255261E+06   0.254060E+06  -0.439815E-02   0.827855E+05   0.827604E+05   0.234241E-01   0.151964E-04   0.324301E+00  -0.231510E+08
   0.362706E+00   0.250523E+06   0.248424E+06   0.116242E+00   0.116242E+00   0.127447E+04   0.248993E+06   0.250171E+06   0.248993E+06  -0.431044E-02   0.811345E+05   0.811101E+05   0.224349E-01   0.144757E-04   0.324301E+00  -0.223689E+08
   0.367827E+00   0.245553E+06   0.243516E+06   0.110787E+00   0.110787E+00   0.121807E+04   0.244057E+06   0.245211E+06   0.244057E+06  -0.422498E-02   0.795260E+05   0.795023E+05   0.215384E-01   0.137964E-04   0.324301E+00  -0.216202E+08
   0.372948E+00   0.240648E+06   0.238662E+06   0.105614E+00   0.105614E+00   0.116434E+04   0.239183E+06   0.240314E+06   0.239183E+06  -0.414061E-02   0.779378E+05   0.779146E+05   0.207501E-01   0.131521E-04   0.324301E+00  -0.208975E+08
   0.378070E+00   0.235771E+06   0.233827E+06   0.100689E+00   0.100689E+00   0.111300E+04   0.234336E+06   0.235445E+06   0.234336E+06  -0.405670E-02   0.763585E+05   0.763358E+05   0.200653E-01   0.125389E-04   0.324300E+00  -0.201967E+08
   0.383191E+00   0.230929E+06   0.229016E+06   0.960024E-01   0.960024E-01   0.106392E+04   0.229522E+06   0.230608E+06   0.229522E+06  -0.397336E-02   0.747899E+05   0.747676E+05   0.194636E-01   0.119553E-04   0.324300E+00  -0.195174E+08
   0.388312E+00   0.226162E+06   0.224275E+06   0.915559E-01   0.915559E-01   0.101720E+04   0.224781E+06   0.225845E+06   0.224781E+06  -0.389129E-02   0.732451E+05   0.732231E+05   0.189165E-01   0.114015E-04   0.324300E+00  -0.188622E+08
   0.393433E+00   0.221515E+06   0.219653E+06   0.873547E-01   0.873547E-01   0.972906E+03   0.220160E+06   0.221203E+06   0.220160E+06  -0.381131E-02   0.717396E+05   0.717179E+05   0.183949E-01   0.108784E-04   0.324300E+00  -0.182340E+08
   0.398554E+00   0.217029E+06   0.215191E+06   0.833992E-01   0.833992E-01   0.931069E+03   0.215699E+06   0.216720E+06   0.215699E+06  -0.373407E-02   0.702858E+05   0.702645E+05   0.178752E-01   0.103858E-04   0.324300E+00  -0.176350E+08
   0.403675E+00   0.212726E+06   0.210918E+06   0.796846E-01   0.796846E-01   0.891677E+03   0.211422E+06   0.212423E+06   0.211422E+06  -0.366003E-02   0.688922E+05   0.688712E+05   0.173443E-01   0.992320E-05   0.324300E+00  -0.170660E+08
   0.408796E+00   0.208624E+06   0.206849E+06   0.762020E-01   0.762020E-01   0.854637E+03   0.207344E+06   0.208326E+06   0.207344E+06  -0.358943E-02   0.675634E+05   0.675429E+05   0.168001E-01   0.948951E-05   0.324300E+00  -0.165272E+08
   0.413918E+00   0.204717E+06   0.202979E+06   0.729363E-01   0.729363E-01   0.819830E+03   0.203461E+06   0.204425E+06   0.203461E+06  -0.352222E-02   0.662983E+05   0.662782E+05   0.162496E-01   0.908283E-05   0.324300E+00  -0.160170E+08
   0.419039E+00   0.200979E+06   0.199281E+06   0.698657E-01   0.698657E-01   0.787012E+03   0.199748E+06   0.200694E+06   0.199748E+06  -0.345794E-02   0.650884E+05   0.650686E+05   0.157052E-01   0.870044E-05   0.324300E+00  -0.155326E+08
   0.424160E+00   0.197375E+06   0.195716E+06   0.669663E-01   0.669663E-01   0.755948E+03   0.196167E+06   0.197096E+06   0.196167E+06  -0.339594E-02   0.639214E+05   0.639021E+05   0.151803E-01   0.833938E-05   0.324300E+00  -0.150699E+08
   0.429281E+00   0.193869E+06   0.192247E+06   0.642174E-01   0.642174E-01   0.726412E+03   0.192684E+06   0.193597E+06   0.192684E+06  -0.333565E-02   0.627865E+05   0.627676E+05   0.146860E-01   0.799705E-05   0.324300E+00  -0.146258E+08
   0.434402E+00   0.190440E+06   0.188851E+06   0.616030E-01   0.616030E-01   0.698243E+03   0.189276E+06   0.190173E+06   0.189276E+06  -0.327665E-02   0.616760E+05   0.616575E+05   0.142287E-01   0.767148E-05   0.324300E+00  -0.141977E+08
   0.439523E+00   0.187070E+06   0.185512E+06   0.591113E-01   0.591113E-01   0.671323E+03   0.185928E+06   0.186809E+06   0.185928E+06  -0.321869E-02   0.605850E+05   0.605668E+05   0.138091E-01   0.736119E-05   0.324300E+00  -0.137841E+08
   0.444644E+00   0.183754E+06   0.182222E+06   0.567337E-01   0.567337E-01   0.645557E+03   0.182632E+06   0.183497E+06   0.182632E+06  -0.316163E-02   0.595110E+05   0.594931E+05   0.134229E-01   0.706510E-05   0.324300E+00  -0.133838E+08
   0.449766E+00   0.180496E+06   0.178987E+06   0.544656E-01   0.544656E-01   0.620920E+03   0.179392E+06   0.180242E+06   0.179392E+06  -0.310555E-02   0.584554E+05   0.584378E+05   0.130624E-01   0.678265E-05   0.324300E+00  -0.129967E+08
   0.454887E+00   0.177308E+06   0.175821E+06   0.523055E-01   0.523055E-01   0.597390E+03   0.176223E+06   0.177058E+06   0.176223E+06  -0.305069E-02   0.574228E+05   0.574054E+05   0.127191E-01   0.651365E-05   0.324299E+00  -0.126234E+08
   0.460008E+00   0.174207E+06   0.172741E+06   0.502526E-01   0.502526E-01   0.574978E+03   0.173140E+06   0.173961E+06   0.173140E+06  -0.299732E-02   0.564182E+05   0.564011E+05   0.123856E-01   0.625800E-05   0.324299E+00  -0.122644E+08
   0.465129E+00   0.171203E+06   0.169760E+06   0.483045E-01   0.483045E-01   0.553660E+03   0.170155E+06   0.170961E+06   0.170155E+06  -0.294563E-02   0.554453E+05   0.554285E+05   0.120567E-01   0.601541E-05   0.324299E+00  -0.119202E+08
   0.470250E+00   0.168300E+06   0.166880E+06   0.464568E-01   0.464568E-01   0.533397E+03   0.167269E+06   0.168062E+06   0.167269E+06  -0.289568E-02   0.545051E+05   0.544886E+05   0.117301E-01   0.578531E-05   0.324299E+00  -0.115905E+08
   0.475371E+00   0.165495E+06   0.164099E+06   0.447035E-01   0.447035E-01   0.514134E+03   0.164481E+06   0.165261E+06   0.164481E+06  -0.284742E-02   0.535967E+05   0.535804E+05   0.114064E-01   0.556697E-05   0.324299E+00  -0.112745E+08
   0.480492E+00   0.162782E+06   0.161411E+06   0.430385E-01   0.430385E-01   0.495797E+03   0.161785E+06   0.162552E+06   0.161785E+06  -0.280074E-02   0.527181E+05   0.527022E+05   0.110881E-01   0.535962E-05   0.324299E+00  -0.109715E+08
   0.485614E+00   0.160153E+06   0.158806E+06   0.414551E-01   0.414551E-01   0.478330E+03   0.159172E+06   0.159927E+06   0.159172E+06  -0.275551E-02   0.518668E+05   0.518511E+05   0.107789E-01   0.516244E-05   0.324299E+00  -0.106805E+08
   0.490735E+00   0.157596E+06   0.156274E+06   0.399464E-01   0.399464E-01   0.461646E+03   0.156632E+06   0.157374E+06   0.156632E+06  -0.271153E-02   0.510388E+05   0.510234E+05   0.104820E-01   0.497456E-05   0.324299E+00  -0.104004E+08
   0.495856E+00   0.155099E+06   0.153799E+06   0.385056E-01   0.385056E-01   0.445685E+03   0.154150E+06   0.154881E+06   0.154150E+06  -0.266856E-02   0.502301E+05   0.502150E+05   0.101996E-01   0.479514E-05   0.324299E+00  -0.101298E+08
   0.500977E+00   0.152651E+06   0.151373E+06   0.371272E-01   0.371272E-01   0.430378E+03   0.151717E+06   0.152437E+06   0.151717E+06  -0.262645E-02   0.494376E+05   0.494226E+05   0.993229E-02   0.462348E-05   0.324299E+00  -0.986809E+07
   0.506098E+00   0.150251E+06   0.148993E+06   0.358076E-01   0.358076E-01   0.415698E+03   0.149332E+06   0.150040E+06   0.149332E+06  -0.258516E-02   0.486603E+05   0.486456E+05   0.967948E-02   0.445916E-05   0.324299E+00  -0.961466E+07
   0.511219E+00   0.147900E+06   0.146661E+06   0.345446E-01   0.345446E-01   0.401619E+03   0.146995E+06   0.147692E+06   0.146995E+06  -0.254470E-02   0.478988E+05   0.478843E+05   0.943938E-02   0.430187E-05   0.324299E+00  -0.936938E+07
   0.516340E+00   0.145599E+06   0.144378E+06   0.333359E-01   0.333359E-01   0.388118E+03   0.144708E+06   0.145394E+06   0.144708E+06  -0.250511E-02   0.471536E+05   0.471393E+05   0.920954E-02   0.415136E-05   0.324299E+00  -0.913214E+07
   0.521462E+00   0.143350E+06   0.142147E+06   0.321795E-01   0.321795E-01   0.375179E+03   0.142473E+06   0.143148E+06   0.142473E+06  -0.246641E-02   0.464252E+05   0.464111E+05   0.898747E-02   0.400734E-05   0.324299E+00  -0.890277E+07
   0.526583E+00   0.141156E+06   0.139969E+06   0.310735E-01   0.310735E-01   0.362777E+03   0.140291E+06   0.140957E+06   0.140291E+06  -0.242865E-02   0.457144E+05   0.457005E+05   0.877121E-02   0.386961E-05   0.324299E+00  -0.868121E+07
   0.531704E+00   0.139019E+06   0.137850E+06   0.300165E-01   0.300165E-01   0.350909E+03   0.138168E+06   0.138823E+06   0.138168E+06  -0.239189E-02   0.450224E+05   0.450088E+05   0.855963E-02   0.373798E-05   0.324299E+00  -0.846746E+07
   0.536825E+00   0.136942E+06   0.135790E+06   0.290065E-01   0.290065E-01   0.339546E+03   0.136103E+06   0.136749E+06   0.136103E+06  -0.235615E-02   0.443496E+05   0.443362E+05   0.835241E-02   0.361221E-05   0.324299E+00  -0.826135E+07
   0.541946E+00   0.134920E+06   0.133786E+06   0.280407E-01   0.280407E-01   0.328666E+03   0.134094E+06   0.134730E+06   0.134094E+06  -0.232136E-02   0.436948E+05   0.436816E+05   0.814980E-02   0.349193E-05   0.324299E+00  -0.806247E+07
   0.547067E+00   0.132949E+06   0.131832E+06   0.271161E-01   0.271161E-01   0.318232E+03   0.132135E+06   0.132761E+06   0.132135E+06  -0.228745E-02   0.430565E+05   0.430434E+05   0.795245E-02   0.337680E-05   0.324299E+00  -0.787031E+07
   0.559946E+00   0.128197E+06   0.127122E+06   0.249580E-01   0.249580E-01   0.293805E+03   0.127412E+06   0.128016E+06   0.127412E+06  -0.220569E-02   0.415176E+05   0.415050E+05   0.748451E-02   0.310805E-05   0.324299E+00  -0.741446E+07
   0.593872E+00   0.116813E+06   0.115832E+06   0.202177E-01   0.202177E-01   0.239779E+03   0.116098E+06   0.116649E+06   0.116098E+06  -0.200982E-02   0.378309E+05   0.378194E+05   0.644287E-02   0.251773E-05   0.324299E+00  -0.637012E+07
   0.629853E+00   0.106413E+06   0.105520E+06   0.163735E-01   0.163735E-01   0.195548E+03   0.105761E+06   0.106263E+06   0.105761E+06  -0.183088E-02   0.344626E+05   0.344522E+05   0.553588E-02   0.203901E-05   0.324298E+00  -0.547146E+07
   0.879031E+00   0.622058E+05   0.616839E+05   0.491414E-02   0.491414E-02   0.605917E+02   0.618245E+05   0.621182E+05   0.618245E+05  -0.107027E-02   0.201458E+05   0.201396E+05   0.234092E-02   0.611964E-06   0.324298E+00  -0.229179E+07
   0.122679E+01   0.359245E+05   0.356231E+05   0.145706E-02   0.145706E-02   0.183502E+02   0.357042E+05   0.358739E+05   0.357042E+05  -0.618094E-03   0.116344E+05   0.116308E+05   0.986948E-03   0.181450E-06   0.324297E+00  -0.948351E+06
   0.171212E+01   0.205311E+05   0.203587E+05   0.427533E-03   0.427533E-03   0.545720E+01   0.204052E+05   0.205022E+05   0.204052E+05  -0.353244E-03   0.664915E+04   0.664700E+04   0.418968E-03   0.532414E-07   0.324297E+00  -0.388351E+06
   0.238945E+01   0.116286E+05   0.115308E+05   0.124323E-03   0.124323E-03   0.159979E+01   0.115572E+05   0.116122E+05   0.115572E+05  -0.200073E-03   0.376599E+04   0.376469E+04   0.181818E-03   0.154822E-07   0.324296E+00  -0.157605E+06
