#          k/h    CDM            baryon         photon         nu             mass_nu        total          no_nu          total_de       Weyl           v_CDM          v_b            v_b-v_c        ISW            log_grow       pert_vel    
   0.994668E-05   0.342619E+08   0.342619E+08   0.456647E+08   0.456642E+08   0.342649E+08   0.342619E+08   0.342619E+08   0.342741E+08  -0.458363E+00   0.992908E+07   0.992908E+07   0.748320E+01   0.112839E+07   0.537241E+00  -0.998268E+14
   0.109829E-04   0.342596E+08   0.342596E+08   0.456577E+08   0.456572E+08   0.342626E+08   0.342596E+08   0.342596E+08   0.342718E+08  -0.458332E+00   0.992873E+07   0.992873E+07   0.826252E+01   0.925529E+06   0.537190E+00  -0.904047E+14
   0.121272E-04   0.342568E+08   0.342568E+08   0.456492E+08   0.456486E+08   0.342598E+08   0.342569E+08   0.342568E+08   0.342691E+08  -0.458295E+00   0.992830E+07   0.992830E+07   0.912292E+01   0.759146E+06   0.537129E+00  -0.818712E+14
   0.133906E-04   0.342535E+08   0.342535E+08   0.456389E+08   0.456381E+08   0.342564E+08   0.342535E+08   0.342535E+08   0.342657E+08  -0.458250E+00   0.992778E+07   0.992778E+07   0.100728E+02   0.622679E+06   0.537054E+00  -0.741425E+14
   0.147857E-04   0.342493E+08   0.342493E+08   0.456263E+08   0.456253E+08   0.342523E+08   0.342493E+08   0.342493E+08   0.342615E+08  -0.458194E+00   0.992714E+07   0.992714E+07   0.111215E+02   0.510749E+06   0.536963E+00  -0.671427E+14
   0.163261E-04   0.342443E+08   0.342443E+08   0.456110E+08   0.456098E+08   0.342472E+08   0.342443E+08   0.342443E+08   0.342565E+08  -0.458127E+00   0.992636E+07   0.992636E+07   0.122792E+02   0.418944E+06   0.536853E+00  -0.608028E+14
   0.180270E-04   0.342382E+08   0.342382E+08   0.455923E+08   0.455908E+08   0.342411E+08   0.342382E+08   0.342382E+08   0.342504E+08  -0.458045E+00   0.992541E+07   0.992540E+07   0.135571E+02   0.343646E+06   0.536718E+00  -0.550606E+14
   0.199051E-04   0.342307E+08   0.342307E+08   0.455695E+08   0.455677E+08   0.342336E+08   0.342307E+08   0.342307E+08   0.342429E+08  -0.457945E+00   0.992425E+07   0.992425E+07   0.149677E+02   0.281886E+06   0.536554E+00  -0.498597E+14
   0.219788E-04   0.342216E+08   0.342216E+08   0.455418E+08   0.455395E+08   0.342244E+08   0.342217E+08   0.342216E+08   0.342338E+08  -0.457824E+00   0.992284E+07   0.992284E+07   0.165246E+02   0.231231E+06   0.536354E+00  -0.451489E+14
   0.242687E-04   0.342106E+08   0.342106E+08   0.455079E+08   0.455052E+08   0.342133E+08   0.342106E+08   0.342106E+08   0.342228E+08  -0.457676E+00   0.992112E+07   0.992112E+07   0.182429E+02   0.189684E+06   0.536111E+00  -0.408819E+14
   0.267970E-04   0.341971E+08   0.341971E+08   0.454668E+08   0.454635E+08   0.341998E+08   0.341971E+08   0.341971E+08   0.342093E+08  -0.457495E+00   0.991903E+07   0.991903E+07   0.201391E+02   0.155607E+06   0.535815E+00  -0.370168E+14
   0.295888E-04   0.341807E+08   0.341807E+08   0.454166E+08   0.454126E+08   0.341834E+08   0.341808E+08   0.341807E+08   0.341929E+08  -0.457276E+00   0.991648E+07   0.991648E+07   0.222314E+02   0.127656E+06   0.535456E+00  -0.335156E+14
   0.326714E-04   0.341608E+08   0.341608E+08   0.453556E+08   0.453507E+08   0.341634E+08   0.341608E+08   0.341608E+08   0.341730E+08  -0.457010E+00   0.991338E+07   0.991338E+07   0.245395E+02   0.104731E+06   0.535021E+00  -0.303438E+14
   0.360752E-04   0.341366E+08   0.341366E+08   0.452814E+08   0.452754E+08   0.341390E+08   0.341366E+08   0.341366E+08   0.341487E+08  -0.456686E+00   0.990962E+07   0.990961E+07   0.270854E+02   0.859277E+05   0.534492E+00  -0.274703E+14
   0.398336E-04   0.341072E+08   0.341072E+08   0.451911E+08   0.451838E+08   0.341095E+08   0.341072E+08   0.341072E+08   0.341193E+08  -0.456292E+00   0.990503E+07   0.990503E+07   0.298928E+02   0.705047E+05   0.533852E+00  -0.248669E+14
   0.439836E-04   0.340715E+08   0.340715E+08   0.450814E+08   0.450725E+08   0.340737E+08   0.340715E+08   0.340715E+08   0.340836E+08  -0.455814E+00   0.989946E+07   0.989946E+07   0.329877E+02   0.578542E+05   0.533077E+00  -0.225080E+14
   0.485659E-04   0.340283E+08   0.340283E+08   0.449481E+08   0.449373E+08   0.340302E+08   0.340283E+08   0.340283E+08   0.340403E+08  -0.455235E+00   0.989269E+07   0.989269E+07   0.363984E+02   0.474777E+05   0.532141E+00  -0.203704E+14
   0.536256E-04   0.339759E+08   0.339759E+08   0.447863E+08   0.447732E+08   0.339776E+08   0.339759E+08   0.339759E+08   0.339879E+08  -0.454534E+00   0.988448E+07   0.988448E+07   0.401554E+02   0.389660E+05   0.531012E+00  -0.184331E+14
   0.592125E-04   0.339125E+08   0.339125E+08   0.445902E+08   0.445742E+08   0.339140E+08   0.339125E+08   0.339125E+08   0.339245E+08  -0.453686E+00   0.987453E+07   0.987452E+07   0.442918E+02   0.319839E+05   0.529655E+00  -0.166770E+14
   0.653814E-04   0.338361E+08   0.338360E+08   0.443526E+08   0.443332E+08   0.338371E+08   0.338361E+08   0.338361E+08   0.338479E+08  -0.452662E+00   0.986248E+07   0.986246E+07   0.488429E+02   0.262560E+05   0.528028E+00  -0.150851E+14
   0.721930E-04   0.337440E+08   0.337439E+08   0.440653E+08   0.440417E+08   0.337446E+08   0.337440E+08   0.337440E+08   0.337557E+08  -0.451429E+00   0.984790E+07   0.984789E+07   0.538465E+02   0.215567E+05   0.526083E+00  -0.136416E+14
   0.797142E-04   0.336333E+08   0.336332E+08   0.437184E+08   0.436897E+08   0.336334E+08   0.336333E+08   0.336333E+08   0.336449E+08  -0.449947E+00   0.983032E+07   0.983030E+07   0.593424E+02   0.177009E+05   0.523767E+00  -0.123324E+14
   0.880190E-04   0.335007E+08   0.335006E+08   0.433003E+08   0.432656E+08   0.335001E+08   0.335007E+08   0.335007E+08   0.335122E+08  -0.448172E+00   0.980914E+07   0.980912E+07   0.653719E+02   0.145365E+05   0.521025E+00  -0.111447E+14
   0.971891E-04   0.333424E+08   0.333423E+08   0.427979E+08   0.427558E+08   0.333410E+08   0.333423E+08   0.333423E+08   0.333538E+08  -0.446053E+00   0.978369E+07   0.978367E+07   0.719777E+02   0.119391E+05   0.517797E+00  -0.100670E+14
   0.107314E-03   0.331542E+08   0.331541E+08   0.421956E+08   0.421447E+08   0.331519E+08   0.331541E+08   0.331541E+08   0.331654E+08  -0.443533E+00   0.975322E+07   0.975319E+07   0.792022E+02   0.980638E+04   0.514021E+00  -0.908878E+13
   0.118495E-03   0.329315E+08   0.329314E+08   0.414761E+08   0.414148E+08   0.329281E+08   0.329315E+08   0.329315E+08   0.329425E+08  -0.440552E+00   0.971684E+07   0.971681E+07   0.870871E+02   0.805460E+04   0.509641E+00  -0.820053E+13
   0.130840E-03   0.326696E+08   0.326694E+08   0.406202E+08   0.405464E+08   0.326648E+08   0.326695E+08   0.326696E+08   0.326804E+08  -0.437046E+00   0.967361E+07   0.967357E+07   0.956705E+02   0.661502E+04   0.504607E+00  -0.739374E+13
   0.144471E-03   0.323635E+08   0.323634E+08   0.396066E+08   0.395180E+08   0.323570E+08   0.323635E+08   0.323635E+08   0.323740E+08  -0.432948E+00   0.962247E+07   0.962243E+07   0.104985E+03   0.543132E+04   0.498884E+00  -0.666073E+13
   0.159522E-03   0.320085E+08   0.320083E+08   0.384130E+08   0.383070E+08   0.319999E+08   0.320085E+08   0.320085E+08   0.320187E+08  -0.428195E+00   0.956232E+07   0.956226E+07   0.115055E+03   0.445739E+04   0.492456E+00  -0.599456E+13
   0.176142E-03   0.316003E+08   0.316001E+08   0.370165E+08   0.368903E+08   0.315892E+08   0.316002E+08   0.316003E+08   0.316101E+08  -0.422730E+00   0.949202E+07   0.949195E+07   0.125891E+03   0.365549E+04   0.485339E+00  -0.538904E+13
   0.194493E-03   0.311354E+08   0.311351E+08   0.353948E+08   0.352452E+08   0.311212E+08   0.311353E+08   0.311354E+08   0.311447E+08  -0.416504E+00   0.941046E+07   0.941038E+07   0.137483E+03   0.299480E+04   0.477577E+00  -0.483863E+13
   0.214755E-03   0.306114E+08   0.306111E+08   0.335281E+08   0.333518E+08   0.305935E+08   0.306113E+08   0.306114E+08   0.306202E+08  -0.409487E+00   0.931660E+07   0.931651E+07   0.149798E+03   0.245015E+04   0.469257E+00  -0.433839E+13
   0.237129E-03   0.300276E+08   0.300272E+08   0.314010E+08   0.311949E+08   0.300052E+08   0.300275E+08   0.300276E+08   0.300358E+08  -0.401669E+00   0.920959E+07   0.920947E+07   0.162768E+03   0.200104E+04   0.460502E+00  -0.388392E+13
   0.261834E-03   0.293852E+08   0.293847E+08   0.290060E+08   0.287672E+08   0.293572E+08   0.293850E+08   0.293851E+08   0.293927E+08  -0.393065E+00   0.908878E+07   0.908864E+07   0.176280E+03   0.163077E+04   0.451470E+00  -0.347132E+13
   0.289112E-03   0.286874E+08   0.286868E+08   0.263468E+08   0.260732E+08   0.286527E+08   0.286871E+08   0.286872E+08   0.286941E+08  -0.383718E+00   0.895387E+07   0.895370E+07   0.190168E+03   0.132571E+04   0.442342E+00  -0.309713E+13
   0.319233E-03   0.279395E+08   0.279388E+08   0.234434E+08   0.231339E+08   0.278968E+08   0.279392E+08   0.279394E+08   0.279454E+08  -0.373700E+00   0.880495E+07   0.880475E+07   0.204201E+03   0.107473E+04   0.433313E+00  -0.275825E+13
   0.352491E-03   0.271490E+08   0.271482E+08   0.203363E+08   0.199918E+08   0.270965E+08   0.271486E+08   0.271489E+08   0.271540E+08  -0.363111E+00   0.864254E+07   0.864231E+07   0.218073E+03   0.868676E+03   0.424575E+00  -0.245193E+13
   0.389215E-03   0.263250E+08   0.263240E+08   0.170922E+08   0.167159E+08   0.262607E+08   0.263246E+08   0.263249E+08   0.263291E+08  -0.352071E+00   0.846767E+07   0.846740E+07   0.231398E+03   0.699980E+03   0.416299E+00  -0.217565E+13
   0.429764E-03   0.254779E+08   0.254767E+08   0.138072E+08   0.134051E+08   0.253993E+08   0.254773E+08   0.254777E+08   0.254809E+08  -0.340720E+00   0.828178E+07   0.828146E+07   0.243709E+03   0.562343E+03   0.408627E+00  -0.192711E+13
   0.474538E-03   0.246185E+08   0.246171E+08   0.106073E+08   0.101882E+08   0.245227E+08   0.246178E+08   0.246182E+08   0.246206E+08  -0.329204E+00   0.808676E+07   0.808639E+07   0.254469E+03   0.450482E+03   0.401660E+00  -0.170418E+13
   0.523976E-03   0.237579E+08   0.237562E+08   0.764267E+07   0.721746E+07   0.236414E+08   0.237571E+08   0.237576E+08   0.237591E+08  -0.317673E+00   0.788481E+07   0.788440E+07   0.263098E+03   0.359944E+03   0.395458E+00  -0.150484E+13
   0.578566E-03   0.229067E+08   0.229048E+08   0.507203E+07   0.465168E+07   0.227653E+08   0.229057E+08   0.229064E+08   0.229071E+08  -0.306268E+00   0.767837E+07   0.767791E+07   0.269016E+03   0.286971E+03   0.390039E+00  -0.132718E+13
   0.638842E-03   0.220746E+08   0.220724E+08   0.303578E+07   0.262787E+07   0.219032E+08   0.220734E+08   0.220743E+08   0.220742E+08  -0.295120E+00   0.746999E+07   0.746947E+07   0.271708E+03   0.228391E+03   0.385385E+00  -0.116933E+13
   0.705398E-03   0.212700E+08   0.212675E+08   0.161813E+07   0.122244E+07   0.210628E+08   0.212686E+08   0.212696E+08   0.212690E+08  -0.284343E+00   0.726220E+07   0.726163E+07   0.270795E+03   0.181540E+03   0.381453E+00  -0.102954E+13
   0.778888E-03   0.204998E+08   0.204970E+08   0.808138E+06   0.412789E+06   0.202499E+08   0.204982E+08   0.204994E+08   0.204984E+08  -0.274030E+00   0.705741E+07   0.705679E+07   0.266111E+03   0.144190E+03   0.378180E+00  -0.906108E+12
   0.860035E-03   0.197695E+08   0.197663E+08   0.479119E+06   0.602461E+05   0.194687E+08   0.197675E+08   0.197689E+08   0.197676E+08  -0.264252E+00   0.685780E+07   0.685713E+07   0.257745E+03   0.114494E+03   0.375490E+00  -0.797402E+12
   0.949635E-03   0.190827E+08   0.190793E+08   0.412357E+06  -0.587986E+05   0.187218E+08   0.190804E+08   0.190821E+08   0.190805E+08  -0.255061E+00   0.666523E+07   0.666453E+07   0.246032E+03   0.909315E+02   0.373306E+00  -0.701886E+12
   0.104857E-02   0.184419E+08   0.184382E+08   0.379643E+06  -0.161232E+06   0.180099E+08   0.184392E+08   0.184413E+08   0.184393E+08  -0.246486E+00   0.648123E+07   0.648050E+07   0.231481E+03   0.722601E+02   0.371549E+00  -0.618113E+12
   0.115781E-02   0.178480E+08   0.178441E+08   0.257041E+06  -0.339178E+06   0.173327E+08   0.178449E+08   0.178473E+08   0.178449E+08  -0.238539E+00   0.630691E+07   0.630617E+07   0.214678E+03   0.574746E+02   0.370147E+00  -0.544735E+12
   0.127844E-02   0.173007E+08   0.172966E+08   0.845832E+05  -0.510234E+06   0.166885E+08   0.172971E+08   0.173000E+08   0.172971E+08  -0.231214E+00   0.614299E+07   0.614224E+07   0.196221E+03   0.457670E+02   0.369036E+00  -0.480516E+12
   0.141163E-02   0.167986E+08   0.167944E+08  -0.157094E+05  -0.526047E+06   0.160753E+08   0.167945E+08   0.167979E+08   0.167945E+08  -0.224494E+00   0.598978E+07   0.598903E+07   0.176760E+03   0.364929E+02   0.368158E+00  -0.424324E+12
   0.155869E-02   0.163395E+08   0.163353E+08  -0.154495E+05   0.411090E+06   0.154900E+08   0.163348E+08   0.163388E+08   0.163348E+08  -0.218349E+00   0.584720E+07   0.584647E+07   0.157084E+03   0.291418E+02   0.367465E+00  -0.375141E+12
   0.172108E-02   0.159204E+08   0.159162E+08  -0.193943E+05   0.328526E+06   0.149290E+08   0.159150E+08   0.159197E+08   0.159150E+08  -0.212737E+00   0.571495E+07   0.571424E+07   0.138099E+03   0.233059E+02   0.366920E+00  -0.332061E+12
   0.190039E-02   0.155377E+08   0.155335E+08  -0.679358E+05   0.262978E+06   0.143891E+08   0.155316E+08   0.155370E+08   0.155316E+08  -0.207610E+00   0.559235E+07   0.559166E+07   0.120641E+03   0.186662E+02   0.366490E+00  -0.294279E+12
   0.209838E-02   0.151874E+08   0.151833E+08  -0.660774E+05   0.210831E+06   0.138670E+08   0.151805E+08   0.151867E+08   0.151805E+08  -0.202916E+00   0.547852E+07   0.547786E+07   0.105302E+03   0.149709E+02   0.366149E+00  -0.261088E+12
   0.231699E-02   0.148652E+08   0.148611E+08  -0.358128E+05   0.169255E+06   0.133597E+08   0.148574E+08   0.148646E+08   0.148574E+08  -0.198598E+00   0.537241E+07   0.537177E+07   0.923930E+02   0.120223E+02   0.365878E+00  -0.231874E+12
   0.255838E-02   0.145668E+08   0.145627E+08  -0.546571E+05   0.136035E+06   0.128644E+08   0.145581E+08   0.145661E+08   0.145581E+08  -0.194596E+00   0.527285E+07   0.527222E+07   0.818485E+02   0.966480E+01   0.365660E+00  -0.206104E+12
   0.282492E-02   0.142877E+08   0.142834E+08  -0.363114E+05   0.109438E+06   0.123786E+08   0.142780E+08   0.142870E+08   0.142780E+08  -0.190851E+00   0.517857E+07   0.517795E+07   0.731592E+02   0.777631E+01   0.365484E+00  -0.183321E+12
   0.311923E-02   0.140236E+08   0.140191E+08  -0.298077E+05   0.881005E+05   0.118991E+08   0.140128E+08   0.140228E+08   0.140128E+08  -0.187306E+00   0.508831E+07   0.508770E+07   0.656427E+02   0.626082E+01   0.365339E+00  -0.163130E+12
   0.344419E-02   0.137702E+08   0.137654E+08  -0.175547E+05   0.709538E+05   0.114229E+08   0.137583E+08   0.137694E+08   0.137583E+08  -0.183904E+00   0.500079E+07   0.500018E+07   0.587251E+02   0.504260E+01   0.365219E+00  -0.145197E+12
   0.380302E-02   0.135235E+08   0.135186E+08  -0.128386E+05   0.571536E+05   0.109467E+08   0.135105E+08   0.135227E+08   0.135105E+08  -0.180592E+00   0.491477E+07   0.491417E+07   0.522375E+02   0.406197E+01   0.365118E+00  -0.129235E+12
   0.419923E-02   0.132799E+08   0.132747E+08  -0.313708E+04   0.460326E+05   0.104677E+08   0.132657E+08   0.132791E+08   0.132658E+08  -0.177320E+00   0.482905E+07   0.482847E+07   0.463886E+02   0.327160E+01   0.365032E+00  -0.115001E+12
   0.463671E-02   0.130359E+08   0.130303E+08  -0.810372E+04   0.370618E+05   0.998370E+07   0.130205E+08   0.130350E+08   0.130205E+08  -0.174042E+00   0.474253E+07   0.474195E+07   0.414026E+02   0.263399E+01   0.364957E+00  -0.102284E+12
   0.511978E-02   0.127882E+08   0.127821E+08  -0.108407E+05   0.298202E+05   0.949444E+07   0.127716E+08   0.127872E+08   0.127716E+08  -0.170715E+00   0.465414E+07   0.465356E+07   0.371677E+02   0.211926E+01   0.364891E+00  -0.909065E+11
   0.565317E-02   0.125344E+08   0.125276E+08  -0.824303E+04   0.239728E+05   0.897750E+07   0.125164E+08   0.125333E+08   0.125164E+08  -0.167304E+00   0.456303E+07   0.456246E+07   0.333640E+02   0.170360E+01   0.364829E+00  -0.807176E+11
   0.624213E-02   0.122709E+08   0.122634E+08  -0.728115E+04   0.192489E+05   0.846030E+07   0.122516E+08   0.122697E+08   0.122516E+08  -0.163765E+00   0.446805E+07   0.446749E+07   0.298824E+02   0.136781E+01   0.364773E+00  -0.715801E+11
   0.689245E-02   0.119957E+08   0.119873E+08  -0.430667E+04   0.154335E+05   0.793119E+07   0.119751E+08   0.119943E+08   0.119751E+08  -0.160068E+00   0.436849E+07   0.436794E+07   0.268442E+02   0.109661E+01   0.364721E+00  -0.633818E+11
   0.761052E-02   0.117065E+08   0.116971E+08  -0.423466E+04   0.123532E+05   0.739786E+07   0.116846E+08   0.117050E+08   0.116846E+08  -0.156185E+00   0.426361E+07   0.426305E+07   0.241930E+02   0.877665E+00   0.364671E+00  -0.560234E+11
   0.840340E-02   0.114014E+08   0.113907E+08  -0.484833E+04   0.986769E+04   0.686782E+07   0.113781E+08   0.113996E+08   0.113781E+08  -0.152088E+00   0.415270E+07   0.415215E+07   0.218069E+02   0.701014E+00   0.364624E+00  -0.494176E+11
   0.927889E-02   0.110784E+08   0.110663E+08  -0.301643E+04   0.786401E+04   0.633964E+07   0.110540E+08   0.110764E+08   0.110540E+08  -0.147756E+00   0.403517E+07   0.403463E+07   0.197057E+02   0.558618E+00   0.364580E+00  -0.434883E+11
   0.102456E-01   0.107362E+08   0.107222E+08  -0.286624E+04   0.625055E+04   0.581208E+07   0.107105E+08   0.107338E+08   0.107105E+08  -0.143165E+00   0.391047E+07   0.390992E+07   0.178482E+02   0.443962E+00   0.364537E+00  -0.381678E+11
   0.113130E-01   0.103730E+08   0.103570E+08  -0.254939E+04   0.495307E+04   0.529065E+07   0.103463E+08   0.103703E+08   0.103463E+08  -0.138296E+00   0.377805E+07   0.377750E+07   0.162045E+02   0.351770E+00   0.364496E+00  -0.333960E+11
   0.124916E-01   0.998764E+07   0.996926E+07  -0.186142E+04   0.391137E+04   0.478162E+07   0.995993E+07   0.998456E+07   0.995993E+07  -0.133132E+00   0.363746E+07   0.363691E+07   0.147523E+02   0.277760E+00   0.364456E+00  -0.291195E+11
   0.137930E-01   0.957903E+07   0.955792E+07  -0.177255E+04   0.307666E+04   0.428847E+07   0.955046E+07   0.957548E+07   0.955046E+07  -0.127658E+00   0.348834E+07   0.348779E+07   0.134667E+02   0.218462E+00   0.364418E+00  -0.252909E+11
   0.152300E-01   0.914646E+07   0.912228E+07  -0.140217E+04   0.240933E+04   0.381180E+07   0.911717E+07   0.914240E+07   0.911717E+07  -0.121867E+00   0.333046E+07   0.332989E+07   0.123226E+02   0.171061E+00   0.364382E+00  -0.218679E+11
   0.168167E-01   0.869983E+07   0.867225E+07  -0.108053E+04   0.187947E+04   0.336254E+07   0.866996E+07   0.869520E+07   0.866996E+07  -0.115889E+00   0.316742E+07   0.316685E+07   0.113066E+02   0.133428E+00   0.364348E+00  -0.188351E+11
   0.185687E-01   0.822171E+07   0.819045E+07  -0.961759E+03   0.145666E+04   0.293473E+07   0.819146E+07   0.821646E+07   0.819146E+07  -0.109493E+00   0.299289E+07   0.299231E+07   0.103781E+02   0.103403E+00   0.364315E+00  -0.161180E+11
   0.205033E-01   0.772214E+07   0.768703E+07  -0.609386E+03   0.112201E+04   0.253546E+07   0.769172E+07   0.771624E+07   0.769172E+07  -0.102813E+00   0.281055E+07   0.280997E+07   0.952036E+01   0.796404E-01   0.364284E+00  -0.137079E+11
   0.226393E-01   0.719697E+07   0.715801E+07  -0.551374E+03   0.857561E+03   0.216460E+07   0.716664E+07   0.719043E+07   0.716664E+07  -0.957944E-01   0.261890E+07   0.261831E+07   0.870509E+01   0.608647E-01   0.364255E+00  -0.115679E+11
   0.249980E-01   0.666477E+07   0.662220E+07  -0.415244E+03   0.651250E+03   0.182904E+07   0.663478E+07   0.665763E+07   0.663478E+07  -0.886851E-01   0.242473E+07   0.242414E+07   0.791546E+01   0.462186E-01   0.364227E+00  -0.969967E+10
   0.276023E-01   0.613171E+07   0.608610E+07  -0.289430E+03   0.491344E+03   0.152924E+07   0.610231E+07   0.612405E+07   0.610231E+07  -0.815677E-01   0.223029E+07   0.222970E+07   0.712949E+01   0.348678E-01   0.364202E+00  -0.808004E+10
   0.304780E-01   0.559998E+07   0.555231E+07  -0.249926E+03   0.367986E+03   0.126415E+07   0.557150E+07   0.559198E+07   0.557150E+07  -0.744726E-01   0.203643E+07   0.203585E+07   0.632494E+01   0.261122E-01   0.364179E+00  -0.668157E+10
   0.336533E-01   0.508389E+07   0.503559E+07  -0.168223E+03   0.273959E+03   0.103464E+07   0.505665E+07   0.507578E+07   0.505665E+07  -0.675908E-01   0.184836E+07   0.184781E+07   0.549282E+01   0.194390E-01   0.364157E+00  -0.549230E+10
   0.371593E-01   0.460194E+07   0.455489E+07  -0.126896E+03   0.203374E+03   0.841060E+06   0.457628E+07   0.459404E+07   0.457628E+07  -0.611697E-01   0.167286E+07   0.167235E+07   0.463639E+01   0.144299E-01   0.364137E+00  -0.450180E+10
   0.410307E-01   0.416587E+07   0.412221E+07  -0.111196E+03   0.150995E+03   0.681061E+06   0.414208E+07   0.415854E+07   0.414208E+07  -0.553660E-01   0.151422E+07   0.151376E+07   0.377130E+01   0.107129E-01   0.364119E+00  -0.369041E+10
   0.451338E-01   0.380129E+07   0.376279E+07   0.113875E+03   0.113875E+03   0.556264E+06   0.377950E+07   0.379483E+07   0.377950E+07  -0.505195E-01   0.138166E+07   0.138123E+07   0.311983E+01   0.807968E-02   0.364082E+00  -0.306120E+10
   0.492368E-01   0.351342E+07   0.348103E+07   0.884534E+02   0.884534E+02   0.463303E+06   0.349357E+07   0.350798E+07   0.349357E+07  -0.466975E-01   0.127717E+07   0.127681E+07   0.241532E+01   0.627579E-02   0.364069E+00  -0.259391E+10
   0.533399E-01   0.328142E+07   0.325512E+07   0.704060E+02   0.704060E+02   0.392202E+06   0.326335E+07   0.327700E+07   0.326335E+07  -0.436202E-01   0.119304E+07   0.119274E+07   0.185359E+01   0.499520E-02   0.364058E+00  -0.223666E+10
   0.574430E-01   0.308608E+07   0.306514E+07   0.571053E+02   0.571053E+02   0.336058E+06   0.306957E+07   0.308256E+07   0.306957E+07  -0.410300E-01   0.112222E+07   0.112197E+07   0.143212E+01   0.405145E-02   0.364048E+00  -0.195363E+10
   0.615460E-01   0.291241E+07   0.289557E+07   0.469535E+02   0.469535E+02   0.290287E+06   0.289718E+07   0.290958E+07   0.289718E+07  -0.387258E-01   0.105922E+07   0.105901E+07   0.113851E+01   0.333115E-02   0.364040E+00  -0.172103E+10
   0.656491E-01   0.274882E+07   0.273459E+07   0.389537E+02   0.389537E+02   0.251811E+06   0.273462E+07   0.274643E+07   0.273462E+07  -0.365529E-01   0.999807E+06   0.999619E+06   0.952228E+00   0.276356E-02   0.364033E+00  -0.152296E+10
   0.697522E-01   0.258710E+07   0.257402E+07   0.324763E+02   0.324763E+02   0.218623E+06   0.257371E+07   0.258490E+07   0.257371E+07  -0.344020E-01   0.940992E+06   0.940814E+06   0.847556E+00   0.230400E-02   0.364027E+00  -0.134906E+10
   0.738552E-01   0.242860E+07   0.241547E+07   0.271918E+02   0.271918E+02   0.189967E+06   0.241582E+07   0.242640E+07   0.241582E+07  -0.322915E-01   0.883280E+06   0.883103E+06   0.798635E+00   0.192907E-02   0.364021E+00  -0.119597E+10
   0.779583E-01   0.226820E+07   0.225420E+07   0.227900E+02   0.227900E+02   0.164731E+06   0.225590E+07   0.226585E+07   0.225590E+07  -0.301540E-01   0.824828E+06   0.824646E+06   0.778777E+00   0.161678E-02   0.364017E+00  -0.105804E+10
   0.820614E-01   0.211369E+07   0.209850E+07   0.191636E+02   0.191636E+02   0.142941E+06   0.210182E+07   0.211114E+07   0.210182E+07  -0.280945E-01   0.768505E+06   0.768316E+06   0.768262E+00   0.135950E-02   0.364012E+00  -0.936496E+09
   0.861644E-01   0.196932E+07   0.195302E+07   0.161917E+02   0.161917E+02   0.124339E+06   0.195786E+07   0.196658E+07   0.195786E+07  -0.261702E-01   0.715879E+06   0.715685E+06   0.752179E+00   0.114867E-02   0.364009E+00  -0.830822E+09
   0.912856E-01   0.180875E+07   0.179169E+07   0.132472E+02   0.132472E+02   0.105188E+06   0.179784E+07   0.180589E+07   0.179784E+07  -0.240312E-01   0.657379E+06   0.657184E+06   0.711841E+00   0.939770E-03   0.364004E+00  -0.720125E+09
   0.964067E-01   0.167481E+07   0.165800E+07   0.109965E+02   0.109965E+02   0.900360E+05   0.166450E+07   0.167199E+07   0.166450E+07  -0.222489E-01   0.608631E+06   0.608444E+06   0.645987E+00   0.780101E-03   0.364001E+00  -0.631307E+09
   0.101528E+00   0.156913E+07   0.155359E+07   0.928975E+01   0.928975E+01   0.782388E+05   0.155948E+07   0.156652E+07   0.155948E+07  -0.208451E-01   0.570235E+06   0.570065E+06   0.561286E+00   0.659017E-03   0.363997E+00  -0.561647E+09
   0.106649E+00   0.148789E+07   0.147432E+07   0.798417E+01   0.798417E+01   0.690205E+05   0.147891E+07   0.148561E+07   0.147891E+07  -0.197681E-01   0.540777E+06   0.540627E+06   0.469820E+00   0.566397E-03   0.363995E+00  -0.507058E+09
   0.111770E+00   0.142311E+07   0.141178E+07   0.695415E+01   0.695415E+01   0.615877E+05   0.141477E+07   0.142121E+07   0.141477E+07  -0.189109E-01   0.517328E+06   0.517199E+06   0.384290E+00   0.493325E-03   0.363992E+00  -0.462847E+09
   0.116891E+00   0.136619E+07   0.135689E+07   0.610503E+01   0.610503E+01   0.552981E+05   0.135843E+07   0.136463E+07   0.135843E+07  -0.181578E-01   0.496727E+06   0.496617E+06   0.314511E+00   0.433088E-03   0.363990E+00  -0.424948E+09
   0.122012E+00   0.131041E+07   0.130259E+07   0.537528E+01   0.537528E+01   0.497205E+05   0.130314E+07   0.130910E+07   0.130314E+07  -0.174186E-01   0.476509E+06   0.476412E+06   0.265454E+00   0.381319E-03   0.363988E+00  -0.390543E+09
   0.127134E+00   0.125182E+07   0.124478E+07   0.472987E+01   0.472987E+01   0.446174E+05   0.124493E+07   0.125064E+07   0.124493E+07  -0.166406E-01   0.455228E+06   0.455138E+06   0.236914E+00   0.335533E-03   0.363986E+00  -0.358072E+09
   0.132255E+00   0.118934E+07   0.118240E+07   0.415235E+01   0.415235E+01   0.398967E+05   0.118274E+07   0.118817E+07   0.118274E+07  -0.158093E-01   0.432489E+06   0.432400E+06   0.224561E+00   0.294564E-03   0.363984E+00  -0.327013E+09
   0.137376E+00   0.112422E+07   0.111692E+07   0.363743E+01   0.363743E+01   0.355581E+05   0.111785E+07   0.112299E+07   0.111785E+07  -0.149419E-01   0.408764E+06   0.408673E+06   0.221808E+00   0.258035E-03   0.363983E+00  -0.297551E+09
   0.142497E+00   0.105926E+07   0.105140E+07   0.318484E+01   0.318484E+01   0.316442E+05   0.105308E+07   0.105794E+07   0.105308E+07  -0.140762E-01   0.385085E+06   0.384990E+06   0.221851E+00   0.225929E-03   0.363981E+00  -0.270239E+09
   0.147618E+00   0.998013E+06   0.989687E+06   0.279567E+01   0.279567E+01   0.282066E+05   0.992032E+06   0.996615E+06   0.992032E+06  -0.132602E-01   0.362763E+06   0.362666E+06   0.219327E+00   0.198321E-03   0.363980E+00  -0.245742E+09
   0.152739E+00   0.943852E+06   0.935341E+06   0.246935E+01   0.246935E+01   0.252778E+05   0.938083E+06   0.942423E+06   0.938083E+06  -0.125391E-01   0.343037E+06   0.342941E+06   0.211246E+00   0.175172E-03   0.363979E+00  -0.224588E+09
   0.157860E+00   0.898644E+06   0.890321E+06   0.220091E+01   0.220091E+01   0.228407E+05   0.893108E+06   0.897247E+06   0.893108E+06  -0.119379E-01   0.326592E+06   0.326499E+06   0.197097E+00   0.156130E-03   0.363978E+00  -0.206885E+09
   0.162982E+00   0.862056E+06   0.854267E+06   0.198078E+01   0.198078E+01   0.208249E+05   0.856773E+06   0.860748E+06   0.856773E+06  -0.114522E-01   0.313306E+06   0.313219E+06   0.178354E+00   0.140514E-03   0.363977E+00  -0.192232E+09
   0.168103E+00   0.832197E+06   0.825172E+06   0.179762E+01   0.179762E+01   0.191336E+05   0.827175E+06   0.831018E+06   0.827175E+06  -0.110566E-01   0.302483E+06   0.302403E+06   0.157646E+00   0.127521E-03   0.363976E+00  -0.179938E+09
   0.173224E+00   0.806687E+06   0.800491E+06   0.164122E+01   0.164122E+01   0.176746E+05   0.801918E+06   0.805647E+06   0.801918E+06  -0.107190E-01   0.293247E+06   0.293175E+06   0.137846E+00   0.116426E-03   0.363975E+00  -0.169287E+09
   0.178345E+00   0.783105E+06   0.777648E+06   0.150324E+01   0.150324E+01   0.163700E+05   0.778565E+06   0.782189E+06   0.778565E+06  -0.104068E-01   0.284707E+06   0.284642E+06   0.121257E+00   0.106637E-03   0.363974E+00  -0.159638E+09
   0.183466E+00   0.759209E+06   0.754286E+06   0.137725E+01   0.137725E+01   0.151580E+05   0.754865E+06   0.758382E+06   0.754865E+06  -0.100900E-01   0.276040E+06   0.275980E+06   0.109111E+00   0.977001E-04   0.363973E+00  -0.150459E+09
   0.188587E+00   0.733545E+06   0.728907E+06   0.125944E+01   0.125944E+01   0.140024E+05   0.729364E+06   0.732766E+06   0.729364E+06  -0.974919E-02   0.266716E+06   0.266659E+06   0.101474E+00   0.893428E-04   0.363973E+00  -0.141428E+09
   0.193708E+00   0.705967E+06   0.701384E+06   0.114882E+01   0.114882E+01   0.128965E+05   0.701922E+06   0.705198E+06   0.701922E+06  -0.938237E-02   0.256681E+06   0.256625E+06   0.974738E-01   0.814953E-04   0.363972E+00  -0.132509E+09
   0.198830E+00   0.677378E+06   0.672692E+06   0.104617E+01   0.104617E+01   0.118531E+05   0.673446E+06   0.676592E+06   0.673446E+06  -0.900174E-02   0.246269E+06   0.246212E+06   0.956859E-01   0.742136E-04   0.363971E+00  -0.123859E+09
   0.203951E+00   0.649031E+06   0.644180E+06   0.952592E+00   0.952592E+00   0.108886E+05   0.645200E+06   0.648216E+06   0.645200E+06  -0.862420E-02   0.235941E+06   0.235883E+06   0.945638E-01   0.675753E-04   0.363971E+00  -0.115685E+09
   0.209072E+00   0.622143E+06   0.617163E+06   0.868865E+00   0.868865E+00   0.100159E+05   0.618414E+06   0.621307E+06   0.618414E+06  -0.826615E-02   0.226147E+06   0.226089E+06   0.928312E-01   0.616359E-04   0.363970E+00  -0.108166E+09
   0.214193E+00   0.597757E+06   0.592749E+06   0.795317E+00   0.795317E+00   0.924267E+04   0.594135E+06   0.596916E+06   0.594135E+06  -0.794162E-02   0.217269E+06   0.217211E+06   0.897378E-01   0.564185E-04   0.363970E+00  -0.101435E+09
   0.219314E+00   0.576503E+06   0.571599E+06   0.731619E+00   0.731619E+00   0.856871E+04   0.572996E+06   0.575679E+06   0.572996E+06  -0.765906E-02   0.209539E+06   0.209483E+06   0.851257E-01   0.518998E-04   0.363969E+00  -0.955420E+08
   0.224435E+00   0.558375E+06   0.553697E+06   0.676659E+00   0.676659E+00   0.798439E+04   0.554989E+06   0.557590E+06   0.554989E+06  -0.741836E-02   0.202954E+06   0.202901E+06   0.793317E-01   0.480010E-04   0.363969E+00  -0.904281E+08
   0.229556E+00   0.542797E+06   0.538425E+06   0.628794E+00   0.628794E+00   0.747292E+04   0.539533E+06   0.542063E+06   0.539533E+06  -0.721178E-02   0.197302E+06   0.197252E+06   0.729943E-01   0.446056E-04   0.363969E+00  -0.859488E+08
   0.234678E+00   0.528891E+06   0.524850E+06   0.586277E+00   0.586277E+00   0.701581E+04   0.525746E+06   0.528212E+06   0.525746E+06  -0.702748E-02   0.192260E+06   0.192213E+06   0.668324E-01   0.415895E-04   0.363968E+00  -0.819249E+08
   0.239799E+00   0.515721E+06   0.511982E+06   0.547557E+00   0.547557E+00   0.659602E+04   0.512686E+06   0.515093E+06   0.512686E+06  -0.685292E-02   0.187484E+06   0.187440E+06   0.614468E-01   0.388428E-04   0.363968E+00  -0.781839E+08
   0.244920E+00   0.502494E+06   0.498987E+06   0.511459E+00   0.511459E+00   0.620061E+04   0.499559E+06   0.501905E+06   0.499559E+06  -0.667746E-02   0.182684E+06   0.182642E+06   0.571910E-01   0.362820E-04   0.363967E+00  -0.745891E+08
   0.250041E+00   0.488748E+06   0.485384E+06   0.477307E+00   0.477307E+00   0.582224E+04   0.485900E+06   0.488183E+06   0.485900E+06  -0.649488E-02   0.177689E+06   0.177649E+06   0.541289E-01   0.338593E-04   0.363967E+00  -0.710639E+08
   0.255162E+00   0.474430E+06   0.471128E+06   0.444907E+00   0.444907E+00   0.545925E+04   0.471659E+06   0.473876E+06   0.471659E+06  -0.630452E-02   0.172482E+06   0.172442E+06   0.520730E-01   0.315610E-04   0.363967E+00  -0.675967E+08
   0.260283E+00   0.459806E+06   0.456506E+06   0.414377E+00   0.414377E+00   0.511378E+04   0.457102E+06   0.459252E+06   0.457102E+06  -0.610995E-02   0.167159E+06   0.167119E+06   0.506744E-01   0.293952E-04   0.363967E+00  -0.642216E+08
   0.265404E+00   0.445292E+06   0.441969E+06   0.385941E+00   0.385941E+00   0.478917E+04   0.442652E+06   0.444734E+06   0.442652E+06  -0.591679E-02   0.161875E+06   0.161835E+06   0.495343E-01   0.273780E-04   0.363966E+00  -0.609914E+08
   0.270526E+00   0.431343E+06   0.428006E+06   0.359815E+00   0.359815E+00   0.448883E+04   0.428765E+06   0.430783E+06   0.428765E+06  -0.573118E-02   0.156797E+06   0.156758E+06   0.483076E-01   0.255247E-04   0.363966E+00  -0.579598E+08
   0.275647E+00   0.418360E+06   0.415040E+06   0.336127E+00   0.336127E+00   0.421493E+04   0.415846E+06   0.417803E+06   0.415846E+06  -0.555848E-02   0.152072E+06   0.152034E+06   0.467743E-01   0.238443E-04   0.363966E+00  -0.551689E+08
   0.280768E+00   0.406581E+06   0.403321E+06   0.314851E+00   0.314851E+00   0.396782E+04   0.404131E+06   0.406033E+06   0.404131E+06  -0.540189E-02   0.147788E+06   0.147751E+06   0.448644E-01   0.223350E-04   0.363966E+00  -0.526369E+08
   0.285889E+00   0.396015E+06   0.392858E+06   0.295782E+00   0.295782E+00   0.374549E+04   0.393631E+06   0.395485E+06   0.393631E+06  -0.526154E-02   0.143949E+06   0.143912E+06   0.426424E-01   0.209823E-04   0.363965E+00  -0.503509E+08
   0.291010E+00   0.386476E+06   0.383452E+06   0.278595E+00   0.278595E+00   0.354429E+04   0.384159E+06   0.385968E+06   0.384159E+06  -0.513493E-02   0.140485E+06   0.140450E+06   0.402640E-01   0.197630E-04   0.363965E+00  -0.482746E+08
   0.296131E+00   0.377673E+06   0.374793E+06   0.262923E+00   0.262923E+00   0.336004E+04   0.375420E+06   0.377189E+06   0.375420E+06  -0.501813E-02   0.137289E+06   0.137256E+06   0.379191E-01   0.186513E-04   0.363965E+00  -0.463607E+08
   0.301252E+00   0.369285E+06   0.366542E+06   0.248426E+00   0.248426E+00   0.318864E+04   0.367094E+06   0.368825E+06   0.367094E+06  -0.490684E-02   0.134244E+06   0.134212E+06   0.357768E-01   0.176229E-04   0.363965E+00  -0.445620E+08
   0.306374E+00   0.361029E+06   0.358399E+06   0.234826E+00   0.234826E+00   0.302687E+04   0.358896E+06   0.360588E+06   0.358896E+06  -0.479725E-02   0.131246E+06   0.131215E+06   0.339471E-01   0.166582E-04   0.363964E+00  -0.428385E+08
   0.311495E+00   0.352715E+06   0.350169E+06   0.221939E+00   0.221939E+00   0.287251E+04   0.350634E+06   0.352288E+06   0.350634E+06  -0.468682E-02   0.128225E+06   0.128195E+06   0.324638E-01   0.157440E-04   0.363964E+00  -0.411644E+08
   0.316616E+00   0.344287E+06   0.341794E+06   0.209684E+00   0.209684E+00   0.272470E+04   0.342254E+06   0.343868E+06   0.342254E+06  -0.457481E-02   0.125161E+06   0.125131E+06   0.312908E-01   0.148746E-04   0.363964E+00  -0.395307E+08
   0.321737E+00   0.335812E+06   0.333350E+06   0.198060E+00   0.198060E+00   0.258361E+04   0.333824E+06   0.335399E+06   0.333824E+06  -0.446212E-02   0.122078E+06   0.122049E+06   0.303423E-01   0.140501E-04   0.363964E+00  -0.379433E+08
   0.326858E+00   0.327434E+06   0.324990E+06   0.187110E+00   0.187110E+00   0.244992E+04   0.325487E+06   0.327023E+06   0.325487E+06  -0.435069E-02   0.119029E+06   0.119001E+06   0.295113E-01   0.132733E-04   0.363964E+00  -0.364161E+08
   0.331979E+00   0.319310E+06   0.316885E+06   0.176878E+00   0.176878E+00   0.232439E+04   0.317405E+06   0.318903E+06   0.317405E+06  -0.424265E-02   0.116074E+06   0.116045E+06   0.286983E-01   0.125474E-04   0.363964E+00  -0.349640E+08
   0.337100E+00   0.311579E+06   0.309180E+06   0.167388E+00   0.167388E+00   0.220745E+04   0.309714E+06   0.311176E+06   0.309714E+06  -0.413985E-02   0.113261E+06   0.113233E+06   0.278325E-01   0.118743E-04   0.363964E+00  -0.335986E+08
   0.342222E+00   0.304326E+06   0.301968E+06   0.158634E+00   0.158634E+00   0.209921E+04   0.302502E+06   0.303930E+06   0.302502E+06  -0.404345E-02   0.110624E+06   0.110596E+06   0.268831E-01   0.112532E-04   0.363963E+00  -0.323251E+08
   0.347343E+00   0.297573E+06   0.295268E+06   0.150574E+00   0.150574E+00   0.199919E+04   0.295789E+06   0.297186E+06   0.295789E+06  -0.395372E-02   0.108169E+06   0.108142E+06   0.258573E-01   0.106814E-04   0.363963E+00  -0.311417E+08
   0.352464E+00   0.291271E+06   0.289032E+06   0.143135E+00   0.143135E+00   0.190660E+04   0.289528E+06   0.290895E+06   0.289528E+06  -0.387003E-02   0.105879E+06   0.105853E+06   0.247910E-01   0.101537E-04   0.363963E+00  -0.300397E+08
   0.357585E+00   0.285328E+06   0.283159E+06   0.136229E+00   0.136229E+00   0.182035E+04   0.283624E+06   0.284964E+06   0.283624E+06  -0.379112E-02   0.103721E+06   0.103695E+06   0.237338E-01   0.966385E-05   0.363963E+00  -0.290057E+08
   0.362706E+00   0.279634E+06   0.277534E+06   0.129768E+00   0.129768E+00   0.173935E+04   0.277968E+06   0.279281E+06   0.277968E+06  -0.371551E-02   0.101652E+06   0.101627E+06   0.227342E-01   0.920556E-05   0.363963E+00  -0.280259E+08
   0.367827E+00   0.274087E+06   0.272049E+06   0.123679E+00   0.123679E+00   0.166270E+04   0.272457E+06   0.273744E+06   0.272457E+06  -0.364185E-02   0.996368E+05   0.996127E+05   0.218278E-01   0.877357E-05   0.363963E+00  -0.270878E+08
   0.372948E+00   0.268611E+06   0.266625E+06   0.117903E+00   0.117903E+00   0.158966E+04   0.267016E+06   0.268278E+06   0.267016E+06  -0.356912E-02   0.976469E+05   0.976234E+05   0.210300E-01   0.836384E-05   0.363963E+00  -0.261823E+08
   0.378070E+00   0.263168E+06   0.261222E+06   0.112406E+00   0.112406E+00   0.151985E+04   0.261605E+06   0.262841E+06   0.261605E+06  -0.349679E-02   0.956682E+05   0.956452E+05   0.203359E-01   0.797387E-05   0.363963E+00  -0.253043E+08
   0.383191E+00   0.257763E+06   0.255849E+06   0.107173E+00   0.107173E+00   0.145311E+04   0.256230E+06   0.257442E+06   0.256230E+06  -0.342496E-02   0.937030E+05   0.936803E+05   0.197252E-01   0.760271E-05   0.363962E+00  -0.244533E+08
   0.388312E+00   0.252441E+06   0.250554E+06   0.102209E+00   0.102209E+00   0.138954E+04   0.250938E+06   0.252124E+06   0.250938E+06  -0.335421E-02   0.917675E+05   0.917452E+05   0.191695E-01   0.725058E-05   0.363962E+00  -0.236323E+08
   0.393433E+00   0.247255E+06   0.245391E+06   0.975194E-01   0.975194E-01   0.132926E+04   0.245780E+06   0.246942E+06   0.245780E+06  -0.328526E-02   0.898813E+05   0.898593E+05   0.186396E-01   0.691787E-05   0.363962E+00  -0.228453E+08
   0.398554E+00   0.242246E+06   0.240408E+06   0.931036E-01   0.931036E-01   0.127232E+04   0.240799E+06   0.241938E+06   0.240799E+06  -0.321869E-02   0.880598E+05   0.880382E+05   0.181120E-01   0.660462E-05   0.363962E+00  -0.220947E+08
   0.403675E+00   0.237444E+06   0.235635E+06   0.889568E-01   0.889568E-01   0.121869E+04   0.236024E+06   0.237141E+06   0.236024E+06  -0.315486E-02   0.863137E+05   0.862925E+05   0.175735E-01   0.631045E-05   0.363962E+00  -0.213819E+08
   0.408796E+00   0.232865E+06   0.231090E+06   0.850689E-01   0.850689E-01   0.116826E+04   0.231472E+06   0.232567E+06   0.231472E+06  -0.309401E-02   0.846490E+05   0.846281E+05   0.170222E-01   0.603466E-05   0.363962E+00  -0.207068E+08
   0.413918E+00   0.228504E+06   0.226766E+06   0.814232E-01   0.814232E-01   0.112086E+04   0.227137E+06   0.228212E+06   0.227137E+06  -0.303608E-02   0.830639E+05   0.830435E+05   0.164650E-01   0.577604E-05   0.363962E+00  -0.200676E+08
   0.419039E+00   0.224333E+06   0.222633E+06   0.779954E-01   0.779954E-01   0.107616E+04   0.222992E+06   0.224047E+06   0.222992E+06  -0.298067E-02   0.815480E+05   0.815280E+05   0.159142E-01   0.553287E-05   0.363962E+00  -0.194606E+08
   0.424160E+00   0.220309E+06   0.218649E+06   0.747586E-01   0.747586E-01   0.103384E+04   0.218994E+06   0.220030E+06   0.218994E+06  -0.292723E-02   0.800859E+05   0.800663E+05   0.153832E-01   0.530325E-05   0.363962E+00  -0.188810E+08
   0.429281E+00   0.216396E+06   0.214773E+06   0.716897E-01   0.716897E-01   0.993592E+03   0.215106E+06   0.216124E+06   0.215106E+06  -0.287525E-02   0.786640E+05   0.786448E+05   0.148830E-01   0.508556E-05   0.363962E+00  -0.183245E+08
   0.434402E+00   0.212568E+06   0.210979E+06   0.687712E-01   0.687712E-01   0.955201E+03   0.211301E+06   0.212301E+06   0.211301E+06  -0.282440E-02   0.772727E+05   0.772539E+05   0.144200E-01   0.487852E-05   0.363962E+00  -0.177882E+08
   0.439523E+00   0.208808E+06   0.207248E+06   0.659896E-01   0.659896E-01   0.918504E+03   0.207563E+06   0.208546E+06   0.207563E+06  -0.277443E-02   0.759057E+05   0.758873E+05   0.139950E-01   0.468120E-05   0.363962E+00  -0.172699E+08
   0.444644E+00   0.205106E+06   0.203573E+06   0.633353E-01   0.633353E-01   0.883374E+03   0.203884E+06   0.204849E+06   0.203884E+06  -0.272525E-02   0.745601E+05   0.745420E+05   0.136034E-01   0.449291E-05   0.363961E+00  -0.167684E+08
   0.449766E+00   0.201469E+06   0.199959E+06   0.608032E-01   0.608032E-01   0.849775E+03   0.200267E+06   0.201216E+06   0.200267E+06  -0.267691E-02   0.732376E+05   0.732198E+05   0.132378E-01   0.431329E-05   0.363961E+00  -0.162834E+08
   0.454887E+00   0.197911E+06   0.196423E+06   0.583918E-01   0.583918E-01   0.817681E+03   0.196729E+06   0.197661E+06   0.196729E+06  -0.262962E-02   0.719439E+05   0.719263E+05   0.128896E-01   0.414222E-05   0.363961E+00  -0.158157E+08
   0.460008E+00   0.194449E+06   0.192983E+06   0.561000E-01   0.561000E-01   0.787106E+03   0.193288E+06   0.194203E+06   0.193288E+06  -0.258362E-02   0.706852E+05   0.706679E+05   0.125513E-01   0.397965E-05   0.363961E+00  -0.153660E+08
   0.465129E+00   0.191096E+06   0.189652E+06   0.539252E-01   0.539252E-01   0.758019E+03   0.189954E+06   0.190854E+06   0.189954E+06  -0.253906E-02   0.694663E+05   0.694493E+05   0.122179E-01   0.382537E-05   0.363961E+00  -0.149348E+08
   0.470250E+00   0.187856E+06   0.186435E+06   0.518625E-01   0.518625E-01   0.730369E+03   0.186733E+06   0.187618E+06   0.186733E+06  -0.249601E-02   0.682883E+05   0.682716E+05   0.118869E-01   0.367905E-05   0.363961E+00  -0.145216E+08
   0.475371E+00   0.184725E+06   0.183328E+06   0.499052E-01   0.499052E-01   0.704076E+03   0.183621E+06   0.184491E+06   0.183621E+06  -0.245440E-02   0.671502E+05   0.671337E+05   0.115590E-01   0.354020E-05   0.363961E+00  -0.141258E+08
   0.480492E+00   0.181697E+06   0.180325E+06   0.480464E-01   0.480464E-01   0.679047E+03   0.180611E+06   0.181467E+06   0.180611E+06  -0.241417E-02   0.660495E+05   0.660333E+05   0.112367E-01   0.340834E-05   0.363961E+00  -0.137461E+08
   0.485614E+00   0.178762E+06   0.177415E+06   0.462788E-01   0.462788E-01   0.655199E+03   0.177694E+06   0.178536E+06   0.177694E+06  -0.237518E-02   0.649828E+05   0.649669E+05   0.109237E-01   0.328295E-05   0.363961E+00  -0.133815E+08
   0.490735E+00   0.175908E+06   0.174585E+06   0.445945E-01   0.445945E-01   0.632420E+03   0.174858E+06   0.175686E+06   0.174858E+06  -0.233727E-02   0.639455E+05   0.639299E+05   0.106231E-01   0.316347E-05   0.363961E+00  -0.130305E+08
   0.495856E+00   0.173121E+06   0.171821E+06   0.429861E-01   0.429861E-01   0.610622E+03   0.172087E+06   0.172902E+06   0.172087E+06  -0.230024E-02   0.629323E+05   0.629169E+05   0.103370E-01   0.304937E-05   0.363961E+00  -0.126916E+08
   0.500977E+00   0.170389E+06   0.169110E+06   0.414473E-01   0.414473E-01   0.589717E+03   0.169372E+06   0.170174E+06   0.169372E+06  -0.226394E-02   0.619393E+05   0.619242E+05   0.100663E-01   0.294021E-05   0.363961E+00  -0.123636E+08
   0.506098E+00   0.167710E+06   0.166452E+06   0.399742E-01   0.399742E-01   0.569663E+03   0.166709E+06   0.167499E+06   0.166709E+06  -0.222834E-02   0.609654E+05   0.609506E+05   0.981011E-02   0.283571E-05   0.363961E+00  -0.120461E+08
   0.511219E+00   0.165086E+06   0.163846E+06   0.385642E-01   0.385642E-01   0.550427E+03   0.164100E+06   0.164877E+06   0.164100E+06  -0.219347E-02   0.600114E+05   0.599967E+05   0.956676E-02   0.273569E-05   0.363961E+00  -0.117388E+08
   0.516340E+00   0.162518E+06   0.161296E+06   0.372149E-01   0.372149E-01   0.531978E+03   0.161547E+06   0.162312E+06   0.161547E+06  -0.215935E-02   0.590777E+05   0.590633E+05   0.933377E-02   0.263997E-05   0.363961E+00  -0.114416E+08
   0.521462E+00   0.160007E+06   0.158803E+06   0.359239E-01   0.359239E-01   0.514294E+03   0.159051E+06   0.159805E+06   0.159051E+06  -0.212599E-02   0.581651E+05   0.581509E+05   0.910866E-02   0.254839E-05   0.363961E+00  -0.111542E+08
   0.526583E+00   0.157558E+06   0.156371E+06   0.346892E-01   0.346892E-01   0.497345E+03   0.156616E+06   0.157358E+06   0.156616E+06  -0.209344E-02   0.572746E+05   0.572606E+05   0.888946E-02   0.246080E-05   0.363961E+00  -0.108766E+08
   0.531704E+00   0.155173E+06   0.154003E+06   0.335092E-01   0.335092E-01   0.481120E+03   0.154245E+06   0.154977E+06   0.154245E+06  -0.206175E-02   0.564077E+05   0.563938E+05   0.867505E-02   0.237709E-05   0.363961E+00  -0.106088E+08
   0.536825E+00   0.152854E+06   0.151702E+06   0.323816E-01   0.323816E-01   0.465586E+03   0.151940E+06   0.152661E+06   0.151940E+06  -0.203094E-02   0.555647E+05   0.555511E+05   0.846510E-02   0.229711E-05   0.363961E+00  -0.103506E+08
   0.541946E+00   0.150597E+06   0.149462E+06   0.313035E-01   0.313035E-01   0.450708E+03   0.149697E+06   0.150407E+06   0.149697E+06  -0.200096E-02   0.547443E+05   0.547309E+05   0.825984E-02   0.222062E-05   0.363961E+00  -0.101014E+08
   0.547067E+00   0.148397E+06   0.147279E+06   0.302713E-01   0.302713E-01   0.436440E+03   0.147510E+06   0.148209E+06   0.147510E+06  -0.197172E-02   0.539446E+05   0.539313E+05   0.805995E-02   0.214740E-05   0.363960E+00  -0.986064E+07
   0.559946E+00   0.143093E+06   0.142017E+06   0.278621E-01   0.278621E-01   0.403030E+03   0.142238E+06   0.142912E+06   0.142238E+06  -0.190125E-02   0.520164E+05   0.520037E+05   0.758596E-02   0.197650E-05   0.363960E+00  -0.928951E+07
   0.593872E+00   0.130387E+06   0.129405E+06   0.225702E-01   0.225702E-01   0.329098E+03   0.129607E+06   0.130222E+06   0.129607E+06  -0.173242E-02   0.473975E+05   0.473858E+05   0.653044E-02   0.160110E-05   0.363960E+00  -0.798106E+07
   0.629853E+00   0.118778E+06   0.117884E+06   0.182787E-01   0.182787E-01   0.268527E+03   0.118067E+06   0.118628E+06   0.118067E+06  -0.157817E-02   0.431775E+05   0.431669E+05   0.561150E-02   0.129666E-05   0.363960E+00  -0.685513E+07
   0.879031E+00   0.694338E+05   0.689117E+05   0.548594E-02   0.548594E-02   0.833979E+02   0.690183E+05   0.693461E+05   0.690183E+05  -0.922547E-03   0.252402E+05   0.252340E+05   0.237403E-02   0.389166E-06   0.363959E+00  -0.287135E+07
   0.122679E+01   0.400988E+05   0.397972E+05   0.162660E-02   0.162660E-02   0.252961E+02   0.398587E+05   0.400481E+05   0.398587E+05  -0.532780E-03   0.145765E+05   0.145728E+05   0.100181E-02   0.115389E-06   0.363959E+00  -0.118818E+07
   0.171212E+01   0.229167E+05   0.227443E+05   0.477280E-03   0.477280E-03   0.753011E+01   0.227795E+05   0.228878E+05   0.227795E+05  -0.304487E-03   0.833056E+04   0.832837E+04   0.425974E-03   0.338577E-07   0.363958E+00  -0.486561E+06
   0.238945E+01   0.129798E+05   0.128819E+05   0.138789E-03   0.138789E-03   0.220876E+01   0.129020E+05   0.129633E+05   0.129020E+05  -0.172457E-03   0.471832E+04   0.471699E+04   0.185390E-03   0.984558E-08   0.363957E+00  -0.197462E+06
