#          k/h    CDM            baryon         photon         nu             mass_nu        total          no_nu          total_de       Weyl           v_CDM          v_b            v_b-v_c        ISW            log_grow       pert_vel    
   0.994668E-05   0.294288E+08   0.294288E+08   0.392232E+08   0.392228E+08   0.294315E+08   0.294288E+08   0.294288E+08   0.294392E+08  -0.471157E+00   0.685350E+07   0.685350E+07   0.665512E+01   0.778905E+06   0.746472E+00  -0.689050E+14
   0.109829E-04   0.294270E+08   0.294269E+08   0.392175E+08   0.392170E+08   0.294297E+08   0.294270E+08   0.294270E+08   0.294374E+08  -0.471129E+00   0.685332E+07   0.685332E+07   0.734822E+01   0.639007E+06   0.746395E+00  -0.624019E+14
   0.121272E-04   0.294248E+08   0.294248E+08   0.392106E+08   0.392099E+08   0.294275E+08   0.294248E+08   0.294248E+08   0.294352E+08  -0.471093E+00   0.685309E+07   0.685309E+07   0.811343E+01   0.524263E+06   0.746301E+00  -0.565123E+14
   0.133906E-04   0.294221E+08   0.294221E+08   0.392021E+08   0.392013E+08   0.294248E+08   0.294221E+08   0.294221E+08   0.294326E+08  -0.471050E+00   0.685282E+07   0.685282E+07   0.895825E+01   0.430150E+06   0.746187E+00  -0.511782E+14
   0.147857E-04   0.294188E+08   0.294188E+08   0.391917E+08   0.391908E+08   0.294215E+08   0.294188E+08   0.294188E+08   0.294293E+08  -0.470998E+00   0.685249E+07   0.685249E+07   0.989092E+01   0.352959E+06   0.746047E+00  -0.463471E+14
   0.163261E-04   0.294148E+08   0.294148E+08   0.391791E+08   0.391780E+08   0.294175E+08   0.294148E+08   0.294148E+08   0.294253E+08  -0.470934E+00   0.685208E+07   0.685208E+07   0.109206E+02   0.289646E+06   0.745878E+00  -0.419717E+14
   0.180270E-04   0.294100E+08   0.294100E+08   0.391637E+08   0.391623E+08   0.294126E+08   0.294100E+08   0.294100E+08   0.294205E+08  -0.470857E+00   0.685158E+07   0.685158E+07   0.120572E+02   0.237718E+06   0.745671E+00  -0.380088E+14
   0.199051E-04   0.294041E+08   0.294041E+08   0.391450E+08   0.391433E+08   0.294067E+08   0.294041E+08   0.294041E+08   0.294146E+08  -0.470762E+00   0.685098E+07   0.685098E+07   0.133118E+02   0.195126E+06   0.745419E+00  -0.344195E+14
   0.219788E-04   0.293969E+08   0.293969E+08   0.391222E+08   0.391201E+08   0.293995E+08   0.293969E+08   0.293969E+08   0.294074E+08  -0.470647E+00   0.685024E+07   0.685024E+07   0.146966E+02   0.160192E+06   0.745112E+00  -0.311686E+14
   0.242687E-04   0.293881E+08   0.293881E+08   0.390944E+08   0.390919E+08   0.293907E+08   0.293882E+08   0.293881E+08   0.293986E+08  -0.470507E+00   0.684935E+07   0.684935E+07   0.162250E+02   0.131538E+06   0.744739E+00  -0.282241E+14
   0.267970E-04   0.293775E+08   0.293775E+08   0.390605E+08   0.390575E+08   0.293800E+08   0.293775E+08   0.293775E+08   0.293879E+08  -0.470336E+00   0.684825E+07   0.684825E+07   0.179117E+02   0.108037E+06   0.744285E+00  -0.255570E+14
   0.295888E-04   0.293645E+08   0.293645E+08   0.390193E+08   0.390156E+08   0.293669E+08   0.293645E+08   0.293645E+08   0.293750E+08  -0.470128E+00   0.684692E+07   0.684692E+07   0.197729E+02   0.887600E+05   0.743732E+00  -0.231411E+14
   0.326714E-04   0.293487E+08   0.293487E+08   0.389691E+08   0.389646E+08   0.293510E+08   0.293487E+08   0.293487E+08   0.293592E+08  -0.469876E+00   0.684530E+07   0.684530E+07   0.218262E+02   0.729488E+05   0.743060E+00  -0.209527E+14
   0.360752E-04   0.293295E+08   0.293295E+08   0.389080E+08   0.389025E+08   0.293318E+08   0.293296E+08   0.293295E+08   0.293399E+08  -0.469568E+00   0.684333E+07   0.684333E+07   0.240912E+02   0.599797E+05   0.742244E+00  -0.189703E+14
   0.398336E-04   0.293062E+08   0.293062E+08   0.388337E+08   0.388269E+08   0.293083E+08   0.293062E+08   0.293062E+08   0.293166E+08  -0.469194E+00   0.684094E+07   0.684093E+07   0.265890E+02   0.493416E+05   0.741253E+00  -0.171744E+14
   0.439836E-04   0.292779E+08   0.292779E+08   0.387433E+08   0.387351E+08   0.292798E+08   0.292779E+08   0.292779E+08   0.292882E+08  -0.468740E+00   0.683802E+07   0.683802E+07   0.293429E+02   0.406151E+05   0.740050E+00  -0.155473E+14
   0.485659E-04   0.292435E+08   0.292435E+08   0.386335E+08   0.386235E+08   0.292452E+08   0.292435E+08   0.292435E+08   0.292538E+08  -0.468189E+00   0.683448E+07   0.683447E+07   0.323782E+02   0.334564E+05   0.738593E+00  -0.140731E+14
   0.536256E-04   0.292018E+08   0.292018E+08   0.385001E+08   0.384879E+08   0.292033E+08   0.292018E+08   0.292018E+08   0.292121E+08  -0.467521E+00   0.683017E+07   0.683017E+07   0.357221E+02   0.275832E+05   0.736829E+00  -0.127372E+14
   0.592125E-04   0.291513E+08   0.291513E+08   0.383382E+08   0.383234E+08   0.291525E+08   0.291513E+08   0.291513E+08   0.291615E+08  -0.466712E+00   0.682495E+07   0.682494E+07   0.394044E+02   0.227641E+05   0.734697E+00  -0.115266E+14
   0.653814E-04   0.290902E+08   0.290902E+08   0.381420E+08   0.381239E+08   0.290911E+08   0.290902E+08   0.290902E+08   0.291004E+08  -0.465734E+00   0.681862E+07   0.681861E+07   0.434567E+02   0.188092E+05   0.732127E+00  -0.104294E+14
   0.721930E-04   0.290165E+08   0.290165E+08   0.379044E+08   0.378825E+08   0.290170E+08   0.290165E+08   0.290165E+08   0.290266E+08  -0.464553E+00   0.681095E+07   0.681094E+07   0.479131E+02   0.155627E+05   0.729034E+00  -0.943471E+13
   0.797142E-04   0.289277E+08   0.289276E+08   0.376172E+08   0.375906E+08   0.289277E+08   0.289277E+08   0.289277E+08   0.289377E+08  -0.463130E+00   0.680168E+07   0.680167E+07   0.528094E+02   0.128966E+05   0.725322E+00  -0.853289E+13
   0.880190E-04   0.288210E+08   0.288209E+08   0.372706E+08   0.372383E+08   0.288204E+08   0.288210E+08   0.288210E+08   0.288309E+08  -0.461420E+00   0.679049E+07   0.679048E+07   0.581832E+02   0.107061E+05   0.720883E+00  -0.771508E+13
   0.971891E-04   0.286931E+08   0.286931E+08   0.368531E+08   0.368140E+08   0.286918E+08   0.286931E+08   0.286931E+08   0.287030E+08  -0.459372E+00   0.677701E+07   0.677699E+07   0.640732E+02   0.890493E+04   0.715596E+00  -0.697327E+13
   0.107314E-03   0.285405E+08   0.285404E+08   0.363518E+08   0.363045E+08   0.285383E+08   0.285405E+08   0.285405E+08   0.285502E+08  -0.456927E+00   0.676082E+07   0.676080E+07   0.705185E+02   0.742238E+04   0.709327E+00  -0.630024E+13
   0.118495E-03   0.283591E+08   0.283590E+08   0.357515E+08   0.356944E+08   0.283558E+08   0.283591E+08   0.283591E+08   0.283686E+08  -0.454021E+00   0.674143E+07   0.674140E+07   0.775575E+02   0.620037E+04   0.701936E+00  -0.568943E+13
   0.130840E-03   0.281446E+08   0.281445E+08   0.350354E+08   0.349666E+08   0.281400E+08   0.281445E+08   0.281446E+08   0.281539E+08  -0.450583E+00   0.671828E+07   0.671825E+07   0.852261E+02   0.519123E+04   0.693282E+00  -0.513492E+13
   0.144471E-03   0.278923E+08   0.278922E+08   0.341848E+08   0.341022E+08   0.278861E+08   0.278923E+08   0.278923E+08   0.279014E+08  -0.446541E+00   0.669077E+07   0.669073E+07   0.935558E+02   0.435584E+04   0.683226E+00  -0.463139E+13
   0.159522E-03   0.275978E+08   0.275976E+08   0.331800E+08   0.330810E+08   0.275896E+08   0.275977E+08   0.275977E+08   0.276065E+08  -0.441821E+00   0.665824E+07   0.665819E+07   0.102571E+03   0.366215E+04   0.671647E+00  -0.417401E+13
   0.176142E-03   0.272565E+08   0.272563E+08   0.320001E+08   0.318820E+08   0.272459E+08   0.272564E+08   0.272564E+08   0.272649E+08  -0.436353E+00   0.661998E+07   0.661992E+07   0.112284E+03   0.308398E+04   0.658454E+00  -0.375846E+13
   0.194493E-03   0.268647E+08   0.268644E+08   0.306249E+08   0.304847E+08   0.268512E+08   0.268646E+08   0.268646E+08   0.268728E+08  -0.430074E+00   0.657528E+07   0.657521E+07   0.122691E+03   0.259998E+04   0.643602E+00  -0.338085E+13
   0.214755E-03   0.264195E+08   0.264191E+08   0.290360E+08   0.288705E+08   0.264024E+08   0.264193E+08   0.264194E+08   0.264271E+08  -0.422939E+00   0.652347E+07   0.652338E+07   0.133767E+03   0.219288E+04   0.627108E+00  -0.303773E+13
   0.237129E-03   0.259192E+08   0.259189E+08   0.272187E+08   0.270247E+08   0.258979E+08   0.259191E+08   0.259192E+08   0.259263E+08  -0.414923E+00   0.646391E+07   0.646381E+07   0.145456E+03   0.184879E+04   0.609064E+00  -0.272600E+13
   0.261834E-03   0.253643E+08   0.253638E+08   0.251654E+08   0.249399E+08   0.253377E+08   0.253641E+08   0.253642E+08   0.253708E+08  -0.406028E+00   0.639610E+07   0.639598E+07   0.157665E+03   0.155665E+04   0.589654E+00  -0.244289E+13
   0.289112E-03   0.247569E+08   0.247563E+08   0.228785E+08   0.226191E+08   0.247240E+08   0.247566E+08   0.247568E+08   0.247627E+08  -0.396292E+00   0.631972E+07   0.631957E+07   0.170248E+03   0.130770E+04   0.569146E+00  -0.218597E+13
   0.319233E-03   0.241017E+08   0.241010E+08   0.203750E+08   0.200802E+08   0.240612E+08   0.241014E+08   0.241016E+08   0.241068E+08  -0.385790E+00   0.623465E+07   0.623447E+07   0.183006E+03   0.109508E+04   0.547894E+00  -0.195307E+13
   0.352491E-03   0.234056E+08   0.234049E+08   0.176909E+08   0.173609E+08   0.233558E+08   0.234053E+08   0.234055E+08   0.234100E+08  -0.374631E+00   0.614107E+07   0.614086E+07   0.195669E+03   0.913397E+03   0.526310E+00  -0.174225E+13
   0.389215E-03   0.226776E+08   0.226767E+08   0.148857E+08   0.145225E+08   0.226165E+08   0.226772E+08   0.226775E+08   0.226811E+08  -0.362959E+00   0.603948E+07   0.603923E+07   0.207891E+03   0.758384E+03   0.504840E+00  -0.155176E+13
   0.429764E-03   0.219281E+08   0.219270E+08   0.120454E+08   0.116538E+08   0.218533E+08   0.219276E+08   0.219279E+08   0.219308E+08  -0.350941E+00   0.593066E+07   0.593038E+07   0.219253E+03   0.626578E+03   0.483925E+00  -0.138002E+13
   0.474538E-03   0.211685E+08   0.211671E+08   0.928268E+07   0.887009E+07   0.210772E+08   0.211678E+08   0.211682E+08   0.211703E+08  -0.338760E+00   0.581573E+07   0.581540E+07   0.229269E+03   0.515072E+03   0.463968E+00  -0.122559E+13
   0.523976E-03   0.204102E+08   0.204087E+08   0.673117E+07   0.630716E+07   0.202990E+08   0.204094E+08   0.204100E+08   0.204112E+08  -0.326601E+00   0.569602E+07   0.569565E+07   0.237409E+03   0.421335E+03   0.445305E+00  -0.108710E+13
   0.578566E-03   0.196643E+08   0.196625E+08   0.453099E+07   0.410568E+07   0.195292E+08   0.196634E+08   0.196640E+08   0.196646E+08  -0.314642E+00   0.557308E+07   0.557266E+07   0.243138E+03   0.343093E+03   0.428183E+00  -0.963282E+12
   0.638842E-03   0.189407E+08   0.189386E+08   0.280354E+07   0.238484E+07   0.187766E+08   0.189395E+08   0.189403E+08   0.189402E+08  -0.303039E+00   0.544854E+07   0.544807E+07   0.245975E+03   0.278260E+03   0.412752E+00  -0.852897E+12
   0.705398E-03   0.182474E+08   0.182451E+08   0.161712E+07   0.120693E+07   0.180488E+08   0.182461E+08   0.182470E+08   0.182465E+08  -0.291927E+00   0.532405E+07   0.532353E+07   0.245559E+03   0.224921E+03   0.399071E+00  -0.754774E+12
   0.778888E-03   0.175911E+08   0.175884E+08   0.952164E+06   0.543042E+06   0.173511E+08   0.175895E+08   0.175907E+08   0.175897E+08  -0.281409E+00   0.520118E+07   0.520062E+07   0.241722E+03   0.181327E+03   0.387120E+00  -0.667782E+12
   0.860035E-03   0.169762E+08   0.169732E+08   0.684754E+06   0.259459E+06   0.166869E+08   0.169743E+08   0.169757E+08   0.169745E+08  -0.271557E+00   0.508134E+07   0.508073E+07   0.234521E+03   0.145901E+03   0.376816E+00  -0.590839E+12
   0.949635E-03   0.164054E+08   0.164021E+08   0.612460E+06   0.149682E+06   0.160576E+08   0.164032E+08   0.164048E+08   0.164033E+08  -0.262414E+00   0.496572E+07   0.496508E+07   0.224236E+03   0.117251E+03   0.368029E+00  -0.522916E+12
   0.104857E-02   0.158797E+08   0.158762E+08   0.534781E+06   0.224680E+05   0.154628E+08   0.158772E+08   0.158791E+08   0.158773E+08  -0.253995E+00   0.485528E+07   0.485461E+07   0.211304E+03   0.941659E+02   0.360607E+00  -0.463044E+12
   0.115781E-02   0.153989E+08   0.153952E+08   0.359224E+06  -0.188797E+06   0.149006E+08   0.153959E+08   0.153982E+08   0.153959E+08  -0.246293E+00   0.475066E+07   0.474998E+07   0.196229E+03   0.756151E+02   0.354387E+00  -0.410319E+12
   0.127844E-02   0.149612E+08   0.149574E+08   0.149432E+06  -0.386840E+06   0.143683E+08   0.149578E+08   0.149606E+08   0.149578E+08  -0.239283E+00   0.465226E+07   0.465157E+07   0.179534E+03   0.607333E+02   0.349204E+00  -0.363906E+12
   0.141163E-02   0.145643E+08   0.145604E+08   0.338015E+05  -0.424275E+06   0.138628E+08   0.145604E+08   0.145637E+08   0.145603E+08  -0.232923E+00   0.456016E+07   0.455948E+07   0.161811E+03   0.488060E+02   0.344907E+00  -0.323046E+12
   0.155869E-02   0.142050E+08   0.142010E+08   0.305496E+05   0.357384E+06   0.133799E+08   0.142004E+08   0.142043E+08   0.142004E+08  -0.227165E+00   0.447418E+07   0.447351E+07   0.143811E+03   0.392514E+02   0.341355E+00  -0.287050E+12
   0.172108E-02   0.138795E+08   0.138755E+08   0.210601E+05   0.286408E+06   0.129155E+08   0.138742E+08   0.138788E+08   0.138743E+08  -0.221946E+00   0.439404E+07   0.439339E+07   0.126414E+03   0.315925E+02   0.338429E+00  -0.255310E+12
   0.190039E-02   0.135838E+08   0.135799E+08  -0.382857E+05   0.229907E+06   0.124659E+08   0.135779E+08   0.135832E+08   0.135779E+08  -0.217204E+00   0.431918E+07   0.431856E+07   0.110433E+03   0.254497E+02   0.336022E+00  -0.227282E+12
   0.209838E-02   0.133138E+08   0.133100E+08  -0.455707E+05   0.184822E+06   0.120278E+08   0.133071E+08   0.133132E+08   0.133071E+08  -0.212872E+00   0.424895E+07   0.424835E+07   0.964395E+02   0.205175E+02   0.334044E+00  -0.202490E+12
   0.231699E-02   0.130654E+08   0.130615E+08  -0.194495E+05   0.148761E+06   0.115981E+08   0.130578E+08   0.130647E+08   0.130578E+08  -0.208882E+00   0.418258E+07   0.418199E+07   0.847351E+02   0.165527E+02   0.332419E+00  -0.180520E+12
   0.255838E-02   0.128342E+08   0.128303E+08  -0.416419E+05   0.119854E+06   0.111745E+08   0.128257E+08   0.128335E+08   0.128257E+08  -0.205170E+00   0.411923E+07   0.411866E+07   0.752536E+02   0.133614E+02   0.331085E+00  -0.161012E+12
   0.282492E-02   0.126164E+08   0.126123E+08  -0.272412E+05   0.966356E+05   0.107549E+08   0.126069E+08   0.126157E+08   0.126069E+08  -0.201669E+00   0.405806E+07   0.405749E+07   0.674907E+02   0.107893E+02   0.329988E+00  -0.143654E+12
   0.311923E-02   0.124081E+08   0.124038E+08  -0.238182E+05   0.779516E+05   0.103370E+08   0.123976E+08   0.124074E+08   0.123976E+08  -0.198321E+00   0.399820E+07   0.399763E+07   0.607725E+02   0.871391E+01   0.329086E+00  -0.128181E+12
   0.344419E-02   0.122058E+08   0.122013E+08  -0.149263E+05   0.628931E+05   0.991825E+07   0.121943E+08   0.122051E+08   0.121943E+08  -0.195068E+00   0.393881E+07   0.393825E+07   0.545372E+02   0.703748E+01   0.328343E+00  -0.114362E+12
   0.380302E-02   0.120062E+08   0.120014E+08  -0.122759E+05   0.507410E+05   0.949623E+07   0.119936E+08   0.120054E+08   0.119936E+08  -0.191857E+00   0.387907E+07   0.387852E+07   0.486289E+02   0.568216E+01   0.327730E+00  -0.102001E+12
   0.419923E-02   0.118063E+08   0.118012E+08  -0.211167E+04   0.409243E+05   0.906903E+07   0.117925E+08   0.118054E+08   0.117925E+08  -0.188640E+00   0.381822E+07   0.381768E+07   0.432702E+02   0.458571E+01   0.327224E+00  -0.909280E+11
   0.463671E-02   0.116032E+08   0.115977E+08  -0.616701E+04   0.329883E+05   0.863529E+07   0.115882E+08   0.116023E+08   0.115882E+08  -0.185373E+00   0.375553E+07   0.375499E+07   0.386997E+02   0.369827E+01   0.326804E+00  -0.809966E+11
   0.511978E-02   0.113944E+08   0.113884E+08  -0.893268E+04   0.265699E+05   0.819535E+07   0.113783E+08   0.113934E+08   0.113783E+08  -0.182014E+00   0.369032E+07   0.368978E+07   0.348183E+02   0.297984E+01   0.326455E+00  -0.720806E+11
   0.565317E-02   0.111780E+08   0.111714E+08  -0.650697E+04   0.213784E+05   0.772826E+07   0.111606E+08   0.111769E+08   0.111606E+08  -0.178532E+00   0.362205E+07   0.362152E+07   0.313170E+02   0.239829E+01   0.326162E+00  -0.640719E+11
   0.624213E-02   0.109512E+08   0.109438E+08  -0.605006E+04   0.171784E+05   0.726089E+07   0.109325E+08   0.109499E+08   0.109325E+08  -0.174883E+00   0.354994E+07   0.354941E+07   0.280961E+02   0.192753E+01   0.325916E+00  -0.568713E+11
   0.689245E-02   0.107123E+08   0.107040E+08  -0.366420E+04   0.137821E+05   0.678262E+07   0.106923E+08   0.107109E+08   0.106923E+08  -0.171040E+00   0.347353E+07   0.347301E+07   0.252836E+02   0.154667E+01   0.325709E+00  -0.503968E+11
   0.761052E-02   0.104596E+08   0.104502E+08  -0.371306E+04   0.110372E+05   0.630153E+07   0.104383E+08   0.104580E+08   0.104383E+08  -0.166978E+00   0.339234E+07   0.339182E+07   0.228291E+02   0.123874E+01   0.325532E+00  -0.445748E+11
   0.840340E-02   0.101914E+08   0.101808E+08  -0.432541E+04   0.882035E+04   0.582546E+07   0.101690E+08   0.101896E+08   0.101690E+08  -0.162669E+00   0.330589E+07   0.330537E+07   0.206146E+02   0.990003E+00   0.325382E+00  -0.393403E+11
   0.927889E-02   0.990645E+07   0.989438E+07  -0.272924E+04   0.703193E+04   0.535319E+07   0.988288E+07   0.990442E+07   0.988288E+07  -0.158093E+00   0.321378E+07   0.321327E+07   0.186645E+02   0.789292E+00   0.325254E+00  -0.346358E+11
   0.102456E-01   0.960338E+07   0.958954E+07  -0.259620E+04   0.559091E+04   0.488355E+07   0.957873E+07   0.960105E+07   0.957873E+07  -0.153227E+00   0.311564E+07   0.311512E+07   0.169403E+02   0.627547E+00   0.325143E+00  -0.304098E+11
   0.113130E-01   0.928097E+07   0.926507E+07  -0.236784E+04   0.443150E+04   0.442204E+07   0.925532E+07   0.927830E+07   0.925532E+07  -0.148054E+00   0.301108E+07   0.301056E+07   0.154141E+02   0.497399E+00   0.325047E+00  -0.266163E+11
   0.124916E-01   0.893814E+07   0.891986E+07  -0.170406E+04   0.350025E+04   0.397482E+07   0.891160E+07   0.893507E+07   0.891160E+07  -0.142555E+00   0.289979E+07   0.289927E+07   0.140661E+02   0.392860E+00   0.324963E+00  -0.232141E+11
   0.137930E-01   0.857406E+07   0.855305E+07  -0.166232E+04   0.275376E+04   0.354497E+07   0.854675E+07   0.857054E+07   0.854675E+07  -0.136719E+00   0.278153E+07   0.278099E+07   0.128728E+02   0.309063E+00   0.324889E+00  -0.201663E+11
   0.152300E-01   0.818817E+07   0.816409E+07  -0.130492E+04   0.215680E+04   0.313268E+07   0.816022E+07   0.818413E+07   0.816022E+07  -0.130536E+00   0.265612E+07   0.265558E+07   0.118106E+02   0.242050E+00   0.324825E+00  -0.174401E+11
   0.168167E-01   0.778939E+07   0.776190E+07  -0.101062E+04   0.168268E+04   0.274753E+07   0.776094E+07   0.778478E+07   0.776094E+07  -0.124148E+00   0.252648E+07   0.252593E+07   0.108667E+02   0.188830E+00   0.324768E+00  -0.150236E+11
   0.185687E-01   0.736217E+07   0.733099E+07  -0.909579E+03   0.130428E+04   0.238415E+07   0.733340E+07   0.735693E+07   0.733340E+07  -0.117309E+00   0.238758E+07   0.238702E+07   0.100023E+02   0.146357E+00   0.324717E+00  -0.128580E+11
   0.205033E-01   0.691553E+07   0.688050E+07  -0.565207E+03   0.100473E+04   0.204813E+07   0.688664E+07   0.690965E+07   0.688664E+07  -0.110163E+00   0.224236E+07   0.224180E+07   0.920132E+01   0.112737E+00   0.324673E+00  -0.109366E+11
   0.226393E-01   0.644580E+07   0.640692E+07  -0.513517E+03   0.767975E+03   0.173885E+07   0.641703E+07   0.643927E+07   0.641703E+07  -0.102650E+00   0.208965E+07   0.208908E+07   0.843621E+01   0.861668E-01   0.324633E+00  -0.923009E+10
   0.249980E-01   0.596964E+07   0.592714E+07  -0.388206E+03   0.583253E+03   0.146142E+07   0.594120E+07   0.596251E+07   0.594120E+07  -0.950389E-01   0.193487E+07   0.193430E+07   0.769029E+01   0.654374E-01   0.324598E+00  -0.774002E+10
   0.276023E-01   0.549258E+07   0.544702E+07  -0.270133E+03   0.440066E+03   0.121555E+07   0.546472E+07   0.548493E+07   0.546472E+07  -0.874169E-01   0.177984E+07   0.177926E+07   0.694204E+01   0.493701E-01   0.324567E+00  -0.644804E+10
   0.304780E-01   0.501660E+07   0.496898E+07  -0.234483E+03   0.329596E+03   0.999828E+06   0.498964E+07   0.500861E+07   0.498964E+07  -0.798170E-01   0.162522E+07   0.162466E+07   0.617004E+01   0.369749E-01   0.324540E+00  -0.533233E+10
   0.336533E-01   0.455453E+07   0.450628E+07  -0.157073E+03   0.245388E+03   0.814378E+06   0.452876E+07   0.454643E+07   0.452876E+07  -0.724447E-01   0.147520E+07   0.147466E+07   0.536557E+01   0.275270E-01   0.324515E+00  -0.438343E+10
   0.371593E-01   0.412295E+07   0.407595E+07  -0.118564E+03   0.182170E+03   0.658961E+06   0.409870E+07   0.411506E+07   0.409870E+07  -0.655652E-01   0.133519E+07   0.133469E+07   0.453214E+01   0.204345E-01   0.324494E+00  -0.359306E+10
   0.410307E-01   0.373239E+07   0.368877E+07  -0.104984E+03   0.135255E+03   0.531226E+06   0.370995E+07   0.372507E+07   0.370995E+07  -0.593465E-01   0.120862E+07   0.120816E+07   0.368587E+01   0.151714E-01   0.324474E+00  -0.294556E+10
   0.451338E-01   0.340542E+07   0.336694E+07   0.101995E+03   0.101995E+03   0.431998E+06   0.338492E+07   0.339896E+07   0.338492E+07  -0.541471E-01   0.110264E+07   0.110222E+07   0.308756E+01   0.114418E-01   0.324416E+00  -0.244297E+10
   0.492368E-01   0.314753E+07   0.311515E+07   0.792275E+02   0.792275E+02   0.358486E+06   0.312892E+07   0.314209E+07   0.312892E+07  -0.500519E-01   0.101927E+07   0.101892E+07   0.238798E+01   0.888751E-02   0.324403E+00  -0.207010E+10
   0.533399E-01   0.293966E+07   0.291338E+07   0.630634E+02   0.630634E+02   0.302475E+06   0.292278E+07   0.293524E+07   0.292278E+07  -0.467545E-01   0.952148E+06   0.951856E+06   0.183003E+01   0.707412E-02   0.324392E+00  -0.178503E+10
   0.574430E-01   0.276463E+07   0.274370E+07   0.511504E+02   0.511504E+02   0.258410E+06   0.274927E+07   0.276112E+07   0.274927E+07  -0.439789E-01   0.895642E+06   0.895399E+06   0.141155E+01   0.573767E-02   0.324383E+00  -0.155917E+10
   0.615460E-01   0.260902E+07   0.259219E+07   0.420576E+02   0.420576E+02   0.222617E+06   0.259491E+07   0.260619E+07   0.259491E+07  -0.415097E-01   0.845372E+06   0.845165E+06   0.112040E+01   0.471764E-02   0.324375E+00  -0.137355E+10
   0.656491E-01   0.246246E+07   0.244824E+07   0.348922E+02   0.348922E+02   0.192639E+06   0.244934E+07   0.246008E+07   0.244934E+07  -0.391811E-01   0.797962E+06   0.797778E+06   0.936197E+00   0.391384E-02   0.324368E+00  -0.121549E+10
   0.697522E-01   0.231760E+07   0.230453E+07   0.290904E+02   0.290904E+02   0.166874E+06   0.230524E+07   0.231541E+07   0.230524E+07  -0.368759E-01   0.751028E+06   0.750854E+06   0.833358E+00   0.326302E-02   0.324362E+00  -0.107671E+10
   0.738552E-01   0.217564E+07   0.216252E+07   0.243569E+02   0.243569E+02   0.144704E+06   0.216384E+07   0.217344E+07   0.216384E+07  -0.346140E-01   0.704974E+06   0.704800E+06   0.786050E+00   0.273205E-02   0.324357E+00  -0.954530E+09
   0.779583E-01   0.203198E+07   0.201800E+07   0.204141E+02   0.204141E+02   0.125241E+06   0.202062E+07   0.202964E+07   0.202062E+07  -0.323230E-01   0.658326E+06   0.658147E+06   0.767644E+00   0.228978E-02   0.324353E+00  -0.844452E+09
   0.820614E-01   0.189361E+07   0.187843E+07   0.171659E+02   0.171659E+02   0.108483E+06   0.188263E+07   0.189106E+07   0.188263E+07  -0.301156E-01   0.613377E+06   0.613191E+06   0.758408E+00   0.192542E-02   0.324349E+00  -0.747451E+09
   0.861644E-01   0.176432E+07   0.174802E+07   0.145039E+02   0.145039E+02   0.942106E+05   0.175369E+07   0.176158E+07   0.175369E+07  -0.280530E-01   0.571378E+06   0.571186E+06   0.743438E+00   0.162683E-02   0.324346E+00  -0.663113E+09
   0.912856E-01   0.162051E+07   0.160346E+07   0.118663E+02   0.118663E+02   0.795489E+05   0.161037E+07   0.161765E+07   0.161037E+07  -0.257603E-01   0.524690E+06   0.524498E+06   0.704264E+00   0.133098E-02   0.324342E+00  -0.574765E+09
   0.964067E-01   0.150053E+07   0.148373E+07   0.985031E+01   0.985031E+01   0.679716E+05   0.149094E+07   0.149771E+07   0.149094E+07  -0.238499E-01   0.485785E+06   0.485600E+06   0.639345E+00   0.110485E-02   0.324339E+00  -0.503878E+09
   0.101528E+00   0.140585E+07   0.139031E+07   0.832146E+01   0.832146E+01   0.589703E+05   0.139688E+07   0.140324E+07   0.139688E+07  -0.223453E-01   0.455141E+06   0.454972E+06   0.555376E+00   0.933362E-03   0.324336E+00  -0.448280E+09
   0.106649E+00   0.133304E+07   0.131948E+07   0.715198E+01   0.715198E+01   0.519447E+05   0.132472E+07   0.133077E+07   0.132472E+07  -0.211909E-01   0.431630E+06   0.431481E+06   0.464484E+00   0.802187E-03   0.324334E+00  -0.404711E+09
   0.111770E+00   0.127498E+07   0.126365E+07   0.622933E+01   0.622933E+01   0.462864E+05   0.126727E+07   0.127308E+07   0.126727E+07  -0.202720E-01   0.412914E+06   0.412787E+06   0.379419E+00   0.698698E-03   0.324331E+00  -0.369426E+09
   0.116891E+00   0.122396E+07   0.121467E+07   0.546873E+01   0.546873E+01   0.415056E+05   0.121681E+07   0.122240E+07   0.121681E+07  -0.194648E-01   0.396472E+06   0.396364E+06   0.310038E+00   0.613385E-03   0.324329E+00  -0.339177E+09
   0.122012E+00   0.117397E+07   0.116616E+07   0.481504E+01   0.481504E+01   0.372739E+05   0.116728E+07   0.117266E+07   0.116728E+07  -0.186725E-01   0.380336E+06   0.380240E+06   0.261343E+00   0.540065E-03   0.324328E+00  -0.311717E+09
   0.127134E+00   0.112148E+07   0.111444E+07   0.423690E+01   0.423690E+01   0.334102E+05   0.111515E+07   0.112029E+07   0.111515E+07  -0.178386E-01   0.363350E+06   0.363262E+06   0.233145E+00   0.475219E-03   0.324326E+00  -0.285801E+09
   0.132255E+00   0.106550E+07   0.105857E+07   0.371959E+01   0.371959E+01   0.298433E+05   0.105944E+07   0.106434E+07   0.105944E+07  -0.169474E-01   0.345202E+06   0.345114E+06   0.221118E+00   0.417195E-03   0.324325E+00  -0.261011E+09
   0.137376E+00   0.100718E+07   0.999882E+06   0.325833E+01   0.325833E+01   0.265711E+05   0.100132E+07   0.100595E+07   0.100132E+07  -0.160177E-01   0.326266E+06   0.326176E+06   0.218675E+00   0.365459E-03   0.324323E+00  -0.237497E+09
   0.142497E+00   0.949000E+06   0.941148E+06   0.285291E+01   0.285291E+01   0.236239E+05   0.943309E+06   0.947682E+06   0.943309E+06  -0.150897E-01   0.307367E+06   0.307273E+06   0.219005E+00   0.319987E-03   0.324322E+00  -0.215697E+09
   0.147618E+00   0.894146E+06   0.885824E+06   0.250431E+01   0.250431E+01   0.210385E+05   0.888624E+06   0.892749E+06   0.888624E+06  -0.142149E-01   0.289551E+06   0.289455E+06   0.216738E+00   0.280886E-03   0.324321E+00  -0.196145E+09
   0.152739E+00   0.845634E+06   0.837127E+06   0.221200E+01   0.221200E+01   0.188378E+05   0.840300E+06   0.844206E+06   0.840300E+06  -0.134419E-01   0.273807E+06   0.273711E+06   0.208879E+00   0.248100E-03   0.324320E+00  -0.179260E+09
   0.157860E+00   0.805135E+06   0.796816E+06   0.197154E+01   0.197154E+01   0.170078E+05   0.800015E+06   0.803738E+06   0.800015E+06  -0.127975E-01   0.260681E+06   0.260589E+06   0.194917E+00   0.221130E-03   0.324319E+00  -0.165130E+09
   0.162982E+00   0.772351E+06   0.764566E+06   0.177435E+01   0.177435E+01   0.154947E+05   0.767468E+06   0.771044E+06   0.767468E+06  -0.122769E-01   0.250076E+06   0.249990E+06   0.176328E+00   0.199013E-03   0.324318E+00  -0.153435E+09
   0.168103E+00   0.745592E+06   0.738569E+06   0.161028E+01   0.161028E+01   0.142258E+05   0.740957E+06   0.744412E+06   0.740957E+06  -0.118528E-01   0.241437E+06   0.241359E+06   0.155749E+00   0.180610E-03   0.324318E+00  -0.143622E+09
   0.173224E+00   0.722726E+06   0.716533E+06   0.147018E+01   0.147018E+01   0.131318E+05   0.718333E+06   0.721686E+06   0.718333E+06  -0.114909E-01   0.234065E+06   0.233995E+06   0.136062E+00   0.164896E-03   0.324317E+00  -0.135121E+09
   0.178345E+00   0.701589E+06   0.696135E+06   0.134658E+01   0.134658E+01   0.121543E+05   0.697415E+06   0.700674E+06   0.697415E+06  -0.111562E-01   0.227249E+06   0.227185E+06   0.119574E+00   0.151033E-03   0.324316E+00  -0.127420E+09
   0.183466E+00   0.680174E+06   0.675254E+06   0.123372E+01   0.123372E+01   0.112472E+05   0.676186E+06   0.679348E+06   0.676186E+06  -0.108167E-01   0.220332E+06   0.220273E+06   0.107524E+00   0.138375E-03   0.324316E+00  -0.120093E+09
   0.188587E+00   0.657180E+06   0.652545E+06   0.112819E+01   0.112819E+01   0.103834E+05   0.653345E+06   0.656402E+06   0.653345E+06  -0.104513E-01   0.212889E+06   0.212833E+06   0.999816E-01   0.126539E-03   0.324315E+00  -0.112885E+09
   0.193708E+00   0.632476E+06   0.627895E+06   0.102910E+01   0.102910E+01   0.955757E+04   0.628763E+06   0.631707E+06   0.628763E+06  -0.100580E-01   0.204880E+06   0.204824E+06   0.960754E-01   0.115424E-03   0.324315E+00  -0.105766E+09
   0.198830E+00   0.606869E+06   0.602184E+06   0.937145E+00   0.937145E+00   0.877936E+04   0.603255E+06   0.606082E+06   0.603255E+06  -0.965001E-02   0.196569E+06   0.196513E+06   0.943785E-01   0.105111E-03   0.324314E+00  -0.988621E+08
   0.203951E+00   0.581478E+06   0.576630E+06   0.853320E+00   0.853320E+00   0.806058E+04   0.577954E+06   0.580664E+06   0.577954E+06  -0.924528E-02   0.188326E+06   0.188269E+06   0.933423E-01   0.957088E-04   0.324314E+00  -0.923377E+08
   0.209072E+00   0.557395E+06   0.552417E+06   0.778319E+00   0.778319E+00   0.741066E+04   0.553960E+06   0.556559E+06   0.553960E+06  -0.886146E-02   0.180508E+06   0.180451E+06   0.916888E-01   0.872967E-04   0.324313E+00  -0.863365E+08
   0.214193E+00   0.535551E+06   0.530545E+06   0.712436E+00   0.712436E+00   0.683514E+04   0.532212E+06   0.534711E+06   0.532212E+06  -0.851357E-02   0.173422E+06   0.173365E+06   0.886663E-01   0.799071E-04   0.324313E+00  -0.809640E+08
   0.219314E+00   0.516510E+06   0.511608E+06   0.655376E+00   0.655376E+00   0.633365E+04   0.513277E+06   0.515687E+06   0.513277E+06  -0.821066E-02   0.167252E+06   0.167197E+06   0.841162E-01   0.735072E-04   0.324312E+00  -0.762601E+08
   0.224435E+00   0.500268E+06   0.495591E+06   0.606144E+00   0.606144E+00   0.589901E+04   0.497147E+06   0.499483E+06   0.497147E+06  -0.795264E-02   0.161996E+06   0.161944E+06   0.783759E-01   0.679853E-04   0.324312E+00  -0.721783E+08
   0.229556E+00   0.486308E+06   0.481938E+06   0.563267E+00   0.563267E+00   0.551863E+04   0.483302E+06   0.485574E+06   0.483302E+06  -0.773118E-02   0.157485E+06   0.157436E+06   0.720856E-01   0.631763E-04   0.324312E+00  -0.686030E+08
   0.234678E+00   0.473845E+06   0.469807E+06   0.525181E+00   0.525181E+00   0.517882E+04   0.470952E+06   0.473167E+06   0.470952E+06  -0.753362E-02   0.153461E+06   0.153414E+06   0.659660E-01   0.589045E-04   0.324311E+00  -0.653912E+08
   0.239799E+00   0.462042E+06   0.458305E+06   0.490496E+00   0.490496E+00   0.486690E+04   0.459254E+06   0.461415E+06   0.459254E+06  -0.734649E-02   0.149649E+06   0.149605E+06   0.606198E-01   0.550142E-04   0.324311E+00  -0.624052E+08
   0.244920E+00   0.450190E+06   0.446685E+06   0.458160E+00   0.458160E+00   0.457330E+04   0.447495E+06   0.449601E+06   0.447495E+06  -0.715839E-02   0.145817E+06   0.145776E+06   0.564017E-01   0.513874E-04   0.324311E+00  -0.595360E+08
   0.250041E+00   0.437874E+06   0.434512E+06   0.427567E+00   0.427567E+00   0.429256E+04   0.435260E+06   0.437309E+06   0.435260E+06  -0.696267E-02   0.141830E+06   0.141790E+06   0.533767E-01   0.479560E-04   0.324311E+00  -0.567222E+08
   0.255162E+00   0.425048E+06   0.421747E+06   0.398544E+00   0.398544E+00   0.402341E+04   0.422503E+06   0.424493E+06   0.422503E+06  -0.675860E-02   0.137674E+06   0.137634E+06   0.513573E-01   0.447008E-04   0.324310E+00  -0.539548E+08
   0.260283E+00   0.411947E+06   0.408649E+06   0.371195E+00   0.371195E+00   0.376744E+04   0.409464E+06   0.411393E+06   0.409464E+06  -0.655002E-02   0.133425E+06   0.133386E+06   0.499942E-01   0.416334E-04   0.324310E+00  -0.512609E+08
   0.265404E+00   0.398946E+06   0.395625E+06   0.345723E+00   0.345723E+00   0.352704E+04   0.396520E+06   0.398388E+06   0.396520E+06  -0.634295E-02   0.129207E+06   0.129169E+06   0.488880E-01   0.387764E-04   0.324310E+00  -0.486826E+08
   0.270526E+00   0.386452E+06   0.383115E+06   0.322319E+00   0.322319E+00   0.330472E+04   0.384081E+06   0.385891E+06   0.384081E+06  -0.614397E-02   0.125154E+06   0.125116E+06   0.476933E-01   0.361514E-04   0.324310E+00  -0.462628E+08
   0.275647E+00   0.374821E+06   0.371502E+06   0.301099E+00   0.301099E+00   0.310205E+04   0.372508E+06   0.374264E+06   0.372508E+06  -0.595884E-02   0.121383E+06   0.121345E+06   0.461894E-01   0.337714E-04   0.324309E+00  -0.440352E+08
   0.280768E+00   0.364268E+06   0.361010E+06   0.282040E+00   0.282040E+00   0.291925E+04   0.362014E+06   0.363721E+06   0.362014E+06  -0.579097E-02   0.117964E+06   0.117927E+06   0.443061E-01   0.316338E-04   0.324309E+00  -0.420141E+08
   0.285889E+00   0.354801E+06   0.351646E+06   0.264959E+00   0.264959E+00   0.275482E+04   0.352608E+06   0.354272E+06   0.352608E+06  -0.564052E-02   0.114899E+06   0.114863E+06   0.421081E-01   0.297179E-04   0.324309E+00  -0.401895E+08
   0.291010E+00   0.346255E+06   0.343232E+06   0.249563E+00   0.249563E+00   0.260605E+04   0.344123E+06   0.345747E+06   0.344123E+06  -0.550479E-02   0.112134E+06   0.112100E+06   0.397516E-01   0.279911E-04   0.324309E+00  -0.385323E+08
   0.296131E+00   0.338366E+06   0.335488E+06   0.235524E+00   0.235524E+00   0.246985E+04   0.336296E+06   0.337883E+06   0.336296E+06  -0.537957E-02   0.109584E+06   0.109551E+06   0.374268E-01   0.264165E-04   0.324309E+00  -0.370046E+08
   0.301252E+00   0.330850E+06   0.328108E+06   0.222538E+00   0.222538E+00   0.234320E+04   0.328838E+06   0.330390E+06   0.328838E+06  -0.526027E-02   0.107153E+06   0.107122E+06   0.353035E-01   0.249599E-04   0.324309E+00  -0.355689E+08
   0.306374E+00   0.323453E+06   0.320824E+06   0.210355E+00   0.210355E+00   0.222371E+04   0.321493E+06   0.323012E+06   0.321493E+06  -0.514279E-02   0.104760E+06   0.104730E+06   0.334918E-01   0.235935E-04   0.324308E+00  -0.341932E+08
   0.311495E+00   0.316004E+06   0.313459E+06   0.198811E+00   0.198811E+00   0.210974E+04   0.314093E+06   0.315577E+06   0.314093E+06  -0.502441E-02   0.102349E+06   0.102319E+06   0.320262E-01   0.222987E-04   0.324308E+00  -0.328569E+08
   0.316616E+00   0.308453E+06   0.305961E+06   0.187833E+00   0.187833E+00   0.200066E+04   0.306586E+06   0.308035E+06   0.306586E+06  -0.490433E-02   0.999029E+05   0.998736E+05   0.308704E-01   0.210674E-04   0.324308E+00  -0.315529E+08
   0.321737E+00   0.300861E+06   0.298400E+06   0.177421E+00   0.177421E+00   0.189658E+04   0.299035E+06   0.300448E+06   0.299035E+06  -0.478353E-02   0.974423E+05   0.974134E+05   0.299386E-01   0.198996E-04   0.324308E+00  -0.302859E+08
   0.326858E+00   0.293355E+06   0.290913E+06   0.167612E+00   0.167612E+00   0.179800E+04   0.291567E+06   0.292945E+06   0.291567E+06  -0.466407E-02   0.950090E+05   0.949805E+05   0.291237E-01   0.187994E-04   0.324308E+00  -0.290670E+08
   0.331979E+00   0.286078E+06   0.283654E+06   0.158446E+00   0.158446E+00   0.170547E+04   0.284327E+06   0.285671E+06   0.284327E+06  -0.454826E-02   0.926499E+05   0.926217E+05   0.283260E-01   0.177714E-04   0.324308E+00  -0.279079E+08
   0.337100E+00   0.279152E+06   0.276754E+06   0.149945E+00   0.149945E+00   0.161929E+04   0.277438E+06   0.278749E+06   0.277438E+06  -0.443805E-02   0.904050E+05   0.903773E+05   0.274746E-01   0.168179E-04   0.324308E+00  -0.268180E+08
   0.342222E+00   0.272654E+06   0.270297E+06   0.142103E+00   0.142103E+00   0.153954E+04   0.270977E+06   0.272258E+06   0.270977E+06  -0.433470E-02   0.882999E+05   0.882727E+05   0.265386E-01   0.159384E-04   0.324308E+00  -0.258016E+08
   0.347343E+00   0.266603E+06   0.264300E+06   0.134883E+00   0.134883E+00   0.146586E+04   0.264964E+06   0.266217E+06   0.264964E+06  -0.423851E-02   0.863404E+05   0.863138E+05   0.255253E-01   0.151285E-04   0.324308E+00  -0.248570E+08
   0.352464E+00   0.260958E+06   0.258720E+06   0.128219E+00   0.128219E+00   0.139767E+04   0.259355E+06   0.260582E+06   0.259355E+06  -0.414879E-02   0.845128E+05   0.844870E+05   0.244706E-01   0.143811E-04   0.324307E+00  -0.239774E+08
   0.357585E+00   0.255633E+06   0.253465E+06   0.122033E+00   0.122033E+00   0.133416E+04   0.254067E+06   0.255269E+06   0.254067E+06  -0.406420E-02   0.827896E+05   0.827645E+05   0.234242E-01   0.136872E-04   0.324307E+00  -0.231521E+08
   0.362706E+00   0.250530E+06   0.248431E+06   0.116246E+00   0.116246E+00   0.127454E+04   0.249000E+06   0.250178E+06   0.249000E+06  -0.398314E-02   0.811385E+05   0.811141E+05   0.224350E-01   0.130382E-04   0.324307E+00  -0.223700E+08
   0.367827E+00   0.245560E+06   0.243523E+06   0.110791E+00   0.110791E+00   0.121813E+04   0.244064E+06   0.245218E+06   0.244064E+06  -0.390418E-02   0.795299E+05   0.795062E+05   0.215385E-01   0.124263E-04   0.324307E+00  -0.216213E+08
   0.372948E+00   0.240655E+06   0.238669E+06   0.105617E+00   0.105617E+00   0.116440E+04   0.239189E+06   0.240321E+06   0.239189E+06  -0.382621E-02   0.779416E+05   0.779184E+05   0.207502E-01   0.118460E-04   0.324307E+00  -0.208985E+08
   0.378070E+00   0.235778E+06   0.233833E+06   0.100692E+00   0.100692E+00   0.111305E+04   0.234342E+06   0.235452E+06   0.234342E+06  -0.374867E-02   0.763623E+05   0.763395E+05   0.200654E-01   0.112937E-04   0.324307E+00  -0.201977E+08
   0.383191E+00   0.230936E+06   0.229023E+06   0.960052E-01   0.960052E-01   0.106398E+04   0.229528E+06   0.230615E+06   0.229528E+06  -0.367166E-02   0.747936E+05   0.747712E+05   0.194637E-01   0.107680E-04   0.324307E+00  -0.195184E+08
   0.388312E+00   0.226168E+06   0.224281E+06   0.915586E-01   0.915586E-01   0.101725E+04   0.224787E+06   0.225851E+06   0.224787E+06  -0.359582E-02   0.732487E+05   0.732267E+05   0.189166E-01   0.102692E-04   0.324307E+00  -0.188631E+08
   0.393433E+00   0.221522E+06   0.219659E+06   0.873572E-01   0.873572E-01   0.972956E+03   0.220167E+06   0.221209E+06   0.220167E+06  -0.352191E-02   0.717431E+05   0.717214E+05   0.183949E-01   0.979802E-05   0.324307E+00  -0.182349E+08
   0.398554E+00   0.217035E+06   0.215198E+06   0.834016E-01   0.834016E-01   0.931116E+03   0.215705E+06   0.216726E+06   0.215705E+06  -0.345054E-02   0.702893E+05   0.702679E+05   0.178753E-01   0.935436E-05   0.324307E+00  -0.176358E+08
   0.403675E+00   0.212733E+06   0.210925E+06   0.796869E-01   0.796869E-01   0.891722E+03   0.211428E+06   0.212429E+06   0.211428E+06  -0.338212E-02   0.688956E+05   0.688746E+05   0.173444E-01   0.893772E-05   0.324307E+00  -0.170668E+08
   0.408796E+00   0.208630E+06   0.206855E+06   0.762042E-01   0.762042E-01   0.854681E+03   0.207350E+06   0.208332E+06   0.207350E+06  -0.331689E-02   0.675667E+05   0.675462E+05   0.168001E-01   0.854710E-05   0.324307E+00  -0.165280E+08
   0.413918E+00   0.204723E+06   0.202985E+06   0.729384E-01   0.729384E-01   0.819872E+03   0.203467E+06   0.204431E+06   0.203467E+06  -0.325478E-02   0.663016E+05   0.662814E+05   0.162496E-01   0.818080E-05   0.324306E+00  -0.160178E+08
   0.419039E+00   0.200985E+06   0.199287E+06   0.698677E-01   0.698677E-01   0.787052E+03   0.199754E+06   0.200700E+06   0.199754E+06  -0.319538E-02   0.650916E+05   0.650718E+05   0.157053E-01   0.783640E-05   0.324306E+00  -0.155333E+08
   0.424160E+00   0.197380E+06   0.195721E+06   0.669682E-01   0.669682E-01   0.755987E+03   0.196173E+06   0.197102E+06   0.196173E+06  -0.313809E-02   0.639245E+05   0.639052E+05   0.151804E-01   0.751119E-05   0.324306E+00  -0.150706E+08
   0.429281E+00   0.193875E+06   0.192253E+06   0.642192E-01   0.642192E-01   0.726449E+03   0.192690E+06   0.193602E+06   0.192690E+06  -0.308237E-02   0.627896E+05   0.627707E+05   0.146861E-01   0.720285E-05   0.324306E+00  -0.146265E+08
   0.434402E+00   0.190445E+06   0.188856E+06   0.616048E-01   0.616048E-01   0.698278E+03   0.189282E+06   0.190178E+06   0.189282E+06  -0.302785E-02   0.616791E+05   0.616605E+05   0.142288E-01   0.690962E-05   0.324306E+00  -0.141984E+08
   0.439523E+00   0.187076E+06   0.185517E+06   0.591130E-01   0.591130E-01   0.671357E+03   0.185933E+06   0.186814E+06   0.185933E+06  -0.297429E-02   0.605879E+05   0.605697E+05   0.138092E-01   0.663015E-05   0.324306E+00  -0.137847E+08
   0.444644E+00   0.183760E+06   0.182227E+06   0.567353E-01   0.567353E-01   0.645590E+03   0.182637E+06   0.183502E+06   0.182637E+06  -0.292156E-02   0.595139E+05   0.594960E+05   0.134229E-01   0.636346E-05   0.324306E+00  -0.133844E+08
   0.449766E+00   0.180501E+06   0.178992E+06   0.544671E-01   0.544671E-01   0.620951E+03   0.179398E+06   0.180248E+06   0.179398E+06  -0.286974E-02   0.584583E+05   0.584407E+05   0.130624E-01   0.610906E-05   0.324306E+00  -0.129973E+08
   0.454887E+00   0.177313E+06   0.175826E+06   0.523070E-01   0.523070E-01   0.597420E+03   0.176228E+06   0.177063E+06   0.176228E+06  -0.281905E-02   0.574256E+05   0.574082E+05   0.127191E-01   0.586678E-05   0.324306E+00  -0.126240E+08
   0.460008E+00   0.174212E+06   0.172746E+06   0.502540E-01   0.502540E-01   0.575007E+03   0.173145E+06   0.173966E+06   0.173145E+06  -0.276973E-02   0.564210E+05   0.564039E+05   0.123856E-01   0.563652E-05   0.324306E+00  -0.122650E+08
   0.465129E+00   0.171208E+06   0.169765E+06   0.483059E-01   0.483059E-01   0.553688E+03   0.170159E+06   0.170966E+06   0.170159E+06  -0.272196E-02   0.554480E+05   0.554312E+05   0.120567E-01   0.541801E-05   0.324306E+00  -0.119208E+08
   0.470250E+00   0.168305E+06   0.166885E+06   0.464581E-01   0.464581E-01   0.533424E+03   0.167274E+06   0.168067E+06   0.167274E+06  -0.267581E-02   0.545078E+05   0.544912E+05   0.117301E-01   0.521076E-05   0.324306E+00  -0.115911E+08
   0.475371E+00   0.165500E+06   0.164104E+06   0.447048E-01   0.447048E-01   0.514159E+03   0.164486E+06   0.165266E+06   0.164486E+06  -0.263121E-02   0.535993E+05   0.535830E+05   0.114064E-01   0.501411E-05   0.324306E+00  -0.112751E+08
   0.480492E+00   0.162787E+06   0.161416E+06   0.430397E-01   0.430397E-01   0.495822E+03   0.161790E+06   0.162557E+06   0.161790E+06  -0.258808E-02   0.527207E+05   0.527047E+05   0.110882E-01   0.482735E-05   0.324306E+00  -0.109721E+08
   0.485614E+00   0.160158E+06   0.158811E+06   0.414562E-01   0.414562E-01   0.478354E+03   0.159177E+06   0.159932E+06   0.159177E+06  -0.254628E-02   0.518693E+05   0.518536E+05   0.107789E-01   0.464975E-05   0.324306E+00  -0.106810E+08
   0.490735E+00   0.157601E+06   0.156278E+06   0.399475E-01   0.399475E-01   0.461670E+03   0.156636E+06   0.157379E+06   0.156636E+06  -0.250564E-02   0.510413E+05   0.510259E+05   0.104820E-01   0.448053E-05   0.324306E+00  -0.104009E+08
   0.495856E+00   0.155103E+06   0.153804E+06   0.385067E-01   0.385067E-01   0.445707E+03   0.154154E+06   0.154885E+06   0.154154E+06  -0.246594E-02   0.502326E+05   0.502174E+05   0.101996E-01   0.431893E-05   0.324306E+00  -0.101303E+08
   0.500977E+00   0.152656E+06   0.151378E+06   0.371282E-01   0.371282E-01   0.430400E+03   0.151722E+06   0.152441E+06   0.151722E+06  -0.242703E-02   0.494400E+05   0.494251E+05   0.993232E-02   0.416432E-05   0.324306E+00  -0.986857E+07
   0.506098E+00   0.150256E+06   0.148998E+06   0.358086E-01   0.358086E-01   0.415719E+03   0.149336E+06   0.150044E+06   0.149336E+06  -0.238887E-02   0.486626E+05   0.486480E+05   0.967951E-02   0.401631E-05   0.324306E+00  -0.961512E+07
   0.511219E+00   0.147904E+06   0.146665E+06   0.345456E-01   0.345456E-01   0.401639E+03   0.146999E+06   0.147696E+06   0.146999E+06  -0.235148E-02   0.479011E+05   0.478866E+05   0.943941E-02   0.387465E-05   0.324306E+00  -0.936984E+07
   0.516340E+00   0.145604E+06   0.144382E+06   0.333369E-01   0.333369E-01   0.388137E+03   0.144712E+06   0.145398E+06   0.144712E+06  -0.231490E-02   0.471559E+05   0.471416E+05   0.920957E-02   0.373908E-05   0.324306E+00  -0.913258E+07
   0.521462E+00   0.143354E+06   0.142151E+06   0.321804E-01   0.321804E-01   0.375197E+03   0.142477E+06   0.143152E+06   0.142477E+06  -0.227914E-02   0.464274E+05   0.464134E+05   0.898750E-02   0.360937E-05   0.324305E+00  -0.890320E+07
   0.526583E+00   0.141160E+06   0.139973E+06   0.310744E-01   0.310744E-01   0.362796E+03   0.140295E+06   0.140961E+06   0.140295E+06  -0.224424E-02   0.457166E+05   0.457028E+05   0.877124E-02   0.348532E-05   0.324305E+00  -0.868163E+07
   0.531704E+00   0.139023E+06   0.137854E+06   0.300173E-01   0.300173E-01   0.350927E+03   0.138172E+06   0.138827E+06   0.138172E+06  -0.221027E-02   0.450246E+05   0.450110E+05   0.855966E-02   0.336676E-05   0.324305E+00  -0.846787E+07
   0.536825E+00   0.136946E+06   0.135794E+06   0.290073E-01   0.290073E-01   0.339563E+03   0.136107E+06   0.136752E+06   0.136107E+06  -0.217724E-02   0.443518E+05   0.443383E+05   0.835244E-02   0.325347E-05   0.324305E+00  -0.826175E+07
   0.541946E+00   0.134924E+06   0.133790E+06   0.280415E-01   0.280415E-01   0.328682E+03   0.134097E+06   0.134733E+06   0.134097E+06  -0.214510E-02   0.436970E+05   0.436837E+05   0.814983E-02   0.314515E-05   0.324305E+00  -0.806286E+07
   0.547067E+00   0.132953E+06   0.131836E+06   0.271169E-01   0.271169E-01   0.318248E+03   0.132138E+06   0.132765E+06   0.132138E+06  -0.211376E-02   0.430586E+05   0.430455E+05   0.795248E-02   0.304145E-05   0.324305E+00  -0.787069E+07
   0.559946E+00   0.128200E+06   0.127125E+06   0.249587E-01   0.249587E-01   0.293819E+03   0.127415E+06   0.128020E+06   0.127415E+06  -0.203821E-02   0.415196E+05   0.415070E+05   0.748453E-02   0.279939E-05   0.324305E+00  -0.741482E+07
   0.593872E+00   0.116817E+06   0.115836E+06   0.202183E-01   0.202183E-01   0.239791E+03   0.116101E+06   0.116652E+06   0.116101E+06  -0.185722E-02   0.378327E+05   0.378212E+05   0.644289E-02   0.226769E-05   0.324305E+00  -0.637043E+07
   0.629853E+00   0.106416E+06   0.105523E+06   0.163739E-01   0.163739E-01   0.195558E+03   0.105764E+06   0.106266E+06   0.105764E+06  -0.169186E-02   0.344643E+05   0.344538E+05   0.553590E-02   0.183651E-05   0.324305E+00  -0.547172E+07
   0.879031E+00   0.622075E+05   0.616857E+05   0.491428E-02   0.491428E-02   0.605946E+02   0.618262E+05   0.621199E+05   0.618262E+05  -0.989007E-03   0.201468E+05   0.201406E+05   0.234093E-02   0.551189E-06   0.324304E+00  -0.229190E+07
   0.122679E+01   0.359255E+05   0.356241E+05   0.145710E-02   0.145710E-02   0.183511E+02   0.357052E+05   0.358749E+05   0.357052E+05  -0.571161E-03   0.116350E+05   0.116314E+05   0.986952E-03   0.163430E-06   0.324304E+00  -0.948397E+06
   0.171212E+01   0.205317E+05   0.203593E+05   0.427545E-03   0.427545E-03   0.545746E+01   0.204058E+05   0.205028E+05   0.204058E+05  -0.326422E-03   0.664948E+04   0.664732E+04   0.418970E-03   0.479539E-07   0.324303E+00  -0.388370E+06
   0.238945E+01   0.116289E+05   0.115311E+05   0.124327E-03   0.124327E-03   0.159986E+01   0.115575E+05   0.116125E+05   0.115575E+05  -0.184881E-03   0.376617E+04   0.376487E+04   0.181819E-03   0.139446E-07   0.324302E+00  -0.157613E+06
