#          k/h    CDM            baryon         photon         nu             mass_nu        total          no_nu          total_de       Weyl           v_CDM          v_b            v_b-v_c        ISW            log_grow       pert_vel    
   0.994668E-05   0.286322E+08   0.286322E+08   0.381599E+08   0.381594E+08   0.286350E+08   0.286322E+08   0.286322E+08   0.286424E+08  -0.458427E+00   0.992944E+07   0.992944E+07   0.707534E+01   0.112834E+07   0.518029E+00  -0.998304E+14
   0.109829E-04   0.286311E+08   0.286311E+08   0.381548E+08   0.381542E+08   0.286338E+08   0.286311E+08   0.286311E+08   0.286413E+08  -0.458408E+00   0.992923E+07   0.992922E+07   0.781220E+01   0.925479E+06   0.518000E+00  -0.904092E+14
   0.121272E-04   0.286297E+08   0.286297E+08   0.381485E+08   0.381478E+08   0.286324E+08   0.286297E+08   0.286297E+08   0.286399E+08  -0.458386E+00   0.992896E+07   0.992896E+07   0.862574E+01   0.759091E+06   0.517964E+00  -0.818767E+14
   0.133906E-04   0.286280E+08   0.286280E+08   0.381409E+08   0.381401E+08   0.286307E+08   0.286280E+08   0.286280E+08   0.286382E+08  -0.458359E+00   0.992865E+07   0.992865E+07   0.952391E+01   0.622620E+06   0.517921E+00  -0.741490E+14
   0.147857E-04   0.286260E+08   0.286260E+08   0.381316E+08   0.381307E+08   0.286287E+08   0.286260E+08   0.286260E+08   0.286362E+08  -0.458326E+00   0.992826E+07   0.992826E+07   0.105155E+02   0.510687E+06   0.517869E+00  -0.671503E+14
   0.163261E-04   0.286235E+08   0.286235E+08   0.381203E+08   0.381191E+08   0.286261E+08   0.286235E+08   0.286235E+08   0.286337E+08  -0.458286E+00   0.992779E+07   0.992779E+07   0.116101E+02   0.418880E+06   0.517805E+00  -0.608116E+14
   0.180270E-04   0.286204E+08   0.286204E+08   0.381066E+08   0.381051E+08   0.286231E+08   0.286204E+08   0.286204E+08   0.286306E+08  -0.458237E+00   0.992721E+07   0.992721E+07   0.128186E+02   0.343580E+06   0.517727E+00  -0.550706E+14
   0.199051E-04   0.286167E+08   0.286167E+08   0.380898E+08   0.380880E+08   0.286193E+08   0.286167E+08   0.286167E+08   0.286269E+08  -0.458178E+00   0.992651E+07   0.992651E+07   0.141524E+02   0.281819E+06   0.517632E+00  -0.498711E+14
   0.219788E-04   0.286122E+08   0.286122E+08   0.380694E+08   0.380672E+08   0.286148E+08   0.286122E+08   0.286122E+08   0.286224E+08  -0.458105E+00   0.992566E+07   0.992566E+07   0.156248E+02   0.231162E+06   0.517517E+00  -0.451617E+14
   0.242687E-04   0.286067E+08   0.286067E+08   0.380445E+08   0.380418E+08   0.286092E+08   0.286067E+08   0.286067E+08   0.286169E+08  -0.458017E+00   0.992462E+07   0.992461E+07   0.172497E+02   0.189614E+06   0.517377E+00  -0.408963E+14
   0.267970E-04   0.286000E+08   0.286000E+08   0.380141E+08   0.380109E+08   0.286024E+08   0.286000E+08   0.286000E+08   0.286101E+08  -0.457909E+00   0.992335E+07   0.992335E+07   0.190430E+02   0.155536E+06   0.517206E+00  -0.370329E+14
   0.295888E-04   0.285918E+08   0.285918E+08   0.379772E+08   0.379732E+08   0.285942E+08   0.285918E+08   0.285918E+08   0.286020E+08  -0.457778E+00   0.992180E+07   0.992180E+07   0.210218E+02   0.127586E+06   0.516999E+00  -0.335335E+14
   0.326714E-04   0.285819E+08   0.285819E+08   0.379322E+08   0.379274E+08   0.285842E+08   0.285819E+08   0.285819E+08   0.285920E+08  -0.457619E+00   0.991992E+07   0.991992E+07   0.232049E+02   0.104661E+06   0.516747E+00  -0.303638E+14
   0.360752E-04   0.285698E+08   0.285698E+08   0.378774E+08   0.378715E+08   0.285720E+08   0.285698E+08   0.285698E+08   0.285799E+08  -0.457425E+00   0.991763E+07   0.991763E+07   0.256131E+02   0.858572E+05   0.516441E+00  -0.274926E+14
   0.398336E-04   0.285551E+08   0.285551E+08   0.378107E+08   0.378036E+08   0.285572E+08   0.285551E+08   0.285551E+08   0.285652E+08  -0.457190E+00   0.991485E+07   0.991485E+07   0.282690E+02   0.704345E+05   0.516070E+00  -0.248916E+14
   0.439836E-04   0.285373E+08   0.285372E+08   0.377297E+08   0.377210E+08   0.285392E+08   0.285373E+08   0.285373E+08   0.285473E+08  -0.456904E+00   0.991146E+07   0.991146E+07   0.311972E+02   0.577846E+05   0.515620E+00  -0.225353E+14
   0.485659E-04   0.285156E+08   0.285156E+08   0.376311E+08   0.376205E+08   0.285173E+08   0.285156E+08   0.285156E+08   0.285257E+08  -0.456557E+00   0.990735E+07   0.990734E+07   0.344246E+02   0.474089E+05   0.515077E+00  -0.204006E+14
   0.536256E-04   0.284893E+08   0.284893E+08   0.375113E+08   0.374985E+08   0.284908E+08   0.284893E+08   0.284893E+08   0.284994E+08  -0.456136E+00   0.990235E+07   0.990235E+07   0.379804E+02   0.388984E+05   0.514421E+00  -0.184664E+14
   0.592125E-04   0.284575E+08   0.284575E+08   0.373659E+08   0.373503E+08   0.284588E+08   0.284575E+08   0.284575E+08   0.284675E+08  -0.455626E+00   0.989629E+07   0.989628E+07   0.418961E+02   0.319177E+05   0.513630E+00  -0.167138E+14
   0.653814E-04   0.284191E+08   0.284190E+08   0.371894E+08   0.371705E+08   0.284200E+08   0.284191E+08   0.284191E+08   0.284290E+08  -0.455009E+00   0.988893E+07   0.988892E+07   0.462057E+02   0.261916E+05   0.512679E+00  -0.151256E+14
   0.721930E-04   0.283726E+08   0.283726E+08   0.369757E+08   0.369526E+08   0.283731E+08   0.283726E+08   0.283726E+08   0.283825E+08  -0.454264E+00   0.988003E+07   0.988002E+07   0.509452E+02   0.214944E+05   0.511540E+00  -0.136861E+14
   0.797142E-04   0.283166E+08   0.283166E+08   0.367169E+08   0.366890E+08   0.283166E+08   0.283166E+08   0.283166E+08   0.283264E+08  -0.453367E+00   0.986926E+07   0.986925E+07   0.561530E+02   0.176411E+05   0.510180E+00  -0.123813E+14
   0.880190E-04   0.282494E+08   0.282493E+08   0.364043E+08   0.363705E+08   0.282487E+08   0.282494E+08   0.282494E+08   0.282591E+08  -0.452288E+00   0.985626E+07   0.985624E+07   0.618692E+02   0.144798E+05   0.508562E+00  -0.111983E+14
   0.971891E-04   0.281687E+08   0.281687E+08   0.360273E+08   0.359864E+08   0.281673E+08   0.281687E+08   0.281687E+08   0.281783E+08  -0.450995E+00   0.984060E+07   0.984058E+07   0.681353E+02   0.118858E+05   0.506648E+00  -0.101256E+14
   0.107314E-03   0.280724E+08   0.280723E+08   0.355737E+08   0.355242E+08   0.280701E+08   0.280724E+08   0.280724E+08   0.280819E+08  -0.449451E+00   0.982178E+07   0.982176E+07   0.749932E+02   0.975720E+04   0.504398E+00  -0.915267E+13
   0.118495E-03   0.279578E+08   0.279577E+08   0.350294E+08   0.349696E+08   0.279544E+08   0.279578E+08   0.279578E+08   0.279671E+08  -0.447613E+00   0.979923E+07   0.979920E+07   0.824841E+02   0.801003E+04   0.501771E+00  -0.827006E+13
   0.130840E-03   0.278221E+08   0.278220E+08   0.343784E+08   0.343065E+08   0.278173E+08   0.278221E+08   0.278221E+08   0.278312E+08  -0.445437E+00   0.977231E+07   0.977227E+07   0.906469E+02   0.657558E+04   0.498729E+00  -0.746918E+13
   0.144471E-03   0.276623E+08   0.276622E+08   0.336029E+08   0.335165E+08   0.276559E+08   0.276623E+08   0.276623E+08   0.276713E+08  -0.442875E+00   0.974029E+07   0.974025E+07   0.995158E+02   0.539752E+04   0.495242E+00  -0.674228E+13
   0.159522E-03   0.274754E+08   0.274752E+08   0.326833E+08   0.325800E+08   0.274669E+08   0.274753E+08   0.274754E+08   0.274841E+08  -0.439877E+00   0.970239E+07   0.970234E+07   0.109118E+03   0.442965E+04   0.491287E+00  -0.608237E+13
   0.176142E-03   0.272583E+08   0.272580E+08   0.315991E+08   0.314760E+08   0.272473E+08   0.272582E+08   0.272582E+08   0.272666E+08  -0.436395E+00   0.965777E+07   0.965771E+07   0.119467E+03   0.363410E+04   0.486859E+00  -0.548315E+13
   0.194493E-03   0.270081E+08   0.270079E+08   0.303290E+08   0.301831E+08   0.269942E+08   0.270080E+08   0.270081E+08   0.270161E+08  -0.432383E+00   0.960557E+07   0.960550E+07   0.130563E+03   0.297989E+04   0.481973E+00  -0.493896E+13
   0.214755E-03   0.267226E+08   0.267223E+08   0.288531E+08   0.286812E+08   0.267051E+08   0.267225E+08   0.267226E+08   0.267302E+08  -0.427804E+00   0.954495E+07   0.954485E+07   0.142379E+03   0.244167E+04   0.476667E+00  -0.444472E+13
   0.237129E-03   0.264001E+08   0.263997E+08   0.271540E+08   0.269532E+08   0.263781E+08   0.263999E+08   0.264000E+08   0.264071E+08  -0.422629E+00   0.947508E+07   0.947497E+07   0.154859E+03   0.199871E+04   0.471005E+00  -0.399589E+13
   0.261834E-03   0.260396E+08   0.260391E+08   0.252201E+08   0.249874E+08   0.260122E+08   0.260394E+08   0.260395E+08   0.260461E+08  -0.416846E+00   0.939529E+07   0.939516E+07   0.167906E+03   0.163408E+04   0.465076E+00  -0.358839E+13
   0.289112E-03   0.256415E+08   0.256410E+08   0.230485E+08   0.227820E+08   0.256076E+08   0.256413E+08   0.256414E+08   0.256474E+08  -0.410459E+00   0.930504E+07   0.930489E+07   0.181373E+03   0.133397E+04   0.458992E+00  -0.321860E+13
   0.319233E-03   0.252074E+08   0.252067E+08   0.206496E+08   0.203486E+08   0.251656E+08   0.252071E+08   0.252073E+08   0.252125E+08  -0.403492E+00   0.920404E+07   0.920385E+07   0.195048E+03   0.108707E+04   0.452881E+00  -0.288327E+13
   0.352491E-03   0.247399E+08   0.247391E+08   0.180525E+08   0.177180E+08   0.246885E+08   0.247395E+08   0.247398E+08   0.247443E+08  -0.395991E+00   0.909225E+07   0.909203E+07   0.208651E+03   0.884147E+03   0.446874E+00  -0.257951E+13
   0.389215E-03   0.242432E+08   0.242423E+08   0.153097E+08   0.149453E+08   0.241802E+08   0.242428E+08   0.242431E+08   0.242468E+08  -0.388019E+00   0.896999E+07   0.896973E+07   0.221820E+03   0.717613E+03   0.441098E+00  -0.230471E+13
   0.429764E-03   0.237224E+08   0.237213E+08   0.125011E+08   0.121138E+08   0.236453E+08   0.237219E+08   0.237222E+08   0.237252E+08  -0.379659E+00   0.883790E+07   0.883760E+07   0.234113E+03   0.581210E+03   0.435664E+00  -0.205652E+13
   0.474538E-03   0.231834E+08   0.231820E+08   0.973615E+07   0.933577E+07   0.230893E+08   0.231827E+08   0.231832E+08   0.231853E+08  -0.371007E+00   0.869696E+07   0.869662E+07   0.245018E+03   0.469753E+03   0.430660E+00  -0.183278E+13
   0.523976E-03   0.226327E+08   0.226311E+08   0.714831E+07   0.674764E+07   0.225181E+08   0.226319E+08   0.226324E+08   0.226337E+08  -0.362167E+00   0.854849E+07   0.854810E+07   0.253971E+03   0.378926E+03   0.426145E+00  -0.163151E+13
   0.578566E-03   0.220769E+08   0.220750E+08   0.488219E+07   0.449486E+07   0.219376E+08   0.220759E+08   0.220766E+08   0.220772E+08  -0.353246E+00   0.839405E+07   0.839360E+07   0.260402E+03   0.305126E+03   0.422151E+00  -0.145088E+13
   0.638842E-03   0.215225E+08   0.215204E+08   0.306833E+07   0.270563E+07   0.213535E+08   0.215214E+08   0.215222E+08   0.215222E+08  -0.344351E+00   0.823540E+07   0.823490E+07   0.263792E+03   0.245336E+03   0.418681E+00  -0.128915E+13
   0.705398E-03   0.209758E+08   0.209733E+08   0.178808E+07   0.145444E+07   0.207712E+08   0.209744E+08   0.209754E+08   0.209749E+08  -0.335581E+00   0.807440E+07   0.807384E+07   0.263748E+03   0.197033E+03   0.415717E+00  -0.114469E+13
   0.778888E-03   0.204422E+08   0.204394E+08   0.103671E+07   0.725276E+06   0.201950E+08   0.204405E+08   0.204417E+08   0.204408E+08  -0.327023E+00   0.791293E+07   0.791232E+07   0.260068E+03   0.158112E+03   0.413222E+00  -0.101595E+13
   0.860035E-03   0.199263E+08   0.199232E+08   0.703599E+06   0.394653E+06   0.196285E+08   0.199244E+08   0.199258E+08   0.199246E+08  -0.318755E+00   0.775279E+07   0.775214E+07   0.252797E+03   0.126820E+03   0.411151E+00  -0.901471E+12
   0.949635E-03   0.194321E+08   0.194287E+08   0.594232E+06   0.260069E+06   0.190740E+08   0.194298E+08   0.194315E+08   0.194300E+08  -0.310836E+00   0.759563E+07   0.759494E+07   0.242211E+03   0.101707E+03   0.409452E+00  -0.799864E+12
   0.104857E-02   0.189623E+08   0.189586E+08   0.507580E+06   0.126032E+06   0.185331E+08   0.189597E+08   0.189617E+08   0.189598E+08  -0.303309E+00   0.744287E+07   0.744216E+07   0.228766E+03   0.815790E+02   0.408071E+00  -0.709826E+12
   0.115781E-02   0.185188E+08   0.185149E+08   0.341986E+06  -0.851714E+05   0.180060E+08   0.185157E+08   0.185182E+08   0.185158E+08  -0.296204E+00   0.729567E+07   0.729493E+07   0.212996E+03   0.654595E+02   0.406956E+00  -0.630137E+12
   0.127844E-02   0.181026E+08   0.180985E+08   0.147202E+06  -0.288702E+06   0.174924E+08   0.180990E+08   0.181019E+08   0.180990E+08  -0.289535E+00   0.715483E+07   0.715409E+07   0.195467E+03   0.525549E+02   0.406062E+00  -0.559666E+12
   0.141163E-02   0.177136E+08   0.177094E+08   0.401215E+05  -0.343487E+06   0.169916E+08   0.177095E+08   0.177129E+08   0.177095E+08  -0.283301E+00   0.702088E+07   0.702013E+07   0.176814E+03   0.422243E+02   0.405347E+00  -0.497370E+12
   0.155869E-02   0.173512E+08   0.173469E+08   0.359811E+05   0.436542E+06   0.165018E+08   0.173464E+08   0.173504E+08   0.173465E+08  -0.277492E+00   0.689395E+07   0.689321E+07   0.157823E+03   0.339530E+02   0.404775E+00  -0.442298E+12
   0.172108E-02   0.170137E+08   0.170095E+08   0.215762E+05   0.351087E+06   0.160211E+08   0.170083E+08   0.170130E+08   0.170083E+08  -0.272082E+00   0.677397E+07   0.677325E+07   0.139403E+03   0.273245E+02   0.404319E+00  -0.393595E+12
   0.190039E-02   0.166992E+08   0.166950E+08  -0.401726E+05   0.282637E+06   0.155475E+08   0.166930E+08   0.166985E+08   0.166931E+08  -0.267037E+00   0.666052E+07   0.665983E+07   0.122393E+03   0.220083E+02   0.403953E+00  -0.350489E+12
   0.209838E-02   0.164050E+08   0.164009E+08  -0.466252E+05   0.227734E+06   0.150791E+08   0.163980E+08   0.164043E+08   0.163981E+08  -0.262317E+00   0.655296E+07   0.655229E+07   0.107385E+03   0.177399E+02   0.403660E+00  -0.312293E+12
   0.231699E-02   0.161282E+08   0.161241E+08  -0.198702E+05   0.183635E+06   0.146140E+08   0.161203E+08   0.161275E+08   0.161203E+08  -0.257874E+00   0.645045E+07   0.644979E+07   0.947012E+02   0.143088E+02   0.403422E+00  -0.278403E+12
   0.255838E-02   0.158655E+08   0.158613E+08  -0.427267E+05   0.148164E+06   0.141505E+08   0.158567E+08   0.158648E+08   0.158567E+08  -0.253656E+00   0.635199E+07   0.635134E+07   0.842891E+02   0.115474E+02   0.403228E+00  -0.248287E+12
   0.282492E-02   0.156136E+08   0.156092E+08  -0.288865E+05   0.119594E+06   0.136872E+08   0.156038E+08   0.156129E+08   0.156038E+08  -0.249609E+00   0.625651E+07   0.625587E+07   0.756528E+02   0.932215E+01   0.403068E+00  -0.221480E+12
   0.311923E-02   0.153690E+08   0.153645E+08  -0.259904E+05   0.965537E+05   0.132216E+08   0.153581E+08   0.153683E+08   0.153581E+08  -0.245680E+00   0.616285E+07   0.616222E+07   0.681235E+02   0.752704E+01   0.402935E+00  -0.197580E+12
   0.344419E-02   0.151285E+08   0.151237E+08  -0.179771E+05   0.779531E+05   0.127514E+08   0.151164E+08   0.151276E+08   0.151164E+08  -0.241813E+00   0.606986E+07   0.606923E+07   0.611412E+02   0.607740E+01   0.402823E+00  -0.176238E+12
   0.380302E-02   0.148886E+08   0.148835E+08  -0.159307E+05   0.629229E+05   0.122738E+08   0.148753E+08   0.148877E+08   0.148753E+08  -0.237956E+00   0.597638E+07   0.597576E+07   0.545494E+02   0.490580E+01   0.402728E+00  -0.157151E+12
   0.419923E-02   0.146462E+08   0.146409E+08  -0.562530E+04   0.507689E+05   0.117866E+08   0.146318E+08   0.146453E+08   0.146318E+08  -0.234060E+00   0.588128E+07   0.588066E+07   0.485682E+02   0.395827E+01   0.402645E+00  -0.140059E+12
   0.463671E-02   0.143985E+08   0.143927E+08  -0.913498E+04   0.409359E+05   0.112881E+08   0.143828E+08   0.143975E+08   0.143828E+08  -0.230076E+00   0.578346E+07   0.578286E+07   0.434327E+02   0.319160E+01   0.402572E+00  -0.124734E+12
   0.511978E-02   0.141425E+08   0.141362E+08  -0.113933E+05   0.329784E+05   0.107782E+08   0.141255E+08   0.141414E+08   0.141255E+08  -0.225961E+00   0.568191E+07   0.568131E+07   0.390397E+02   0.257113E+01   0.402507E+00  -0.110982E+12
   0.565317E-02   0.138762E+08   0.138693E+08  -0.850181E+04   0.265392E+05   0.102342E+08   0.138578E+08   0.138750E+08   0.138578E+08  -0.221678E+00   0.557581E+07   0.557521E+07   0.350761E+02   0.206901E+01   0.402446E+00  -0.986334E+11
   0.624213E-02   0.135962E+08   0.135886E+08  -0.761212E+04   0.213280E+05   0.968499E+07   0.135764E+08   0.135949E+08   0.135764E+08  -0.217177E+00   0.546393E+07   0.546334E+07   0.314372E+02   0.166265E+01   0.402389E+00  -0.875348E+11
   0.689245E-02   0.133008E+08   0.132923E+08  -0.500723E+04   0.171128E+05   0.911863E+07   0.132796E+08   0.132993E+08   0.132796E+08  -0.212428E+00   0.534558E+07   0.534500E+07   0.282477E+02   0.133397E+01   0.402336E+00  -0.775585E+11
   0.761052E-02   0.129878E+08   0.129783E+08  -0.489464E+04   0.137054E+05   0.854308E+07   0.129652E+08   0.129862E+08   0.129652E+08  -0.207399E+00   0.521998E+07   0.521940E+07   0.254532E+02   0.106828E+01   0.402284E+00  -0.685903E+11
   0.840340E-02   0.126554E+08   0.126446E+08  -0.504010E+04   0.109532E+05   0.796613E+07   0.126314E+08   0.126536E+08   0.126314E+08  -0.202059E+00   0.508641E+07   0.508584E+07   0.229319E+02   0.853686E+00   0.402236E+00  -0.605291E+11
   0.927889E-02   0.123019E+08   0.122896E+08  -0.334629E+04   0.873259E+04   0.738665E+07   0.122765E+08   0.122998E+08   0.122765E+08  -0.196383E+00   0.494423E+07   0.494365E+07   0.207060E+02   0.680558E+00   0.402189E+00  -0.532856E+11
   0.102456E-01   0.119257E+08   0.119116E+08  -0.312176E+04   0.694322E+04   0.680373E+07   0.118991E+08   0.119233E+08   0.118991E+08  -0.190345E+00   0.479283E+07   0.479225E+07   0.187335E+02   0.541059E+00   0.402144E+00  -0.467802E+11
   0.113130E-01   0.115253E+08   0.115092E+08  -0.271856E+04   0.550344E+04   0.622324E+07   0.114976E+08   0.115226E+08   0.114976E+08  -0.183922E+00   0.463164E+07   0.463106E+07   0.169842E+02   0.428823E+00   0.402100E+00  -0.409415E+11
   0.124916E-01   0.110996E+08   0.110811E+08  -0.200320E+04   0.434695E+04   0.565186E+07   0.110707E+08   0.110965E+08   0.110707E+08  -0.177093E+00   0.446015E+07   0.445958E+07   0.154360E+02   0.338679E+00   0.402057E+00  -0.357057E+11
   0.137930E-01   0.106473E+08   0.106261E+08  -0.187113E+04   0.341989E+04   0.509372E+07   0.106175E+08   0.106437E+08   0.106175E+08  -0.169843E+00   0.427799E+07   0.427741E+07   0.140632E+02   0.266426E+00   0.402016E+00  -0.310160E+11
   0.152300E-01   0.101679E+08   0.101436E+08  -0.147672E+04   0.267851E+04   0.455007E+07   0.101373E+08   0.101638E+08   0.101372E+08  -0.162161E+00   0.408488E+07   0.408429E+07   0.128403E+02   0.208650E+00   0.401976E+00  -0.268216E+11
   0.168167E-01   0.967244E+07   0.964477E+07  -0.113710E+04   0.208969E+04   0.403340E+07   0.964113E+07   0.966779E+07   0.964113E+07  -0.154225E+00   0.388530E+07   0.388471E+07   0.117539E+02   0.162768E+00   0.401938E+00  -0.231041E+11
   0.185687E-01   0.914163E+07   0.911030E+07  -0.100185E+04   0.161975E+04   0.353726E+07   0.910987E+07   0.913637E+07   0.910987E+07  -0.145727E+00   0.367152E+07   0.367092E+07   0.107617E+02   0.126153E+00   0.401902E+00  -0.197728E+11
   0.205033E-01   0.858671E+07   0.855153E+07  -0.637544E+03   0.124773E+04   0.307044E+07   0.855473E+07   0.858080E+07   0.855473E+07  -0.136846E+00   0.344805E+07   0.344745E+07   0.984734E+01   0.971706E-01   0.401867E+00  -0.168172E+11
   0.226393E-01   0.800311E+07   0.796408E+07  -0.569019E+03   0.953704E+03   0.263341E+07   0.797118E+07   0.799656E+07   0.797118E+07  -0.127512E+00   0.321309E+07   0.321248E+07   0.898149E+01   0.742670E-01   0.401833E+00  -0.141926E+11
   0.249980E-01   0.741154E+07   0.736891E+07  -0.430333E+03   0.724299E+03   0.223506E+07   0.737992E+07   0.740439E+07   0.737992E+07  -0.118053E+00   0.297497E+07   0.297436E+07   0.814748E+01   0.563989E-01   0.401802E+00  -0.119009E+11
   0.276023E-01   0.681889E+07   0.677322E+07  -0.302767E+03   0.546477E+03   0.187673E+07   0.678787E+07   0.681122E+07   0.678787E+07  -0.108583E+00   0.273649E+07   0.273589E+07   0.732303E+01   0.425498E-01   0.401773E+00  -0.991400E+10
   0.304780E-01   0.622765E+07   0.617992E+07  -0.258890E+03   0.409289E+03   0.155782E+07   0.619757E+07   0.621964E+07   0.619757E+07  -0.991399E-01   0.249868E+07   0.249809E+07   0.648513E+01   0.318662E-01   0.401745E+00  -0.819829E+10
   0.336533E-01   0.565374E+07   0.560540E+07  -0.175268E+03   0.304716E+03   0.128007E+07   0.562497E+07   0.564563E+07   0.562497E+07  -0.899801E-01   0.226796E+07   0.226739E+07   0.562460E+01   0.237232E-01   0.401719E+00  -0.673916E+10
   0.371593E-01   0.511780E+07   0.507071E+07  -0.132321E+03   0.226211E+03   0.104456E+07   0.509066E+07   0.510990E+07   0.509066E+07  -0.814331E-01   0.205264E+07   0.205211E+07   0.474448E+01   0.176105E-01   0.401696E+00  -0.552386E+10
   0.410307E-01   0.463290E+07   0.458920E+07  -0.115143E+03   0.167952E+03   0.848969E+06   0.460769E+07   0.462556E+07   0.460769E+07  -0.737072E-01   0.185800E+07   0.185752E+07   0.385995E+01   0.130745E-01   0.401674E+00  -0.452828E+10
   0.451338E-01   0.422768E+07   0.418917E+07   0.126669E+03   0.126669E+03   0.695821E+06   0.420453E+07   0.422121E+07   0.420453E+07  -0.672580E-01   0.169544E+07   0.169501E+07   0.315285E+01   0.986117E-02   0.401639E+00  -0.375645E+10
   0.492368E-01   0.390760E+07   0.387520E+07   0.983927E+02   0.983927E+02   0.581289E+06   0.388645E+07   0.390216E+07   0.388645E+07  -0.621698E-01   0.156723E+07   0.156687E+07   0.244331E+01   0.765962E-02   0.401623E+00  -0.318303E+10
   0.533399E-01   0.364967E+07   0.362336E+07   0.783178E+02   0.783178E+02   0.493408E+06   0.363033E+07   0.364525E+07   0.363033E+07  -0.580729E-01   0.146399E+07   0.146369E+07   0.187774E+01   0.609671E-02   0.401609E+00  -0.274465E+10
   0.574430E-01   0.343249E+07   0.341154E+07   0.635226E+02   0.635226E+02   0.423802E+06   0.341475E+07   0.342898E+07   0.341475E+07  -0.546243E-01   0.137709E+07   0.137684E+07   0.145322E+01   0.494488E-02   0.401598E+00  -0.239733E+10
   0.615460E-01   0.323939E+07   0.322254E+07   0.522302E+02   0.522302E+02   0.366880E+06   0.322298E+07   0.323656E+07   0.322298E+07  -0.515566E-01   0.129978E+07   0.129957E+07   0.115711E+01   0.406576E-02   0.401588E+00  -0.211191E+10
   0.656491E-01   0.305747E+07   0.304324E+07   0.433315E+02   0.433315E+02   0.318885E+06   0.304213E+07   0.305508E+07   0.304213E+07  -0.486637E-01   0.122688E+07   0.122668E+07   0.968685E+00   0.337302E-02   0.401579E+00  -0.186886E+10
   0.697522E-01   0.287761E+07   0.286452E+07   0.361262E+02   0.361262E+02   0.277361E+06   0.286312E+07   0.287541E+07   0.286312E+07  -0.458000E-01   0.115470E+07   0.115452E+07   0.862137E+00   0.281212E-02   0.401571E+00  -0.165545E+10
   0.738552E-01   0.270130E+07   0.268816E+07   0.302478E+02   0.302478E+02   0.241408E+06   0.268746E+07   0.269910E+07   0.268746E+07  -0.429902E-01   0.108388E+07   0.108370E+07   0.811564E+00   0.235451E-02   0.401564E+00  -0.146759E+10
   0.779583E-01   0.252285E+07   0.250885E+07   0.253513E+02   0.253513E+02   0.209661E+06   0.250957E+07   0.252050E+07   0.250957E+07  -0.401444E-01   0.101215E+07   0.101197E+07   0.790218E+00   0.197335E-02   0.401558E+00  -0.129833E+10
   0.820614E-01   0.235096E+07   0.233576E+07   0.213174E+02   0.213174E+02   0.182187E+06   0.233816E+07   0.234841E+07   0.233816E+07  -0.374025E-01   0.943036E+06   0.942844E+06   0.778390E+00   0.165934E-02   0.401553E+00  -0.114919E+10
   0.861644E-01   0.219034E+07   0.217404E+07   0.180115E+02   0.180115E+02   0.158688E+06   0.217800E+07   0.218761E+07   0.217800E+07  -0.348406E-01   0.878457E+06   0.878261E+06   0.761166E+00   0.140201E-02   0.401548E+00  -0.101951E+10
   0.912856E-01   0.201172E+07   0.199465E+07   0.147361E+02   0.147361E+02   0.134451E+06   0.199998E+07   0.200885E+07   0.199998E+07  -0.319928E-01   0.806670E+06   0.806473E+06   0.719632E+00   0.114704E-02   0.401543E+00  -0.883673E+09
   0.964067E-01   0.186272E+07   0.184592E+07   0.122324E+02   0.122324E+02   0.115246E+06   0.185165E+07   0.185990E+07   0.185165E+07  -0.296200E-01   0.746850E+06   0.746662E+06   0.652819E+00   0.952158E-03   0.401539E+00  -0.774683E+09
   0.101528E+00   0.174520E+07   0.172965E+07   0.103338E+02   0.103338E+02   0.100275E+06   0.173481E+07   0.174259E+07   0.173481E+07  -0.277511E-01   0.699734E+06   0.699562E+06   0.567365E+00   0.804370E-03   0.401535E+00  -0.689201E+09
   0.106649E+00   0.165486E+07   0.164129E+07   0.888152E+01   0.888152E+01   0.885671E+05   0.164518E+07   0.165258E+07   0.164518E+07  -0.263172E-01   0.663586E+06   0.663434E+06   0.475309E+00   0.691323E-03   0.401531E+00  -0.622214E+09
   0.111770E+00   0.158284E+07   0.157151E+07   0.773573E+01   0.773573E+01   0.791179E+05   0.157383E+07   0.158094E+07   0.157383E+07  -0.251759E-01   0.634811E+06   0.634681E+06   0.389302E+00   0.602135E-03   0.401528E+00  -0.567962E+09
   0.116891E+00   0.151956E+07   0.151026E+07   0.679119E+01   0.679119E+01   0.711122E+05   0.151116E+07   0.151800E+07   0.151116E+07  -0.241733E-01   0.609532E+06   0.609420E+06   0.319113E+00   0.528613E-03   0.401525E+00  -0.521455E+09
   0.122012E+00   0.145754E+07   0.144972E+07   0.597942E+01   0.597942E+01   0.640021E+05   0.144964E+07   0.145623E+07   0.144964E+07  -0.231892E-01   0.584722E+06   0.584624E+06   0.269684E+00   0.465425E-03   0.401522E+00  -0.479236E+09
   0.127134E+00   0.139238E+07   0.138533E+07   0.526146E+01   0.526146E+01   0.574860E+05   0.138489E+07   0.139120E+07   0.138489E+07  -0.221534E-01   0.558608E+06   0.558516E+06   0.240793E+00   0.409541E-03   0.401520E+00  -0.439391E+09
   0.132255E+00   0.132288E+07   0.131594E+07   0.461904E+01   0.461904E+01   0.514482E+05   0.131570E+07   0.132171E+07   0.131570E+07  -0.210467E-01   0.530705E+06   0.530614E+06   0.228104E+00   0.359536E-03   0.401518E+00  -0.401278E+09
   0.137376E+00   0.125044E+07   0.124313E+07   0.404624E+01   0.404624E+01   0.458908E+05   0.124351E+07   0.124921E+07   0.124351E+07  -0.198920E-01   0.501591E+06   0.501499E+06   0.225033E+00   0.314950E-03   0.401516E+00  -0.365125E+09
   0.142497E+00   0.117816E+07   0.117030E+07   0.354279E+01   0.354279E+01   0.408712E+05   0.117147E+07   0.117684E+07   0.117147E+07  -0.187395E-01   0.472534E+06   0.472438E+06   0.224780E+00   0.275762E-03   0.401514E+00  -0.331611E+09
   0.147618E+00   0.111002E+07   0.110169E+07   0.310988E+01   0.310988E+01   0.364578E+05   0.110355E+07   0.110863E+07   0.110355E+07  -0.176530E-01   0.445142E+06   0.445044E+06   0.221991E+00   0.242066E-03   0.401512E+00  -0.301550E+09
   0.152739E+00   0.104977E+07   0.104126E+07   0.274688E+01   0.274688E+01   0.326949E+05   0.104354E+07   0.104834E+07   0.104354E+07  -0.166930E-01   0.420937E+06   0.420839E+06   0.213681E+00   0.213811E-03   0.401511E+00  -0.275591E+09
   0.157860E+00   0.999488E+06   0.991161E+06   0.244828E+01   0.244828E+01   0.295623E+05   0.993506E+06   0.998090E+06   0.993506E+06  -0.158927E-01   0.400757E+06   0.400663E+06   0.199341E+00   0.190568E-03   0.401509E+00  -0.253867E+09
   0.162982E+00   0.958797E+06   0.951005E+06   0.220340E+01   0.220340E+01   0.269703E+05   0.953085E+06   0.957489E+06   0.953085E+06  -0.152461E-01   0.384454E+06   0.384366E+06   0.180440E+00   0.171508E-03   0.401508E+00  -0.235887E+09
   0.168103E+00   0.925597E+06   0.918568E+06   0.199966E+01   0.199966E+01   0.247947E+05   0.920159E+06   0.924417E+06   0.920159E+06  -0.147194E-01   0.371173E+06   0.371092E+06   0.159599E+00   0.155649E-03   0.401507E+00  -0.220801E+09
   0.173224E+00   0.897235E+06   0.891036E+06   0.182568E+01   0.182568E+01   0.229172E+05   0.892062E+06   0.896194E+06   0.892062E+06  -0.142699E-01   0.359839E+06   0.359766E+06   0.139684E+00   0.142107E-03   0.401506E+00  -0.207731E+09
   0.178345E+00   0.871017E+06   0.865557E+06   0.167219E+01   0.167219E+01   0.212373E+05   0.866083E+06   0.870100E+06   0.866083E+06  -0.138544E-01   0.349360E+06   0.349294E+06   0.122991E+00   0.130159E-03   0.401505E+00  -0.195891E+09
   0.183466E+00   0.844445E+06   0.839519E+06   0.153204E+01   0.153204E+01   0.196752E+05   0.839718E+06   0.843618E+06   0.839718E+06  -0.134326E-01   0.338725E+06   0.338665E+06   0.110745E+00   0.119251E-03   0.401504E+00  -0.184627E+09
   0.188587E+00   0.815902E+06   0.811261E+06   0.140099E+01   0.140099E+01   0.181844E+05   0.811351E+06   0.815122E+06   0.811351E+06  -0.129788E-01   0.327283E+06   0.327225E+06   0.103010E+00   0.109050E-03   0.401503E+00  -0.173546E+09
   0.193708E+00   0.785226E+06   0.780640E+06   0.127794E+01   0.127794E+01   0.167562E+05   0.780823E+06   0.784456E+06   0.780823E+06  -0.124905E-01   0.314970E+06   0.314913E+06   0.989136E-01   0.994716E-04   0.401502E+00  -0.162601E+09
   0.198830E+00   0.753422E+06   0.748732E+06   0.116375E+01   0.116375E+01   0.154077E+05   0.749145E+06   0.752634E+06   0.749145E+06  -0.119838E-01   0.302193E+06   0.302135E+06   0.970321E-01   0.905837E-04   0.401501E+00  -0.151987E+09
   0.203951E+00   0.721885E+06   0.717032E+06   0.105965E+01   0.105965E+01   0.141603E+05   0.717725E+06   0.721070E+06   0.717725E+06  -0.114811E-01   0.289520E+06   0.289461E+06   0.958215E-01   0.824812E-04   0.401501E+00  -0.141956E+09
   0.209072E+00   0.691973E+06   0.686990E+06   0.966518E+00   0.966518E+00   0.130309E+05   0.687927E+06   0.691136E+06   0.687927E+06  -0.110045E-01   0.277501E+06   0.277442E+06   0.940075E-01   0.752316E-04   0.401500E+00  -0.132730E+09
   0.214193E+00   0.664846E+06   0.659835E+06   0.884704E+00   0.884704E+00   0.120299E+05   0.660919E+06   0.664004E+06   0.660919E+06  -0.105724E-01   0.266607E+06   0.266548E+06   0.908412E-01   0.688634E-04   0.401499E+00  -0.124470E+09
   0.219314E+00   0.641204E+06   0.636298E+06   0.813846E+00   0.813846E+00   0.111572E+05   0.637403E+06   0.640380E+06   0.637403E+06  -0.101963E-01   0.257121E+06   0.257065E+06   0.861653E-01   0.633480E-04   0.401499E+00  -0.117239E+09
   0.224435E+00   0.621043E+06   0.616363E+06   0.752709E+00   0.752709E+00   0.104003E+05   0.617371E+06   0.620258E+06   0.617371E+06  -0.987582E-02   0.249041E+06   0.248987E+06   0.803160E-01   0.585893E-04   0.401498E+00  -0.110964E+09
   0.229556E+00   0.603720E+06   0.599347E+06   0.699465E+00   0.699465E+00   0.973769E+04   0.600178E+06   0.602986E+06   0.600178E+06  -0.960079E-02   0.242106E+06   0.242055E+06   0.739301E-01   0.544449E-04   0.401498E+00  -0.105467E+09
   0.234678E+00   0.588257E+06   0.584215E+06   0.652169E+00   0.652169E+00   0.914530E+04   0.584841E+06   0.587578E+06   0.584841E+06  -0.935544E-02   0.235919E+06   0.235871E+06   0.677246E-01   0.507635E-04   0.401497E+00  -0.100529E+09
   0.239799E+00   0.573613E+06   0.569872E+06   0.609097E+00   0.609097E+00   0.860105E+04   0.570314E+06   0.572984E+06   0.570314E+06  -0.912306E-02   0.230059E+06   0.230014E+06   0.622986E-01   0.474109E-04   0.401497E+00  -0.959387E+08
   0.244920E+00   0.558904E+06   0.555394E+06   0.568942E+00   0.568942E+00   0.808814E+04   0.555710E+06   0.558314E+06   0.555710E+06  -0.888946E-02   0.224168E+06   0.224126E+06   0.580039E-01   0.442853E-04   0.401496E+00  -0.915276E+08
   0.250041E+00   0.543615E+06   0.540250E+06   0.530952E+00   0.530952E+00   0.759704E+04   0.540516E+06   0.543050E+06   0.540516E+06  -0.864640E-02   0.218039E+06   0.217998E+06   0.549036E-01   0.413282E-04   0.401496E+00  -0.872018E+08
   0.255162E+00   0.527690E+06   0.524386E+06   0.494911E+00   0.494911E+00   0.712562E+04   0.524674E+06   0.527135E+06   0.524674E+06  -0.839298E-02   0.211649E+06   0.211609E+06   0.528102E-01   0.385229E-04   0.401496E+00  -0.829472E+08
   0.260283E+00   0.511421E+06   0.508120E+06   0.460949E+00   0.460949E+00   0.667671E+04   0.508481E+06   0.510867E+06   0.508481E+06  -0.813395E-02   0.205117E+06   0.205077E+06   0.513750E-01   0.358794E-04   0.401495E+00  -0.788057E+08
   0.265404E+00   0.495276E+06   0.491952E+06   0.429317E+00   0.429317E+00   0.625473E+04   0.492406E+06   0.494718E+06   0.492406E+06  -0.787680E-02   0.198633E+06   0.198593E+06   0.501998E-01   0.334172E-04   0.401495E+00  -0.748419E+08
   0.270526E+00   0.479759E+06   0.476420E+06   0.400255E+00   0.400255E+00   0.586412E+04   0.476959E+06   0.479199E+06   0.476959E+06  -0.762970E-02   0.192402E+06   0.192362E+06   0.489404E-01   0.311551E-04   0.401494E+00  -0.711218E+08
   0.275647E+00   0.465318E+06   0.461995E+06   0.373904E+00   0.373904E+00   0.550782E+04   0.462586E+06   0.464760E+06   0.462586E+06  -0.739979E-02   0.186605E+06   0.186566E+06   0.473768E-01   0.291040E-04   0.401494E+00  -0.676972E+08
   0.280768E+00   0.452215E+06   0.448954E+06   0.350237E+00   0.350237E+00   0.518629E+04   0.449555E+06   0.451668E+06   0.449555E+06  -0.719133E-02   0.181348E+06   0.181310E+06   0.454394E-01   0.272618E-04   0.401494E+00  -0.645901E+08
   0.285889E+00   0.440463E+06   0.437305E+06   0.329025E+00   0.329025E+00   0.489695E+04   0.437874E+06   0.439933E+06   0.437874E+06  -0.700448E-02   0.176636E+06   0.176599E+06   0.431926E-01   0.256107E-04   0.401494E+00  -0.617851E+08
   0.291010E+00   0.429855E+06   0.426830E+06   0.309906E+00   0.309906E+00   0.463506E+04   0.427338E+06   0.429348E+06   0.427338E+06  -0.683593E-02   0.172386E+06   0.172350E+06   0.407918E-01   0.241225E-04   0.401493E+00  -0.592372E+08
   0.296131E+00   0.420065E+06   0.417184E+06   0.292473E+00   0.292473E+00   0.439516E+04   0.417617E+06   0.419582E+06   0.417617E+06  -0.668043E-02   0.168465E+06   0.168431E+06   0.384261E-01   0.227655E-04   0.401493E+00  -0.568887E+08
   0.301252E+00   0.410738E+06   0.407993E+06   0.276346E+00   0.276346E+00   0.417195E+04   0.408355E+06   0.410277E+06   0.408355E+06  -0.653228E-02   0.164729E+06   0.164696E+06   0.362644E-01   0.215103E-04   0.401493E+00  -0.546814E+08
   0.306374E+00   0.401556E+06   0.398925E+06   0.261218E+00   0.261218E+00   0.396120E+04   0.399235E+06   0.401114E+06   0.399235E+06  -0.638638E-02   0.161050E+06   0.161018E+06   0.344160E-01   0.203327E-04   0.401492E+00  -0.525666E+08
   0.311495E+00   0.392309E+06   0.389761E+06   0.246883E+00   0.246883E+00   0.376002E+04   0.390045E+06   0.391881E+06   0.390045E+06  -0.623937E-02   0.157342E+06   0.157312E+06   0.329146E-01   0.192169E-04   0.401492E+00  -0.505123E+08
   0.316616E+00   0.382935E+06   0.380440E+06   0.233250E+00   0.233250E+00   0.356732E+04   0.380722E+06   0.382516E+06   0.380722E+06  -0.609025E-02   0.153582E+06   0.153552E+06   0.317239E-01   0.181558E-04   0.401492E+00  -0.485076E+08
   0.321737E+00   0.373508E+06   0.371045E+06   0.220320E+00   0.220320E+00   0.338331E+04   0.371345E+06   0.373094E+06   0.371345E+06  -0.594024E-02   0.149799E+06   0.149770E+06   0.307581E-01   0.171493E-04   0.401492E+00  -0.465597E+08
   0.326858E+00   0.364188E+06   0.361743E+06   0.208140E+00   0.208140E+00   0.320890E+04   0.362071E+06   0.363778E+06   0.362071E+06  -0.579189E-02   0.146058E+06   0.146029E+06   0.299106E-01   0.162012E-04   0.401492E+00  -0.446857E+08
   0.331979E+00   0.355152E+06   0.352725E+06   0.196757E+00   0.196757E+00   0.304509E+04   0.353080E+06   0.354745E+06   0.353080E+06  -0.564807E-02   0.142432E+06   0.142403E+06   0.290818E-01   0.153153E-04   0.401491E+00  -0.429039E+08
   0.337100E+00   0.346552E+06   0.344152E+06   0.186201E+00   0.186201E+00   0.289245E+04   0.344525E+06   0.346149E+06   0.344525E+06  -0.551121E-02   0.138981E+06   0.138952E+06   0.282012E-01   0.144936E-04   0.401491E+00  -0.412284E+08
   0.342222E+00   0.338485E+06   0.336125E+06   0.176463E+00   0.176463E+00   0.275113E+04   0.336502E+06   0.338089E+06   0.336502E+06  -0.538287E-02   0.135744E+06   0.135716E+06   0.272379E-01   0.137356E-04   0.401491E+00  -0.396657E+08
   0.347343E+00   0.330973E+06   0.328668E+06   0.167497E+00   0.167497E+00   0.262054E+04   0.329034E+06   0.330586E+06   0.329034E+06  -0.526342E-02   0.132732E+06   0.132705E+06   0.261993E-01   0.130377E-04   0.401491E+00  -0.382136E+08
   0.352464E+00   0.323965E+06   0.321725E+06   0.159222E+00   0.159222E+00   0.249962E+04   0.322069E+06   0.323589E+06   0.322069E+06  -0.515200E-02   0.129922E+06   0.129896E+06   0.251211E-01   0.123936E-04   0.401491E+00  -0.368613E+08
   0.357585E+00   0.317355E+06   0.315186E+06   0.151540E+00   0.151540E+00   0.238696E+04   0.315502E+06   0.316991E+06   0.315502E+06  -0.504695E-02   0.127273E+06   0.127247E+06   0.240526E-01   0.117956E-04   0.401491E+00  -0.355925E+08
   0.362706E+00   0.311022E+06   0.308921E+06   0.144353E+00   0.144353E+00   0.228114E+04   0.309210E+06   0.310669E+06   0.309210E+06  -0.494630E-02   0.124735E+06   0.124710E+06   0.230425E-01   0.112362E-04   0.401490E+00  -0.343902E+08
   0.367827E+00   0.304853E+06   0.302814E+06   0.137579E+00   0.137579E+00   0.218097E+04   0.303080E+06   0.304511E+06   0.303080E+06  -0.484823E-02   0.122262E+06   0.122238E+06   0.221259E-01   0.107089E-04   0.401490E+00  -0.332391E+08
   0.372948E+00   0.298763E+06   0.296776E+06   0.131154E+00   0.131154E+00   0.208550E+04   0.297027E+06   0.298429E+06   0.297027E+06  -0.475141E-02   0.119820E+06   0.119797E+06   0.213182E-01   0.102088E-04   0.401490E+00  -0.321280E+08
   0.378070E+00   0.292709E+06   0.290762E+06   0.125039E+00   0.125039E+00   0.199423E+04   0.291008E+06   0.292382E+06   0.291008E+06  -0.465513E-02   0.117392E+06   0.117369E+06   0.206146E-01   0.973283E-05   0.401490E+00  -0.310506E+08
   0.383191E+00   0.286697E+06   0.284783E+06   0.119219E+00   0.119219E+00   0.190695E+04   0.285030E+06   0.286376E+06   0.285030E+06  -0.455949E-02   0.114981E+06   0.114958E+06   0.199947E-01   0.927979E-05   0.401490E+00  -0.300062E+08
   0.388312E+00   0.280778E+06   0.278889E+06   0.113697E+00   0.113697E+00   0.182380E+04   0.279142E+06   0.280461E+06   0.279142E+06  -0.446531E-02   0.112606E+06   0.112583E+06   0.194301E-01   0.884999E-05   0.401490E+00  -0.289989E+08
   0.393433E+00   0.275009E+06   0.273144E+06   0.108480E+00   0.108480E+00   0.174494E+04   0.273404E+06   0.274696E+06   0.273404E+06  -0.437353E-02   0.110291E+06   0.110269E+06   0.188916E-01   0.844389E-05   0.401490E+00  -0.280331E+08
   0.398554E+00   0.269438E+06   0.267599E+06   0.103568E+00   0.103568E+00   0.167043E+04   0.267863E+06   0.269129E+06   0.267863E+06  -0.428489E-02   0.108056E+06   0.108034E+06   0.183558E-01   0.806155E-05   0.401489E+00  -0.271121E+08
   0.403675E+00   0.264097E+06   0.262287E+06   0.989546E-01   0.989546E-01   0.160025E+04   0.262552E+06   0.263793E+06   0.262552E+06  -0.419993E-02   0.105914E+06   0.105892E+06   0.178097E-01   0.770249E-05   0.401489E+00  -0.262374E+08
   0.408796E+00   0.259003E+06   0.257227E+06   0.946298E-01   0.946298E-01   0.153424E+04   0.257488E+06   0.258705E+06   0.257488E+06  -0.411892E-02   0.103871E+06   0.103850E+06   0.172509E-01   0.736585E-05   0.401489E+00  -0.254090E+08
   0.413918E+00   0.254153E+06   0.252414E+06   0.905744E-01   0.905744E-01   0.147218E+04   0.252666E+06   0.253861E+06   0.252666E+06  -0.404179E-02   0.101926E+06   0.101905E+06   0.166868E-01   0.705018E-05   0.401489E+00  -0.246247E+08
   0.419039E+00   0.249513E+06   0.247813E+06   0.867612E-01   0.867612E-01   0.141366E+04   0.248055E+06   0.249228E+06   0.248055E+06  -0.396803E-02   0.100066E+06   0.100045E+06   0.161294E-01   0.675337E-05   0.401489E+00  -0.238799E+08
   0.424160E+00   0.245038E+06   0.243377E+06   0.831606E-01   0.831606E-01   0.135824E+04   0.243608E+06   0.244759E+06   0.243608E+06  -0.389688E-02   0.982715E+05   0.982517E+05   0.155921E-01   0.647311E-05   0.401489E+00  -0.231686E+08
   0.429281E+00   0.240687E+06   0.239063E+06   0.797469E-01   0.797469E-01   0.130553E+04   0.239282E+06   0.240414E+06   0.239282E+06  -0.382770E-02   0.965267E+05   0.965073E+05   0.150859E-01   0.620739E-05   0.401489E+00  -0.224857E+08
   0.434402E+00   0.236429E+06   0.234839E+06   0.765004E-01   0.765004E-01   0.125523E+04   0.235050E+06   0.236162E+06   0.235050E+06  -0.376000E-02   0.948195E+05   0.948005E+05   0.146171E-01   0.595469E-05   0.401489E+00  -0.218277E+08
   0.439523E+00   0.232246E+06   0.230686E+06   0.734061E-01   0.734061E-01   0.120715E+04   0.230892E+06   0.231984E+06   0.230892E+06  -0.369348E-02   0.931421E+05   0.931235E+05   0.141864E-01   0.571383E-05   0.401489E+00  -0.211917E+08
   0.444644E+00   0.228129E+06   0.226595E+06   0.704535E-01   0.704535E-01   0.116112E+04   0.226799E+06   0.227872E+06   0.226799E+06  -0.362800E-02   0.914910E+05   0.914726E+05   0.137894E-01   0.548401E-05   0.401489E+00  -0.205763E+08
   0.449766E+00   0.224084E+06   0.222573E+06   0.676369E-01   0.676369E-01   0.111708E+04   0.222776E+06   0.223830E+06   0.222776E+06  -0.356365E-02   0.898682E+05   0.898501E+05   0.134185E-01   0.526476E-05   0.401488E+00  -0.199812E+08
   0.454887E+00   0.220126E+06   0.218637E+06   0.649544E-01   0.649544E-01   0.107501E+04   0.218840E+06   0.219876E+06   0.218840E+06  -0.350069E-02   0.882806E+05   0.882628E+05   0.130652E-01   0.505597E-05   0.401488E+00  -0.194072E+08
   0.460008E+00   0.216276E+06   0.214808E+06   0.624051E-01   0.624051E-01   0.103493E+04   0.215012E+06   0.216029E+06   0.215012E+06  -0.343945E-02   0.867362E+05   0.867186E+05   0.127220E-01   0.485753E-05   0.401488E+00  -0.188554E+08
   0.465129E+00   0.212547E+06   0.211102E+06   0.599859E-01   0.599859E-01   0.996792E+03   0.211304E+06   0.212304E+06   0.211304E+06  -0.338014E-02   0.852404E+05   0.852232E+05   0.123839E-01   0.466922E-05   0.401488E+00  -0.183262E+08
   0.470250E+00   0.208943E+06   0.207521E+06   0.576913E-01   0.576913E-01   0.960532E+03   0.207721E+06   0.208704E+06   0.207721E+06  -0.332282E-02   0.837950E+05   0.837780E+05   0.120484E-01   0.449062E-05   0.401488E+00  -0.178193E+08
   0.475371E+00   0.205460E+06   0.204062E+06   0.555141E-01   0.555141E-01   0.926048E+03   0.204259E+06   0.205226E+06   0.204259E+06  -0.326744E-02   0.823984E+05   0.823817E+05   0.117162E-01   0.432114E-05   0.401488E+00  -0.173335E+08
   0.480492E+00   0.202092E+06   0.200719E+06   0.534463E-01   0.534463E-01   0.893219E+03   0.200910E+06   0.201862E+06   0.200910E+06  -0.321388E-02   0.810477E+05   0.810313E+05   0.113898E-01   0.416020E-05   0.401488E+00  -0.168677E+08
   0.485614E+00   0.198828E+06   0.197480E+06   0.514800E-01   0.514800E-01   0.861933E+03   0.197666E+06   0.198602E+06   0.197666E+06  -0.316197E-02   0.797388E+05   0.797227E+05   0.110728E-01   0.400714E-05   0.401488E+00  -0.164203E+08
   0.490735E+00   0.195654E+06   0.194330E+06   0.496065E-01   0.496065E-01   0.832048E+03   0.194511E+06   0.195431E+06   0.194511E+06  -0.311150E-02   0.784660E+05   0.784502E+05   0.107684E-01   0.386131E-05   0.401488E+00  -0.159895E+08
   0.495856E+00   0.192553E+06   0.191253E+06   0.478173E-01   0.478173E-01   0.803445E+03   0.191428E+06   0.192335E+06   0.191428E+06  -0.306220E-02   0.772227E+05   0.772071E+05   0.104787E-01   0.372204E-05   0.401488E+00  -0.155737E+08
   0.500977E+00   0.189515E+06   0.188236E+06   0.461055E-01   0.461055E-01   0.776011E+03   0.188408E+06   0.189300E+06   0.188408E+06  -0.301388E-02   0.760042E+05   0.759889E+05   0.102043E-01   0.358880E-05   0.401488E+00  -0.151712E+08
   0.506098E+00   0.186535E+06   0.185276E+06   0.444668E-01   0.444668E-01   0.749689E+03   0.185446E+06   0.186324E+06   0.185446E+06  -0.296649E-02   0.748092E+05   0.747941E+05   0.994470E-02   0.346125E-05   0.401488E+00  -0.147816E+08
   0.511219E+00   0.183616E+06   0.182376E+06   0.428984E-01   0.428984E-01   0.724439E+03   0.182543E+06   0.183408E+06   0.182543E+06  -0.292007E-02   0.736385E+05   0.736236E+05   0.969800E-02   0.333916E-05   0.401488E+00  -0.144045E+08
   0.516340E+00   0.180760E+06   0.179538E+06   0.413975E-01   0.413975E-01   0.700220E+03   0.179703E+06   0.180555E+06   0.179703E+06  -0.287464E-02   0.724929E+05   0.724782E+05   0.946178E-02   0.322233E-05   0.401488E+00  -0.140398E+08
   0.521462E+00   0.177968E+06   0.176763E+06   0.399613E-01   0.399613E-01   0.677000E+03   0.176927E+06   0.177765E+06   0.176927E+06  -0.283023E-02   0.713730E+05   0.713586E+05   0.923353E-02   0.311054E-05   0.401487E+00  -0.136871E+08
   0.526583E+00   0.175243E+06   0.174056E+06   0.385879E-01   0.385879E-01   0.654744E+03   0.174218E+06   0.175044E+06   0.174218E+06  -0.278690E-02   0.702803E+05   0.702660E+05   0.901130E-02   0.300364E-05   0.401487E+00  -0.133465E+08
   0.531704E+00   0.172591E+06   0.171420E+06   0.372753E-01   0.372753E-01   0.633436E+03   0.171581E+06   0.172394E+06   0.171581E+06  -0.274471E-02   0.692165E+05   0.692025E+05   0.879398E-02   0.290146E-05   0.401487E+00  -0.130179E+08
   0.536825E+00   0.170012E+06   0.168859E+06   0.360210E-01   0.360210E-01   0.613033E+03   0.169017E+06   0.169818E+06   0.169017E+06  -0.270369E-02   0.681821E+05   0.681683E+05   0.858120E-02   0.280383E-05   0.401487E+00  -0.127010E+08
   0.541946E+00   0.167502E+06   0.166366E+06   0.348216E-01   0.348216E-01   0.593491E+03   0.166522E+06   0.167311E+06   0.166522E+06  -0.266378E-02   0.671755E+05   0.671618E+05   0.837323E-02   0.271048E-05   0.401487E+00  -0.123953E+08
   0.547067E+00   0.165054E+06   0.163936E+06   0.336735E-01   0.336735E-01   0.574746E+03   0.164089E+06   0.164867E+06   0.164089E+06  -0.262486E-02   0.661940E+05   0.661806E+05   0.817072E-02   0.262111E-05   0.401487E+00  -0.120998E+08
   0.559946E+00   0.159155E+06   0.158078E+06   0.309936E-01   0.309936E-01   0.530850E+03   0.158224E+06   0.158974E+06   0.158224E+06  -0.253104E-02   0.638281E+05   0.638152E+05   0.769049E-02   0.241250E-05   0.401487E+00  -0.113990E+08
   0.593872E+00   0.145022E+06   0.144040E+06   0.251069E-01   0.251069E-01   0.433670E+03   0.144174E+06   0.144857E+06   0.144174E+06  -0.230629E-02   0.581603E+05   0.581485E+05   0.662069E-02   0.195429E-05   0.401487E+00  -0.979343E+07
   0.629853E+00   0.132110E+06   0.131216E+06   0.203330E-01   0.203330E-01   0.354005E+03   0.131337E+06   0.131960E+06   0.131337E+06  -0.210094E-02   0.529820E+05   0.529712E+05   0.568944E-02   0.158270E-05   0.401487E+00  -0.841182E+07
   0.879031E+00   0.772276E+05   0.767052E+05   0.610250E-02   0.610250E-02   0.110162E+03   0.767753E+05   0.771399E+05   0.767753E+05  -0.122814E-02   0.309716E+05   0.309653E+05   0.240819E-02   0.475014E-06   0.401486E+00  -0.352339E+07
   0.122679E+01   0.445998E+05   0.442980E+05   0.180942E-02   0.180942E-02   0.334582E+02   0.443384E+05   0.445491E+05   0.443384E+05  -0.709263E-03   0.178864E+05   0.178827E+05   0.101715E-02   0.140844E-06   0.401485E+00  -0.145799E+07
   0.171212E+01   0.254891E+05   0.253165E+05   0.530922E-03   0.530922E-03   0.996799E+01   0.253397E+05   0.254601E+05   0.253397E+05  -0.405348E-03   0.102222E+05   0.102200E+05   0.433227E-03   0.413267E-07   0.401484E+00  -0.597051E+06
   0.238945E+01   0.144367E+05   0.143388E+05   0.154388E-03   0.154388E-03   0.292530E+01   0.143520E+05   0.144203E+05   0.143520E+05  -0.229583E-03   0.578972E+04   0.578837E+04   0.189100E-03   0.120175E-07   0.401483E+00  -0.242303E+06
