#          k/h    CDM            baryon         photon         nu             mass_nu        total          no_nu          total_de       Weyl           v_CDM          v_b            v_b-v_c        ISW            log_grow       pert_vel    
   0.994668E-05   0.370134E+08   0.370134E+08   0.493289E+08   0.493284E+08   0.370165E+08   0.370134E+08   0.370134E+08   0.370266E+08  -0.397779E+00   0.146150E+08   0.146150E+08   0.876456E+01   0.126341E+07  -0.750666E-01  -0.146939E+15
   0.109829E-04   0.370130E+08   0.370130E+08   0.493236E+08   0.493229E+08   0.370162E+08   0.370130E+08   0.370130E+08   0.370262E+08  -0.397775E+00   0.146144E+08   0.146144E+08   0.967726E+01   0.103604E+07  -0.748145E-01  -0.133069E+15
   0.121272E-04   0.370126E+08   0.370126E+08   0.493170E+08   0.493163E+08   0.370157E+08   0.370126E+08   0.370126E+08   0.370258E+08  -0.397770E+00   0.146137E+08   0.146137E+08   0.106849E+02   0.849542E+06  -0.745076E-01  -0.120508E+15
   0.133906E-04   0.370121E+08   0.370121E+08   0.493091E+08   0.493082E+08   0.370152E+08   0.370121E+08   0.370121E+08   0.370252E+08  -0.397765E+00   0.146128E+08   0.146128E+08   0.117974E+02   0.696580E+06  -0.741339E-01  -0.109131E+15
   0.147857E-04   0.370114E+08   0.370114E+08   0.492994E+08   0.492983E+08   0.370145E+08   0.370114E+08   0.370114E+08   0.370246E+08  -0.397758E+00   0.146117E+08   0.146117E+08   0.130254E+02   0.571122E+06  -0.736791E-01  -0.988269E+14
   0.163261E-04   0.370106E+08   0.370106E+08   0.492876E+08   0.492862E+08   0.370137E+08   0.370106E+08   0.370106E+08   0.370238E+08  -0.397749E+00   0.146104E+08   0.146104E+08   0.143811E+02   0.468222E+06  -0.731258E-01  -0.894942E+14
   0.180270E-04   0.370096E+08   0.370096E+08   0.492731E+08   0.492715E+08   0.370127E+08   0.370097E+08   0.370096E+08   0.370228E+08  -0.397738E+00   0.146088E+08   0.146088E+08   0.158776E+02   0.383824E+06  -0.724530E-01  -0.810413E+14
   0.199051E-04   0.370084E+08   0.370084E+08   0.492556E+08   0.492535E+08   0.370114E+08   0.370084E+08   0.370084E+08   0.370216E+08  -0.397725E+00   0.146068E+08   0.146068E+08   0.175293E+02   0.314602E+06  -0.716354E-01  -0.733851E+14
   0.219788E-04   0.370069E+08   0.370069E+08   0.492341E+08   0.492316E+08   0.370099E+08   0.370070E+08   0.370069E+08   0.370201E+08  -0.397709E+00   0.146044E+08   0.146044E+08   0.193523E+02   0.257827E+06  -0.706426E-01  -0.664502E+14
   0.242687E-04   0.370051E+08   0.370051E+08   0.492079E+08   0.492049E+08   0.370080E+08   0.370051E+08   0.370051E+08   0.370183E+08  -0.397689E+00   0.146015E+08   0.146015E+08   0.213640E+02   0.211260E+06  -0.694379E-01  -0.601685E+14
   0.267970E-04   0.370028E+08   0.370028E+08   0.491759E+08   0.491723E+08   0.370057E+08   0.370028E+08   0.370028E+08   0.370160E+08  -0.397665E+00   0.145980E+08   0.145980E+08   0.235838E+02   0.173068E+06  -0.679777E-01  -0.544782E+14
   0.295888E-04   0.370000E+08   0.370000E+08   0.491369E+08   0.491325E+08   0.370028E+08   0.370000E+08   0.370000E+08   0.370131E+08  -0.397634E+00   0.145937E+08   0.145937E+08   0.260329E+02   0.141744E+06  -0.662100E-01  -0.493235E+14
   0.326714E-04   0.369964E+08   0.369964E+08   0.490893E+08   0.490839E+08   0.369991E+08   0.369965E+08   0.369964E+08   0.370096E+08  -0.397596E+00   0.145885E+08   0.145884E+08   0.287343E+02   0.116053E+06  -0.640735E-01  -0.446537E+14
   0.360752E-04   0.369920E+08   0.369920E+08   0.490311E+08   0.490245E+08   0.369946E+08   0.369920E+08   0.369920E+08   0.370051E+08  -0.397548E+00   0.145821E+08   0.145821E+08   0.317135E+02   0.949839E+05  -0.614958E-01  -0.404228E+14
   0.398336E-04   0.369864E+08   0.369864E+08   0.489601E+08   0.489520E+08   0.369888E+08   0.369864E+08   0.369864E+08   0.369995E+08  -0.397487E+00   0.145743E+08   0.145743E+08   0.349981E+02   0.777048E+05  -0.583927E-01  -0.365893E+14
   0.439836E-04   0.369793E+08   0.369793E+08   0.488733E+08   0.488635E+08   0.369816E+08   0.369793E+08   0.369793E+08   0.369924E+08  -0.397410E+00   0.145648E+08   0.145648E+08   0.386182E+02   0.635350E+05  -0.546673E-01  -0.331155E+14
   0.485659E-04   0.369703E+08   0.369703E+08   0.487672E+08   0.487552E+08   0.369723E+08   0.369703E+08   0.369703E+08   0.369833E+08  -0.397313E+00   0.145534E+08   0.145533E+08   0.426065E+02   0.519160E+05  -0.502089E-01  -0.299673E+14
   0.536256E-04   0.369587E+08   0.369587E+08   0.486374E+08   0.486229E+08   0.369605E+08   0.369588E+08   0.369587E+08   0.369717E+08  -0.397188E+00   0.145394E+08   0.145394E+08   0.469982E+02   0.423897E+05  -0.448939E-01  -0.271138E+14
   0.592125E-04   0.369439E+08   0.369439E+08   0.484787E+08   0.484611E+08   0.369454E+08   0.369439E+08   0.369439E+08   0.369569E+08  -0.397028E+00   0.145224E+08   0.145224E+08   0.518313E+02   0.345803E+05  -0.385865E-01  -0.245269E+14
   0.653814E-04   0.369247E+08   0.369247E+08   0.482846E+08   0.482631E+08   0.369258E+08   0.369247E+08   0.369247E+08   0.369376E+08  -0.396820E+00   0.145018E+08   0.145018E+08   0.571463E+02   0.281800E+05  -0.311419E-01  -0.221812E+14
   0.721930E-04   0.368998E+08   0.368998E+08   0.480470E+08   0.480210E+08   0.369004E+08   0.368998E+08   0.368998E+08   0.369126E+08  -0.396551E+00   0.144769E+08   0.144769E+08   0.629861E+02   0.229361E+05  -0.224110E-01  -0.200538E+14
   0.797142E-04   0.368674E+08   0.368673E+08   0.477562E+08   0.477247E+08   0.368674E+08   0.368674E+08   0.368674E+08   0.368801E+08  -0.396201E+00   0.144467E+08   0.144467E+08   0.693955E+02   0.186415E+05  -0.122477E-01  -0.181238E+14
   0.880190E-04   0.368250E+08   0.368249E+08   0.474005E+08   0.473622E+08   0.368244E+08   0.368250E+08   0.368250E+08   0.368377E+08  -0.395744E+00   0.144102E+08   0.144102E+08   0.764208E+02   0.151266E+05  -0.519267E-03  -0.163723E+14
   0.971891E-04   0.367697E+08   0.367696E+08   0.469655E+08   0.469192E+08   0.367682E+08   0.367696E+08   0.367697E+08   0.367822E+08  -0.395147E+00   0.143663E+08   0.143663E+08   0.841091E+02   0.122519E+05   0.128808E-01  -0.147823E+14
   0.107314E-03   0.366974E+08   0.366973E+08   0.464340E+08   0.463781E+08   0.366949E+08   0.366974E+08   0.366974E+08   0.367098E+08  -0.394368E+00   0.143134E+08   0.143134E+08   0.925066E+02   0.990319E+04   0.280173E-01  -0.133383E+14
   0.118495E-03   0.366034E+08   0.366033E+08   0.457860E+08   0.457186E+08   0.365997E+08   0.366033E+08   0.366034E+08   0.366156E+08  -0.393354E+00   0.142501E+08   0.142500E+08   0.101657E+03   0.798680E+04   0.448976E-01  -0.120263E+14
   0.130840E-03   0.364816E+08   0.364815E+08   0.449978E+08   0.449168E+08   0.364764E+08   0.364816E+08   0.364816E+08   0.364936E+08  -0.392042E+00   0.141744E+08   0.141744E+08   0.111600E+03   0.642564E+04   0.634561E-01  -0.108338E+14
   0.144471E-03   0.363251E+08   0.363250E+08   0.440426E+08   0.439455E+08   0.363180E+08   0.363251E+08   0.363251E+08   0.363368E+08  -0.390356E+00   0.140846E+08   0.140845E+08   0.122365E+03   0.515634E+04   0.835437E-01  -0.974943E+13
   0.159522E-03   0.361259E+08   0.361257E+08   0.428908E+08   0.427748E+08   0.361166E+08   0.361259E+08   0.361259E+08   0.361373E+08  -0.388210E+00   0.139784E+08   0.139784E+08   0.133973E+03   0.412672E+04   0.104924E+00  -0.876300E+13
   0.176142E-03   0.358754E+08   0.358751E+08   0.415104E+08   0.413726E+08   0.358634E+08   0.358753E+08   0.358754E+08   0.358864E+08  -0.385512E+00   0.138539E+08   0.138538E+08   0.146425E+03   0.329371E+04   0.127277E+00  -0.786545E+13
   0.194493E-03   0.355646E+08   0.355643E+08   0.398694E+08   0.397064E+08   0.355493E+08   0.355645E+08   0.355646E+08   0.355751E+08  -0.382165E+00   0.137088E+08   0.137087E+08   0.159698E+03   0.262172E+04   0.150217E+00  -0.704873E+13
   0.214755E-03   0.351851E+08   0.351847E+08   0.379372E+08   0.377458E+08   0.351658E+08   0.351849E+08   0.351850E+08   0.351951E+08  -0.378079E+00   0.135413E+08   0.135412E+08   0.173740E+03   0.208131E+04   0.173320E+00  -0.630567E+13
   0.237129E-03   0.347295E+08   0.347291E+08   0.356884E+08   0.354654E+08   0.347054E+08   0.347294E+08   0.347295E+08   0.347389E+08  -0.373174E+00   0.133499E+08   0.133497E+08   0.188455E+03   0.164812E+04   0.196149E+00  -0.562999E+13
   0.261834E-03   0.341926E+08   0.341921E+08   0.331068E+08   0.328496E+08   0.341626E+08   0.341924E+08   0.341926E+08   0.342012E+08  -0.367393E+00   0.131335E+08   0.131333E+08   0.203698E+03   0.130200E+04   0.218292E+00  -0.501613E+13
   0.289112E-03   0.335718E+08   0.335711E+08   0.301905E+08   0.298973E+08   0.335346E+08   0.335715E+08   0.335717E+08   0.335796E+08  -0.360709E+00   0.128917E+08   0.128915E+08   0.219263E+03   0.102633E+04   0.239390E+00  -0.445921E+13
   0.319233E-03   0.328678E+08   0.328670E+08   0.269579E+08   0.266284E+08   0.328220E+08   0.328674E+08   0.328676E+08   0.328746E+08  -0.353130E+00   0.126250E+08   0.126247E+08   0.234869E+03   0.807446E+03   0.259159E+00  -0.395492E+13
   0.352491E-03   0.320848E+08   0.320839E+08   0.234534E+08   0.230895E+08   0.320286E+08   0.320844E+08   0.320846E+08   0.320906E+08  -0.344701E+00   0.123346E+08   0.123343E+08   0.250156E+03   0.634146E+03   0.277397E+00  -0.349938E+13
   0.389215E-03   0.312308E+08   0.312297E+08   0.197541E+08   0.193604E+08   0.311621E+08   0.312302E+08   0.312306E+08   0.312355E+08  -0.335507E+00   0.120228E+08   0.120224E+08   0.264676E+03   0.497304E+03   0.293989E+00  -0.308908E+13
   0.429764E-03   0.303165E+08   0.303152E+08   0.159731E+08   0.155572E+08   0.302328E+08   0.303159E+08   0.303163E+08   0.303201E+08  -0.325665E+00   0.116924E+08   0.116921E+08   0.277900E+03   0.389515E+03   0.308897E+00  -0.272075E+13
   0.474538E-03   0.293553E+08   0.293538E+08   0.122600E+08   0.118325E+08   0.292535E+08   0.293546E+08   0.293551E+08   0.293578E+08  -0.315318E+00   0.113474E+08   0.113470E+08   0.289231E+03   0.304800E+03   0.322148E+00  -0.239133E+13
   0.523976E-03   0.283621E+08   0.283603E+08   0.879334E+07   0.836674E+07   0.282385E+08   0.283612E+08   0.283618E+08   0.283635E+08  -0.304626E+00   0.109919E+08   0.109914E+08   0.298034E+03   0.238355E+03   0.333816E+00  -0.209784E+13
   0.578566E-03   0.273522E+08   0.273501E+08   0.576334E+07   0.534940E+07   0.272025E+08   0.273512E+08   0.273519E+08   0.273527E+08  -0.293757E+00   0.106304E+08   0.106299E+08   0.303688E+03   0.186331E+03   0.344009E+00  -0.183743E+13
   0.638842E-03   0.263409E+08   0.263385E+08   0.334048E+07   0.294603E+07   0.261600E+08   0.263397E+08   0.263405E+08   0.263405E+08  -0.282875E+00   0.102677E+08   0.102671E+08   0.305653E+03   0.145662E+03   0.352855E+00  -0.160728E+13
   0.705398E-03   0.253424E+08   0.253397E+08   0.163296E+07   0.125470E+07   0.251243E+08   0.253409E+08   0.253419E+08   0.253413E+08  -0.272132E+00   0.990822E+07   0.990758E+07   0.303556E+03   0.113909E+03   0.360489E+00  -0.140467E+13
   0.778888E-03   0.243693E+08   0.243662E+08   0.642217E+06   0.262347E+06   0.241070E+08   0.243675E+08   0.243688E+08   0.243677E+08  -0.261666E+00   0.955620E+07   0.955551E+07   0.297263E+03   0.891403E+02   0.367046E+00  -0.122693E+13
   0.860035E-03   0.234323E+08   0.234289E+08   0.237662E+06  -0.176071E+06   0.231174E+08   0.234302E+08   0.234317E+08   0.234302E+08  -0.251591E+00   0.921533E+07   0.921459E+07   0.286927E+03   0.698303E+02   0.372656E+00  -0.107153E+13
   0.949635E-03   0.225398E+08   0.225361E+08   0.178910E+06  -0.306505E+06   0.221630E+08   0.225374E+08   0.225392E+08   0.225374E+08  -0.241999E+00   0.888872E+07   0.888794E+07   0.272976E+03   0.547780E+02   0.377437E+00  -0.936035E+12
   0.104857E-02   0.216982E+08   0.216942E+08   0.202222E+06  -0.378484E+06   0.212484E+08   0.216954E+08   0.216976E+08   0.216955E+08  -0.232954E+00   0.857881E+07   0.857801E+07   0.256028E+03   0.430406E+02   0.381500E+00  -0.818161E+12
   0.115781E-02   0.209116E+08   0.209074E+08   0.144594E+06  -0.515819E+06   0.203763E+08   0.209084E+08   0.209109E+08   0.209084E+08  -0.224501E+00   0.828735E+07   0.828652E+07   0.236777E+03   0.338808E+02   0.384942E+00  -0.715790E+12
   0.127844E-02   0.201821E+08   0.201777E+08   0.175399E+05  -0.654247E+06   0.195475E+08   0.201784E+08   0.201814E+08   0.201783E+08  -0.216660E+00   0.801536E+07   0.801454E+07   0.215913E+03   0.267244E+02   0.387849E+00  -0.626978E+12
   0.141163E-02   0.195099E+08   0.195054E+08  -0.642883E+05  -0.644402E+06   0.187617E+08   0.195056E+08   0.195092E+08   0.195056E+08  -0.209435E+00   0.776326E+07   0.776244E+07   0.194153E+03   0.211251E+02   0.390298E+00  -0.549962E+12
   0.155869E-02   0.188938E+08   0.188893E+08  -0.603161E+05   0.475354E+06   0.180166E+08   0.188889E+08   0.188930E+08   0.188889E+08  -0.202813E+00   0.753084E+07   0.753003E+07   0.172324E+03   0.167372E+02   0.392355E+00  -0.483160E+12
   0.172108E-02   0.183312E+08   0.183267E+08  -0.588940E+05   0.378274E+06   0.173091E+08   0.183256E+08   0.183304E+08   0.183256E+08  -0.196764E+00   0.731741E+07   0.731663E+07   0.151354E+03   0.132903E+02   0.394078E+00  -0.425171E+12
   0.190039E-02   0.178183E+08   0.178139E+08  -0.962046E+05   0.301579E+06   0.166358E+08   0.178120E+08   0.178176E+08   0.178120E+08  -0.191249E+00   0.712182E+07   0.712107E+07   0.132094E+03   0.105764E+02   0.395516E+00  -0.374763E+12
   0.209838E-02   0.173509E+08   0.173465E+08  -0.847315E+05   0.240865E+06   0.159930E+08   0.173437E+08   0.173502E+08   0.173437E+08  -0.186220E+00   0.694260E+07   0.694188E+07   0.115147E+03   0.843412E+01   0.396713E+00  -0.330862E+12
   0.231699E-02   0.169238E+08   0.169194E+08  -0.503317E+05   0.192694E+06   0.153767E+08   0.169157E+08   0.169230E+08   0.169157E+08  -0.181624E+00   0.677800E+07   0.677730E+07   0.100826E+03   0.673865E+01   0.397706E+00  -0.292540E+12
   0.255838E-02   0.165316E+08   0.165272E+08  -0.660400E+05   0.154384E+06   0.147832E+08   0.165226E+08   0.165309E+08   0.165226E+08  -0.177403E+00   0.662612E+07   0.662543E+07   0.890543E+02   0.539304E+01   0.398527E+00  -0.259002E+12
   0.282492E-02   0.161689E+08   0.161644E+08  -0.438715E+05   0.123847E+06   0.142087E+08   0.161588E+08   0.161681E+08   0.161588E+08  -0.173497E+00   0.648494E+07   0.648427E+07   0.793105E+02   0.432227E+01   0.399205E+00  -0.229567E+12
   0.311923E-02   0.158300E+08   0.158253E+08  -0.343997E+05   0.994498E+05   0.136489E+08   0.158189E+08   0.158292E+08   0.158189E+08  -0.169847E+00   0.635244E+07   0.635178E+07   0.708963E+02   0.346812E+01   0.399761E+00  -0.203658E+12
   0.344419E-02   0.155097E+08   0.155048E+08  -0.188691E+05   0.799175E+05   0.130994E+08   0.154975E+08   0.155089E+08   0.154975E+08  -0.166395E+00   0.622662E+07   0.622596E+07   0.632195E+02   0.278511E+01   0.400216E+00  -0.180789E+12
   0.380302E-02   0.152027E+08   0.151975E+08  -0.121280E+05   0.642504E+05   0.125554E+08   0.151893E+08   0.152018E+08   0.151893E+08  -0.163086E+00   0.610551E+07   0.610488E+07   0.560928E+02   0.223786E+01   0.400587E+00  -0.160547E+12
   0.419923E-02   0.149042E+08   0.148987E+08  -0.298772E+04   0.516630E+05   0.120131E+08   0.148896E+08   0.149032E+08   0.148896E+08  -0.159868E+00   0.598729E+07   0.598667E+07   0.497072E+02   0.179857E+01   0.400888E+00  -0.142584E+12
   0.463671E-02   0.146096E+08   0.146037E+08  -0.903136E+04   0.415361E+05   0.114690E+08   0.145937E+08   0.146086E+08   0.145937E+08  -0.156691E+00   0.587022E+07   0.586961E+07   0.442695E+02   0.144541E+01   0.401131E+00  -0.126606E+12
   0.511978E-02   0.143147E+08   0.143084E+08  -0.119120E+05   0.333800E+05   0.109219E+08   0.142976E+08   0.143137E+08   0.142976E+08  -0.153512E+00   0.575269E+07   0.575208E+07   0.396525E+02   0.116117E+01   0.401325E+00  -0.112364E+12
   0.565317E-02   0.140163E+08   0.140094E+08  -0.930048E+04   0.268071E+05   0.103475E+08   0.139977E+08   0.140151E+08   0.139977E+08  -0.150292E+00   0.563338E+07   0.563278E+07   0.355236E+02   0.932222E+00   0.401476E+00  -0.996518E+11
   0.624213E-02   0.137098E+08   0.137022E+08  -0.796783E+04   0.215062E+05   0.977372E+07   0.136899E+08   0.137085E+08   0.136899E+08  -0.146987E+00   0.551062E+07   0.551003E+07   0.317632E+02   0.747669E+00   0.401594E+00  -0.882828E+11
   0.689245E-02   0.133926E+08   0.133841E+08  -0.450887E+04   0.172310E+05   0.918762E+07   0.133713E+08   0.133912E+08   0.133713E+08  -0.143566E+00   0.538333E+07   0.538274E+07   0.284844E+02   0.598886E+00   0.401684E+00  -0.781062E+11
   0.761052E-02   0.130618E+08   0.130523E+08  -0.439347E+04   0.137835E+05   0.859634E+07   0.130391E+08   0.130602E+08   0.130391E+08  -0.139999E+00   0.525042E+07   0.524983E+07   0.256245E+02   0.478953E+00   0.401750E+00  -0.689902E+11
   0.840340E-02   0.127149E+08   0.127041E+08  -0.510239E+04   0.110047E+05   0.800691E+07   0.126908E+08   0.127131E+08   0.126908E+08  -0.136259E+00   0.511087E+07   0.511029E+07   0.230569E+02   0.382313E+00   0.401798E+00  -0.608202E+11
   0.927889E-02   0.123495E+08   0.123372E+08  -0.308783E+04   0.876643E+04   0.741762E+07   0.123241E+08   0.123475E+08   0.123241E+08  -0.132322E+00   0.496383E+07   0.496325E+07   0.207960E+02   0.304495E+00   0.401831E+00  -0.534968E+11
   0.102456E-01   0.119637E+08   0.119497E+08  -0.296061E+04   0.696538E+04   0.682704E+07   0.119371E+08   0.119614E+08   0.119371E+08  -0.128167E+00   0.480848E+07   0.480791E+07   0.187982E+02   0.241893E+00   0.401851E+00  -0.469330E+11
   0.113130E-01   0.115556E+08   0.115395E+08  -0.259918E+04   0.551790E+04   0.624063E+07   0.115278E+08   0.115529E+08   0.115278E+08  -0.123772E+00   0.464410E+07   0.464352E+07   0.170308E+02   0.191593E+00   0.401860E+00  -0.410517E+11
   0.124916E-01   0.111236E+08   0.111051E+08  -0.191283E+04   0.435635E+04   0.566472E+07   0.110946E+08   0.111205E+08   0.110946E+08  -0.119121E+00   0.447004E+07   0.446946E+07   0.154693E+02   0.151237E+00   0.401861E+00  -0.357849E+11
   0.137930E-01   0.106662E+08   0.106450E+08  -0.180238E+04   0.342598E+04   0.510316E+07   0.106364E+08   0.106627E+08   0.106364E+08  -0.114201E+00   0.428580E+07   0.428522E+07   0.140869E+02   0.118921E+00   0.401856E+00  -0.310727E+11
   0.152300E-01   0.101828E+08   0.101585E+08  -0.143538E+04   0.268244E+04   0.455693E+07   0.101521E+08   0.101787E+08   0.101521E+08  -0.109002E+00   0.409102E+07   0.409044E+07   0.128571E+02   0.930980E-01   0.401846E+00  -0.268619E+11
   0.168167E-01   0.968410E+07   0.965643E+07  -0.110176E+04   0.209221E+04   0.403835E+07   0.965276E+07   0.967945E+07   0.965276E+07  -0.103640E+00   0.389012E+07   0.388953E+07   0.117658E+02   0.726039E-01   0.401832E+00  -0.231327E+11
   0.185687E-01   0.915071E+07   0.911937E+07  -0.976824E+03   0.162136E+04   0.354081E+07   0.911892E+07   0.914545E+07   0.911892E+07  -0.979085E-01   0.367527E+07   0.367467E+07   0.107701E+02   0.562573E-01   0.401815E+00  -0.197930E+11
   0.205033E-01   0.859374E+07   0.855856E+07  -0.624586E+03   0.124875E+04   0.307296E+07   0.856173E+07   0.858783E+07   0.856173E+07  -0.919259E-01   0.345096E+07   0.345036E+07   0.985318E+01   0.433238E-01   0.401796E+00  -0.168314E+11
   0.226393E-01   0.800851E+07   0.796948E+07  -0.566889E+03   0.954347E+03   0.263519E+07   0.797656E+07   0.800196E+07   0.797656E+07  -0.856431E-01   0.321533E+07   0.321472E+07   0.898553E+01   0.331064E-01   0.401776E+00  -0.142025E+11
   0.249980E-01   0.741567E+07   0.737303E+07  -0.425314E+03   0.724702E+03   0.223631E+07   0.738403E+07   0.740851E+07   0.738403E+07  -0.792812E-01   0.297669E+07   0.297608E+07   0.815026E+01   0.251376E-01   0.401756E+00  -0.119078E+11
   0.276023E-01   0.682203E+07   0.677635E+07  -0.295922E+03   0.546729E+03   0.187760E+07   0.679100E+07   0.681436E+07   0.679100E+07  -0.729138E-01   0.273781E+07   0.273720E+07   0.732493E+01   0.189626E-01   0.401736E+00  -0.991875E+10
   0.304780E-01   0.623002E+07   0.618229E+07  -0.255733E+03   0.409445E+03   0.155842E+07   0.619993E+07   0.622200E+07   0.619993E+07  -0.665677E-01   0.249967E+07   0.249908E+07   0.648642E+01   0.141999E-01   0.401715E+00  -0.820155E+10
   0.336533E-01   0.565553E+07   0.560718E+07  -0.172189E+03   0.304812E+03   0.128048E+07   0.562674E+07   0.564741E+07   0.562674E+07  -0.604134E-01   0.226871E+07   0.226814E+07   0.562548E+01   0.105704E-01   0.401696E+00  -0.674140E+10
   0.371593E-01   0.511915E+07   0.507205E+07  -0.129890E+03   0.226270E+03   0.104484E+07   0.509199E+07   0.511124E+07   0.509199E+07  -0.546719E-01   0.205321E+07   0.205268E+07   0.474507E+01   0.784616E-02   0.401677E+00  -0.552539E+10
   0.410307E-01   0.463391E+07   0.459021E+07  -0.113439E+03   0.167989E+03   0.849160E+06   0.460870E+07   0.462658E+07   0.460870E+07  -0.494828E-01   0.185843E+07   0.185795E+07   0.386034E+01   0.582483E-02   0.401660E+00  -0.452934E+10
   0.451338E-01   0.422862E+07   0.419011E+07   0.126698E+03   0.126698E+03   0.696002E+06   0.420547E+07   0.422216E+07   0.420547E+07  -0.451534E-01   0.169587E+07   0.169545E+07   0.315310E+01   0.439309E-02   0.401636E+00  -0.375742E+10
   0.492368E-01   0.390837E+07   0.387597E+07   0.984121E+02   0.984121E+02   0.581425E+06   0.388721E+07   0.390293E+07   0.388721E+07  -0.417364E-01   0.156759E+07   0.156723E+07   0.244349E+01   0.341218E-02   0.401623E+00  -0.318377E+10
   0.533399E-01   0.365031E+07   0.362401E+07   0.783317E+02   0.783317E+02   0.493514E+06   0.363098E+07   0.364589E+07   0.363098E+07  -0.389852E-01   0.146430E+07   0.146400E+07   0.187787E+01   0.271585E-02   0.401611E+00  -0.274523E+10
   0.574430E-01   0.343304E+07   0.341209E+07   0.635328E+02   0.635328E+02   0.423885E+06   0.341530E+07   0.342953E+07   0.341530E+07  -0.366695E-01   0.137736E+07   0.137711E+07   0.145332E+01   0.220269E-02   0.401601E+00  -0.239780E+10
   0.615460E-01   0.323987E+07   0.322302E+07   0.522379E+02   0.522379E+02   0.366948E+06   0.322346E+07   0.323704E+07   0.322346E+07  -0.346097E-01   0.130002E+07   0.129980E+07   0.115719E+01   0.181105E-02   0.401592E+00  -0.211229E+10
   0.656491E-01   0.305789E+07   0.304365E+07   0.433374E+02   0.433374E+02   0.318940E+06   0.304255E+07   0.305550E+07   0.304255E+07  -0.326674E-01   0.122708E+07   0.122689E+07   0.968749E+00   0.150245E-02   0.401584E+00  -0.186918E+10
   0.697522E-01   0.287798E+07   0.286489E+07   0.361308E+02   0.361308E+02   0.277407E+06   0.286348E+07   0.287578E+07   0.286348E+07  -0.307447E-01   0.115489E+07   0.115471E+07   0.862189E+00   0.125258E-02   0.401578E+00  -0.165572E+10
   0.738552E-01   0.270163E+07   0.268848E+07   0.302514E+02   0.302514E+02   0.241447E+06   0.268779E+07   0.269942E+07   0.268779E+07  -0.288583E-01   0.108405E+07   0.108387E+07   0.811606E+00   0.104874E-02   0.401571E+00  -0.146781E+10
   0.779583E-01   0.252314E+07   0.250914E+07   0.253542E+02   0.253542E+02   0.209693E+06   0.250985E+07   0.252079E+07   0.250985E+07  -0.269479E-01   0.101230E+07   0.101212E+07   0.790251E+00   0.878954E-03   0.401566E+00  -0.129852E+10
   0.820614E-01   0.235121E+07   0.233601E+07   0.213197E+02   0.213197E+02   0.182214E+06   0.233841E+07   0.234866E+07   0.233841E+07  -0.251071E-01   0.943169E+06   0.942978E+06   0.778418E+00   0.739082E-03   0.401561E+00  -0.114935E+10
   0.861644E-01   0.219057E+07   0.217426E+07   0.180134E+02   0.180134E+02   0.158711E+06   0.217823E+07   0.218783E+07   0.217823E+07  -0.233873E-01   0.878577E+06   0.878380E+06   0.761188E+00   0.624458E-03   0.401557E+00  -0.101965E+10
   0.912856E-01   0.201192E+07   0.199485E+07   0.147375E+02   0.147375E+02   0.134470E+06   0.200018E+07   0.200905E+07   0.200018E+07  -0.214756E-01   0.806776E+06   0.806579E+06   0.719649E+00   0.510890E-03   0.401552E+00  -0.883790E+09
   0.964067E-01   0.186290E+07   0.184609E+07   0.122336E+02   0.122336E+02   0.115261E+06   0.185182E+07   0.186008E+07   0.185182E+07  -0.198827E-01   0.746945E+06   0.746757E+06   0.652833E+00   0.424085E-03   0.401548E+00  -0.774781E+09
   0.101528E+00   0.174536E+07   0.172981E+07   0.103348E+02   0.103348E+02   0.100289E+06   0.173497E+07   0.174274E+07   0.173497E+07  -0.186281E-01   0.699821E+06   0.699648E+06   0.567377E+00   0.358258E-03   0.401544E+00  -0.689286E+09
   0.106649E+00   0.165501E+07   0.164144E+07   0.888230E+01   0.888230E+01   0.885785E+05   0.164533E+07   0.165273E+07   0.164533E+07  -0.176656E-01   0.663666E+06   0.663514E+06   0.475319E+00   0.307906E-03   0.401541E+00  -0.622289E+09
   0.111770E+00   0.158298E+07   0.157164E+07   0.773639E+01   0.773639E+01   0.791279E+05   0.157397E+07   0.158108E+07   0.157397E+07  -0.168994E-01   0.634886E+06   0.634755E+06   0.389310E+00   0.268181E-03   0.401538E+00  -0.568029E+09
   0.116891E+00   0.151969E+07   0.151039E+07   0.679175E+01   0.679175E+01   0.711210E+05   0.151128E+07   0.151813E+07   0.151128E+07  -0.162264E-01   0.609603E+06   0.609491E+06   0.319120E+00   0.235434E-03   0.401535E+00  -0.521516E+09
   0.122012E+00   0.145766E+07   0.144984E+07   0.597990E+01   0.597990E+01   0.640099E+05   0.144976E+07   0.145635E+07   0.144976E+07  -0.155658E-01   0.584789E+06   0.584690E+06   0.269691E+00   0.207291E-03   0.401533E+00  -0.479290E+09
   0.127134E+00   0.139249E+07   0.138544E+07   0.526188E+01   0.526188E+01   0.574929E+05   0.138500E+07   0.139131E+07   0.138500E+07  -0.148705E-01   0.558670E+06   0.558579E+06   0.240799E+00   0.182400E-03   0.401531E+00  -0.439440E+09
   0.132255E+00   0.132298E+07   0.131604E+07   0.461940E+01   0.461940E+01   0.514543E+05   0.131580E+07   0.132182E+07   0.131580E+07  -0.141276E-01   0.530763E+06   0.530672E+06   0.228109E+00   0.160129E-03   0.401529E+00  -0.401322E+09
   0.137376E+00   0.125053E+07   0.124322E+07   0.404655E+01   0.404655E+01   0.458962E+05   0.124361E+07   0.124930E+07   0.124361E+07  -0.133524E-01   0.501646E+06   0.501553E+06   0.225037E+00   0.140271E-03   0.401527E+00  -0.365165E+09
   0.142497E+00   0.117825E+07   0.117039E+07   0.354305E+01   0.354305E+01   0.408759E+05   0.117156E+07   0.117693E+07   0.117156E+07  -0.125788E-01   0.472585E+06   0.472489E+06   0.224784E+00   0.122817E-03   0.401525E+00  -0.331646E+09
   0.147618E+00   0.111011E+07   0.110178E+07   0.311011E+01   0.311011E+01   0.364620E+05   0.110363E+07   0.110871E+07   0.110363E+07  -0.118495E-01   0.445190E+06   0.445091E+06   0.221995E+00   0.107809E-03   0.401524E+00  -0.301582E+09
   0.152739E+00   0.104985E+07   0.104133E+07   0.274708E+01   0.274708E+01   0.326987E+05   0.104361E+07   0.104842E+07   0.104361E+07  -0.112051E-01   0.420981E+06   0.420883E+06   0.213684E+00   0.952247E-04   0.401522E+00  -0.275620E+09
   0.157860E+00   0.999559E+06   0.991233E+06   0.244845E+01   0.244845E+01   0.295657E+05   0.993577E+06   0.998161E+06   0.993577E+06  -0.106679E-01   0.400799E+06   0.400705E+06   0.199344E+00   0.848729E-04   0.401521E+00  -0.253894E+09
   0.162982E+00   0.958865E+06   0.951073E+06   0.220356E+01   0.220356E+01   0.269733E+05   0.953153E+06   0.957557E+06   0.953153E+06  -0.102338E-01   0.384493E+06   0.384405E+06   0.180442E+00   0.763839E-04   0.401520E+00  -0.235912E+09
   0.168103E+00   0.925662E+06   0.918633E+06   0.199980E+01   0.199980E+01   0.247974E+05   0.920224E+06   0.924482E+06   0.920224E+06  -0.988029E-02   0.371211E+06   0.371130E+06   0.159601E+00   0.693206E-04   0.401519E+00  -0.220824E+09
   0.173224E+00   0.897298E+06   0.891098E+06   0.182581E+01   0.182581E+01   0.229197E+05   0.892124E+06   0.896257E+06   0.892124E+06  -0.957858E-02   0.359875E+06   0.359803E+06   0.139686E+00   0.632893E-04   0.401518E+00  -0.207752E+09
   0.178345E+00   0.871077E+06   0.865617E+06   0.167230E+01   0.167230E+01   0.212396E+05   0.866143E+06   0.870160E+06   0.866143E+06  -0.929963E-02   0.349395E+06   0.349330E+06   0.122992E+00   0.579682E-04   0.401517E+00  -0.195911E+09
   0.183466E+00   0.844502E+06   0.839577E+06   0.153215E+01   0.153215E+01   0.196774E+05   0.839776E+06   0.843675E+06   0.839776E+06  -0.901653E-02   0.338759E+06   0.338699E+06   0.110746E+00   0.531099E-04   0.401516E+00  -0.184645E+09
   0.188587E+00   0.815957E+06   0.811316E+06   0.140109E+01   0.140109E+01   0.181864E+05   0.811406E+06   0.815178E+06   0.811406E+06  -0.871193E-02   0.327316E+06   0.327258E+06   0.103012E+00   0.485668E-04   0.401515E+00  -0.173563E+09
   0.193708E+00   0.785279E+06   0.780692E+06   0.127802E+01   0.127802E+01   0.167580E+05   0.780875E+06   0.784509E+06   0.780875E+06  -0.838413E-02   0.315001E+06   0.314944E+06   0.989150E-01   0.443008E-04   0.401514E+00  -0.162617E+09
   0.198830E+00   0.753472E+06   0.748782E+06   0.116383E+01   0.116383E+01   0.154094E+05   0.749196E+06   0.752685E+06   0.749196E+06  -0.804399E-02   0.302223E+06   0.302165E+06   0.970334E-01   0.403424E-04   0.401513E+00  -0.152002E+09
   0.203951E+00   0.721933E+06   0.717080E+06   0.105973E+01   0.105973E+01   0.141618E+05   0.717772E+06   0.721118E+06   0.717772E+06  -0.770660E-02   0.289548E+06   0.289490E+06   0.958226E-01   0.367338E-04   0.401513E+00  -0.141970E+09
   0.209072E+00   0.692018E+06   0.687036E+06   0.966582E+00   0.966582E+00   0.130323E+05   0.687972E+06   0.691182E+06   0.687972E+06  -0.738665E-02   0.277528E+06   0.277469E+06   0.940085E-01   0.335051E-04   0.401512E+00  -0.132743E+09
   0.214193E+00   0.664889E+06   0.659879E+06   0.884762E+00   0.884762E+00   0.120312E+05   0.660962E+06   0.664048E+06   0.660962E+06  -0.709664E-02   0.266633E+06   0.266575E+06   0.908422E-01   0.306689E-04   0.401512E+00  -0.124483E+09
   0.219314E+00   0.641246E+06   0.636340E+06   0.813899E+00   0.813899E+00   0.111583E+05   0.637444E+06   0.640422E+06   0.637444E+06  -0.684413E-02   0.257146E+06   0.257090E+06   0.861662E-01   0.282126E-04   0.401511E+00  -0.117250E+09
   0.224435E+00   0.621084E+06   0.616403E+06   0.752758E+00   0.752758E+00   0.104014E+05   0.617411E+06   0.620298E+06   0.617411E+06  -0.662904E-02   0.249065E+06   0.249011E+06   0.803168E-01   0.260932E-04   0.401510E+00  -0.110974E+09
   0.229556E+00   0.603759E+06   0.599386E+06   0.699510E+00   0.699510E+00   0.973871E+04   0.600217E+06   0.603025E+06   0.600217E+06  -0.644443E-02   0.242129E+06   0.242078E+06   0.739309E-01   0.242474E-04   0.401510E+00  -0.105477E+09
   0.234678E+00   0.588295E+06   0.584253E+06   0.652211E+00   0.652211E+00   0.914625E+04   0.584879E+06   0.587616E+06   0.584879E+06  -0.627974E-02   0.235942E+06   0.235894E+06   0.677253E-01   0.226079E-04   0.401509E+00  -0.100539E+09
   0.239799E+00   0.573649E+06   0.569909E+06   0.609136E+00   0.609136E+00   0.860195E+04   0.570350E+06   0.573021E+06   0.570350E+06  -0.612375E-02   0.230081E+06   0.230036E+06   0.622993E-01   0.211147E-04   0.401509E+00  -0.959479E+08
   0.244920E+00   0.558939E+06   0.555430E+06   0.568979E+00   0.568979E+00   0.808898E+04   0.555746E+06   0.558350E+06   0.555746E+06  -0.596695E-02   0.224190E+06   0.224147E+06   0.580046E-01   0.197227E-04   0.401509E+00  -0.915364E+08
   0.250041E+00   0.543650E+06   0.540284E+06   0.530985E+00   0.530985E+00   0.759783E+04   0.540550E+06   0.543085E+06   0.540550E+06  -0.580380E-02   0.218060E+06   0.218019E+06   0.549042E-01   0.184058E-04   0.401508E+00  -0.872101E+08
   0.255162E+00   0.527723E+06   0.524419E+06   0.494942E+00   0.494942E+00   0.712636E+04   0.524707E+06   0.527168E+06   0.524707E+06  -0.563369E-02   0.211669E+06   0.211629E+06   0.528108E-01   0.171564E-04   0.401508E+00  -0.829552E+08
   0.260283E+00   0.511454E+06   0.508152E+06   0.460978E+00   0.460978E+00   0.667740E+04   0.508513E+06   0.510899E+06   0.508513E+06  -0.545982E-02   0.205137E+06   0.205097E+06   0.513755E-01   0.159791E-04   0.401507E+00  -0.788132E+08
   0.265404E+00   0.495307E+06   0.491983E+06   0.429345E+00   0.429345E+00   0.625537E+04   0.492437E+06   0.494749E+06   0.492437E+06  -0.528721E-02   0.198652E+06   0.198612E+06   0.502003E-01   0.148825E-04   0.401507E+00  -0.748490E+08
   0.270526E+00   0.479790E+06   0.476450E+06   0.400280E+00   0.400280E+00   0.586472E+04   0.476989E+06   0.479229E+06   0.476989E+06  -0.512135E-02   0.192420E+06   0.192381E+06   0.489408E-01   0.138750E-04   0.401507E+00  -0.711285E+08
   0.275647E+00   0.465347E+06   0.462024E+06   0.373928E+00   0.373928E+00   0.550838E+04   0.462615E+06   0.464789E+06   0.462615E+06  -0.496702E-02   0.186622E+06   0.186583E+06   0.473773E-01   0.129616E-04   0.401506E+00  -0.677036E+08
   0.280768E+00   0.452244E+06   0.448982E+06   0.350259E+00   0.350259E+00   0.518682E+04   0.449583E+06   0.451696E+06   0.449583E+06  -0.482710E-02   0.181365E+06   0.181327E+06   0.454398E-01   0.121411E-04   0.401506E+00  -0.645962E+08
   0.285889E+00   0.440491E+06   0.437333E+06   0.329046E+00   0.329046E+00   0.489744E+04   0.437902E+06   0.439961E+06   0.437902E+06  -0.470168E-02   0.176653E+06   0.176616E+06   0.431931E-01   0.114058E-04   0.401506E+00  -0.617909E+08
   0.291010E+00   0.429882E+06   0.426857E+06   0.309925E+00   0.309925E+00   0.463553E+04   0.427364E+06   0.429374E+06   0.427364E+06  -0.458854E-02   0.172402E+06   0.172367E+06   0.407922E-01   0.107430E-04   0.401506E+00  -0.592428E+08
   0.296131E+00   0.420091E+06   0.417210E+06   0.292491E+00   0.292491E+00   0.439560E+04   0.417643E+06   0.419608E+06   0.417643E+06  -0.448416E-02   0.168481E+06   0.168446E+06   0.384265E-01   0.101387E-04   0.401505E+00  -0.568940E+08
   0.301252E+00   0.410763E+06   0.408018E+06   0.276363E+00   0.276363E+00   0.417237E+04   0.408380E+06   0.410302E+06   0.408380E+06  -0.438471E-02   0.164744E+06   0.164711E+06   0.362648E-01   0.957967E-05   0.401505E+00  -0.546866E+08
   0.306374E+00   0.401581E+06   0.398950E+06   0.261234E+00   0.261234E+00   0.396160E+04   0.399259E+06   0.401139E+06   0.399259E+06  -0.428678E-02   0.161065E+06   0.161033E+06   0.344163E-01   0.905524E-05   0.401505E+00  -0.525715E+08
   0.311495E+00   0.392333E+06   0.389786E+06   0.246898E+00   0.246898E+00   0.376040E+04   0.390069E+06   0.391906E+06   0.390069E+06  -0.418810E-02   0.157357E+06   0.157326E+06   0.329149E-01   0.855830E-05   0.401505E+00  -0.505170E+08
   0.316616E+00   0.382958E+06   0.380464E+06   0.233264E+00   0.233264E+00   0.356768E+04   0.380746E+06   0.382539E+06   0.380746E+06  -0.408801E-02   0.153596E+06   0.153566E+06   0.317242E-01   0.808571E-05   0.401504E+00  -0.485121E+08
   0.321737E+00   0.373531E+06   0.371068E+06   0.220334E+00   0.220334E+00   0.338365E+04   0.371368E+06   0.373118E+06   0.371368E+06  -0.398731E-02   0.149813E+06   0.149784E+06   0.307584E-01   0.763750E-05   0.401504E+00  -0.465641E+08
   0.326858E+00   0.364210E+06   0.361766E+06   0.208152E+00   0.208152E+00   0.320922E+04   0.362093E+06   0.363800E+06   0.362093E+06  -0.388774E-02   0.146072E+06   0.146043E+06   0.299109E-01   0.721525E-05   0.401504E+00  -0.446899E+08
   0.331979E+00   0.355174E+06   0.352747E+06   0.196770E+00   0.196770E+00   0.304539E+04   0.353102E+06   0.354766E+06   0.353102E+06  -0.379120E-02   0.142445E+06   0.142416E+06   0.290821E-01   0.682068E-05   0.401504E+00  -0.429079E+08
   0.337100E+00   0.346573E+06   0.344173E+06   0.186213E+00   0.186213E+00   0.289274E+04   0.344546E+06   0.346170E+06   0.344546E+06  -0.369933E-02   0.138994E+06   0.138965E+06   0.282015E-01   0.645474E-05   0.401504E+00  -0.412322E+08
   0.342222E+00   0.338506E+06   0.336146E+06   0.176474E+00   0.176474E+00   0.275141E+04   0.336523E+06   0.338110E+06   0.336523E+06  -0.361319E-02   0.135757E+06   0.135729E+06   0.272382E-01   0.611716E-05   0.401504E+00  -0.396694E+08
   0.347343E+00   0.330994E+06   0.328688E+06   0.167507E+00   0.167507E+00   0.262080E+04   0.329054E+06   0.330607E+06   0.329054E+06  -0.353300E-02   0.132744E+06   0.132717E+06   0.261996E-01   0.580634E-05   0.401503E+00  -0.382172E+08
   0.352464E+00   0.323985E+06   0.321745E+06   0.159231E+00   0.159231E+00   0.249987E+04   0.322089E+06   0.323609E+06   0.322089E+06  -0.345822E-02   0.129934E+06   0.129908E+06   0.251213E-01   0.551948E-05   0.401503E+00  -0.368647E+08
   0.357585E+00   0.317375E+06   0.315205E+06   0.151549E+00   0.151549E+00   0.238719E+04   0.315521E+06   0.317010E+06   0.315521E+06  -0.338770E-02   0.127285E+06   0.127259E+06   0.240528E-01   0.525318E-05   0.401503E+00  -0.355958E+08
   0.362706E+00   0.311041E+06   0.308940E+06   0.144362E+00   0.144362E+00   0.228136E+04   0.309229E+06   0.310688E+06   0.309229E+06  -0.332014E-02   0.124746E+06   0.124721E+06   0.230427E-01   0.500406E-05   0.401503E+00  -0.343934E+08
   0.367827E+00   0.304871E+06   0.302832E+06   0.137587E+00   0.137587E+00   0.218118E+04   0.303098E+06   0.304529E+06   0.303098E+06  -0.325431E-02   0.122273E+06   0.122249E+06   0.221261E-01   0.476923E-05   0.401503E+00  -0.332422E+08
   0.372948E+00   0.298781E+06   0.296794E+06   0.131162E+00   0.131162E+00   0.208571E+04   0.297045E+06   0.298447E+06   0.297045E+06  -0.318932E-02   0.119831E+06   0.119808E+06   0.213184E-01   0.454650E-05   0.401503E+00  -0.321310E+08
   0.378070E+00   0.292727E+06   0.290780E+06   0.125046E+00   0.125046E+00   0.199443E+04   0.291026E+06   0.292400E+06   0.291026E+06  -0.312469E-02   0.117403E+06   0.117380E+06   0.206148E-01   0.433452E-05   0.401503E+00  -0.310534E+08
   0.383191E+00   0.286715E+06   0.284800E+06   0.119226E+00   0.119226E+00   0.190714E+04   0.285047E+06   0.286393E+06   0.285047E+06  -0.306050E-02   0.114991E+06   0.114968E+06   0.199949E-01   0.413276E-05   0.401502E+00  -0.300090E+08
   0.388312E+00   0.280795E+06   0.278906E+06   0.113704E+00   0.113704E+00   0.182398E+04   0.279159E+06   0.280478E+06   0.279159E+06  -0.299728E-02   0.112616E+06   0.112594E+06   0.194302E-01   0.394134E-05   0.401502E+00  -0.290016E+08
   0.393433E+00   0.275026E+06   0.273161E+06   0.108486E+00   0.108486E+00   0.174512E+04   0.273421E+06   0.274712E+06   0.273421E+06  -0.293567E-02   0.110301E+06   0.110279E+06   0.188917E-01   0.376049E-05   0.401502E+00  -0.280357E+08
   0.398554E+00   0.269454E+06   0.267615E+06   0.103574E+00   0.103574E+00   0.167060E+04   0.267880E+06   0.269145E+06   0.267880E+06  -0.287618E-02   0.108066E+06   0.108044E+06   0.183560E-01   0.359021E-05   0.401502E+00  -0.271146E+08
   0.403675E+00   0.264113E+06   0.262303E+06   0.989606E-01   0.989606E-01   0.160041E+04   0.262568E+06   0.263809E+06   0.262568E+06  -0.281915E-02   0.105923E+06   0.105902E+06   0.178098E-01   0.343030E-05   0.401502E+00  -0.262398E+08
   0.408796E+00   0.259019E+06   0.257243E+06   0.946355E-01   0.946355E-01   0.153439E+04   0.257503E+06   0.258721E+06   0.257503E+06  -0.276477E-02   0.103880E+06   0.103859E+06   0.172511E-01   0.328038E-05   0.401502E+00  -0.254113E+08
   0.413918E+00   0.254168E+06   0.252429E+06   0.905798E-01   0.905798E-01   0.147233E+04   0.252682E+06   0.253876E+06   0.252682E+06  -0.271300E-02   0.101935E+06   0.101914E+06   0.166869E-01   0.313979E-05   0.401502E+00  -0.246270E+08
   0.419039E+00   0.249528E+06   0.247828E+06   0.867665E-01   0.867665E-01   0.141380E+04   0.248070E+06   0.249243E+06   0.248070E+06  -0.266349E-02   0.100075E+06   0.100055E+06   0.161295E-01   0.300761E-05   0.401502E+00  -0.238821E+08
   0.424160E+00   0.245053E+06   0.243392E+06   0.831657E-01   0.831657E-01   0.135837E+04   0.243622E+06   0.244774E+06   0.243622E+06  -0.261573E-02   0.982806E+05   0.982607E+05   0.155922E-01   0.288279E-05   0.401502E+00  -0.231707E+08
   0.429281E+00   0.240701E+06   0.239077E+06   0.797517E-01   0.797517E-01   0.130565E+04   0.239297E+06   0.240428E+06   0.239297E+06  -0.256929E-02   0.965356E+05   0.965162E+05   0.150860E-01   0.276445E-05   0.401501E+00  -0.224878E+08
   0.434402E+00   0.236443E+06   0.234853E+06   0.765050E-01   0.765050E-01   0.125536E+04   0.235064E+06   0.236176E+06   0.235064E+06  -0.252385E-02   0.948283E+05   0.948092E+05   0.146172E-01   0.265191E-05   0.401501E+00  -0.218297E+08
   0.439523E+00   0.232260E+06   0.230700E+06   0.734105E-01   0.734105E-01   0.120727E+04   0.230906E+06   0.231998E+06   0.230906E+06  -0.247920E-02   0.931507E+05   0.931320E+05   0.141865E-01   0.254465E-05   0.401501E+00  -0.211936E+08
   0.444644E+00   0.228143E+06   0.226609E+06   0.704577E-01   0.704577E-01   0.116123E+04   0.226813E+06   0.227886E+06   0.226813E+06  -0.243525E-02   0.914994E+05   0.914810E+05   0.137895E-01   0.244229E-05   0.401501E+00  -0.205782E+08
   0.449766E+00   0.224097E+06   0.222586E+06   0.676409E-01   0.676409E-01   0.111719E+04   0.222789E+06   0.223843E+06   0.222789E+06  -0.239205E-02   0.898765E+05   0.898584E+05   0.134186E-01   0.234466E-05   0.401501E+00  -0.199830E+08
   0.454887E+00   0.220139E+06   0.218650E+06   0.649583E-01   0.649583E-01   0.107512E+04   0.218854E+06   0.219889E+06   0.218854E+06  -0.234979E-02   0.882887E+05   0.882709E+05   0.130653E-01   0.225167E-05   0.401501E+00  -0.194090E+08
   0.460008E+00   0.216289E+06   0.214821E+06   0.624088E-01   0.624088E-01   0.103503E+04   0.215025E+06   0.216042E+06   0.215025E+06  -0.230869E-02   0.867441E+05   0.867266E+05   0.127221E-01   0.216329E-05   0.401501E+00  -0.188572E+08
   0.465129E+00   0.212559E+06   0.211114E+06   0.599894E-01   0.599894E-01   0.996889E+03   0.211317E+06   0.212317E+06   0.211317E+06  -0.226887E-02   0.852483E+05   0.852310E+05   0.123840E-01   0.207943E-05   0.401501E+00  -0.183279E+08
   0.470250E+00   0.208955E+06   0.207533E+06   0.576947E-01   0.576947E-01   0.960625E+03   0.207733E+06   0.208716E+06   0.207733E+06  -0.223040E-02   0.838027E+05   0.837857E+05   0.120485E-01   0.199989E-05   0.401501E+00  -0.178209E+08
   0.475371E+00   0.205472E+06   0.204075E+06   0.555174E-01   0.555174E-01   0.926138E+03   0.204271E+06   0.205238E+06   0.204271E+06  -0.219322E-02   0.824059E+05   0.823892E+05   0.117163E-01   0.192441E-05   0.401501E+00  -0.173351E+08
   0.480492E+00   0.202104E+06   0.200731E+06   0.534495E-01   0.534495E-01   0.893306E+03   0.200922E+06   0.201874E+06   0.200922E+06  -0.215727E-02   0.810551E+05   0.810387E+05   0.113899E-01   0.185274E-05   0.401501E+00  -0.168692E+08
   0.485614E+00   0.198840E+06   0.197492E+06   0.514831E-01   0.514831E-01   0.862017E+03   0.197678E+06   0.198613E+06   0.197678E+06  -0.212243E-02   0.797461E+05   0.797300E+05   0.110729E-01   0.178457E-05   0.401501E+00  -0.164218E+08
   0.490735E+00   0.195665E+06   0.194342E+06   0.496094E-01   0.496094E-01   0.832129E+03   0.194522E+06   0.195443E+06   0.194522E+06  -0.208855E-02   0.784732E+05   0.784574E+05   0.107685E-01   0.171963E-05   0.401501E+00  -0.159910E+08
   0.495856E+00   0.192565E+06   0.191264E+06   0.478201E-01   0.478201E-01   0.803522E+03   0.191440E+06   0.192346E+06   0.191440E+06  -0.205546E-02   0.772298E+05   0.772142E+05   0.104787E-01   0.165760E-05   0.401500E+00  -0.155751E+08
   0.500977E+00   0.189526E+06   0.188247E+06   0.461082E-01   0.461082E-01   0.776086E+03   0.188419E+06   0.189311E+06   0.188419E+06  -0.202302E-02   0.760112E+05   0.759959E+05   0.102044E-01   0.159826E-05   0.401500E+00  -0.151726E+08
   0.506098E+00   0.186546E+06   0.185287E+06   0.444695E-01   0.444695E-01   0.749762E+03   0.185457E+06   0.186335E+06   0.185457E+06  -0.199122E-02   0.748161E+05   0.748010E+05   0.994478E-02   0.154146E-05   0.401500E+00  -0.147830E+08
   0.511219E+00   0.183627E+06   0.182387E+06   0.429010E-01   0.429010E-01   0.724509E+03   0.182554E+06   0.183419E+06   0.182554E+06  -0.196005E-02   0.736452E+05   0.736304E+05   0.969808E-02   0.148709E-05   0.401500E+00  -0.144058E+08
   0.516340E+00   0.180771E+06   0.179548E+06   0.413999E-01   0.413999E-01   0.700287E+03   0.179714E+06   0.180565E+06   0.179714E+06  -0.192956E-02   0.724995E+05   0.724849E+05   0.946185E-02   0.143506E-05   0.401500E+00  -0.140411E+08
   0.521462E+00   0.177978E+06   0.176773E+06   0.399637E-01   0.399637E-01   0.677065E+03   0.176938E+06   0.177776E+06   0.176938E+06  -0.189975E-02   0.713795E+05   0.713651E+05   0.923361E-02   0.138527E-05   0.401500E+00  -0.136884E+08
   0.526583E+00   0.175254E+06   0.174066E+06   0.385902E-01   0.385902E-01   0.654807E+03   0.174229E+06   0.175054E+06   0.174229E+06  -0.187067E-02   0.702867E+05   0.702725E+05   0.901138E-02   0.133766E-05   0.401500E+00  -0.133477E+08
   0.531704E+00   0.172601E+06   0.171431E+06   0.372775E-01   0.372775E-01   0.633497E+03   0.171592E+06   0.172405E+06   0.171592E+06  -0.184235E-02   0.692228E+05   0.692088E+05   0.879405E-02   0.129216E-05   0.401500E+00  -0.130191E+08
   0.536825E+00   0.170022E+06   0.168869E+06   0.360231E-01   0.360231E-01   0.613092E+03   0.169027E+06   0.169828E+06   0.169027E+06  -0.181482E-02   0.681883E+05   0.681745E+05   0.858127E-02   0.124868E-05   0.401500E+00  -0.127022E+08
   0.541946E+00   0.167511E+06   0.166376E+06   0.348237E-01   0.348237E-01   0.593548E+03   0.166532E+06   0.167321E+06   0.166532E+06  -0.178802E-02   0.671816E+05   0.671680E+05   0.837330E-02   0.120710E-05   0.401500E+00  -0.123964E+08
   0.547067E+00   0.165064E+06   0.163946E+06   0.336755E-01   0.336755E-01   0.574802E+03   0.164099E+06   0.164876E+06   0.164099E+06  -0.176190E-02   0.662001E+05   0.661867E+05   0.817078E-02   0.116730E-05   0.401500E+00  -0.121009E+08
   0.559946E+00   0.159164E+06   0.158088E+06   0.309954E-01   0.309954E-01   0.530901E+03   0.158233E+06   0.158983E+06   0.158233E+06  -0.169893E-02   0.638339E+05   0.638210E+05   0.769056E-02   0.107440E-05   0.401500E+00  -0.114001E+08
   0.593872E+00   0.145031E+06   0.144049E+06   0.251084E-01   0.251084E-01   0.433711E+03   0.144182E+06   0.144866E+06   0.144182E+06  -0.154806E-02   0.581656E+05   0.581538E+05   0.662075E-02   0.870338E-06   0.401500E+00  -0.979432E+07
   0.629853E+00   0.132118E+06   0.131224E+06   0.203342E-01   0.203342E-01   0.354039E+03   0.131345E+06   0.131968E+06   0.131345E+06  -0.141023E-02   0.529868E+05   0.529761E+05   0.568949E-02   0.704850E-06   0.401499E+00  -0.841259E+07
   0.879031E+00   0.772321E+05   0.767097E+05   0.610286E-02   0.610286E-02   0.110173E+03   0.767799E+05   0.771444E+05   0.767799E+05  -0.824373E-03   0.309744E+05   0.309681E+05   0.240821E-02   0.211545E-06   0.401498E+00  -0.352371E+07
   0.122679E+01   0.446024E+05   0.443007E+05   0.180952E-02   0.180952E-02   0.334613E+02   0.443410E+05   0.445517E+05   0.443410E+05  -0.476082E-03   0.178880E+05   0.178843E+05   0.101716E-02   0.627241E-07   0.401498E+00  -0.145812E+07
   0.171212E+01   0.254906E+05   0.253180E+05   0.530952E-03   0.530952E-03   0.996891E+01   0.253412E+05   0.254616E+05   0.253412E+05  -0.272084E-03   0.102231E+05   0.102209E+05   0.433231E-03   0.184046E-07   0.401497E+00  -0.597104E+06
   0.238945E+01   0.144375E+05   0.143396E+05   0.154397E-03   0.154397E-03   0.292557E+01   0.143529E+05   0.144211E+05   0.143529E+05  -0.154104E-03   0.579025E+04   0.578889E+04   0.189102E-03   0.535192E-08   0.401496E+00  -0.242324E+06
