#          k/h    CDM            baryon         photon         nu             mass_nu        total          no_nu          total_de       Weyl           v_CDM          v_b            v_b-v_c        ISW            log_grow       pert_vel    
   0.994668E-05   0.226334E+08   0.226334E+08   0.301626E+08   0.301622E+08   0.226359E+08   0.226334E+08   0.226334E+08   0.226415E+08  -0.357944E+00   0.614766E+07   0.614766E+07   0.662341E+01  -0.420810E+06   0.113206E+01  -0.618085E+14
   0.109829E-04   0.226333E+08   0.226333E+08   0.301591E+08   0.301585E+08   0.226357E+08   0.226333E+08   0.226333E+08   0.226413E+08  -0.357941E+00   0.614756E+07   0.614756E+07   0.731321E+01  -0.344867E+06   0.113195E+01  -0.559758E+14
   0.121272E-04   0.226331E+08   0.226331E+08   0.301547E+08   0.301541E+08   0.226355E+08   0.226331E+08   0.226331E+08   0.226411E+08  -0.357938E+00   0.614744E+07   0.614744E+07   0.807479E+01  -0.282579E+06   0.113182E+01  -0.506933E+14
   0.133906E-04   0.226328E+08   0.226328E+08   0.301494E+08   0.301487E+08   0.226353E+08   0.226329E+08   0.226328E+08   0.226409E+08  -0.357934E+00   0.614729E+07   0.614729E+07   0.891561E+01  -0.231491E+06   0.113167E+01  -0.459091E+14
   0.147857E-04   0.226326E+08   0.226326E+08   0.301430E+08   0.301420E+08   0.226350E+08   0.226326E+08   0.226326E+08   0.226406E+08  -0.357930E+00   0.614711E+07   0.614711E+07   0.984387E+01  -0.189589E+06   0.113148E+01  -0.415762E+14
   0.163261E-04   0.226322E+08   0.226322E+08   0.301351E+08   0.301340E+08   0.226346E+08   0.226322E+08   0.226322E+08   0.226403E+08  -0.357924E+00   0.614688E+07   0.614688E+07   0.108686E+02  -0.155221E+06   0.113124E+01  -0.376521E+14
   0.180270E-04   0.226318E+08   0.226318E+08   0.301255E+08   0.301241E+08   0.226341E+08   0.226318E+08   0.226318E+08   0.226398E+08  -0.357917E+00   0.614661E+07   0.614661E+07   0.119999E+02  -0.127032E+06   0.113096E+01  -0.340980E+14
   0.199051E-04   0.226313E+08   0.226313E+08   0.301139E+08   0.301121E+08   0.226336E+08   0.226313E+08   0.226313E+08   0.226393E+08  -0.357909E+00   0.614628E+07   0.614628E+07   0.132486E+02  -0.103912E+06   0.113061E+01  -0.308791E+14
   0.219788E-04   0.226306E+08   0.226306E+08   0.300996E+08   0.300975E+08   0.226329E+08   0.226306E+08   0.226306E+08   0.226387E+08  -0.357899E+00   0.614588E+07   0.614588E+07   0.146270E+02  -0.849498E+05   0.113019E+01  -0.279637E+14
   0.242687E-04   0.226298E+08   0.226298E+08   0.300823E+08   0.300797E+08   0.226321E+08   0.226298E+08   0.226298E+08   0.226379E+08  -0.357886E+00   0.614539E+07   0.614539E+07   0.161483E+02  -0.693970E+05   0.112968E+01  -0.253233E+14
   0.267970E-04   0.226289E+08   0.226289E+08   0.300611E+08   0.300580E+08   0.226311E+08   0.226289E+08   0.226289E+08   0.226369E+08  -0.357871E+00   0.614479E+07   0.614479E+07   0.178271E+02  -0.566411E+05   0.112905E+01  -0.229317E+14
   0.295888E-04   0.226277E+08   0.226277E+08   0.300354E+08   0.300316E+08   0.226298E+08   0.226277E+08   0.226277E+08   0.226358E+08  -0.357853E+00   0.614406E+07   0.614406E+07   0.196797E+02  -0.461792E+05   0.112829E+01  -0.207656E+14
   0.326714E-04   0.226263E+08   0.226263E+08   0.300040E+08   0.299993E+08   0.226284E+08   0.226263E+08   0.226263E+08   0.226343E+08  -0.357830E+00   0.614318E+07   0.614317E+07   0.217236E+02  -0.375989E+05   0.112736E+01  -0.188036E+14
   0.360752E-04   0.226246E+08   0.226246E+08   0.299657E+08   0.299601E+08   0.226265E+08   0.226246E+08   0.226246E+08   0.226326E+08  -0.357802E+00   0.614210E+07   0.614209E+07   0.239783E+02  -0.305621E+05   0.112623E+01  -0.170264E+14
   0.398336E-04   0.226225E+08   0.226225E+08   0.299192E+08   0.299123E+08   0.226243E+08   0.226225E+08   0.226225E+08   0.226305E+08  -0.357769E+00   0.614078E+07   0.614078E+07   0.264650E+02  -0.247913E+05   0.112486E+01  -0.154166E+14
   0.439836E-04   0.226199E+08   0.226199E+08   0.298625E+08   0.298541E+08   0.226215E+08   0.226199E+08   0.226199E+08   0.226279E+08  -0.357727E+00   0.613918E+07   0.613918E+07   0.292068E+02  -0.200592E+05   0.112320E+01  -0.139584E+14
   0.485659E-04   0.226167E+08   0.226167E+08   0.297935E+08   0.297833E+08   0.226182E+08   0.226167E+08   0.226167E+08   0.226247E+08  -0.357677E+00   0.613724E+07   0.613724E+07   0.322289E+02  -0.161791E+05   0.112118E+01  -0.126374E+14
   0.536256E-04   0.226128E+08   0.226128E+08   0.297095E+08   0.296971E+08   0.226141E+08   0.226128E+08   0.226128E+08   0.226208E+08  -0.357615E+00   0.613488E+07   0.613487E+07   0.355587E+02  -0.129982E+05   0.111873E+01  -0.114406E+14
   0.592125E-04   0.226081E+08   0.226081E+08   0.296074E+08   0.295923E+08   0.226091E+08   0.226081E+08   0.226081E+08   0.226160E+08  -0.357539E+00   0.613201E+07   0.613200E+07   0.392258E+02  -0.103910E+05   0.111576E+01  -0.103563E+14
   0.653814E-04   0.226023E+08   0.226022E+08   0.294832E+08   0.294650E+08   0.226029E+08   0.226023E+08   0.226022E+08   0.226101E+08  -0.357446E+00   0.612853E+07   0.612852E+07   0.432621E+02  -0.825473E+04   0.111216E+01  -0.937386E+13
   0.721930E-04   0.225951E+08   0.225951E+08   0.293324E+08   0.293102E+08   0.225954E+08   0.225951E+08   0.225951E+08   0.226029E+08  -0.357331E+00   0.612431E+07   0.612430E+07   0.477017E+02  -0.650518E+04   0.110782E+01  -0.848356E+13
   0.797142E-04   0.225863E+08   0.225863E+08   0.291494E+08   0.291225E+08   0.225861E+08   0.225863E+08   0.225863E+08   0.225941E+08  -0.357191E+00   0.611921E+07   0.611919E+07   0.525805E+02  -0.507335E+04   0.110259E+01  -0.767671E+13
   0.880190E-04   0.225755E+08   0.225754E+08   0.289275E+08   0.288949E+08   0.225747E+08   0.225755E+08   0.225755E+08   0.225832E+08  -0.357018E+00   0.611304E+07   0.611302E+07   0.579367E+02  -0.390271E+04   0.109630E+01  -0.694538E+13
   0.971891E-04   0.225621E+08   0.225621E+08   0.286588E+08   0.286193E+08   0.225606E+08   0.225621E+08   0.225621E+08   0.225698E+08  -0.356805E+00   0.610559E+07   0.610557E+07   0.638093E+02  -0.294704E+04   0.108876E+01  -0.628241E+13
   0.107314E-03   0.225456E+08   0.225456E+08   0.283339E+08   0.282861E+08   0.225432E+08   0.225456E+08   0.225456E+08   0.225532E+08  -0.356542E+00   0.609663E+07   0.609660E+07   0.702382E+02  -0.216852E+04   0.107974E+01  -0.568129E+13
   0.118495E-03   0.225253E+08   0.225252E+08   0.279418E+08   0.278842E+08   0.225218E+08   0.225253E+08   0.225253E+08   0.225327E+08  -0.356217E+00   0.608587E+07   0.608584E+07   0.772628E+02  -0.153626E+04   0.106901E+01  -0.513617E+13
   0.130840E-03   0.225001E+08   0.225000E+08   0.274698E+08   0.274004E+08   0.224953E+08   0.225001E+08   0.225001E+08   0.225074E+08  -0.355815E+00   0.607300E+07   0.607296E+07   0.849207E+02  -0.102506E+04   0.105630E+01  -0.464172E+13
   0.144471E-03   0.224690E+08   0.224688E+08   0.269030E+08   0.268198E+08   0.224626E+08   0.224689E+08   0.224690E+08   0.224761E+08  -0.355319E+00   0.605765E+07   0.605761E+07   0.932454E+02  -0.614360E+03   0.104135E+01  -0.419314E+13
   0.159522E-03   0.224304E+08   0.224303E+08   0.262251E+08   0.261255E+08   0.224221E+08   0.224304E+08   0.224304E+08   0.224374E+08  -0.354704E+00   0.603945E+07   0.603940E+07   0.102264E+03  -0.287406E+03   0.102386E+01  -0.378609E+13
   0.176142E-03   0.223828E+08   0.223826E+08   0.254177E+08   0.252991E+08   0.223721E+08   0.223827E+08   0.223828E+08   0.223895E+08  -0.353945E+00   0.601797E+07   0.601791E+07   0.111992E+03  -0.305330E+02   0.100357E+01  -0.341667E+13
   0.194493E-03   0.223241E+08   0.223239E+08   0.244614E+08   0.243209E+08   0.223105E+08   0.223240E+08   0.223241E+08   0.223306E+08  -0.353010E+00   0.599280E+07   0.599273E+07   0.122432E+03   0.167444E+03   0.980255E+00  -0.308136E+13
   0.214755E-03   0.222521E+08   0.222518E+08   0.233364E+08   0.231710E+08   0.222350E+08   0.222520E+08   0.222520E+08   0.222582E+08  -0.351862E+00   0.596353E+07   0.596344E+07   0.133566E+03   0.315737E+03   0.953751E+00  -0.277699E+13
   0.237129E-03   0.221642E+08   0.221638E+08   0.220240E+08   0.218308E+08   0.221428E+08   0.221640E+08   0.221641E+08   0.221699E+08  -0.350461E+00   0.592979E+07   0.592969E+07   0.145345E+03   0.422030E+03   0.923984E+00  -0.250074E+13
   0.261834E-03   0.220577E+08   0.220573E+08   0.205090E+08   0.202854E+08   0.220312E+08   0.220575E+08   0.220577E+08   0.220630E+08  -0.348767E+00   0.589131E+07   0.589118E+07   0.157686E+03   0.492854E+03   0.891008E+00  -0.225009E+13
   0.289112E-03   0.219303E+08   0.219298E+08   0.187826E+08   0.185269E+08   0.218974E+08   0.219301E+08   0.219302E+08   0.219351E+08  -0.346738E+00   0.584792E+07   0.584777E+07   0.170461E+03   0.533900E+03   0.855030E+00  -0.202278E+13
   0.319233E-03   0.217797E+08   0.217791E+08   0.168466E+08   0.165584E+08   0.217392E+08   0.217794E+08   0.217796E+08   0.217839E+08  -0.344341E+00   0.579966E+07   0.579948E+07   0.183485E+03   0.550265E+03   0.816423E+00  -0.181681E+13
   0.352491E-03   0.216046E+08   0.216038E+08   0.147184E+08   0.143994E+08   0.215547E+08   0.216042E+08   0.216044E+08   0.216081E+08  -0.341554E+00   0.574675E+07   0.574654E+07   0.196507E+03   0.546623E+03   0.775729E+00  -0.163037E+13
   0.389215E-03   0.214045E+08   0.214036E+08   0.124364E+08   0.120911E+08   0.213434E+08   0.214041E+08   0.214044E+08   0.214074E+08  -0.338371E+00   0.568967E+07   0.568942E+07   0.209206E+03   0.527324E+03   0.733639E+00  -0.146188E+13
   0.429764E-03   0.211806E+08   0.211795E+08   0.100644E+08   0.970078E+07   0.211058E+08   0.211801E+08   0.211804E+08   0.211828E+08  -0.334810E+00   0.562913E+07   0.562885E+07   0.221183E+03   0.496409E+03   0.690948E+00  -0.130986E+13
   0.474538E-03   0.209354E+08   0.209341E+08   0.769361E+07   0.732391E+07   0.208440E+08   0.209348E+08   0.209352E+08   0.209368E+08  -0.330910E+00   0.556605E+07   0.556572E+07   0.231973E+03   0.457579E+03   0.648504E+00  -0.117297E+13
   0.523976E-03   0.206729E+08   0.206714E+08   0.543980E+07   0.507991E+07   0.205614E+08   0.206721E+08   0.206727E+08   0.206736E+08  -0.326736E+00   0.550150E+07   0.550113E+07   0.241061E+03   0.414114E+03   0.607133E+00  -0.104998E+13
   0.578566E-03   0.203983E+08   0.203965E+08   0.343168E+07   0.309998E+07   0.202626E+08   0.203974E+08   0.203980E+08   0.203982E+08  -0.322371E+00   0.543662E+07   0.543619E+07   0.247913E+03   0.368795E+03   0.567586E+00  -0.939695E+12
   0.638842E-03   0.201174E+08   0.201153E+08   0.178937E+07   0.150372E+07   0.199524E+08   0.201163E+08   0.201170E+08   0.201167E+08  -0.317908E+00   0.537250E+07   0.537202E+07   0.252037E+03   0.323851E+03   0.530479E+00  -0.840994E+12
   0.705398E-03   0.198361E+08   0.198338E+08   0.593452E+06   0.366466E+06   0.196360E+08   0.198348E+08   0.198357E+08   0.198349E+08  -0.313442E+00   0.531014E+07   0.530960E+07   0.253038E+03   0.280939E+03   0.496266E+00  -0.752801E+12
   0.778888E-03   0.195601E+08   0.195574E+08  -0.147612E+06  -0.314197E+06   0.193178E+08   0.195585E+08   0.195596E+08   0.195584E+08  -0.309061E+00   0.525031E+07   0.524973E+07   0.250689E+03   0.241179E+03   0.465225E+00  -0.674090E+12
   0.860035E-03   0.192937E+08   0.192907E+08  -0.514968E+06  -0.634744E+06   0.190009E+08   0.192918E+08   0.192932E+08   0.192916E+08  -0.304836E+00   0.519357E+07   0.519294E+07   0.244973E+03   0.205216E+03   0.437472E+00  -0.603889E+12
   0.949635E-03   0.190403E+08   0.190370E+08  -0.659777E+06  -0.761703E+06   0.186875E+08   0.190381E+08   0.190398E+08   0.190379E+08  -0.300820E+00   0.514020E+07   0.513953E+07   0.236082E+03   0.173319E+03   0.412981E+00  -0.541290E+12
   0.104857E-02   0.188019E+08   0.187984E+08  -0.735505E+06  -0.856778E+06   0.183778E+08   0.187993E+08   0.188013E+08   0.187991E+08  -0.297041E+00   0.509025E+07   0.508955E+07   0.224373E+03   0.145473E+03   0.391613E+00  -0.485453E+12
   0.115781E-02   0.185791E+08   0.185753E+08  -0.808794E+06  -0.981593E+06   0.180709E+08   0.185761E+08   0.185785E+08   0.185759E+08  -0.293510E+00   0.504354E+07   0.504281E+07   0.210289E+03   0.121471E+03   0.373155E+00  -0.435614E+12
   0.127844E-02   0.183715E+08   0.183676E+08  -0.825168E+06  -0.106449E+07   0.177649E+08   0.183680E+08   0.183709E+08   0.183677E+08  -0.290219E+00   0.499970E+07   0.499896E+07   0.194332E+03   0.100995E+03   0.357344E+00  -0.391084E+12
   0.141163E-02   0.181777E+08   0.181736E+08  -0.700272E+06  -0.100246E+07   0.174577E+08   0.181736E+08   0.181770E+08   0.181734E+08  -0.287145E+00   0.495827E+07   0.495752E+07   0.177101E+03   0.836704E+02   0.343899E+00  -0.351249E+12
   0.155869E-02   0.179956E+08   0.179915E+08  -0.474349E+06   0.452758E+06   0.171460E+08   0.179909E+08   0.179949E+08   0.179909E+08  -0.284260E+00   0.491851E+07   0.491776E+07   0.159372E+03   0.691142E+02   0.332531E+00  -0.315557E+12
   0.172108E-02   0.178228E+08   0.178186E+08  -0.307728E+06   0.367783E+06   0.168265E+08   0.178173E+08   0.178220E+08   0.178173E+08  -0.281517E+00   0.487998E+07   0.487924E+07   0.142053E+03   0.569432E+02   0.322974E+00  -0.283544E+12
   0.190039E-02   0.176564E+08   0.176522E+08  -0.252877E+06   0.298839E+06   0.164966E+08   0.176502E+08   0.176557E+08   0.176502E+08  -0.278875E+00   0.484197E+07   0.484125E+07   0.125968E+03   0.468128E+02   0.314975E+00  -0.254791E+12
   0.209838E-02   0.174936E+08   0.174895E+08  -0.198292E+06   0.242847E+06   0.161537E+08   0.174866E+08   0.174929E+08   0.174866E+08  -0.276290E+00   0.480378E+07   0.480307E+07   0.111700E+03   0.384102E+02   0.308300E+00  -0.228931E+12
   0.231699E-02   0.173316E+08   0.173274E+08  -0.154042E+06   0.197338E+06   0.157958E+08   0.173237E+08   0.173309E+08   0.173236E+08  -0.273715E+00   0.476469E+07   0.476400E+07   0.995652E+02   0.314608E+02   0.302746E+00  -0.205644E+12
   0.255838E-02   0.171675E+08   0.171632E+08  -0.185169E+06   0.160323E+06   0.154214E+08   0.171585E+08   0.171668E+08   0.171585E+08  -0.271105E+00   0.472409E+07   0.472340E+07   0.895160E+02   0.257269E+02   0.298137E+00  -0.184654E+12
   0.282492E-02   0.169986E+08   0.169941E+08  -0.172344E+06   0.130202E+06   0.150292E+08   0.169885E+08   0.169978E+08   0.169885E+08  -0.268418E+00   0.468133E+07   0.468064E+07   0.810653E+02   0.210056E+02   0.294318E+00  -0.165718E+12
   0.311923E-02   0.168223E+08   0.168176E+08  -0.145066E+06   0.105684E+06   0.146175E+08   0.168111E+08   0.168215E+08   0.168111E+08  -0.265615E+00   0.463585E+07   0.463516E+07   0.735632E+02   0.171250E+02   0.291159E+00  -0.148623E+12
   0.344419E-02   0.166363E+08   0.166313E+08  -0.104610E+06   0.857231E+05   0.141847E+08   0.166239E+08   0.166355E+08   0.166239E+08  -0.262657E+00   0.458708E+07   0.458640E+07   0.664810E+02   0.139405E+02   0.288549E+00  -0.133185E+12
   0.380302E-02   0.164384E+08   0.164332E+08  -0.835500E+05   0.694732E+05   0.137287E+08   0.164247E+08   0.164375E+08   0.164247E+08  -0.259510E+00   0.453452E+07   0.453384E+07   0.596945E+02   0.113312E+02   0.286395E+00  -0.119236E+12
   0.419923E-02   0.162265E+08   0.162209E+08  -0.694787E+05   0.562470E+05   0.132481E+08   0.162115E+08   0.162256E+08   0.162115E+08  -0.256141E+00   0.447767E+07   0.447699E+07   0.534503E+02   0.919601E+01   0.284618E+00  -0.106632E+12
   0.463671E-02   0.159987E+08   0.159927E+08  -0.663921E+05   0.454857E+05   0.127420E+08   0.159823E+08   0.159977E+08   0.159823E+08  -0.252519E+00   0.441606E+07   0.441539E+07   0.480039E+02   0.745115E+01   0.283153E+00  -0.952422E+11
   0.511978E-02   0.157532E+08   0.157467E+08  -0.502943E+05   0.367344E+05   0.122114E+08   0.157353E+08   0.157521E+08   0.157353E+08  -0.248617E+00   0.434925E+07   0.434858E+07   0.432713E+02   0.602712E+01   0.281945E+00  -0.849509E+11
   0.565317E-02   0.154886E+08   0.154815E+08  -0.337856E+05   0.296233E+05   0.116322E+08   0.154692E+08   0.154874E+08   0.154692E+08  -0.244412E+00   0.427694E+07   0.427628E+07   0.389583E+02   0.486659E+01   0.280948E+00  -0.756564E+11
   0.624213E-02   0.152026E+08   0.151947E+08  -0.261930E+05   0.238480E+05   0.110373E+08   0.151815E+08   0.152012E+08   0.151815E+08  -0.239867E+00   0.419848E+07   0.419782E+07   0.349725E+02   0.392182E+01   0.280126E+00  -0.672611E+11
   0.689245E-02   0.148938E+08   0.148851E+08  -0.905179E+04   0.191626E+05   0.104144E+08   0.148712E+08   0.148924E+08   0.148712E+08  -0.234963E+00   0.411362E+07   0.411297E+07   0.314450E+02   0.315385E+01   0.279450E+00  -0.596836E+11
   0.761052E-02   0.145610E+08   0.145512E+08  -0.799526E+04   0.153657E+05   0.977228E+07   0.145367E+08   0.145594E+08   0.145367E+08  -0.229679E+00   0.402206E+07   0.402141E+07   0.283292E+02   0.253048E+01   0.278898E+00  -0.528491E+11
   0.840340E-02   0.142028E+08   0.141917E+08  -0.136997E+05   0.122926E+05   0.911977E+07   0.141769E+08   0.142009E+08   0.141769E+08  -0.223993E+00   0.392369E+07   0.392305E+07   0.255045E+02   0.202512E+01   0.278468E+00  -0.466921E+11
   0.927889E-02   0.138184E+08   0.138058E+08  -0.509793E+04   0.980926E+04   0.845727E+07   0.137909E+08   0.138163E+08   0.137909E+08  -0.217895E+00   0.381922E+07   0.381858E+07   0.229961E+02   0.161575E+01   0.278206E+00  -0.411606E+11
   0.102456E-01   0.134086E+08   0.133943E+08  -0.783704E+04   0.780674E+04   0.778687E+07   0.133796E+08   0.134062E+08   0.133796E+08  -0.211397E+00   0.371266E+07   0.371202E+07   0.207634E+02   0.128337E+01   0.278387E+00  -0.362370E+11
   0.113130E-01   0.129821E+08   0.129657E+08  -0.474285E+04   0.619919E+04   0.712529E+07   0.129516E+08   0.129793E+08   0.129516E+08  -0.204634E+00   0.362450E+07   0.362386E+07   0.187762E+02   0.100865E+01   0.280422E+00  -0.320386E+11
   0.124916E-01   0.125876E+08   0.125688E+08  -0.454013E+04   0.492985E+04   0.652954E+07   0.125558E+08   0.125844E+08   0.125558E+08  -0.198380E+00   0.366042E+07   0.365978E+07   0.170193E+02   0.760088E+00   0.291753E+00  -0.293032E+11
   0.137930E-01   0.124120E+08   0.123905E+08  -0.154714E+04   0.398688E+04   0.618969E+07   0.123789E+08   0.124084E+08   0.123789E+08  -0.195586E+00   0.422357E+07   0.422293E+07   0.154864E+02   0.476359E+00   0.340846E+00  -0.306214E+11
   0.152300E-01   0.124247E+08   0.124003E+08  -0.287311E+04   0.327326E+04   0.607654E+07   0.123906E+08   0.124206E+08   0.123906E+08  -0.195770E+00   0.526665E+07   0.526601E+07   0.141396E+02   0.221077E+00   0.424062E+00  -0.345813E+11
   0.168167E-01   0.120414E+08   0.120136E+08  -0.138478E+03   0.260175E+04   0.561925E+07   0.120064E+08   0.120368E+08   0.120064E+08  -0.189699E+00   0.549307E+07   0.549242E+07   0.128987E+02   0.129644E+00   0.456283E+00  -0.326649E+11
   0.185687E-01   0.114117E+08   0.113802E+08   0.223713E+03   0.202219E+04   0.498299E+07   0.113760E+08   0.114064E+08   0.113760E+08  -0.179740E+00   0.525631E+07   0.525566E+07   0.117465E+02   0.960010E-01   0.460745E+00  -0.283078E+11
   0.205033E-01   0.107227E+08   0.106874E+08  -0.145243E+04   0.155832E+04   0.435076E+07   0.106867E+08   0.107168E+08   0.106867E+08  -0.168848E+00   0.494251E+07   0.494185E+07   0.106869E+02   0.736430E-01   0.461127E+00  -0.241063E+11
   0.226393E-01   0.999498E+07   0.995577E+07  -0.584733E+03   0.119126E+04   0.375008E+07   0.995888E+07   0.998840E+07   0.995888E+07  -0.157349E+00   0.460651E+07   0.460586E+07   0.969120E+01   0.562740E-01   0.461130E+00  -0.203477E+11
   0.249980E-01   0.925673E+07   0.921392E+07  -0.405188E+03   0.904792E+03   0.319703E+07   0.922090E+07   0.924954E+07   0.922090E+07  -0.145689E+00   0.426547E+07   0.426482E+07   0.874327E+01   0.427373E-01   0.461106E+00  -0.170635E+11
   0.276023E-01   0.851685E+07   0.847102E+07  -0.392296E+03   0.682705E+03   0.269527E+07   0.848164E+07   0.850915E+07   0.848164E+07  -0.134009E+00   0.392376E+07   0.392312E+07   0.782002E+01   0.322447E-01   0.461080E+00  -0.142155E+11
   0.304780E-01   0.777854E+07   0.773067E+07  -0.331438E+03   0.511345E+03   0.224530E+07   0.774436E+07   0.777050E+07   0.774436E+07  -0.122360E+00   0.358292E+07   0.358229E+07   0.689649E+01   0.241496E-01   0.461054E+00  -0.117558E+11
   0.336533E-01   0.706179E+07   0.701332E+07  -0.156986E+03   0.380713E+03   0.185088E+07   0.702903E+07   0.705365E+07   0.702903E+07  -0.111058E+00   0.325218E+07   0.325157E+07   0.596300E+01   0.179791E-01   0.461028E+00  -0.966384E+10
   0.371593E-01   0.639244E+07   0.634523E+07  -0.562832E+02   0.282637E+03   0.151463E+07   0.636147E+07   0.638451E+07   0.636147E+07  -0.100510E+00   0.294348E+07   0.294292E+07   0.502202E+01   0.133468E-01   0.461003E+00  -0.792128E+10
   0.410307E-01   0.578686E+07   0.574305E+07  -0.910082E+02   0.209851E+03   0.123417E+07   0.575799E+07   0.577950E+07   0.575799E+07  -0.909755E-01   0.266439E+07   0.266389E+07   0.408758E+01   0.990924E-02   0.460979E+00  -0.649370E+10
   0.451338E-01   0.528146E+07   0.524290E+07   0.158291E+03   0.158291E+03   0.101398E+07   0.525482E+07   0.527498E+07   0.525482E+07  -0.830254E-01   0.243166E+07   0.243122E+07   0.323799E+01   0.747454E-02   0.460955E+00  -0.538772E+10
   0.492368E-01   0.488179E+07   0.484935E+07   0.122957E+03   0.122957E+03   0.848757E+06   0.485728E+07   0.487634E+07   0.485728E+07  -0.767443E-01   0.224779E+07   0.224742E+07   0.251549E+01   0.580589E-02   0.460936E+00  -0.456531E+10
   0.533399E-01   0.455975E+07   0.453341E+07   0.978707E+02   0.978707E+02   0.721778E+06   0.453718E+07   0.455533E+07   0.453718E+07  -0.716869E-01   0.209973E+07   0.209942E+07   0.194001E+01   0.462126E-02   0.460920E+00  -0.393656E+10
   0.574430E-01   0.428860E+07   0.426762E+07   0.793822E+02   0.793822E+02   0.621097E+06   0.426774E+07   0.428508E+07   0.426774E+07  -0.674297E-01   0.197510E+07   0.197484E+07   0.150762E+01   0.374821E-02   0.460907E+00  -0.343841E+10
   0.615460E-01   0.404748E+07   0.403060E+07   0.652706E+02   0.652706E+02   0.538704E+06   0.402805E+07   0.404464E+07   0.402805E+07  -0.636426E-01   0.186422E+07   0.186399E+07   0.120505E+01   0.308185E-02   0.460895E+00  -0.302903E+10
   0.656491E-01   0.382026E+07   0.380600E+07   0.541503E+02   0.541503E+02   0.469189E+06   0.380202E+07   0.381787E+07   0.380202E+07  -0.600714E-01   0.175965E+07   0.175945E+07   0.101112E+01   0.255676E-02   0.460884E+00  -0.268043E+10
   0.697522E-01   0.359554E+07   0.358243E+07   0.451461E+02   0.451461E+02   0.408996E+06   0.357827E+07   0.359334E+07   0.357827E+07  -0.565362E-01   0.165613E+07   0.165594E+07   0.899736E+00   0.213161E-02   0.460875E+00  -0.237435E+10
   0.738552E-01   0.337522E+07   0.336205E+07   0.378000E+02   0.378000E+02   0.356817E+06   0.335873E+07   0.337301E+07   0.335873E+07  -0.530675E-01   0.155455E+07   0.155436E+07   0.844903E+00   0.178474E-02   0.460866E+00  -0.210490E+10
   0.779583E-01   0.315218E+07   0.313816E+07   0.316810E+02   0.316810E+02   0.310664E+06   0.313639E+07   0.314983E+07   0.313639E+07  -0.495545E-01   0.145167E+07   0.145148E+07   0.819717E+00   0.149583E-02   0.460859E+00  -0.186214E+10
   0.820614E-01   0.293732E+07   0.292210E+07   0.266399E+02   0.266399E+02   0.270651E+06   0.292216E+07   0.293476E+07   0.292216E+07  -0.461697E-01   0.135254E+07   0.135234E+07   0.804506E+00   0.125781E-02   0.460852E+00  -0.164822E+10
   0.861644E-01   0.273656E+07   0.272023E+07   0.225087E+02   0.225087E+02   0.236363E+06   0.272200E+07   0.273381E+07   0.272200E+07  -0.430071E-01   0.125991E+07   0.125971E+07   0.784339E+00   0.106275E-02   0.460847E+00  -0.146223E+10
   0.912856E-01   0.251330E+07   0.249622E+07   0.184154E+02   0.184154E+02   0.200927E+06   0.249950E+07   0.251043E+07   0.249950E+07  -0.394918E-01   0.115695E+07   0.115675E+07   0.739721E+00   0.869483E-03   0.460840E+00  -0.126740E+10
   0.964067E-01   0.232711E+07   0.231029E+07   0.152867E+02   0.152867E+02   0.172795E+06   0.231411E+07   0.232429E+07   0.231411E+07  -0.365626E-01   0.107115E+07   0.107096E+07   0.670434E+00   0.721760E-03   0.460834E+00  -0.111108E+10
   0.101528E+00   0.218029E+07   0.216473E+07   0.129140E+02   0.129140E+02   0.150838E+06   0.216809E+07   0.217768E+07   0.216809E+07  -0.342555E-01   0.100357E+07   0.100340E+07   0.583039E+00   0.609736E-03   0.460829E+00  -0.988478E+09
   0.106649E+00   0.206749E+07   0.205390E+07   0.110991E+02   0.110991E+02   0.133645E+06   0.205606E+07   0.206521E+07   0.205606E+07  -0.324855E-01   0.951728E+06   0.951571E+06   0.489462E+00   0.524044E-03   0.460825E+00  -0.892401E+09
   0.111770E+00   0.197758E+07   0.196623E+07   0.966722E+01   0.966722E+01   0.119741E+06   0.196689E+07   0.197568E+07   0.196689E+07  -0.310766E-01   0.910458E+06   0.910323E+06   0.402224E+00   0.456440E-03   0.460820E+00  -0.814590E+09
   0.116891E+00   0.189859E+07   0.188927E+07   0.848683E+01   0.848683E+01   0.107916E+06   0.188856E+07   0.189702E+07   0.188856E+07  -0.298389E-01   0.874202E+06   0.874086E+06   0.330979E+00   0.400709E-03   0.460817E+00  -0.747887E+09
   0.122012E+00   0.182114E+07   0.181330E+07   0.747237E+01   0.747237E+01   0.973551E+05   0.181167E+07   0.181982E+07   0.181167E+07  -0.286242E-01   0.838619E+06   0.838516E+06   0.280592E+00   0.352812E-03   0.460813E+00  -0.687334E+09
   0.127134E+00   0.173974E+07   0.173268E+07   0.657516E+01   0.657516E+01   0.876125E+05   0.173074E+07   0.173856E+07   0.173074E+07  -0.273455E-01   0.801164E+06   0.801069E+06   0.250796E+00   0.310451E-03   0.460810E+00  -0.630186E+09
   0.132255E+00   0.165289E+07   0.164593E+07   0.577234E+01   0.577234E+01   0.785276E+05   0.164428E+07   0.165172E+07   0.164428E+07  -0.259793E-01   0.761143E+06   0.761049E+06   0.237241E+00   0.272546E-03   0.460808E+00  -0.575522E+09
   0.137376E+00   0.156234E+07   0.155503E+07   0.505651E+01   0.505651E+01   0.701210E+05   0.155406E+07   0.156111E+07   0.155406E+07  -0.245539E-01   0.719387E+06   0.719291E+06   0.233348E+00   0.238748E-03   0.460805E+00  -0.523671E+09
   0.142497E+00   0.147200E+07   0.146413E+07   0.442735E+01   0.442735E+01   0.624976E+05   0.146402E+07   0.147068E+07   0.146402E+07  -0.231312E-01   0.677712E+06   0.677612E+06   0.232334E+00   0.209042E-03   0.460803E+00  -0.475603E+09
   0.147618E+00   0.138683E+07   0.137849E+07   0.388635E+01   0.388635E+01   0.557772E+05   0.137914E+07   0.138543E+07   0.137914E+07  -0.217902E-01   0.638425E+06   0.638324E+06   0.228862E+00   0.183499E-03   0.460801E+00  -0.432489E+09
   0.152739E+00   0.131153E+07   0.130300E+07   0.343272E+01   0.343272E+01   0.500377E+05   0.130413E+07   0.131009E+07   0.130413E+07  -0.206051E-01   0.603708E+06   0.603608E+06   0.219961E+00   0.162080E-03   0.460799E+00  -0.395258E+09
   0.157860E+00   0.124869E+07   0.124036E+07   0.305956E+01   0.305956E+01   0.452546E+05   0.124160E+07   0.124729E+07   0.124160E+07  -0.196172E-01   0.574766E+06   0.574669E+06   0.205128E+00   0.144461E-03   0.460797E+00  -0.364101E+09
   0.162982E+00   0.119786E+07   0.119006E+07   0.275355E+01   0.275355E+01   0.412934E+05   0.119109E+07   0.119655E+07   0.119109E+07  -0.188190E-01   0.551383E+06   0.551292E+06   0.185817E+00   0.130013E-03   0.460795E+00  -0.338313E+09
   0.168103E+00   0.115641E+07   0.114937E+07   0.249893E+01   0.249893E+01   0.379652E+05   0.114994E+07   0.115522E+07   0.114994E+07  -0.181688E-01   0.532335E+06   0.532252E+06   0.164634E+00   0.117991E-03   0.460794E+00  -0.316676E+09
   0.173224E+00   0.112100E+07   0.111479E+07   0.228151E+01   0.228151E+01   0.350889E+05   0.111482E+07   0.111996E+07   0.111482E+07  -0.176140E-01   0.516080E+06   0.516005E+06   0.144422E+00   0.107725E-03   0.460792E+00  -0.297930E+09
   0.178345E+00   0.108826E+07   0.108280E+07   0.208970E+01   0.208970E+01   0.325108E+05   0.108235E+07   0.108735E+07   0.108235E+07  -0.171010E-01   0.501051E+06   0.500983E+06   0.127460E+00   0.986686E-04   0.460791E+00  -0.280949E+09
   0.183466E+00   0.105508E+07   0.105015E+07   0.191456E+01   0.191456E+01   0.301097E+05   0.104940E+07   0.105425E+07   0.104940E+07  -0.165804E-01   0.485799E+06   0.485736E+06   0.114958E+00   0.903995E-04   0.460790E+00  -0.264793E+09
   0.188587E+00   0.101942E+07   0.101477E+07   0.175079E+01   0.175079E+01   0.278150E+05   0.101395E+07   0.101864E+07   0.101395E+07  -0.160203E-01   0.469389E+06   0.469328E+06   0.106971E+00   0.826667E-04   0.460788E+00  -0.248901E+09
   0.193708E+00   0.981089E+06   0.976496E+06   0.159701E+01   0.159701E+01   0.256150E+05   0.975799E+06   0.980317E+06   0.975799E+06  -0.154175E-01   0.451728E+06   0.451669E+06   0.102626E+00   0.754058E-04   0.460787E+00  -0.233204E+09
   0.198830E+00   0.941339E+06   0.936643E+06   0.145431E+01   0.145431E+01   0.235368E+05   0.936211E+06   0.940551E+06   0.936211E+06  -0.147920E-01   0.433403E+06   0.433344E+06   0.100503E+00   0.686682E-04   0.460786E+00  -0.217980E+09
   0.203951E+00   0.901921E+06   0.897062E+06   0.132423E+01   0.132423E+01   0.216143E+05   0.896943E+06   0.901105E+06   0.896943E+06  -0.141716E-01   0.415227E+06   0.415166E+06   0.990644E-01   0.625261E-04   0.460785E+00  -0.203594E+09
   0.209072E+00   0.864535E+06   0.859546E+06   0.120784E+01   0.120784E+01   0.198746E+05   0.859704E+06   0.863697E+06   0.859704E+06  -0.135832E-01   0.397989E+06   0.397928E+06   0.970404E-01   0.570305E-04   0.460784E+00  -0.190362E+09
   0.214193E+00   0.830633E+06   0.825617E+06   0.110559E+01   0.110559E+01   0.183343E+05   0.825951E+06   0.829791E+06   0.825951E+06  -0.130499E-01   0.382364E+06   0.382304E+06   0.936862E-01   0.522029E-04   0.460783E+00  -0.178516E+09
   0.219314E+00   0.801094E+06   0.796182E+06   0.101704E+01   0.101704E+01   0.169940E+05   0.796562E+06   0.800269E+06   0.796562E+06  -0.125856E-01   0.368760E+06   0.368702E+06   0.888458E-01   0.480219E-04   0.460783E+00  -0.168144E+09
   0.224435E+00   0.775908E+06   0.771222E+06   0.940643E+00   0.940643E+00   0.158354E+05   0.771528E+06   0.775121E+06   0.771528E+06  -0.121900E-01   0.357172E+06   0.357116E+06   0.828537E-01   0.444145E-04   0.460782E+00  -0.159144E+09
   0.229556E+00   0.754273E+06   0.749894E+06   0.874105E+00   0.874105E+00   0.148258E+05   0.750042E+06   0.753538E+06   0.750042E+06  -0.118505E-01   0.347225E+06   0.347173E+06   0.763429E-01   0.412727E-04   0.460781E+00  -0.151261E+09
   0.234678E+00   0.734962E+06   0.730915E+06   0.815000E+00   0.815000E+00   0.139283E+05   0.730874E+06   0.734283E+06   0.730874E+06  -0.115477E-01   0.338352E+06   0.338303E+06   0.700252E-01   0.384820E-04   0.460781E+00  -0.144179E+09
   0.239799E+00   0.716674E+06   0.712928E+06   0.761174E+00   0.761174E+00   0.131084E+05   0.712718E+06   0.716045E+06   0.712718E+06  -0.112608E-01   0.329947E+06   0.329901E+06   0.644948E-01   0.359405E-04   0.460780E+00  -0.137595E+09
   0.244920E+00   0.698302E+06   0.694788E+06   0.710994E+00   0.710994E+00   0.123393E+05   0.694469E+06   0.697712E+06   0.694469E+06  -0.109725E-01   0.321499E+06   0.321455E+06   0.600998E-01   0.335711E-04   0.460779E+00  -0.131269E+09
   0.250041E+00   0.679203E+06   0.675832E+06   0.663517E+00   0.663517E+00   0.116050E+05   0.675480E+06   0.678637E+06   0.675480E+06  -0.106725E-01   0.312709E+06   0.312666E+06   0.569011E-01   0.313294E-04   0.460779E+00  -0.125065E+09
   0.255162E+00   0.659303E+06   0.655994E+06   0.618478E+00   0.618478E+00   0.109009E+05   0.655682E+06   0.658748E+06   0.655682E+06  -0.103597E-01   0.303544E+06   0.303502E+06   0.547108E-01   0.292028E-04   0.460778E+00  -0.118963E+09
   0.260283E+00   0.638973E+06   0.635668E+06   0.576037E+00   0.576037E+00   0.102302E+05   0.635445E+06   0.638418E+06   0.635445E+06  -0.100399E-01   0.294176E+06   0.294135E+06   0.531814E-01   0.271989E-04   0.460778E+00  -0.113023E+09
   0.265404E+00   0.618795E+06   0.615467E+06   0.536508E+00   0.536508E+00   0.959907E+04   0.615356E+06   0.618237E+06   0.615356E+06  -0.972254E-02   0.284876E+06   0.284835E+06   0.519160E-01   0.253324E-04   0.460777E+00  -0.107338E+09
   0.270526E+00   0.599404E+06   0.596061E+06   0.500189E+00   0.500189E+00   0.901402E+04   0.596052E+06   0.598843E+06   0.596052E+06  -0.941753E-02   0.275940E+06   0.275899E+06   0.505718E-01   0.236176E-04   0.460777E+00  -0.102003E+09
   0.275647E+00   0.581357E+06   0.578031E+06   0.467259E+00   0.467259E+00   0.847943E+04   0.578090E+06   0.580799E+06   0.578090E+06  -0.913374E-02   0.267625E+06   0.267585E+06   0.489302E-01   0.220628E-04   0.460776E+00  -0.970911E+08
   0.280768E+00   0.564986E+06   0.561721E+06   0.437682E+00   0.437682E+00   0.799602E+04   0.561804E+06   0.564438E+06   0.561804E+06  -0.887643E-02   0.260086E+06   0.260047E+06   0.469220E-01   0.206663E-04   0.460776E+00  -0.926349E+08
   0.285889E+00   0.550304E+06   0.547142E+06   0.411175E+00   0.411175E+00   0.755982E+04   0.547207E+06   0.549774E+06   0.547207E+06  -0.864580E-02   0.253329E+06   0.253290E+06   0.446114E-01   0.194147E-04   0.460775E+00  -0.886119E+08
   0.291010E+00   0.537053E+06   0.534025E+06   0.387282E+00   0.387282E+00   0.716351E+04   0.534040E+06   0.536545E+06   0.534040E+06  -0.843775E-02   0.247233E+06   0.247196E+06   0.421526E-01   0.182865E-04   0.460775E+00  -0.849578E+08
   0.296131E+00   0.524825E+06   0.521940E+06   0.365496E+00   0.365496E+00   0.679869E+04   0.521891E+06   0.524341E+06   0.521891E+06  -0.824581E-02   0.241609E+06   0.241574E+06   0.397335E-01   0.172579E-04   0.460775E+00  -0.815895E+08
   0.301252E+00   0.513174E+06   0.510426E+06   0.345343E+00   0.345343E+00   0.645730E+04   0.510317E+06   0.512713E+06   0.510317E+06  -0.806293E-02   0.236251E+06   0.236217E+06   0.375215E-01   0.163063E-04   0.460774E+00  -0.784238E+08
   0.306374E+00   0.501705E+06   0.499070E+06   0.326437E+00   0.326437E+00   0.613301E+04   0.498919E+06   0.501262E+06   0.498919E+06  -0.788285E-02   0.230974E+06   0.230942E+06   0.356249E-01   0.154137E-04   0.460774E+00  -0.753907E+08
   0.311495E+00   0.490153E+06   0.487601E+06   0.308523E+00   0.308523E+00   0.582172E+04   0.487434E+06   0.489724E+06   0.487434E+06  -0.770139E-02   0.225658E+06   0.225626E+06   0.340767E-01   0.145678E-04   0.460774E+00  -0.724444E+08
   0.316616E+00   0.478440E+06   0.475942E+06   0.291487E+00   0.291487E+00   0.552211E+04   0.475784E+06   0.478020E+06   0.475784E+06  -0.751732E-02   0.220264E+06   0.220233E+06   0.328404E-01   0.137634E-04   0.460773E+00  -0.695692E+08
   0.321737E+00   0.466661E+06   0.464194E+06   0.275329E+00   0.275329E+00   0.523496E+04   0.464065E+06   0.466247E+06   0.464065E+06  -0.733216E-02   0.214839E+06   0.214808E+06   0.318303E-01   0.130005E-04   0.460773E+00  -0.667756E+08
   0.326858E+00   0.455014E+06   0.452566E+06   0.260107E+00   0.260107E+00   0.496209E+04   0.452475E+06   0.454603E+06   0.452475E+06  -0.714905E-02   0.209474E+06   0.209444E+06   0.309400E-01   0.122817E-04   0.460773E+00  -0.640880E+08
   0.331979E+00   0.443723E+06   0.441293E+06   0.245883E+00   0.245883E+00   0.470546E+04   0.441239E+06   0.443315E+06   0.441239E+06  -0.697152E-02   0.204273E+06   0.204243E+06   0.300706E-01   0.116101E-04   0.460773E+00  -0.615325E+08
   0.337100E+00   0.432977E+06   0.430574E+06   0.232691E+00   0.232691E+00   0.446632E+04   0.430548E+06   0.432574E+06   0.430548E+06  -0.680259E-02   0.199323E+06   0.199294E+06   0.291518E-01   0.109872E-04   0.460772E+00  -0.591294E+08
   0.342222E+00   0.422898E+06   0.420535E+06   0.220521E+00   0.220521E+00   0.424519E+04   0.420522E+06   0.422501E+06   0.420522E+06  -0.664418E-02   0.194682E+06   0.194653E+06   0.281529E-01   0.104126E-04   0.460772E+00  -0.568883E+08
   0.347343E+00   0.413513E+06   0.411204E+06   0.209316E+00   0.209316E+00   0.404145E+04   0.411189E+06   0.413125E+06   0.411189E+06  -0.649673E-02   0.190361E+06   0.190333E+06   0.270812E-01   0.988352E-05   0.460772E+00  -0.548057E+08
   0.352464E+00   0.404757E+06   0.402514E+06   0.198975E+00   0.198975E+00   0.385364E+04   0.402485E+06   0.404381E+06   0.402485E+06  -0.635921E-02   0.186332E+06   0.186304E+06   0.259721E-01   0.939524E-05   0.460772E+00  -0.528661E+08
   0.357585E+00   0.396500E+06   0.394328E+06   0.189375E+00   0.189375E+00   0.367965E+04   0.394278E+06   0.396135E+06   0.394278E+06  -0.622954E-02   0.182532E+06   0.182506E+06   0.248748E-01   0.894194E-05   0.460771E+00  -0.510465E+08
   0.362706E+00   0.388589E+06   0.386485E+06   0.180394E+00   0.180394E+00   0.351726E+04   0.386415E+06   0.388235E+06   0.386415E+06  -0.610530E-02   0.178892E+06   0.178866E+06   0.238372E-01   0.851788E-05   0.460771E+00  -0.493221E+08
   0.367827E+00   0.380882E+06   0.378840E+06   0.171929E+00   0.171929E+00   0.336444E+04   0.378754E+06   0.380539E+06   0.378754E+06  -0.598426E-02   0.175346E+06   0.175320E+06   0.228944E-01   0.811816E-05   0.460771E+00  -0.476712E+08
   0.372948E+00   0.373273E+06   0.371283E+06   0.163900E+00   0.163900E+00   0.321950E+04   0.371189E+06   0.372939E+06   0.371189E+06  -0.586474E-02   0.171844E+06   0.171819E+06   0.220614E-01   0.773904E-05   0.460771E+00  -0.460776E+08
   0.378070E+00   0.365709E+06   0.363760E+06   0.156258E+00   0.156258E+00   0.308136E+04   0.363668E+06   0.365382E+06   0.363668E+06  -0.574590E-02   0.168361E+06   0.168337E+06   0.213332E-01   0.737820E-05   0.460771E+00  -0.445324E+08
   0.383191E+00   0.358198E+06   0.356281E+06   0.148984E+00   0.148984E+00   0.294948E+04   0.356196E+06   0.357876E+06   0.356196E+06  -0.562785E-02   0.164903E+06   0.164879E+06   0.206895E-01   0.703477E-05   0.460770E+00  -0.430347E+08
   0.388312E+00   0.350802E+06   0.348911E+06   0.142084E+00   0.142084E+00   0.282391E+04   0.348839E+06   0.350484E+06   0.348839E+06  -0.551160E-02   0.161497E+06   0.161473E+06   0.201018E-01   0.670894E-05   0.460770E+00  -0.415899E+08
   0.393433E+00   0.343594E+06   0.341727E+06   0.135564E+00   0.135564E+00   0.270477E+04   0.341668E+06   0.343280E+06   0.341668E+06  -0.539831E-02   0.158177E+06   0.158154E+06   0.195413E-01   0.640109E-05   0.460770E+00  -0.402048E+08
   0.398554E+00   0.336633E+06   0.334791E+06   0.129426E+00   0.129426E+00   0.259215E+04   0.334744E+06   0.336324E+06   0.334744E+06  -0.528891E-02   0.154972E+06   0.154949E+06   0.189845E-01   0.611125E-05   0.460770E+00  -0.388839E+08
   0.403675E+00   0.329959E+06   0.328147E+06   0.123661E+00   0.123661E+00   0.248598E+04   0.328106E+06   0.329655E+06   0.328106E+06  -0.518404E-02   0.151899E+06   0.151876E+06   0.184184E-01   0.583906E-05   0.460770E+00  -0.376294E+08
   0.408796E+00   0.323595E+06   0.321817E+06   0.118256E+00   0.118256E+00   0.238607E+04   0.321778E+06   0.323297E+06   0.321778E+06  -0.508405E-02   0.148969E+06   0.148947E+06   0.178408E-01   0.558386E-05   0.460770E+00  -0.364413E+08
   0.413918E+00   0.317535E+06   0.315794E+06   0.113188E+00   0.113188E+00   0.229205E+04   0.315752E+06   0.317243E+06   0.315752E+06  -0.498884E-02   0.146180E+06   0.146158E+06   0.172587E-01   0.534457E-05   0.460769E+00  -0.353165E+08
   0.419039E+00   0.311739E+06   0.310037E+06   0.108423E+00   0.108423E+00   0.220329E+04   0.309990E+06   0.311453E+06   0.309990E+06  -0.489779E-02   0.143512E+06   0.143491E+06   0.166843E-01   0.511956E-05   0.460769E+00  -0.342483E+08
   0.424160E+00   0.306149E+06   0.304486E+06   0.103924E+00   0.103924E+00   0.211909E+04   0.304432E+06   0.305869E+06   0.304432E+06  -0.480998E-02   0.140939E+06   0.140918E+06   0.161308E-01   0.490711E-05   0.460769E+00  -0.332281E+08
   0.429281E+00   0.300712E+06   0.299086E+06   0.996575E-01   0.996575E-01   0.203884E+04   0.299027E+06   0.300439E+06   0.299027E+06  -0.472458E-02   0.138436E+06   0.138416E+06   0.156090E-01   0.470567E-05   0.460769E+00  -0.322488E+08
   0.434402E+00   0.295393E+06   0.293800E+06   0.956004E-01   0.956004E-01   0.196206E+04   0.293738E+06   0.295125E+06   0.293738E+06  -0.464102E-02   0.135988E+06   0.135968E+06   0.151252E-01   0.451410E-05   0.460769E+00  -0.313050E+08
   0.439523E+00   0.290167E+06   0.288604E+06   0.917336E-01   0.917336E-01   0.188842E+04   0.288541E+06   0.289904E+06   0.288541E+06  -0.455891E-02   0.133582E+06   0.133563E+06   0.146799E-01   0.433152E-05   0.460769E+00  -0.303929E+08
   0.444644E+00   0.285023E+06   0.283487E+06   0.880438E-01   0.880438E-01   0.181765E+04   0.283426E+06   0.284765E+06   0.283426E+06  -0.447809E-02   0.131214E+06   0.131195E+06   0.142689E-01   0.415730E-05   0.460769E+00  -0.295103E+08
   0.449766E+00   0.279968E+06   0.278456E+06   0.845239E-01   0.845239E-01   0.174965E+04   0.278399E+06   0.279714E+06   0.278399E+06  -0.439866E-02   0.128887E+06   0.128868E+06   0.138844E-01   0.399110E-05   0.460769E+00  -0.286568E+08
   0.454887E+00   0.275023E+06   0.273532E+06   0.811718E-01   0.811718E-01   0.168438E+04   0.273481E+06   0.274773E+06   0.273481E+06  -0.432095E-02   0.126610E+06   0.126591E+06   0.135180E-01   0.383281E-05   0.460768E+00  -0.278336E+08
   0.460008E+00   0.270213E+06   0.268744E+06   0.779859E-01   0.779859E-01   0.162188E+04   0.268696E+06   0.269966E+06   0.268696E+06  -0.424536E-02   0.124395E+06   0.124377E+06   0.131622E-01   0.368239E-05   0.460768E+00  -0.270422E+08
   0.465129E+00   0.265553E+06   0.264106E+06   0.749627E-01   0.749627E-01   0.156213E+04   0.264062E+06   0.265310E+06   0.264062E+06  -0.417215E-02   0.122250E+06   0.122232E+06   0.128119E-01   0.353964E-05   0.460768E+00  -0.262833E+08
   0.470250E+00   0.261051E+06   0.259627E+06   0.720952E-01   0.720952E-01   0.150506E+04   0.259584E+06   0.260812E+06   0.259584E+06  -0.410140E-02   0.120177E+06   0.120159E+06   0.124649E-01   0.340424E-05   0.460768E+00  -0.255562E+08
   0.475371E+00   0.256700E+06   0.255300E+06   0.693744E-01   0.693744E-01   0.145057E+04   0.255258E+06   0.256465E+06   0.255258E+06  -0.403304E-02   0.118174E+06   0.118156E+06   0.121216E-01   0.327577E-05   0.460768E+00  -0.248595E+08
   0.480492E+00   0.252492E+06   0.251117E+06   0.667904E-01   0.667904E-01   0.139857E+04   0.251074E+06   0.252261E+06   0.251074E+06  -0.396693E-02   0.116237E+06   0.116220E+06   0.117845E-01   0.315376E-05   0.460768E+00  -0.241914E+08
   0.485614E+00   0.248414E+06   0.247064E+06   0.643332E-01   0.643332E-01   0.134892E+04   0.247019E+06   0.248187E+06   0.247019E+06  -0.390286E-02   0.114359E+06   0.114343E+06   0.114573E-01   0.303773E-05   0.460768E+00  -0.235498E+08
   0.490735E+00   0.244448E+06   0.243122E+06   0.619919E-01   0.619919E-01   0.130148E+04   0.243076E+06   0.244225E+06   0.243076E+06  -0.384056E-02   0.112534E+06   0.112518E+06   0.111430E-01   0.292718E-05   0.460768E+00  -0.229320E+08
   0.495856E+00   0.240574E+06   0.239272E+06   0.597559E-01   0.597559E-01   0.125608E+04   0.239224E+06   0.240356E+06   0.239224E+06  -0.377971E-02   0.110751E+06   0.110735E+06   0.108438E-01   0.282160E-05   0.460768E+00  -0.223356E+08
   0.500977E+00   0.236778E+06   0.235497E+06   0.576168E-01   0.576168E-01   0.121257E+04   0.235449E+06   0.236563E+06   0.235449E+06  -0.372006E-02   0.109003E+06   0.108987E+06   0.105602E-01   0.272059E-05   0.460768E+00  -0.217584E+08
   0.506098E+00   0.233055E+06   0.231795E+06   0.555690E-01   0.555690E-01   0.117089E+04   0.231747E+06   0.232844E+06   0.231747E+06  -0.366157E-02   0.107289E+06   0.107274E+06   0.102917E-01   0.262390E-05   0.460767E+00  -0.211996E+08
   0.511219E+00   0.229408E+06   0.228167E+06   0.536090E-01   0.536090E-01   0.113099E+04   0.228120E+06   0.229200E+06   0.228120E+06  -0.360427E-02   0.105610E+06   0.105595E+06   0.100363E-01   0.253135E-05   0.460767E+00  -0.206588E+08
   0.516340E+00   0.225840E+06   0.224616E+06   0.517333E-01   0.517333E-01   0.109282E+04   0.224571E+06   0.225634E+06   0.224571E+06  -0.354820E-02   0.103967E+06   0.103952E+06   0.979176E-02   0.244278E-05   0.460767E+00  -0.201357E+08
   0.521462E+00   0.222351E+06   0.221145E+06   0.499386E-01   0.499386E-01   0.105638E+04   0.221102E+06   0.222148E+06   0.221102E+06  -0.349338E-02   0.102361E+06   0.102346E+06   0.955544E-02   0.235804E-05   0.460767E+00  -0.196299E+08
   0.526583E+00   0.218947E+06   0.217758E+06   0.482222E-01   0.482222E-01   0.102162E+04   0.217717E+06   0.218747E+06   0.217717E+06  -0.343990E-02   0.100794E+06   0.100779E+06   0.932541E-02   0.227699E-05   0.460767E+00  -0.191414E+08
   0.531704E+00   0.215633E+06   0.214461E+06   0.465819E-01   0.465819E-01   0.988540E+03   0.214421E+06   0.215436E+06   0.214421E+06  -0.338783E-02   0.992684E+05   0.992539E+05   0.910056E-02   0.219954E-05   0.460767E+00  -0.186701E+08
   0.536825E+00   0.212411E+06   0.211256E+06   0.450144E-01   0.450144E-01   0.957071E+03   0.211217E+06   0.212217E+06   0.211217E+06  -0.333720E-02   0.977849E+05   0.977707E+05   0.888052E-02   0.212553E-05   0.460767E+00  -0.182156E+08
   0.541946E+00   0.209275E+06   0.208138E+06   0.435156E-01   0.435156E-01   0.927123E+03   0.208099E+06   0.209084E+06   0.208099E+06  -0.328793E-02   0.963412E+05   0.963272E+05   0.866555E-02   0.205475E-05   0.460767E+00  -0.177771E+08
   0.547067E+00   0.206217E+06   0.205097E+06   0.420809E-01   0.420809E-01   0.898571E+03   0.205058E+06   0.206029E+06   0.205058E+06  -0.323989E-02   0.949338E+05   0.949199E+05   0.845626E-02   0.198701E-05   0.460767E+00  -0.173534E+08
   0.559946E+00   0.198846E+06   0.197768E+06   0.387318E-01   0.387318E-01   0.832169E+03   0.197729E+06   0.198665E+06   0.197729E+06  -0.312409E-02   0.915406E+05   0.915272E+05   0.795999E-02   0.182887E-05   0.460767E+00  -0.163483E+08
   0.593872E+00   0.181189E+06   0.180206E+06   0.313754E-01   0.313754E-01   0.683368E+03   0.180171E+06   0.181024E+06   0.180171E+06  -0.284667E-02   0.834119E+05   0.833997E+05   0.685334E-02   0.148151E-05   0.460766E+00  -0.140456E+08
   0.629853E+00   0.165057E+06   0.164162E+06   0.254096E-01   0.254096E-01   0.555755E+03   0.164129E+06   0.164907E+06   0.164129E+06  -0.259321E-02   0.759853E+05   0.759742E+05   0.589035E-02   0.119982E-05   0.460766E+00  -0.120641E+08
   0.879031E+00   0.964874E+05   0.959643E+05   0.762613E-02   0.762613E-02   0.172685E+03   0.959441E+05   0.963995E+05   0.959441E+05  -0.151590E-02   0.444186E+05   0.444120E+05   0.249621E-02   0.360100E-06   0.460765E+00  -0.505319E+07
   0.122679E+01   0.557225E+05   0.554203E+05   0.226118E-02   0.226118E-02   0.526807E+02   0.554085E+05   0.556718E+05   0.554085E+05  -0.875447E-03   0.256522E+05   0.256483E+05   0.105669E-02   0.106772E-06   0.460764E+00  -0.209103E+07
   0.171212E+01   0.318458E+05   0.316730E+05   0.663477E-03   0.663477E-03   0.157229E+02   0.316663E+05   0.318168E+05   0.316663E+05  -0.500323E-03   0.146604E+05   0.146581E+05   0.451901E-03   0.313291E-07   0.460763E+00  -0.856281E+06
   0.238945E+01   0.180371E+05   0.179389E+05   0.192934E-03   0.192934E-03   0.460556E+01   0.179353E+05   0.180206E+05   0.179353E+05  -0.283376E-03   0.830345E+04   0.830202E+04   0.198642E-03   0.911028E-08   0.460762E+00  -0.347507E+06
