#          k/h    CDM            baryon         photon         nu             mass_nu        total          no_nu          total_de       Weyl           v_CDM          v_b            v_b-v_c        ISW            log_grow       pert_vel    
   0.994668E-05   0.289893E+08   0.289893E+08   0.386367E+08   0.386363E+08   0.289920E+08   0.289893E+08   0.289893E+08   0.289997E+08  -0.458429E+00   0.992930E+07   0.992930E+07   0.662329E+01   0.112832E+07   0.489415E+00  -0.998289E+14
   0.109829E-04   0.289881E+08   0.289881E+08   0.386317E+08   0.386311E+08   0.289908E+08   0.289881E+08   0.289881E+08   0.289985E+08  -0.458410E+00   0.992907E+07   0.992907E+07   0.731308E+01   0.925453E+06   0.489391E+00  -0.904078E+14
   0.121272E-04   0.289867E+08   0.289867E+08   0.386255E+08   0.386249E+08   0.289893E+08   0.289867E+08   0.289867E+08   0.289970E+08  -0.458388E+00   0.992880E+07   0.992879E+07   0.807465E+01   0.759059E+06   0.489361E+00  -0.818753E+14
   0.133906E-04   0.289849E+08   0.289849E+08   0.386181E+08   0.386173E+08   0.289876E+08   0.289849E+08   0.289849E+08   0.289952E+08  -0.458360E+00   0.992846E+07   0.992846E+07   0.891545E+01   0.622584E+06   0.489326E+00  -0.741476E+14
   0.147857E-04   0.289828E+08   0.289828E+08   0.386090E+08   0.386080E+08   0.289854E+08   0.289828E+08   0.289828E+08   0.289931E+08  -0.458326E+00   0.992805E+07   0.992805E+07   0.984369E+01   0.510647E+06   0.489282E+00  -0.671488E+14
   0.163261E-04   0.289802E+08   0.289802E+08   0.385979E+08   0.385967E+08   0.289828E+08   0.289802E+08   0.289802E+08   0.289905E+08  -0.458284E+00   0.992755E+07   0.992755E+07   0.108684E+02   0.418837E+06   0.489230E+00  -0.608101E+14
   0.180270E-04   0.289770E+08   0.289770E+08   0.385843E+08   0.385829E+08   0.289795E+08   0.289770E+08   0.289770E+08   0.289873E+08  -0.458234E+00   0.992694E+07   0.992694E+07   0.119997E+02   0.343534E+06   0.489165E+00  -0.550691E+14
   0.199051E-04   0.289731E+08   0.289731E+08   0.385678E+08   0.385661E+08   0.289756E+08   0.289731E+08   0.289731E+08   0.289834E+08  -0.458172E+00   0.992620E+07   0.992620E+07   0.132484E+02   0.281771E+06   0.489087E+00  -0.498695E+14
   0.219788E-04   0.289683E+08   0.289683E+08   0.385478E+08   0.385457E+08   0.289709E+08   0.289684E+08   0.289683E+08   0.289787E+08  -0.458097E+00   0.992530E+07   0.992530E+07   0.146267E+02   0.231113E+06   0.488992E+00  -0.451601E+14
   0.242687E-04   0.289626E+08   0.289626E+08   0.385233E+08   0.385207E+08   0.289650E+08   0.289626E+08   0.289626E+08   0.289729E+08  -0.458006E+00   0.992420E+07   0.992420E+07   0.161480E+02   0.189564E+06   0.488876E+00  -0.408946E+14
   0.267970E-04   0.289556E+08   0.289556E+08   0.384935E+08   0.384904E+08   0.289580E+08   0.289556E+08   0.289556E+08   0.289659E+08  -0.457895E+00   0.992286E+07   0.992286E+07   0.178268E+02   0.155485E+06   0.488735E+00  -0.370311E+14
   0.295888E-04   0.289470E+08   0.289470E+08   0.384571E+08   0.384534E+08   0.289494E+08   0.289470E+08   0.289470E+08   0.289573E+08  -0.457760E+00   0.992123E+07   0.992122E+07   0.196793E+02   0.127533E+06   0.488563E+00  -0.335316E+14
   0.326714E-04   0.289366E+08   0.289366E+08   0.384129E+08   0.384083E+08   0.289389E+08   0.289366E+08   0.289366E+08   0.289469E+08  -0.457595E+00   0.991924E+07   0.991924E+07   0.217232E+02   0.104607E+06   0.488355E+00  -0.303617E+14
   0.360752E-04   0.289240E+08   0.289240E+08   0.383591E+08   0.383535E+08   0.289261E+08   0.289240E+08   0.289240E+08   0.289342E+08  -0.457395E+00   0.991682E+07   0.991682E+07   0.239778E+02   0.858035E+05   0.488102E+00  -0.274903E+14
   0.398336E-04   0.289086E+08   0.289086E+08   0.382936E+08   0.382868E+08   0.289107E+08   0.289086E+08   0.289086E+08   0.289189E+08  -0.457152E+00   0.991388E+07   0.991388E+07   0.264644E+02   0.703804E+05   0.487796E+00  -0.248891E+14
   0.439836E-04   0.288900E+08   0.288899E+08   0.382139E+08   0.382056E+08   0.288918E+08   0.288900E+08   0.288900E+08   0.289002E+08  -0.456856E+00   0.991031E+07   0.991031E+07   0.292061E+02   0.577303E+05   0.487425E+00  -0.225327E+14
   0.485659E-04   0.288673E+08   0.288673E+08   0.381171E+08   0.381070E+08   0.288690E+08   0.288673E+08   0.288673E+08   0.288775E+08  -0.456497E+00   0.990597E+07   0.990596E+07   0.322281E+02   0.473544E+05   0.486976E+00  -0.203977E+14
   0.536256E-04   0.288398E+08   0.288398E+08   0.379994E+08   0.379871E+08   0.288413E+08   0.288398E+08   0.288398E+08   0.288500E+08  -0.456063E+00   0.990070E+07   0.990069E+07   0.355578E+02   0.388439E+05   0.486434E+00  -0.184633E+14
   0.592125E-04   0.288066E+08   0.288066E+08   0.378565E+08   0.378415E+08   0.288078E+08   0.288066E+08   0.288066E+08   0.288167E+08  -0.455536E+00   0.989431E+07   0.989430E+07   0.392248E+02   0.318633E+05   0.485782E+00  -0.167104E+14
   0.653814E-04   0.287663E+08   0.287663E+08   0.376832E+08   0.376650E+08   0.287672E+08   0.287663E+08   0.287663E+08   0.287764E+08  -0.454899E+00   0.988656E+07   0.988655E+07   0.432609E+02   0.261374E+05   0.484998E+00  -0.151219E+14
   0.721930E-04   0.287178E+08   0.287177E+08   0.374732E+08   0.374511E+08   0.287183E+08   0.287178E+08   0.287178E+08   0.287278E+08  -0.454130E+00   0.987719E+07   0.987718E+07   0.477001E+02   0.214406E+05   0.484059E+00  -0.136822E+14
   0.797142E-04   0.286593E+08   0.286592E+08   0.372190E+08   0.371922E+08   0.286592E+08   0.286592E+08   0.286592E+08   0.286692E+08  -0.453203E+00   0.986587E+07   0.986586E+07   0.525787E+02   0.175877E+05   0.482939E+00  -0.123770E+14
   0.880190E-04   0.285889E+08   0.285889E+08   0.369120E+08   0.368794E+08   0.285883E+08   0.285889E+08   0.285889E+08   0.285988E+08  -0.452090E+00   0.985222E+07   0.985221E+07   0.579345E+02   0.144270E+05   0.481609E+00  -0.111937E+14
   0.971891E-04   0.285046E+08   0.285046E+08   0.365417E+08   0.365023E+08   0.285033E+08   0.285046E+08   0.285046E+08   0.285144E+08  -0.450755E+00   0.983581E+07   0.983579E+07   0.638066E+02   0.118338E+05   0.480036E+00  -0.101207E+14
   0.107314E-03   0.284040E+08   0.284039E+08   0.360963E+08   0.360487E+08   0.284018E+08   0.284040E+08   0.284040E+08   0.284136E+08  -0.449161E+00   0.981612E+07   0.981610E+07   0.702350E+02   0.970605E+04   0.478190E+00  -0.914740E+13
   0.118495E-03   0.282843E+08   0.282842E+08   0.355619E+08   0.355044E+08   0.282810E+08   0.282842E+08   0.282843E+08   0.282937E+08  -0.447266E+00   0.979259E+07   0.979256E+07   0.772589E+02   0.795996E+04   0.476038E+00  -0.826445E+13
   0.130840E-03   0.281426E+08   0.281425E+08   0.349228E+08   0.348536E+08   0.281380E+08   0.281426E+08   0.281426E+08   0.281519E+08  -0.445023E+00   0.976456E+07   0.976453E+07   0.849160E+02   0.652681E+04   0.473551E+00  -0.746326E+13
   0.144471E-03   0.279760E+08   0.279758E+08   0.341616E+08   0.340786E+08   0.279697E+08   0.279759E+08   0.279759E+08   0.279850E+08  -0.442383E+00   0.973136E+07   0.973132E+07   0.932396E+02   0.535026E+04   0.470707E+00  -0.673610E+13
   0.159522E-03   0.277811E+08   0.277810E+08   0.332592E+08   0.331598E+08   0.277730E+08   0.277811E+08   0.277811E+08   0.277899E+08  -0.439298E+00   0.969222E+07   0.969217E+07   0.102257E+03   0.438413E+04   0.467492E+00  -0.607600E+13
   0.176142E-03   0.275552E+08   0.275549E+08   0.321953E+08   0.320770E+08   0.275446E+08   0.275551E+08   0.275551E+08   0.275637E+08  -0.435719E+00   0.964640E+07   0.964634E+07   0.111984E+03   0.359056E+04   0.463905E+00  -0.547669E+13
   0.194493E-03   0.272953E+08   0.272951E+08   0.309494E+08   0.308091E+08   0.272819E+08   0.272952E+08   0.272953E+08   0.273035E+08  -0.431603E+00   0.959314E+07   0.959307E+07   0.122423E+03   0.293859E+04   0.459965E+00  -0.493257E+13
   0.214755E-03   0.269995E+08   0.269992E+08   0.295016E+08   0.293365E+08   0.269825E+08   0.269993E+08   0.269994E+08   0.270072E+08  -0.426917E+00   0.953178E+07   0.953170E+07   0.133555E+03   0.240283E+04   0.455709E+00  -0.443859E+13
   0.237129E-03   0.266664E+08   0.266660E+08   0.278350E+08   0.276420E+08   0.266451E+08   0.266662E+08   0.266663E+08   0.266736E+08  -0.421640E+00   0.946177E+07   0.946166E+07   0.145333E+03   0.196256E+04   0.451198E+00  -0.399027E+13
   0.261834E-03   0.262958E+08   0.262954E+08   0.259375E+08   0.257142E+08   0.262694E+08   0.262956E+08   0.262957E+08   0.263025E+08  -0.415770E+00   0.938276E+07   0.938263E+07   0.157674E+03   0.160082E+04   0.446513E+00  -0.358360E+13
   0.289112E-03   0.258891E+08   0.258886E+08   0.238056E+08   0.235501E+08   0.258564E+08   0.258889E+08   0.258890E+08   0.258952E+08  -0.409326E+00   0.929469E+07   0.929454E+07   0.170449E+03   0.130375E+04   0.441754E+00  -0.321502E+13
   0.319233E-03   0.254492E+08   0.254485E+08   0.214480E+08   0.211599E+08   0.254088E+08   0.254489E+08   0.254490E+08   0.254546E+08  -0.402354E+00   0.919784E+07   0.919766E+07   0.183473E+03   0.106000E+04   0.437030E+00  -0.288133E+13
   0.352491E-03   0.249804E+08   0.249796E+08   0.188906E+08   0.185714E+08   0.249307E+08   0.249800E+08   0.249803E+08   0.249850E+08  -0.394924E+00   0.909288E+07   0.909268E+07   0.196498E+03   0.860282E+03   0.432457E+00  -0.257969E+13
   0.389215E-03   0.244889E+08   0.244880E+08   0.161806E+08   0.158348E+08   0.244279E+08   0.244885E+08   0.244888E+08   0.244928E+08  -0.387134E+00   0.898092E+07   0.898067E+07   0.209200E+03   0.696933E+03   0.428138E+00  -0.230752E+13
   0.429764E-03   0.239821E+08   0.239810E+08   0.133911E+08   0.130266E+08   0.239074E+08   0.239816E+08   0.239820E+08   0.239851E+08  -0.379100E+00   0.886342E+07   0.886314E+07   0.221183E+03   0.563634E+03   0.424165E+00  -0.206246E+13
   0.474538E-03   0.234684E+08   0.234671E+08   0.106216E+08   0.102503E+08   0.233771E+08   0.234677E+08   0.234681E+08   0.234705E+08  -0.370954E+00   0.874222E+07   0.874188E+07   0.231980E+03   0.455138E+03   0.420604E+00  -0.184231E+13
   0.523976E-03   0.229563E+08   0.229548E+08   0.799459E+07   0.763235E+07   0.228450E+08   0.229555E+08   0.229560E+08   0.229576E+08  -0.362834E+00   0.861930E+07   0.861893E+07   0.241076E+03   0.367072E+03   0.417495E+00  -0.164503E+13
   0.578566E-03   0.224543E+08   0.224525E+08   0.564366E+07   0.530865E+07   0.223188E+08   0.224534E+08   0.224540E+08   0.224548E+08  -0.354874E+00   0.849678E+07   0.849635E+07   0.247940E+03   0.295785E+03   0.414849E+00  -0.146864E+13
   0.638842E-03   0.219701E+08   0.219681E+08   0.369173E+07   0.340159E+07   0.218053E+08   0.219690E+08   0.219698E+08   0.219700E+08  -0.347197E+00   0.837662E+07   0.837613E+07   0.252075E+03   0.238225E+03   0.412655E+00  -0.131125E+13
   0.705398E-03   0.215101E+08   0.215077E+08   0.222014E+07   0.198730E+07   0.213101E+08   0.215087E+08   0.215097E+08   0.215093E+08  -0.339903E+00   0.826056E+07   0.826003E+07   0.253089E+03   0.191848E+03   0.410880E+00  -0.117108E+13
   0.778888E-03   0.210789E+08   0.210762E+08   0.123646E+07   0.106248E+07   0.208368E+08   0.210773E+08   0.210784E+08   0.210776E+08  -0.333069E+00   0.815000E+07   0.814941E+07   0.250753E+03   0.154542E+03   0.409479E+00  -0.104639E+13
   0.860035E-03   0.206795E+08   0.206765E+08   0.657407E+06   0.528566E+06   0.203870E+08   0.206776E+08   0.206790E+08   0.206778E+08  -0.326742E+00   0.804586E+07   0.804523E+07   0.245049E+03   0.124565E+03   0.408399E+00  -0.935550E+12
   0.949635E-03   0.203131E+08   0.203099E+08   0.328955E+06   0.216240E+06   0.199606E+08   0.203109E+08   0.203126E+08   0.203110E+08  -0.320939E+00   0.794865E+07   0.794798E+07   0.236170E+03   0.100485E+03   0.407585E+00  -0.837040E+12
   0.104857E-02   0.199795E+08   0.199759E+08   0.944255E+05  -0.392947E+05   0.195556E+08   0.199769E+08   0.199789E+08   0.199769E+08  -0.315653E+00   0.785841E+07   0.785770E+07   0.224472E+03   0.811389E+02   0.406984E+00  -0.749456E+12
   0.115781E-02   0.196767E+08   0.196729E+08  -0.116010E+06  -0.302688E+06   0.191688E+08   0.196737E+08   0.196761E+08   0.196736E+08  -0.310858E+00   0.777480E+07   0.777407E+07   0.210398E+03   0.655843E+02   0.406550E+00  -0.671522E+12
   0.127844E-02   0.194021E+08   0.193982E+08  -0.250782E+06  -0.504983E+06   0.187959E+08   0.193986E+08   0.194015E+08   0.193985E+08  -0.306508E+00   0.769718E+07   0.769643E+07   0.194449E+03   0.530646E+02   0.406241E+00  -0.602090E+12
   0.141163E-02   0.191523E+08   0.191482E+08  -0.227995E+06  -0.545393E+06   0.184327E+08   0.191482E+08   0.191516E+08   0.191481E+08  -0.302548E+00   0.762465E+07   0.762390E+07   0.177224E+03   0.429748E+02   0.406025E+00  -0.540143E+12
   0.155869E-02   0.189233E+08   0.189192E+08  -0.898144E+05   0.476099E+06   0.180742E+08   0.189186E+08   0.189226E+08   0.189187E+08  -0.298920E+00   0.755615E+07   0.755541E+07   0.159500E+03   0.348335E+02   0.405875E+00  -0.484784E+12
   0.172108E-02   0.187111E+08   0.187069E+08   0.202089E+04   0.386115E+06   0.177155E+08   0.187057E+08   0.187104E+08   0.187057E+08  -0.295555E+00   0.749061E+07   0.748988E+07   0.142182E+03   0.282530E+02   0.405773E+00  -0.435236E+12
   0.190039E-02   0.185115E+08   0.185073E+08  -0.600112E+04   0.313312E+06   0.173524E+08   0.185053E+08   0.185108E+08   0.185053E+08  -0.292387E+00   0.742684E+07   0.742613E+07   0.126097E+03   0.229270E+02   0.405704E+00  -0.390814E+12
   0.209838E-02   0.183204E+08   0.183163E+08  -0.305746E+04   0.254325E+06   0.169813E+08   0.183134E+08   0.183197E+08   0.183134E+08  -0.289354E+00   0.736367E+07   0.736296E+07   0.111826E+03   0.186106E+02   0.405656E+00  -0.350929E+12
   0.231699E-02   0.181340E+08   0.181298E+08  -0.131376E+02   0.206474E+06   0.165992E+08   0.181261E+08   0.181333E+08   0.181261E+08  -0.286394E+00   0.729992E+07   0.729923E+07   0.996865E+02   0.151088E+02   0.405622E+00  -0.315067E+12
   0.255838E-02   0.179486E+08   0.179444E+08  -0.629945E+05   0.167618E+06   0.162037E+08   0.179397E+08   0.179479E+08   0.179397E+08  -0.283448E+00   0.723450E+07   0.723381E+07   0.896304E+02   0.122650E+02   0.405597E+00  -0.282782E+12
   0.282492E-02   0.177609E+08   0.177564E+08  -0.742171E+05   0.136042E+06   0.157929E+08   0.177508E+08   0.177601E+08   0.177508E+08  -0.280464E+00   0.716635E+07   0.716566E+07   0.811716E+02   0.995389E+01   0.405576E+00  -0.253689E+12
   0.311923E-02   0.175676E+08   0.175629E+08  -0.651062E+05   0.110367E+06   0.153645E+08   0.175564E+08   0.175669E+08   0.175564E+08  -0.277392E+00   0.709450E+07   0.709381E+07   0.736609E+02   0.807477E+01   0.405558E+00  -0.227449E+12
   0.344419E-02   0.173660E+08   0.173611E+08  -0.388625E+05   0.894833E+05   0.149164E+08   0.173536E+08   0.173652E+08   0.173536E+08  -0.274187E+00   0.701803E+07   0.701734E+07   0.665701E+02   0.654641E+01   0.405540E+00  -0.203768E+12
   0.380302E-02   0.171534E+08   0.171482E+08  -0.294961E+05   0.724952E+05   0.144461E+08   0.171398E+08   0.171526E+08   0.171398E+08  -0.270808E+00   0.693608E+07   0.693539E+07   0.597754E+02   0.530324E+01   0.405523E+00  -0.182387E+12
   0.419923E-02   0.169274E+08   0.169219E+08  -0.252984E+05   0.586768E+05   0.139519E+08   0.169124E+08   0.169265E+08   0.169124E+08  -0.267216E+00   0.684784E+07   0.684716E+07   0.535235E+02   0.429207E+01   0.405504E+00  -0.163077E+12
   0.463671E-02   0.166858E+08   0.166798E+08  -0.304734E+05   0.474393E+05   0.134326E+08   0.166694E+08   0.166848E+08   0.166694E+08  -0.263376E+00   0.675255E+07   0.675188E+07   0.480700E+02   0.346980E+01   0.405484E+00  -0.145635E+12
   0.511978E-02   0.164265E+08   0.164200E+08  -0.211840E+05   0.383046E+05   0.128888E+08   0.164087E+08   0.164254E+08   0.164087E+08  -0.259256E+00   0.664950E+07   0.664883E+07   0.433308E+02   0.280144E+01   0.405463E+00  -0.129881E+12
   0.565317E-02   0.161480E+08   0.161409E+08  -0.102450E+05   0.308846E+05   0.122965E+08   0.161286E+08   0.161468E+08   0.161286E+08  -0.254831E+00   0.653817E+07   0.653751E+07   0.390117E+02   0.225857E+01   0.405438E+00  -0.115657E+12
   0.624213E-02   0.158476E+08   0.158398E+08  -0.711969E+04   0.248600E+05   0.116883E+08   0.158266E+08   0.158463E+08   0.158266E+08  -0.250060E+00   0.641756E+07   0.641691E+07   0.350202E+02   0.181784E+01   0.405412E+00  -0.102813E+12
   0.689245E-02   0.155240E+08   0.155153E+08   0.646905E+04   0.199735E+05   0.110516E+08   0.155014E+08   0.155226E+08   0.155014E+08  -0.244921E+00   0.628721E+07   0.628656E+07   0.314875E+02   0.146039E+01   0.405383E+00  -0.912205E+11
   0.761052E-02   0.151756E+08   0.151658E+08   0.459491E+04   0.160143E+05   0.103953E+08   0.151514E+08   0.151740E+08   0.151514E+08  -0.239390E+00   0.614652E+07   0.614588E+07   0.283669E+02   0.117080E+01   0.405353E+00  -0.807651E+11
   0.840340E-02   0.148009E+08   0.147898E+08  -0.376794E+04   0.128103E+05   0.972779E+07   0.147750E+08   0.147990E+08   0.147750E+08  -0.233443E+00   0.599493E+07   0.599429E+07   0.255379E+02   0.936463E+00   0.405322E+00  -0.713407E+11
   0.927889E-02   0.143983E+08   0.143858E+08   0.289150E+04   0.102210E+05   0.904900E+07   0.143709E+08   0.143962E+08   0.143709E+08  -0.227059E+00   0.583193E+07   0.583129E+07   0.230254E+02   0.747109E+00   0.405289E+00  -0.628527E+11
   0.102456E-01   0.139668E+08   0.139525E+08  -0.143062E+04   0.813177E+04   0.835882E+07   0.139378E+08   0.139644E+08   0.139378E+08  -0.220216E+00   0.565701E+07   0.565637E+07   0.207886E+02   0.594337E+00   0.405256E+00  -0.552150E+11
   0.113130E-01   0.135048E+08   0.134885E+08   0.236987E+03   0.644886E+04   0.766417E+07   0.134745E+08   0.135021E+08   0.134745E+08  -0.212895E+00   0.546966E+07   0.546902E+07   0.187958E+02   0.471288E+00   0.405221E+00  -0.483493E+11
   0.124916E-01   0.130114E+08   0.129926E+08  -0.801613E+03   0.509587E+04   0.697288E+07   0.129797E+08   0.130082E+08   0.129797E+08  -0.205077E+00   0.526944E+07   0.526880E+07   0.170256E+02   0.372373E+00   0.405186E+00  -0.421845E+11
   0.137930E-01   0.124854E+08   0.124640E+08   0.523986E+03   0.401048E+04   0.629089E+07   0.124525E+08   0.124818E+08   0.124525E+08  -0.196748E+00   0.505602E+07   0.505538E+07   0.154506E+02   0.293030E+00   0.405150E+00  -0.366569E+11
   0.152300E-01   0.119265E+08   0.119020E+08  -0.259926E+04   0.314196E+04   0.562121E+07   0.118926E+08   0.119224E+08   0.118926E+08  -0.187901E+00   0.482918E+07   0.482854E+07   0.140451E+02   0.229548E+00   0.405114E+00  -0.317088E+11
   0.168167E-01   0.113478E+08   0.113200E+08  -0.412717E+03   0.245182E+04   0.497958E+07   0.113130E+08   0.113432E+08   0.113130E+08  -0.178745E+00   0.459431E+07   0.459366E+07   0.127951E+02   0.179109E+00   0.405079E+00  -0.273202E+11
   0.185687E-01   0.107269E+08   0.106954E+08  -0.473597E+02   0.190079E+04   0.435984E+07   0.106915E+08   0.107216E+08   0.106915E+08  -0.168925E+00   0.434232E+07   0.434167E+07   0.116552E+02   0.138843E+00   0.405044E+00  -0.233854E+11
   0.205033E-01   0.100771E+08   0.100418E+08  -0.166036E+04   0.146444E+04   0.377410E+07   0.100414E+08   0.100712E+08   0.100414E+08  -0.158653E+00   0.407864E+07   0.407798E+07   0.106090E+02   0.106960E+00   0.405010E+00  -0.198928E+11
   0.226393E-01   0.939318E+07   0.935397E+07  -0.742538E+03   0.111948E+04   0.322452E+07   0.935743E+07   0.938659E+07   0.935743E+07  -0.147846E+00   0.380116E+07   0.380050E+07   0.962542E+01   0.817578E-01   0.404977E+00  -0.167902E+11
   0.249980E-01   0.869951E+07   0.865670E+07  -0.524839E+03   0.850284E+03   0.272316E+07   0.866407E+07   0.869232E+07   0.866407E+07  -0.136891E+00   0.351979E+07   0.351914E+07   0.868819E+01   0.620925E-01   0.404945E+00  -0.140804E+11
   0.276023E-01   0.800429E+07   0.795846E+07  -0.482780E+03   0.641582E+03   0.227273E+07   0.796951E+07   0.799659E+07   0.796951E+07  -0.125917E+00   0.323787E+07   0.323723E+07   0.777407E+01   0.468482E-01   0.404915E+00  -0.117305E+11
   0.304780E-01   0.731053E+07   0.726266E+07  -0.399494E+03   0.480547E+03   0.187319E+07   0.727680E+07   0.730249E+07   0.727680E+07  -0.114972E+00   0.295665E+07   0.295602E+07   0.685848E+01   0.350870E-01   0.404886E+00  -0.970095E+10
   0.336533E-01   0.663700E+07   0.658853E+07  -0.207882E+03   0.357785E+03   0.152693E+07   0.660472E+07   0.662886E+07   0.660472E+07  -0.104354E+00   0.268376E+07   0.268316E+07   0.593176E+01   0.261218E-01   0.404859E+00  -0.797473E+10
   0.371593E-01   0.600798E+07   0.596077E+07  -0.938358E+02   0.265618E+03   0.123511E+07   0.597750E+07   0.600006E+07   0.597750E+07  -0.944437E-01   0.242905E+07   0.242849E+07   0.499641E+01   0.193915E-01   0.404834E+00  -0.653683E+10
   0.410307E-01   0.543886E+07   0.539506E+07  -0.118720E+03   0.197215E+03   0.994526E+06   0.541051E+07   0.543151E+07   0.541051E+07  -0.854853E-01   0.219876E+07   0.219826E+07   0.406659E+01   0.143970E-01   0.404811E+00  -0.535882E+10
   0.451338E-01   0.496383E+07   0.492528E+07   0.148760E+03   0.148760E+03   0.807757E+06   0.493772E+07   0.495736E+07   0.493772E+07  -0.780153E-01   0.200668E+07   0.200624E+07   0.323409E+01   0.108598E-01   0.404781E+00  -0.444607E+10
   0.492368E-01   0.458819E+07   0.455575E+07   0.115553E+03   0.115553E+03   0.669242E+06   0.456422E+07   0.458274E+07   0.456422E+07  -0.721140E-01   0.185496E+07   0.185459E+07   0.251218E+01   0.843536E-02   0.404764E+00  -0.376744E+10
   0.533399E-01   0.428549E+07   0.425916E+07   0.919784E+02   0.919784E+02   0.564045E+06   0.426348E+07   0.428107E+07   0.426348E+07  -0.673624E-01   0.173279E+07   0.173248E+07   0.193715E+01   0.671417E-02   0.404750E+00  -0.324860E+10
   0.574430E-01   0.403063E+07   0.400965E+07   0.746032E+02   0.746032E+02   0.481702E+06   0.401033E+07   0.402711E+07   0.401033E+07  -0.633627E-01   0.162994E+07   0.162969E+07   0.150513E+01   0.544568E-02   0.404737E+00  -0.283753E+10
   0.615460E-01   0.380399E+07   0.378711E+07   0.613413E+02   0.613413E+02   0.415243E+06   0.378513E+07   0.380116E+07   0.378513E+07  -0.598045E-01   0.153845E+07   0.153823E+07   0.120286E+01   0.447752E-02   0.404727E+00  -0.249971E+10
   0.656491E-01   0.359043E+07   0.357617E+07   0.508906E+02   0.508906E+02   0.359964E+06   0.357276E+07   0.358804E+07   0.357276E+07  -0.564491E-01   0.145216E+07   0.145196E+07   0.100918E+01   0.371461E-02   0.404718E+00  -0.221204E+10
   0.697522E-01   0.337924E+07   0.336613E+07   0.424285E+02   0.424285E+02   0.312744E+06   0.336254E+07   0.337704E+07   0.336254E+07  -0.531276E-01   0.136674E+07   0.136655E+07   0.898016E+00   0.309690E-02   0.404710E+00  -0.195945E+10
   0.738552E-01   0.317218E+07   0.315902E+07   0.355247E+02   0.355247E+02   0.272286E+06   0.315626E+07   0.316997E+07   0.315626E+07  -0.498685E-01   0.128292E+07   0.128273E+07   0.843378E+00   0.259295E-02   0.404703E+00  -0.173709E+10
   0.779583E-01   0.296259E+07   0.294856E+07   0.297741E+02   0.297741E+02   0.236838E+06   0.294734E+07   0.296023E+07   0.294734E+07  -0.465676E-01   0.119802E+07   0.119783E+07   0.818368E+00   0.217319E-02   0.404697E+00  -0.153676E+10
   0.820614E-01   0.276068E+07   0.274545E+07   0.250365E+02   0.250365E+02   0.206321E+06   0.274604E+07   0.275812E+07   0.274604E+07  -0.433871E-01   0.111621E+07   0.111602E+07   0.803311E+00   0.182738E-02   0.404692E+00  -0.136023E+10
   0.861644E-01   0.257201E+07   0.255568E+07   0.211539E+02   0.211539E+02   0.180300E+06   0.255796E+07   0.256927E+07   0.255796E+07  -0.404154E-01   0.103978E+07   0.103958E+07   0.783278E+00   0.154399E-02   0.404687E+00  -0.120674E+10
   0.912856E-01   0.236220E+07   0.234512E+07   0.173070E+02   0.173070E+02   0.153511E+06   0.234889E+07   0.235933E+07   0.234889E+07  -0.371122E-01   0.954809E+06   0.954607E+06   0.738802E+00   0.126321E-02   0.404682E+00  -0.104596E+10
   0.964067E-01   0.218722E+07   0.217040E+07   0.143666E+02   0.143666E+02   0.132307E+06   0.217469E+07   0.218440E+07   0.217469E+07  -0.343598E-01   0.884006E+06   0.883812E+06   0.669628E+00   0.104859E-02   0.404677E+00  -0.916954E+09
   0.101528E+00   0.204923E+07   0.203367E+07   0.121368E+02   0.121368E+02   0.115793E+06   0.203748E+07   0.204662E+07   0.203748E+07  -0.321919E-01   0.828238E+06   0.828061E+06   0.582322E+00   0.885840E-03   0.404674E+00  -0.815775E+09
   0.106649E+00   0.194319E+07   0.192961E+07   0.104311E+02   0.104311E+02   0.102879E+06   0.193221E+07   0.194091E+07   0.193221E+07  -0.305287E-01   0.785453E+06   0.785297E+06   0.488815E+00   0.761346E-03   0.404670E+00  -0.736487E+09
   0.111770E+00   0.185868E+07   0.184733E+07   0.908542E+01   0.908542E+01   0.924228E+05   0.184842E+07   0.185677E+07   0.184842E+07  -0.292048E-01   0.751395E+06   0.751260E+06   0.401632E+00   0.663129E-03   0.404667E+00  -0.672273E+09
   0.116891E+00   0.178442E+07   0.177510E+07   0.797608E+01   0.797608E+01   0.834870E+05   0.177481E+07   0.178286E+07   0.177481E+07  -0.280418E-01   0.721475E+06   0.721359E+06   0.330436E+00   0.582162E-03   0.404664E+00  -0.617225E+09
   0.122012E+00   0.171162E+07   0.170378E+07   0.702268E+01   0.702268E+01   0.754386E+05   0.170257E+07   0.171030E+07   0.170257E+07  -0.269003E-01   0.692110E+06   0.692008E+06   0.280092E+00   0.512577E-03   0.404662E+00  -0.567252E+09
   0.127134E+00   0.163512E+07   0.162806E+07   0.617946E+01   0.617946E+01   0.679384E+05   0.162652E+07   0.163393E+07   0.162652E+07  -0.256988E-01   0.661200E+06   0.661105E+06   0.250338E+00   0.451035E-03   0.404660E+00  -0.520090E+09
   0.132255E+00   0.155349E+07   0.154653E+07   0.542496E+01   0.542496E+01   0.608781E+05   0.154526E+07   0.155232E+07   0.154526E+07  -0.244149E-01   0.628172E+06   0.628078E+06   0.236823E+00   0.395966E-03   0.404657E+00  -0.474977E+09
   0.137376E+00   0.146840E+07   0.146108E+07   0.475222E+01   0.475222E+01   0.542971E+05   0.146048E+07   0.146717E+07   0.146048E+07  -0.230754E-01   0.593712E+06   0.593616E+06   0.232967E+00   0.346864E-03   0.404656E+00  -0.432185E+09
   0.142497E+00   0.138350E+07   0.137563E+07   0.416092E+01   0.416092E+01   0.483016E+05   0.137586E+07   0.138218E+07   0.137586E+07  -0.217385E-01   0.559319E+06   0.559220E+06   0.231988E+00   0.303706E-03   0.404654E+00  -0.392515E+09
   0.147618E+00   0.130346E+07   0.129512E+07   0.365248E+01   0.365248E+01   0.430039E+05   0.129610E+07   0.130206E+07   0.129610E+07  -0.204782E-01   0.526896E+06   0.526795E+06   0.228547E+00   0.266595E-03   0.404652E+00  -0.356934E+09
   0.152739E+00   0.123269E+07   0.122416E+07   0.322615E+01   0.322615E+01   0.384754E+05   0.122561E+07   0.123126E+07   0.122561E+07  -0.193645E-01   0.498245E+06   0.498145E+06   0.219673E+00   0.235477E-03   0.404651E+00  -0.326207E+09
   0.157860E+00   0.117363E+07   0.116530E+07   0.287545E+01   0.287545E+01   0.346996E+05   0.116685E+07   0.117223E+07   0.116685E+07  -0.184361E-01   0.474360E+06   0.474263E+06   0.204862E+00   0.209880E-03   0.404649E+00  -0.300494E+09
   0.162982E+00   0.112586E+07   0.111806E+07   0.258785E+01   0.258785E+01   0.315704E+05   0.111938E+07   0.112455E+07   0.111938E+07  -0.176860E-01   0.455062E+06   0.454971E+06   0.185571E+00   0.188888E-03   0.404648E+00  -0.279212E+09
   0.168103E+00   0.108689E+07   0.107985E+07   0.234856E+01   0.234856E+01   0.289377E+05   0.108071E+07   0.108571E+07   0.108071E+07  -0.170750E-01   0.439342E+06   0.439259E+06   0.164403E+00   0.171422E-03   0.404647E+00  -0.261355E+09
   0.173224E+00   0.105360E+07   0.104740E+07   0.214422E+01   0.214422E+01   0.266585E+05   0.104771E+07   0.105256E+07   0.104771E+07  -0.165536E-01   0.425927E+06   0.425852E+06   0.144205E+00   0.156507E-03   0.404646E+00  -0.245884E+09
   0.178345E+00   0.102283E+07   0.101736E+07   0.196395E+01   0.196395E+01   0.246126E+05   0.101720E+07   0.102191E+07   0.101720E+07  -0.160715E-01   0.413524E+06   0.413456E+06   0.127254E+00   0.143349E-03   0.404645E+00  -0.231869E+09
   0.183466E+00   0.991640E+06   0.986707E+06   0.179935E+01   0.179935E+01   0.227067E+05   0.986230E+06   0.990811E+06   0.986230E+06  -0.155823E-01   0.400936E+06   0.400873E+06   0.114764E+00   0.131336E-03   0.404644E+00  -0.218536E+09
   0.188587E+00   0.958125E+06   0.953477E+06   0.164544E+01   0.164544E+01   0.208882E+05   0.952913E+06   0.957345E+06   0.952913E+06  -0.150559E-01   0.387393E+06   0.387332E+06   0.106789E+00   0.120101E-03   0.404643E+00  -0.205420E+09
   0.193708E+00   0.922099E+06   0.917506E+06   0.150091E+01   0.150091E+01   0.191495E+05   0.917058E+06   0.921327E+06   0.917058E+06  -0.144894E-01   0.372818E+06   0.372758E+06   0.102455E+00   0.109552E-03   0.404642E+00  -0.192465E+09
   0.198830E+00   0.884742E+06   0.880046E+06   0.136680E+01   0.136680E+01   0.175126E+05   0.879853E+06   0.883954E+06   0.879853E+06  -0.139016E-01   0.357694E+06   0.357634E+06   0.100343E+00   0.997634E-04   0.404641E+00  -0.179901E+09
   0.203951E+00   0.847698E+06   0.842839E+06   0.124454E+01   0.124454E+01   0.160039E+05   0.842950E+06   0.846882E+06   0.842950E+06  -0.133185E-01   0.342693E+06   0.342632E+06   0.989150E-01   0.908398E-04   0.404641E+00  -0.168028E+09
   0.209072E+00   0.812563E+06   0.807574E+06   0.113516E+01   0.113516E+01   0.146444E+05   0.807953E+06   0.811726E+06   0.807953E+06  -0.127655E-01   0.328467E+06   0.328406E+06   0.969007E-01   0.828555E-04   0.404640E+00  -0.157108E+09
   0.214193E+00   0.780702E+06   0.775686E+06   0.103907E+01   0.103907E+01   0.134470E+05   0.776233E+06   0.779860E+06   0.776233E+06  -0.122644E-01   0.315572E+06   0.315512E+06   0.935551E-01   0.758418E-04   0.404639E+00  -0.147331E+09
   0.219314E+00   0.752939E+06   0.748027E+06   0.955846E+00   0.955846E+00   0.124125E+05   0.748613E+06   0.752114E+06   0.748613E+06  -0.118280E-01   0.304344E+06   0.304286E+06   0.887222E-01   0.697673E-04   0.404639E+00  -0.138771E+09
   0.224435E+00   0.729267E+06   0.724581E+06   0.884042E+00   0.884042E+00   0.115277E+05   0.725087E+06   0.728480E+06   0.725087E+06  -0.114563E-01   0.294780E+06   0.294724E+06   0.827366E-01   0.645262E-04   0.404638E+00  -0.131344E+09
   0.229556E+00   0.708930E+06   0.704551E+06   0.821507E+00   0.821507E+00   0.107680E+05   0.704895E+06   0.708195E+06   0.704895E+06  -0.111372E-01   0.286571E+06   0.286518E+06   0.762315E-01   0.599616E-04   0.404638E+00  -0.124838E+09
   0.234678E+00   0.690779E+06   0.686731E+06   0.765960E+00   0.765960E+00   0.101051E+05   0.686881E+06   0.690099E+06   0.686881E+06  -0.108526E-01   0.279248E+06   0.279199E+06   0.699189E-01   0.559070E-04   0.404637E+00  -0.118993E+09
   0.239799E+00   0.673588E+06   0.669842E+06   0.715373E+00   0.715373E+00   0.951157E+04   0.669819E+06   0.672959E+06   0.669819E+06  -0.105830E-01   0.272311E+06   0.272265E+06   0.643933E-01   0.522145E-04   0.404637E+00  -0.113559E+09
   0.244920E+00   0.656319E+06   0.652805E+06   0.668212E+00   0.668212E+00   0.896463E+04   0.652668E+06   0.655729E+06   0.652668E+06  -0.103121E-01   0.265339E+06   0.265295E+06   0.600029E-01   0.487722E-04   0.404636E+00  -0.108338E+09
   0.250041E+00   0.638368E+06   0.634997E+06   0.623592E+00   0.623592E+00   0.844914E+04   0.634823E+06   0.637802E+06   0.634823E+06  -0.100301E-01   0.258084E+06   0.258042E+06   0.568087E-01   0.455154E-04   0.404636E+00  -0.103218E+09
   0.255162E+00   0.619665E+06   0.616356E+06   0.581263E+00   0.581263E+00   0.795840E+04   0.616217E+06   0.619110E+06   0.616217E+06  -0.973614E-02   0.250520E+06   0.250479E+06   0.546229E-01   0.424258E-04   0.404635E+00  -0.981817E+08
   0.260283E+00   0.600558E+06   0.597253E+06   0.541376E+00   0.541376E+00   0.749217E+04   0.597199E+06   0.600003E+06   0.597199E+06  -0.943566E-02   0.242789E+06   0.242748E+06   0.530977E-01   0.395145E-04   0.404635E+00  -0.932796E+08
   0.265404E+00   0.581595E+06   0.578267E+06   0.504225E+00   0.504225E+00   0.705316E+04   0.578320E+06   0.581036E+06   0.578320E+06  -0.913737E-02   0.235114E+06   0.235073E+06   0.518364E-01   0.368030E-04   0.404635E+00  -0.885878E+08
   0.270526E+00   0.563371E+06   0.560027E+06   0.470091E+00   0.470091E+00   0.664519E+04   0.560177E+06   0.562810E+06   0.560177E+06  -0.885072E-02   0.227739E+06   0.227698E+06   0.504961E-01   0.343116E-04   0.404634E+00  -0.841844E+08
   0.275647E+00   0.546410E+06   0.543083E+06   0.439143E+00   0.439143E+00   0.627097E+04   0.543298E+06   0.545851E+06   0.543298E+06  -0.858403E-02   0.220877E+06   0.220836E+06   0.488581E-01   0.320528E-04   0.404634E+00  -0.801308E+08
   0.280768E+00   0.531023E+06   0.527758E+06   0.411346E+00   0.411346E+00   0.593075E+04   0.527992E+06   0.530475E+06   0.527992E+06  -0.834220E-02   0.214654E+06   0.214615E+06   0.468532E-01   0.300240E-04   0.404634E+00  -0.764531E+08
   0.285889E+00   0.517224E+06   0.514062E+06   0.386434E+00   0.386434E+00   0.562135E+04   0.514274E+06   0.516693E+06   0.514274E+06  -0.812546E-02   0.209077E+06   0.209039E+06   0.445455E-01   0.282057E-04   0.404633E+00  -0.731328E+08
   0.291010E+00   0.504769E+06   0.501740E+06   0.363979E+00   0.363979E+00   0.533716E+04   0.501899E+06   0.504260E+06   0.501899E+06  -0.792993E-02   0.204046E+06   0.204010E+06   0.420893E-01   0.265668E-04   0.404633E+00  -0.701171E+08
   0.296131E+00   0.493275E+06   0.490390E+06   0.343504E+00   0.343504E+00   0.507183E+04   0.490482E+06   0.492790E+06   0.490482E+06  -0.774955E-02   0.199405E+06   0.199370E+06   0.396727E-01   0.250723E-04   0.404633E+00  -0.673372E+08
   0.301252E+00   0.482324E+06   0.479575E+06   0.324563E+00   0.324563E+00   0.481952E+04   0.479604E+06   0.481862E+06   0.479604E+06  -0.757768E-02   0.194983E+06   0.194949E+06   0.374630E-01   0.236900E-04   0.404633E+00  -0.647245E+08
   0.306374E+00   0.471543E+06   0.468909E+06   0.306795E+00   0.306795E+00   0.457591E+04   0.468893E+06   0.471101E+06   0.468893E+06  -0.740844E-02   0.190628E+06   0.190595E+06   0.355686E-01   0.223931E-04   0.404632E+00  -0.622213E+08
   0.311495E+00   0.460685E+06   0.458134E+06   0.289959E+00   0.289959E+00   0.433862E+04   0.458099E+06   0.460257E+06   0.458099E+06  -0.723791E-02   0.186240E+06   0.186208E+06   0.340226E-01   0.211643E-04   0.404632E+00  -0.597896E+08
   0.316616E+00   0.449677E+06   0.447179E+06   0.273948E+00   0.273948E+00   0.410754E+04   0.447151E+06   0.449257E+06   0.447151E+06  -0.706492E-02   0.181789E+06   0.181758E+06   0.327883E-01   0.199956E-04   0.404632E+00  -0.574167E+08
   0.321737E+00   0.438606E+06   0.436140E+06   0.258762E+00   0.258762E+00   0.388415E+04   0.436137E+06   0.438192E+06   0.436137E+06  -0.689090E-02   0.177312E+06   0.177281E+06   0.317802E-01   0.188873E-04   0.404632E+00  -0.551111E+08
   0.326858E+00   0.427661E+06   0.425213E+06   0.244456E+00   0.244456E+00   0.367070E+04   0.425245E+06   0.427250E+06   0.425245E+06  -0.671881E-02   0.172884E+06   0.172853E+06   0.308919E-01   0.178431E-04   0.404632E+00  -0.528930E+08
   0.331979E+00   0.417048E+06   0.414619E+06   0.231088E+00   0.231088E+00   0.346945E+04   0.414685E+06   0.416641E+06   0.414685E+06  -0.655197E-02   0.168591E+06   0.168561E+06   0.300244E-01   0.168673E-04   0.404631E+00  -0.507839E+08
   0.337100E+00   0.406949E+06   0.404546E+06   0.218690E+00   0.218690E+00   0.328210E+04   0.404637E+06   0.406546E+06   0.404637E+06  -0.639321E-02   0.164506E+06   0.164476E+06   0.291073E-01   0.159624E-04   0.404631E+00  -0.488006E+08
   0.342222E+00   0.397476E+06   0.395113E+06   0.207252E+00   0.207252E+00   0.310970E+04   0.395214E+06   0.397079E+06   0.395214E+06  -0.624433E-02   0.160675E+06   0.160646E+06   0.281101E-01   0.151275E-04   0.404631E+00  -0.469510E+08
   0.347343E+00   0.388655E+06   0.386347E+06   0.196721E+00   0.196721E+00   0.295231E+04   0.386444E+06   0.388267E+06   0.386444E+06  -0.610575E-02   0.157110E+06   0.157081E+06   0.270399E-01   0.143589E-04   0.404631E+00  -0.452322E+08
   0.352464E+00   0.380425E+06   0.378183E+06   0.187003E+00   0.187003E+00   0.280923E+04   0.378264E+06   0.380049E+06   0.378264E+06  -0.597651E-02   0.153784E+06   0.153757E+06   0.259322E-01   0.136495E-04   0.404631E+00  -0.436314E+08
   0.357585E+00   0.372665E+06   0.370492E+06   0.177980E+00   0.177980E+00   0.267904E+04   0.370551E+06   0.372300E+06   0.370551E+06  -0.585465E-02   0.150648E+06   0.150622E+06   0.248362E-01   0.129909E-04   0.404631E+00  -0.421297E+08
   0.362706E+00   0.365228E+06   0.363125E+06   0.169540E+00   0.169540E+00   0.255994E+04   0.363160E+06   0.364875E+06   0.363160E+06  -0.573788E-02   0.147644E+06   0.147618E+06   0.237999E-01   0.123748E-04   0.404630E+00  -0.407065E+08
   0.367827E+00   0.357984E+06   0.355943E+06   0.161584E+00   0.161584E+00   0.245005E+04   0.355961E+06   0.357642E+06   0.355961E+06  -0.562413E-02   0.144717E+06   0.144692E+06   0.228582E-01   0.117941E-04   0.404630E+00  -0.393440E+08
   0.372948E+00   0.350834E+06   0.348843E+06   0.154038E+00   0.154038E+00   0.234755E+04   0.348852E+06   0.350499E+06   0.348852E+06  -0.551181E-02   0.141827E+06   0.141802E+06   0.220264E-01   0.112433E-04   0.404630E+00  -0.380288E+08
   0.378070E+00   0.343724E+06   0.341775E+06   0.146856E+00   0.146856E+00   0.225102E+04   0.341783E+06   0.343397E+06   0.341783E+06  -0.540012E-02   0.138953E+06   0.138929E+06   0.212994E-01   0.107190E-04   0.404630E+00  -0.367535E+08
   0.383191E+00   0.336665E+06   0.334747E+06   0.140020E+00   0.140020E+00   0.215951E+04   0.334761E+06   0.336343E+06   0.334761E+06  -0.528918E-02   0.136098E+06   0.136075E+06   0.206567E-01   0.102201E-04   0.404630E+00  -0.355174E+08
   0.388312E+00   0.329713E+06   0.327822E+06   0.133535E+00   0.133535E+00   0.207263E+04   0.327847E+06   0.329396E+06   0.327847E+06  -0.517993E-02   0.133287E+06   0.133264E+06   0.200702E-01   0.974673E-05   0.404630E+00  -0.343250E+08
   0.393433E+00   0.322938E+06   0.321071E+06   0.127407E+00   0.127407E+00   0.199024E+04   0.321108E+06   0.322625E+06   0.321108E+06  -0.507345E-02   0.130547E+06   0.130524E+06   0.195106E-01   0.929948E-05   0.404630E+00  -0.331819E+08
   0.398554E+00   0.316396E+06   0.314555E+06   0.121638E+00   0.121638E+00   0.191229E+04   0.314600E+06   0.316087E+06   0.314600E+06  -0.497064E-02   0.127902E+06   0.127879E+06   0.189549E-01   0.887840E-05   0.404629E+00  -0.320917E+08
   0.403675E+00   0.310124E+06   0.308312E+06   0.116220E+00   0.116220E+00   0.183871E+04   0.308362E+06   0.309820E+06   0.308362E+06  -0.487208E-02   0.125366E+06   0.125344E+06   0.183896E-01   0.848296E-05   0.404629E+00  -0.310563E+08
   0.408796E+00   0.304143E+06   0.302364E+06   0.111141E+00   0.111141E+00   0.176937E+04   0.302414E+06   0.303844E+06   0.302414E+06  -0.477810E-02   0.122948E+06   0.122926E+06   0.178129E-01   0.811222E-05   0.404629E+00  -0.300758E+08
   0.413918E+00   0.298447E+06   0.296706E+06   0.106378E+00   0.106378E+00   0.170400E+04   0.296752E+06   0.298155E+06   0.296752E+06  -0.468863E-02   0.120646E+06   0.120624E+06   0.172316E-01   0.776456E-05   0.404629E+00  -0.291475E+08
   0.419039E+00   0.292999E+06   0.291297E+06   0.101899E+00   0.101899E+00   0.164211E+04   0.291336E+06   0.292713E+06   0.291336E+06  -0.460306E-02   0.118444E+06   0.118423E+06   0.166580E-01   0.743768E-05   0.404629E+00  -0.282658E+08
   0.424160E+00   0.287744E+06   0.286081E+06   0.976706E-01   0.976706E-01   0.158313E+04   0.286112E+06   0.287465E+06   0.286112E+06  -0.452053E-02   0.116320E+06   0.116300E+06   0.161052E-01   0.712902E-05   0.404629E+00  -0.274239E+08
   0.429281E+00   0.282634E+06   0.281009E+06   0.936612E-01   0.936612E-01   0.152657E+04   0.281032E+06   0.282362E+06   0.281032E+06  -0.444027E-02   0.114255E+06   0.114235E+06   0.155841E-01   0.683638E-05   0.404629E+00  -0.266156E+08
   0.434402E+00   0.277635E+06   0.276043E+06   0.898482E-01   0.898482E-01   0.147203E+04   0.276062E+06   0.277368E+06   0.276062E+06  -0.436174E-02   0.112234E+06   0.112215E+06   0.151010E-01   0.655808E-05   0.404629E+00  -0.258367E+08
   0.439523E+00   0.272723E+06   0.271161E+06   0.862140E-01   0.862140E-01   0.141922E+04   0.271178E+06   0.272461E+06   0.271178E+06  -0.428458E-02   0.110249E+06   0.110229E+06   0.146565E-01   0.629282E-05   0.404629E+00  -0.250839E+08
   0.444644E+00   0.267889E+06   0.266353E+06   0.827462E-01   0.827462E-01   0.136792E+04   0.266371E+06   0.267631E+06   0.266371E+06  -0.420862E-02   0.108294E+06   0.108275E+06   0.142461E-01   0.603971E-05   0.404629E+00  -0.243554E+08
   0.449766E+00   0.263138E+06   0.261625E+06   0.794382E-01   0.794382E-01   0.131801E+04   0.261646E+06   0.262884E+06   0.261646E+06  -0.413397E-02   0.106374E+06   0.106355E+06   0.138622E-01   0.579826E-05   0.404629E+00  -0.236511E+08
   0.454887E+00   0.258490E+06   0.256999E+06   0.762877E-01   0.762877E-01   0.126947E+04   0.257024E+06   0.258240E+06   0.257024E+06  -0.406094E-02   0.104494E+06   0.104476E+06   0.134964E-01   0.556831E-05   0.404629E+00  -0.229717E+08
   0.460008E+00   0.253969E+06   0.252500E+06   0.732935E-01   0.732935E-01   0.122232E+04   0.252527E+06   0.253722E+06   0.252527E+06  -0.398990E-02   0.102666E+06   0.102648E+06   0.131412E-01   0.534977E-05   0.404628E+00  -0.223185E+08
   0.465129E+00   0.249590E+06   0.248143E+06   0.704522E-01   0.704522E-01   0.117662E+04   0.248172E+06   0.249347E+06   0.248172E+06  -0.392109E-02   0.100896E+06   0.100878E+06   0.127915E-01   0.514239E-05   0.404628E+00  -0.216922E+08
   0.470250E+00   0.245358E+06   0.243934E+06   0.677573E-01   0.677573E-01   0.113242E+04   0.243964E+06   0.245119E+06   0.243964E+06  -0.385460E-02   0.991849E+05   0.991673E+05   0.124450E-01   0.494569E-05   0.404628E+00  -0.210921E+08
   0.475371E+00   0.241268E+06   0.239869E+06   0.652002E-01   0.652002E-01   0.108981E+04   0.239898E+06   0.241033E+06   0.239898E+06  -0.379035E-02   0.975318E+05   0.975145E+05   0.121022E-01   0.475904E-05   0.404628E+00  -0.205171E+08
   0.480492E+00   0.237313E+06   0.235939E+06   0.627717E-01   0.627717E-01   0.104884E+04   0.235965E+06   0.237082E+06   0.235965E+06  -0.372822E-02   0.959331E+05   0.959161E+05   0.117656E-01   0.458179E-05   0.404628E+00  -0.199657E+08
   0.485614E+00   0.233480E+06   0.232131E+06   0.604623E-01   0.604623E-01   0.100958E+04   0.232155E+06   0.233254E+06   0.232155E+06  -0.366801E-02   0.943838E+05   0.943671E+05   0.114388E-01   0.441322E-05   0.404628E+00  -0.194361E+08
   0.490735E+00   0.229753E+06   0.228428E+06   0.582618E-01   0.582618E-01   0.972029E+03   0.228449E+06   0.229530E+06   0.228449E+06  -0.360946E-02   0.928772E+05   0.928608E+05   0.111250E-01   0.425261E-05   0.404628E+00  -0.189263E+08
   0.495856E+00   0.226112E+06   0.224810E+06   0.561604E-01   0.561604E-01   0.936137E+03   0.224829E+06   0.225894E+06   0.224829E+06  -0.355227E-02   0.914055E+05   0.913894E+05   0.108262E-01   0.409923E-05   0.404628E+00  -0.184340E+08
   0.500977E+00   0.222544E+06   0.221264E+06   0.541500E-01   0.541500E-01   0.901849E+03   0.221281E+06   0.222329E+06   0.221281E+06  -0.349621E-02   0.899633E+05   0.899474E+05   0.105431E-01   0.395248E-05   0.404628E+00  -0.179577E+08
   0.506098E+00   0.219045E+06   0.217785E+06   0.522254E-01   0.522254E-01   0.869152E+03   0.217802E+06   0.218834E+06   0.217802E+06  -0.344124E-02   0.885488E+05   0.885332E+05   0.102750E-01   0.381200E-05   0.404628E+00  -0.174965E+08
   0.511219E+00   0.215618E+06   0.214376E+06   0.503833E-01   0.503833E-01   0.838054E+03   0.214394E+06   0.215409E+06   0.214394E+06  -0.338739E-02   0.871631E+05   0.871477E+05   0.100200E-01   0.367755E-05   0.404628E+00  -0.170502E+08
   0.516340E+00   0.212263E+06   0.211040E+06   0.486205E-01   0.486205E-01   0.808578E+03   0.211058E+06   0.212058E+06   0.211058E+06  -0.333469E-02   0.858070E+05   0.857919E+05   0.977583E-02   0.354887E-05   0.404628E+00  -0.166184E+08
   0.521462E+00   0.208985E+06   0.207778E+06   0.469338E-01   0.469338E-01   0.780766E+03   0.207798E+06   0.208782E+06   0.207798E+06  -0.328317E-02   0.844815E+05   0.844666E+05   0.953988E-02   0.342576E-05   0.404628E+00  -0.162010E+08
   0.526583E+00   0.205785E+06   0.204596E+06   0.453207E-01   0.453207E-01   0.754646E+03   0.204616E+06   0.205586E+06   0.204616E+06  -0.323291E-02   0.831880E+05   0.831733E+05   0.931021E-02   0.330801E-05   0.404628E+00  -0.157978E+08
   0.531704E+00   0.202670E+06   0.201499E+06   0.437791E-01   0.437791E-01   0.730242E+03   0.201519E+06   0.202474E+06   0.201519E+06  -0.318397E-02   0.819289E+05   0.819144E+05   0.908570E-02   0.319548E-05   0.404628E+00  -0.154089E+08
   0.536825E+00   0.199642E+06   0.198487E+06   0.423060E-01   0.423060E-01   0.707503E+03   0.198507E+06   0.199448E+06   0.198507E+06  -0.313639E-02   0.807045E+05   0.806902E+05   0.886601E-02   0.308795E-05   0.404628E+00  -0.150338E+08
   0.541946E+00   0.196694E+06   0.195557E+06   0.408973E-01   0.408973E-01   0.686324E+03   0.195577E+06   0.196503E+06   0.195577E+06  -0.309008E-02   0.795130E+05   0.794989E+05   0.865136E-02   0.298514E-05   0.404627E+00  -0.146719E+08
   0.547067E+00   0.193821E+06   0.192701E+06   0.395489E-01   0.395489E-01   0.666533E+03   0.192719E+06   0.193633E+06   0.192719E+06  -0.304494E-02   0.783514E+05   0.783375E+05   0.844238E-02   0.288671E-05   0.404627E+00  -0.143222E+08
   0.559946E+00   0.186893E+06   0.185815E+06   0.364013E-01   0.364013E-01   0.621614E+03   0.185831E+06   0.186712E+06   0.185831E+06  -0.293610E-02   0.755509E+05   0.755375E+05   0.794685E-02   0.265696E-05   0.404627E+00  -0.134926E+08
   0.593872E+00   0.170297E+06   0.169314E+06   0.294875E-01   0.294875E-01   0.517076E+03   0.169329E+06   0.170132E+06   0.169329E+06  -0.267538E-02   0.688421E+05   0.688299E+05   0.684191E-02   0.215233E-05   0.404627E+00  -0.115922E+08
   0.629853E+00   0.155135E+06   0.154240E+06   0.238807E-01   0.238807E-01   0.414845E+03   0.154253E+06   0.154985E+06   0.154253E+06  -0.243718E-02   0.627127E+05   0.627016E+05   0.588040E-02   0.174309E-05   0.404627E+00  -0.995679E+07
   0.879031E+00   0.906871E+05   0.901641E+05   0.716727E-02   0.716727E-02   0.126837E+03   0.901711E+05   0.905993E+05   0.901711E+05  -0.142469E-02   0.366599E+05   0.366533E+05   0.249155E-02   0.523149E-06   0.404626E+00  -0.417052E+07
   0.122679E+01   0.523728E+05   0.520707E+05   0.212512E-02   0.212512E-02   0.389256E+02   0.520747E+05   0.523221E+05   0.520747E+05  -0.822772E-03   0.211715E+05   0.211676E+05   0.105437E-02   0.155117E-06   0.404625E+00  -0.172578E+07
   0.171212E+01   0.299315E+05   0.297586E+05   0.623557E-03   0.623557E-03   0.116252E+02   0.297610E+05   0.299024E+05   0.297610E+05  -0.470219E-03   0.120996E+05   0.120973E+05   0.450636E-03   0.455146E-07   0.404625E+00  -0.706709E+06
   0.238945E+01   0.169528E+05   0.168547E+05   0.181326E-03   0.181326E-03   0.337564E+01   0.168562E+05   0.169363E+05   0.168562E+05  -0.266325E-03   0.685308E+04   0.685166E+04   0.197881E-03   0.132353E-07   0.404624E+00  -0.286806E+06
