#          k/h    CDM            baryon         photon         nu             mass_nu        total          no_nu          total_de       Weyl           v_CDM          v_b            v_b-v_c        ISW            log_grow       pert_vel    
   0.994668E-05   0.405766E+08   0.405766E+08   0.540844E+08   0.540839E+08   0.405797E+08   0.405767E+08   0.405766E+08   0.405911E+08  -0.458307E+00   0.992835E+07   0.992835E+07   0.696562E+01   0.112834E+07   0.489233E+00  -0.998194E+14
   0.109829E-04   0.405728E+08   0.405728E+08   0.540753E+08   0.540748E+08   0.405758E+08   0.405728E+08   0.405728E+08   0.405872E+08  -0.458263E+00   0.992782E+07   0.992782E+07   0.769101E+01   0.925473E+06   0.489177E+00  -0.903964E+14
   0.121272E-04   0.405681E+08   0.405681E+08   0.540643E+08   0.540636E+08   0.405711E+08   0.405681E+08   0.405681E+08   0.405825E+08  -0.458210E+00   0.992719E+07   0.992719E+07   0.849187E+01   0.759083E+06   0.489109E+00  -0.818620E+14
   0.133906E-04   0.405624E+08   0.405624E+08   0.540508E+08   0.540501E+08   0.405654E+08   0.405624E+08   0.405624E+08   0.405768E+08  -0.458145E+00   0.992641E+07   0.992641E+07   0.937603E+01   0.622611E+06   0.489026E+00  -0.741323E+14
   0.147857E-04   0.405554E+08   0.405554E+08   0.540345E+08   0.540335E+08   0.405584E+08   0.405554E+08   0.405554E+08   0.405698E+08  -0.458066E+00   0.992546E+07   0.992546E+07   0.103521E+02   0.510677E+06   0.488925E+00  -0.671313E+14
   0.163261E-04   0.405469E+08   0.405469E+08   0.540145E+08   0.540133E+08   0.405499E+08   0.405469E+08   0.405469E+08   0.405613E+08  -0.457970E+00   0.992431E+07   0.992431E+07   0.114296E+02   0.418868E+06   0.488802E+00  -0.607902E+14
   0.180270E-04   0.405365E+08   0.405365E+08   0.539902E+08   0.539888E+08   0.405395E+08   0.405365E+08   0.405365E+08   0.405509E+08  -0.457853E+00   0.992290E+07   0.992290E+07   0.126191E+02   0.343567E+06   0.488652E+00  -0.550467E+14
   0.199051E-04   0.405239E+08   0.405239E+08   0.539605E+08   0.539588E+08   0.405268E+08   0.405239E+08   0.405239E+08   0.405383E+08  -0.457710E+00   0.992119E+07   0.992119E+07   0.139320E+02   0.281806E+06   0.488470E+00  -0.498443E+14
   0.219788E-04   0.405085E+08   0.405085E+08   0.539245E+08   0.539223E+08   0.405114E+08   0.405085E+08   0.405085E+08   0.405229E+08  -0.457537E+00   0.991910E+07   0.991910E+07   0.153810E+02   0.231148E+06   0.488249E+00  -0.451319E+14
   0.242687E-04   0.404898E+08   0.404898E+08   0.538805E+08   0.538779E+08   0.404927E+08   0.404898E+08   0.404898E+08   0.405042E+08  -0.457326E+00   0.991656E+07   0.991656E+07   0.169802E+02   0.189599E+06   0.487979E+00  -0.408631E+14
   0.267970E-04   0.404671E+08   0.404671E+08   0.538270E+08   0.538239E+08   0.404699E+08   0.404671E+08   0.404671E+08   0.404815E+08  -0.457069E+00   0.991347E+07   0.991347E+07   0.187449E+02   0.155521E+06   0.487652E+00  -0.369960E+14
   0.295888E-04   0.404394E+08   0.404394E+08   0.537619E+08   0.537581E+08   0.404421E+08   0.404394E+08   0.404394E+08   0.404538E+08  -0.456756E+00   0.990970E+07   0.990970E+07   0.206919E+02   0.127569E+06   0.487255E+00  -0.334926E+14
   0.326714E-04   0.404058E+08   0.404058E+08   0.536827E+08   0.536780E+08   0.404084E+08   0.404058E+08   0.404058E+08   0.404201E+08  -0.456376E+00   0.990513E+07   0.990513E+07   0.228397E+02   0.104643E+06   0.486773E+00  -0.303185E+14
   0.360752E-04   0.403649E+08   0.403649E+08   0.535864E+08   0.535807E+08   0.403675E+08   0.403649E+08   0.403649E+08   0.403792E+08  -0.455914E+00   0.989956E+07   0.989956E+07   0.252086E+02   0.858387E+05   0.486189E+00  -0.274425E+14
   0.398336E-04   0.403153E+08   0.403153E+08   0.534693E+08   0.534624E+08   0.403177E+08   0.403153E+08   0.403153E+08   0.403296E+08  -0.455354E+00   0.989280E+07   0.989280E+07   0.278206E+02   0.704148E+05   0.485482E+00  -0.248362E+14
   0.439836E-04   0.402552E+08   0.402552E+08   0.533272E+08   0.533188E+08   0.402574E+08   0.402552E+08   0.402552E+08   0.402694E+08  -0.454675E+00   0.988459E+07   0.988459E+07   0.306998E+02   0.577636E+05   0.484628E+00  -0.224742E+14
   0.485659E-04   0.401823E+08   0.401823E+08   0.531547E+08   0.531445E+08   0.401844E+08   0.401824E+08   0.401823E+08   0.401966E+08  -0.453852E+00   0.987463E+07   0.987462E+07   0.338723E+02   0.473862E+05   0.483598E+00  -0.203332E+14
   0.536256E-04   0.400943E+08   0.400942E+08   0.529457E+08   0.529332E+08   0.400961E+08   0.400943E+08   0.400942E+08   0.401084E+08  -0.452856E+00   0.986256E+07   0.986256E+07   0.373665E+02   0.388738E+05   0.482359E+00  -0.183922E+14
   0.592125E-04   0.399879E+08   0.399879E+08   0.526926E+08   0.526774E+08   0.399895E+08   0.399879E+08   0.399879E+08   0.400020E+08  -0.451655E+00   0.984796E+07   0.984795E+07   0.412129E+02   0.318908E+05   0.480872E+00  -0.166322E+14
   0.653814E-04   0.398597E+08   0.398597E+08   0.523867E+08   0.523683E+08   0.398609E+08   0.398597E+08   0.398597E+08   0.398737E+08  -0.450207E+00   0.983031E+07   0.983030E+07   0.454440E+02   0.261621E+05   0.479095E+00  -0.150359E+14
   0.721930E-04   0.397056E+08   0.397056E+08   0.520176E+08   0.519952E+08   0.397065E+08   0.397056E+08   0.397056E+08   0.397195E+08  -0.448466E+00   0.980904E+07   0.980903E+07   0.500947E+02   0.214619E+05   0.476978E+00  -0.135877E+14
   0.797142E-04   0.395210E+08   0.395209E+08   0.515731E+08   0.515459E+08   0.395213E+08   0.395210E+08   0.395210E+08   0.395348E+08  -0.446380E+00   0.978344E+07   0.978343E+07   0.552014E+02   0.176051E+05   0.474469E+00  -0.122736E+14
   0.880190E-04   0.393004E+08   0.393004E+08   0.510393E+08   0.510064E+08   0.393002E+08   0.393004E+08   0.393004E+08   0.393141E+08  -0.443888E+00   0.975273E+07   0.975271E+07   0.608020E+02   0.144398E+05   0.471513E+00  -0.110807E+14
   0.971891E-04   0.390381E+08   0.390381E+08   0.504001E+08   0.503603E+08   0.390371E+08   0.390381E+08   0.390381E+08   0.390516E+08  -0.440924E+00   0.971600E+07   0.971598E+07   0.669355E+02   0.118414E+05   0.468052E+00  -0.999738E+13
   0.107314E-03   0.387276E+08   0.387276E+08   0.496375E+08   0.495894E+08   0.387257E+08   0.387276E+08   0.387276E+08   0.387409E+08  -0.437416E+00   0.967225E+07   0.967223E+07   0.736405E+02   0.970773E+04   0.464035E+00  -0.901333E+13
   0.118495E-03   0.383622E+08   0.383621E+08   0.487315E+08   0.486734E+08   0.383592E+08   0.383622E+08   0.383622E+08   0.383752E+08  -0.433287E+00   0.962038E+07   0.962036E+07   0.809548E+02   0.795508E+04   0.459413E+00  -0.811912E+13
   0.130840E-03   0.379350E+08   0.379349E+08   0.476602E+08   0.475903E+08   0.379306E+08   0.379350E+08   0.379350E+08   0.379477E+08  -0.428460E+00   0.955922E+07   0.955918E+07   0.889127E+02   0.651480E+04   0.454152E+00  -0.730631E+13
   0.144471E-03   0.374394E+08   0.374393E+08   0.464007E+08   0.463168E+08   0.374334E+08   0.374394E+08   0.374394E+08   0.374518E+08  -0.422860E+00   0.948755E+07   0.948751E+07   0.975439E+02   0.533069E+04   0.448239E+00  -0.656733E+13
   0.159522E-03   0.368695E+08   0.368693E+08   0.449296E+08   0.448292E+08   0.368615E+08   0.368694E+08   0.368694E+08   0.368814E+08  -0.416420E+00   0.940420E+07   0.940415E+07   0.106870E+03   0.435676E+04   0.441684E+00  -0.589543E+13
   0.176142E-03   0.362205E+08   0.362203E+08   0.432242E+08   0.431046E+08   0.362101E+08   0.362204E+08   0.362205E+08   0.362320E+08  -0.409087E+00   0.930807E+07   0.930801E+07   0.116899E+03   0.355542E+04   0.434532E+00  -0.528461E+13
   0.194493E-03   0.354898E+08   0.354895E+08   0.412636E+08   0.411219E+08   0.354764E+08   0.354897E+08   0.354897E+08   0.355007E+08  -0.400829E+00   0.919829E+07   0.919822E+07   0.127626E+03   0.289602E+04   0.426864E+00  -0.472955E+13
   0.214755E-03   0.346771E+08   0.346768E+08   0.390315E+08   0.388646E+08   0.346601E+08   0.346769E+08   0.346770E+08   0.346874E+08  -0.391645E+00   0.907429E+07   0.907420E+07   0.139021E+03   0.235352E+04   0.418800E+00  -0.422556E+13
   0.237129E-03   0.337853E+08   0.337849E+08   0.365176E+08   0.363225E+08   0.337640E+08   0.337851E+08   0.337852E+08   0.337949E+08  -0.381566E+00   0.893592E+07   0.893582E+07   0.151024E+03   0.190755E+04   0.410495E+00  -0.376851E+13
   0.261834E-03   0.328209E+08   0.328205E+08   0.337209E+08   0.334952E+08   0.327944E+08   0.328207E+08   0.328208E+08   0.328297E+08  -0.370667E+00   0.878360E+07   0.878348E+07   0.163542E+03   0.154144E+04   0.402131E+00  -0.335476E+13
   0.289112E-03   0.317941E+08   0.317936E+08   0.306530E+08   0.303947E+08   0.317612E+08   0.317939E+08   0.317940E+08   0.318020E+08  -0.359061E+00   0.861838E+07   0.861823E+07   0.176433E+03   0.124154E+04   0.393904E+00  -0.298108E+13
   0.319233E-03   0.307185E+08   0.307179E+08   0.273412E+08   0.270497E+08   0.306778E+08   0.307182E+08   0.307184E+08   0.307255E+08  -0.346902E+00   0.844197E+07   0.844179E+07   0.189501E+03   0.996639E+03   0.386012E+00  -0.264454E+13
   0.352491E-03   0.296108E+08   0.296100E+08   0.238323E+08   0.235092E+08   0.295607E+08   0.296104E+08   0.296107E+08   0.296168E+08  -0.334379E+00   0.825675E+07   0.825653E+07   0.202489E+03   0.797397E+03   0.378634E+00  -0.234247E+13
   0.389215E-03   0.284895E+08   0.284886E+08   0.201963E+08   0.198458E+08   0.284281E+08   0.284891E+08   0.284894E+08   0.284945E+08  -0.321702E+00   0.806563E+07   0.806538E+07   0.215068E+03   0.636022E+03   0.371919E+00  -0.207235E+13
   0.429764E-03   0.273742E+08   0.273731E+08   0.165282E+08   0.161580E+08   0.272990E+08   0.273736E+08   0.273740E+08   0.273780E+08  -0.309090E+00   0.787192E+07   0.787163E+07   0.226841E+03   0.505950E+03   0.365974E+00  -0.183174E+13
   0.474538E-03   0.262838E+08   0.262825E+08   0.129482E+08   0.125697E+08   0.261919E+08   0.262832E+08   0.262836E+08   0.262866E+08  -0.296760E+00   0.767908E+07   0.767874E+07   0.237345E+03   0.401629E+03   0.360860E+00  -0.161827E+13
   0.523976E-03   0.252357E+08   0.252342E+08   0.959578E+07   0.922414E+07   0.251237E+08   0.252349E+08   0.252354E+08   0.252374E+08  -0.284906E+00   0.749046E+07   0.749007E+07   0.246071E+03   0.318359E+03   0.356589E+00  -0.142958E+13
   0.578566E-03   0.242444E+08   0.242427E+08   0.661777E+07   0.627020E+07   0.241082E+08   0.242435E+08   0.242441E+08   0.242452E+08  -0.273695E+00   0.730908E+07   0.730864E+07   0.252500E+03   0.252178E+03   0.353131E+00  -0.126334E+13
   0.638842E-03   0.233211E+08   0.233191E+08   0.414546E+07   0.383820E+07   0.231556E+08   0.233200E+08   0.233208E+08   0.233211E+08  -0.263252E+00   0.713743E+07   0.713694E+07   0.256150E+03   0.199763E+03   0.350424E+00  -0.111727E+13
   0.705398E-03   0.224731E+08   0.224708E+08   0.226387E+07   0.200731E+07   0.222724E+08   0.224718E+08   0.224727E+08   0.224724E+08  -0.253661E+00   0.697733E+07   0.697679E+07   0.256643E+03   0.158361E+03   0.348380E+00  -0.989158E+12
   0.778888E-03   0.217039E+08   0.217013E+08   0.979672E+06   0.772641E+06   0.214611E+08   0.217023E+08   0.217035E+08   0.217026E+08  -0.244963E+00   0.682991E+07   0.682931E+07   0.253767E+03   0.125708E+03   0.346901E+00  -0.876899E+12
   0.860035E-03   0.210137E+08   0.210108E+08   0.204531E+06   0.296890E+05   0.207205E+08   0.210119E+08   0.210132E+08   0.210119E+08  -0.237160E+00   0.669558E+07   0.669495E+07   0.247520E+03   0.999686E+02   0.345883E+00  -0.778541E+12
   0.949635E-03   0.203999E+08   0.203966E+08  -0.224565E+06  -0.400772E+06   0.200465E+08   0.203976E+08   0.203993E+08   0.203976E+08  -0.230220E+00   0.657418E+07   0.657351E+07   0.238110E+03   0.796692E+02   0.345228E+00  -0.692299E+12
   0.104857E-02   0.198574E+08   0.198539E+08  -0.476990E+06  -0.697053E+06   0.194329E+08   0.198548E+08   0.198568E+08   0.198547E+08  -0.224088E+00   0.646503E+07   0.646432E+07   0.225907E+03   0.636379E+02   0.344846E+00  -0.616568E+12
   0.115781E-02   0.193800E+08   0.193763E+08  -0.638935E+06  -0.940543E+06   0.188715E+08   0.193770E+08   0.193794E+08   0.193768E+08  -0.218691E+00   0.636709E+07   0.636635E+07   0.211368E+03   0.509506E+02   0.344662E+00  -0.549933E+12
   0.127844E-02   0.189605E+08   0.189565E+08  -0.678652E+06  -0.108154E+07   0.183537E+08   0.189569E+08   0.189598E+08   0.189567E+08  -0.213947E+00   0.627904E+07   0.627830E+07   0.195004E+03   0.408840E+02   0.344615E+00  -0.491159E+12
   0.141163E-02   0.185910E+08   0.185869E+08  -0.536819E+06  -0.103960E+07   0.178710E+08   0.185869E+08   0.185903E+08   0.185867E+08  -0.209769E+00   0.619947E+07   0.619871E+07   0.177425E+03   0.328745E+02   0.344656E+00  -0.439179E+12
   0.155869E-02   0.182640E+08   0.182599E+08  -0.279238E+06   0.459510E+06   0.174146E+08   0.182593E+08   0.182633E+08   0.182593E+08  -0.206072E+00   0.612681E+07   0.612606E+07   0.159414E+03   0.264848E+02   0.344749E+00  -0.393079E+12
   0.172108E-02   0.179720E+08   0.179679E+08  -0.892685E+05   0.370863E+06   0.169763E+08   0.179666E+08   0.179713E+08   0.179666E+08  -0.202768E+00   0.605964E+07   0.605891E+07   0.141880E+03   0.213703E+02   0.344870E+00  -0.352089E+12
   0.190039E-02   0.177080E+08   0.177039E+08  -0.356067E+05   0.299713E+06   0.165490E+08   0.177019E+08   0.177073E+08   0.177019E+08  -0.199780E+00   0.599650E+07   0.599579E+07   0.125645E+03   0.172659E+02   0.345002E+00  -0.315546E+12
   0.209838E-02   0.174656E+08   0.174615E+08  -0.115079E+05   0.242458E+06   0.161268E+08   0.174586E+08   0.174649E+08   0.174586E+08  -0.197034E+00   0.593600E+07   0.593530E+07   0.111284E+03   0.139639E+02   0.345131E+00  -0.282890E+12
   0.231699E-02   0.172388E+08   0.172346E+08  -0.182086E+05   0.196281E+06   0.157045E+08   0.172308E+08   0.172381E+08   0.172308E+08  -0.194463E+00   0.587683E+07   0.587614E+07   0.990994E+02   0.113015E+02   0.345252E+00  -0.253645E+12
   0.255838E-02   0.170222E+08   0.170179E+08  -0.101258E+06   0.158966E+06   0.152782E+08   0.170132E+08   0.170215E+08   0.170132E+08  -0.192007E+00   0.581780E+07   0.581712E+07   0.890290E+02   0.915080E+01   0.345359E+00  -0.227405E+12
   0.282492E-02   0.168110E+08   0.168066E+08  -0.121297E+06   0.128766E+06   0.148445E+08   0.168010E+08   0.168103E+08   0.168010E+08  -0.189611E+00   0.575780E+07   0.575711E+07   0.805727E+02   0.741058E+01   0.345453E+00  -0.203825E+12
   0.311923E-02   0.166011E+08   0.165964E+08  -0.100968E+06   0.104294E+06   0.143999E+08   0.165899E+08   0.166003E+08   0.165899E+08  -0.187229E+00   0.569583E+07   0.569515E+07   0.730736E+02   0.600091E+01   0.345531E+00  -0.182607E+12
   0.344419E-02   0.163885E+08   0.163835E+08  -0.543512E+05   0.844461E+05   0.139415E+08   0.163761E+08   0.163877E+08   0.163761E+08  -0.184816E+00   0.563099E+07   0.563031E+07   0.660021E+02   0.485793E+01   0.345596E+00  -0.163495E+12
   0.380302E-02   0.161699E+08   0.161647E+08  -0.347693E+05   0.683384E+05   0.134660E+08   0.161563E+08   0.161690E+08   0.161563E+08  -0.182334E+00   0.556244E+07   0.556176E+07   0.592357E+02   0.393063E+01   0.345648E+00  -0.146266E+12
   0.419923E-02   0.159423E+08   0.159367E+08  -0.349377E+05   0.552617E+05   0.129711E+08   0.159273E+08   0.159414E+08   0.159273E+08  -0.179751E+00   0.548941E+07   0.548874E+07   0.530192E+02   0.317798E+01   0.345689E+00  -0.130726E+12
   0.463671E-02   0.157029E+08   0.156969E+08  -0.431194E+05   0.446447E+05   0.124551E+08   0.156866E+08   0.157019E+08   0.156865E+08  -0.177033E+00   0.541120E+07   0.541054E+07   0.476031E+02   0.256701E+01   0.345719E+00  -0.116705E+12
   0.511978E-02   0.154493E+08   0.154428E+08  -0.266296E+05   0.360258E+05   0.119184E+08   0.154315E+08   0.154482E+08   0.154315E+08  -0.174155E+00   0.532714E+07   0.532649E+07   0.429006E+02   0.207114E+01   0.345739E+00  -0.104052E+12
   0.565317E-02   0.151797E+08   0.151726E+08  -0.107290E+05   0.290325E+05   0.113366E+08   0.151604E+08   0.151785E+08   0.151604E+08  -0.171095E+00   0.523678E+07   0.523613E+07   0.386182E+02   0.166885E+01   0.345750E+00  -0.926359E+11
   0.624213E-02   0.148912E+08   0.148833E+08  -0.603377E+04   0.233594E+05   0.107420E+08   0.148702E+08   0.148899E+08   0.148702E+08  -0.167820E+00   0.513923E+07   0.513858E+07   0.346629E+02   0.134257E+01   0.345755E+00  -0.823327E+11
   0.689245E-02   0.145821E+08   0.145734E+08   0.154534E+05   0.187615E+05   0.101222E+08   0.145596E+08   0.145807E+08   0.145596E+08  -0.164314E+00   0.503409E+07   0.503345E+07   0.311640E+02   0.107816E+01   0.345753E+00  -0.730389E+11
   0.761052E-02   0.142509E+08   0.142411E+08   0.121074E+05   0.150384E+05   0.948560E+07   0.142267E+08   0.142493E+08   0.142267E+08  -0.160558E+00   0.492086E+07   0.492022E+07   0.280763E+02   0.864097E+00   0.345745E+00  -0.646596E+11
   0.840340E-02   0.138958E+08   0.138848E+08  -0.254996E+04   0.120269E+05   0.884086E+07   0.138701E+08   0.138940E+08   0.138701E+08  -0.156533E+00   0.479903E+07   0.479839E+07   0.252792E+02   0.690966E+00   0.345734E+00  -0.571090E+11
   0.927889E-02   0.135155E+08   0.135029E+08   0.763298E+04   0.959419E+04   0.818776E+07   0.134881E+08   0.135134E+08   0.134882E+08  -0.152222E+00   0.466817E+07   0.466754E+07   0.227949E+02   0.551134E+00   0.345719E+00  -0.503103E+11
   0.102456E-01   0.131084E+08   0.130941E+08   0.121774E+03   0.763193E+04   0.752614E+07   0.130796E+08   0.131060E+08   0.130796E+08  -0.147612E+00   0.452788E+07   0.452724E+07   0.205847E+02   0.438358E+00   0.345701E+00  -0.441940E+11
   0.113130E-01   0.126734E+08   0.126570E+08   0.249353E+04   0.605173E+04   0.686285E+07   0.126431E+08   0.126706E+08   0.126431E+08  -0.142686E+00   0.437771E+07   0.437708E+07   0.186161E+02   0.347551E+00   0.345680E+00  -0.386968E+11
   0.124916E-01   0.122091E+08   0.121904E+08   0.225973E+03   0.478158E+04   0.620574E+07   0.121775E+08   0.122059E+08   0.121775E+08  -0.137431E+00   0.421730E+07   0.421667E+07   0.168680E+02   0.274573E+00   0.345657E+00  -0.337615E+11
   0.137930E-01   0.117147E+08   0.116933E+08   0.227942E+04   0.376284E+04   0.556072E+07   0.116820E+08   0.117111E+08   0.116820E+08  -0.131838E+00   0.404637E+07   0.404574E+07   0.153131E+02   0.216046E+00   0.345633E+00  -0.293367E+11
   0.152300E-01   0.111896E+08   0.111651E+08  -0.323717E+04   0.294776E+04   0.493082E+07   0.111559E+08   0.111855E+08   0.111559E+08  -0.125901E+00   0.386475E+07   0.386411E+07   0.139258E+02   0.169228E+00   0.345608E+00  -0.253761E+11
   0.168167E-01   0.106462E+08   0.106183E+08   0.154950E+03   0.230016E+04   0.433098E+07   0.106116E+08   0.106415E+08   0.106116E+08  -0.119759E+00   0.367672E+07   0.367608E+07   0.126919E+02   0.132034E+00   0.345583E+00  -0.218637E+11
   0.185687E-01   0.100633E+08   0.100318E+08   0.648201E+03   0.178314E+04   0.375623E+07   0.100282E+08   0.100580E+08   0.100282E+08  -0.113174E+00   0.347503E+07   0.347438E+07   0.115667E+02   0.102344E+00   0.345557E+00  -0.187145E+11
   0.205033E-01   0.945345E+07   0.941808E+07  -0.230448E+04   0.137376E+04   0.321771E+07   0.941803E+07   0.944751E+07   0.941803E+07  -0.106288E+00   0.326398E+07   0.326334E+07   0.105336E+02   0.788384E-01   0.345532E+00  -0.159194E+11
   0.226393E-01   0.881168E+07   0.877247E+07  -0.835523E+03   0.105013E+04   0.271755E+07   0.877628E+07   0.880509E+07   0.877628E+07  -0.990458E-01   0.304192E+07   0.304127E+07   0.956165E+01   0.602597E-01   0.345507E+00  -0.134364E+11
   0.249980E-01   0.816085E+07   0.811805E+07  -0.567784E+03   0.797593E+03   0.226613E+07   0.812580E+07   0.815367E+07   0.812580E+07  -0.917047E-01   0.281674E+07   0.281610E+07   0.863471E+01   0.457635E-01   0.345482E+00  -0.112679E+11
   0.276023E-01   0.750863E+07   0.746281E+07  -0.584222E+03   0.601814E+03   0.186536E+07   0.747427E+07   0.750094E+07   0.747427E+07  -0.843517E-01   0.259114E+07   0.259050E+07   0.772940E+01   0.345269E-01   0.345459E+00  -0.938736E+10
   0.304780E-01   0.685782E+07   0.680995E+07  -0.480645E+03   0.450756E+03   0.151461E+07   0.682453E+07   0.684978E+07   0.682453E+07  -0.770190E-01   0.236610E+07   0.236547E+07   0.682151E+01   0.258581E-01   0.345437E+00  -0.776324E+10
   0.336533E-01   0.622600E+07   0.617752E+07  -0.219364E+03   0.335602E+03   0.121498E+07   0.619418E+07   0.621786E+07   0.619418E+07  -0.699051E-01   0.214772E+07   0.214712E+07   0.590134E+01   0.192505E-01   0.345417E+00  -0.638184E+10
   0.371593E-01   0.563593E+07   0.558872E+07  -0.603111E+02   0.249147E+03   0.966175E+06   0.560594E+07   0.562800E+07   0.560594E+07  -0.632665E-01   0.194389E+07   0.194334E+07   0.497146E+01   0.142902E-01   0.345397E+00  -0.523118E+10
   0.410307E-01   0.510204E+07   0.505824E+07  -0.115500E+03   0.184985E+03   0.764199E+06   0.507419E+07   0.509468E+07   0.507419E+07  -0.572654E-01   0.175961E+07   0.175911E+07   0.404613E+01   0.106094E-01   0.345380E+00  -0.428848E+10
   0.451338E-01   0.465639E+07   0.461784E+07   0.139534E+03   0.139534E+03   0.609801E+06   0.463080E+07   0.464992E+07   0.463080E+07  -0.522614E-01   0.160588E+07   0.160545E+07   0.323026E+01   0.800276E-02   0.345354E+00  -0.355803E+10
   0.492368E-01   0.430397E+07   0.427153E+07   0.108387E+03   0.108387E+03   0.497138E+06   0.428053E+07   0.429852E+07   0.428053E+07  -0.483084E-01   0.148448E+07   0.148410E+07   0.250894E+01   0.621604E-02   0.345341E+00  -0.301495E+10
   0.533399E-01   0.401998E+07   0.399364E+07   0.862738E+02   0.862738E+02   0.413019E+06   0.399851E+07   0.401556E+07   0.399851E+07  -0.451256E-01   0.138671E+07   0.138640E+07   0.193436E+01   0.494762E-02   0.345330E+00  -0.259976E+10
   0.574430E-01   0.378087E+07   0.375989E+07   0.699762E+02   0.699762E+02   0.348416E+06   0.376112E+07   0.377734E+07   0.376112E+07  -0.424465E-01   0.130441E+07   0.130415E+07   0.150269E+01   0.401283E-02   0.345321E+00  -0.227080E+10
   0.615460E-01   0.356824E+07   0.355136E+07   0.575368E+02   0.575368E+02   0.297364E+06   0.354994E+07   0.356540E+07   0.354994E+07  -0.400632E-01   0.123120E+07   0.123097E+07   0.120070E+01   0.329938E-02   0.345313E+00  -0.200046E+10
   0.656491E-01   0.336790E+07   0.335363E+07   0.477343E+02   0.477343E+02   0.255838E+06   0.335079E+07   0.336550E+07   0.335079E+07  -0.378157E-01   0.116215E+07   0.116195E+07   0.100727E+01   0.273718E-02   0.345307E+00  -0.177025E+10
   0.697522E-01   0.316979E+07   0.315668E+07   0.397971E+02   0.397971E+02   0.221133E+06   0.315364E+07   0.316759E+07   0.315364E+07  -0.355908E-01   0.109379E+07   0.109360E+07   0.896326E+00   0.228199E-02   0.345301E+00  -0.156812E+10
   0.738552E-01   0.297558E+07   0.296241E+07   0.333214E+02   0.333214E+02   0.191968E+06   0.296020E+07   0.297337E+07   0.296020E+07  -0.334077E-01   0.102671E+07   0.102652E+07   0.841879E+00   0.191064E-02   0.345296E+00  -0.139018E+10
   0.779583E-01   0.277899E+07   0.276497E+07   0.279275E+02   0.279275E+02   0.166816E+06   0.276428E+07   0.277663E+07   0.276428E+07  -0.311966E-01   0.958771E+06   0.958580E+06   0.817041E+00   0.160133E-02   0.345292E+00  -0.122986E+10
   0.820614E-01   0.258961E+07   0.257439E+07   0.234837E+02   0.234837E+02   0.145415E+06   0.257550E+07   0.258706E+07   0.257550E+07  -0.290661E-01   0.893305E+06   0.893108E+06   0.802137E+00   0.134651E-02   0.345289E+00  -0.108858E+10
   0.861644E-01   0.241266E+07   0.239633E+07   0.198419E+02   0.198419E+02   0.127320E+06   0.239912E+07   0.240992E+07   0.239912E+07  -0.270755E-01   0.832136E+06   0.831934E+06   0.782236E+00   0.113769E-02   0.345285E+00  -0.965750E+09
   0.912856E-01   0.221587E+07   0.219879E+07   0.162336E+02   0.162336E+02   0.108805E+06   0.220305E+07   0.221301E+07   0.220305E+07  -0.248627E-01   0.764139E+06   0.763937E+06   0.737898E+00   0.930793E-03   0.345282E+00  -0.837080E+09
   0.964067E-01   0.205175E+07   0.203492E+07   0.134756E+02   0.134756E+02   0.942213E+05   0.203967E+07   0.204892E+07   0.203967E+07  -0.230189E-01   0.707477E+06   0.707284E+06   0.668835E+00   0.772652E-03   0.345279E+00  -0.733840E+09
   0.101528E+00   0.192230E+07   0.190674E+07   0.113841E+02   0.113841E+02   0.829042E+05   0.191099E+07   0.191969E+07   0.191099E+07  -0.215667E-01   0.662848E+06   0.662671E+06   0.581617E+00   0.652728E-03   0.345277E+00  -0.652868E+09
   0.106649E+00   0.182282E+07   0.180923E+07   0.978417E+01   0.978417E+01   0.740696E+05   0.181227E+07   0.182054E+07   0.181227E+07  -0.204526E-01   0.628608E+06   0.628451E+06   0.488178E+00   0.560995E-03   0.345274E+00  -0.589414E+09
   0.111770E+00   0.174352E+07   0.173217E+07   0.852194E+01   0.852194E+01   0.668973E+05   0.173369E+07   0.174162E+07   0.173369E+07  -0.195658E-01   0.601352E+06   0.601217E+06   0.401050E+00   0.488625E-03   0.345272E+00  -0.538025E+09
   0.116891E+00   0.167385E+07   0.166453E+07   0.748141E+01   0.748141E+01   0.607064E+05   0.166466E+07   0.167228E+07   0.166466E+07  -0.187867E-01   0.577407E+06   0.577292E+06   0.329901E+00   0.428965E-03   0.345271E+00  -0.493971E+09
   0.122012E+00   0.160555E+07   0.159771E+07   0.658714E+01   0.658714E+01   0.550367E+05   0.159690E+07   0.160423E+07   0.159690E+07  -0.180220E-01   0.553907E+06   0.553804E+06   0.279601E+00   0.377693E-03   0.345269E+00  -0.453978E+09
   0.127134E+00   0.153378E+07   0.152672E+07   0.579622E+01   0.579622E+01   0.496503E+05   0.152558E+07   0.153260E+07   0.152558E+07  -0.172171E-01   0.529170E+06   0.529075E+06   0.249887E+00   0.332346E-03   0.345268E+00  -0.416234E+09
   0.132255E+00   0.145722E+07   0.145026E+07   0.508851E+01   0.508851E+01   0.444899E+05   0.144937E+07   0.145605E+07   0.144937E+07  -0.163570E-01   0.502738E+06   0.502644E+06   0.236411E+00   0.291769E-03   0.345266E+00  -0.380131E+09
   0.137376E+00   0.137741E+07   0.137009E+07   0.445750E+01   0.445750E+01   0.396153E+05   0.136985E+07   0.137618E+07   0.136985E+07  -0.154596E-01   0.475160E+06   0.475064E+06   0.232592E+00   0.255588E-03   0.345265E+00  -0.345884E+09
   0.142497E+00   0.129778E+07   0.128991E+07   0.390287E+01   0.390287E+01   0.351369E+05   0.129049E+07   0.129646E+07   0.129049E+07  -0.145639E-01   0.447635E+06   0.447536E+06   0.231647E+00   0.223787E-03   0.345264E+00  -0.314136E+09
   0.147618E+00   0.122271E+07   0.121437E+07   0.342596E+01   0.342596E+01   0.311624E+05   0.121567E+07   0.122131E+07   0.121567E+07  -0.137196E-01   0.421688E+06   0.421587E+06   0.228237E+00   0.196442E-03   0.345263E+00  -0.285660E+09
   0.152739E+00   0.115633E+07   0.114780E+07   0.302607E+01   0.302607E+01   0.277587E+05   0.114956E+07   0.115490E+07   0.114956E+07  -0.129735E-01   0.398758E+06   0.398658E+06   0.219390E+00   0.173513E-03   0.345262E+00  -0.261070E+09
   0.157860E+00   0.110094E+07   0.109260E+07   0.269712E+01   0.269712E+01   0.249177E+05   0.109445E+07   0.109954E+07   0.109445E+07  -0.123515E-01   0.379642E+06   0.379546E+06   0.204601E+00   0.154650E-03   0.345261E+00  -0.240491E+09
   0.162982E+00   0.105612E+07   0.104832E+07   0.242736E+01   0.242736E+01   0.225600E+05   0.104992E+07   0.105481E+07   0.104992E+07  -0.118490E-01   0.364198E+06   0.364108E+06   0.185328E+00   0.139182E-03   0.345260E+00  -0.223459E+09
   0.168103E+00   0.101956E+07   0.101252E+07   0.220291E+01   0.220291E+01   0.205720E+05   0.101365E+07   0.101838E+07   0.101365E+07  -0.114397E-01   0.351617E+06   0.351534E+06   0.164175E+00   0.126312E-03   0.345260E+00  -0.209167E+09
   0.173224E+00   0.988328E+06   0.982120E+06   0.201124E+01   0.201124E+01   0.188455E+05   0.982702E+06   0.987285E+06   0.982702E+06  -0.110904E-01   0.340881E+06   0.340806E+06   0.143990E+00   0.115323E-03   0.345259E+00  -0.196786E+09
   0.178345E+00   0.959457E+06   0.953989E+06   0.184215E+01   0.184215E+01   0.172916E+05   0.954085E+06   0.958539E+06   0.954085E+06  -0.107674E-01   0.330954E+06   0.330886E+06   0.127052E+00   0.105627E-03   0.345258E+00  -0.185570E+09
   0.183466E+00   0.930193E+06   0.925261E+06   0.168776E+01   0.168776E+01   0.158430E+05   0.925042E+06   0.929365E+06   0.925042E+06  -0.104397E-01   0.320880E+06   0.320817E+06   0.114574E+00   0.967747E-04   0.345258E+00  -0.174900E+09
   0.188587E+00   0.898754E+06   0.894106E+06   0.154339E+01   0.154339E+01   0.144639E+05   0.893793E+06   0.897974E+06   0.893793E+06  -0.100870E-01   0.310041E+06   0.309981E+06   0.106610E+00   0.884965E-04   0.345257E+00  -0.164403E+09
   0.193708E+00   0.864961E+06   0.860369E+06   0.140783E+01   0.140783E+01   0.131507E+05   0.860163E+06   0.864190E+06   0.860163E+06  -0.970746E-02   0.298377E+06   0.298317E+06   0.102287E+00   0.807234E-04   0.345256E+00  -0.154034E+09
   0.198830E+00   0.829923E+06   0.825227E+06   0.128204E+01   0.128204E+01   0.119208E+05   0.825267E+06   0.829135E+06   0.825267E+06  -0.931364E-02   0.286273E+06   0.286213E+06   0.100186E+00   0.735106E-04   0.345256E+00  -0.143979E+09
   0.203951E+00   0.795178E+06   0.790319E+06   0.116736E+01   0.116736E+01   0.107937E+05   0.790654E+06   0.794362E+06   0.790654E+06  -0.892301E-02   0.274267E+06   0.274207E+06   0.987681E-01   0.669352E-04   0.345255E+00  -0.134477E+09
   0.209072E+00   0.762223E+06   0.757235E+06   0.106476E+01   0.106476E+01   0.978505E+04   0.757829E+06   0.761386E+06   0.757829E+06  -0.855256E-02   0.262882E+06   0.262821E+06   0.967632E-01   0.610519E-04   0.345255E+00  -0.125737E+09
   0.214193E+00   0.732338E+06   0.727322E+06   0.974628E+00   0.974628E+00   0.890442E+04   0.728076E+06   0.731496E+06   0.728076E+06  -0.821679E-02   0.252562E+06   0.252502E+06   0.934260E-01   0.558837E-04   0.345254E+00  -0.117913E+09
   0.219314E+00   0.706296E+06   0.701384E+06   0.896569E+00   0.896569E+00   0.815303E+04   0.702171E+06   0.705471E+06   0.702171E+06  -0.792443E-02   0.243576E+06   0.243518E+06   0.886006E-01   0.514077E-04   0.345254E+00  -0.111062E+09
   0.224435E+00   0.684090E+06   0.679404E+06   0.829218E+00   0.829218E+00   0.752220E+04   0.680105E+06   0.683303E+06   0.680105E+06  -0.767540E-02   0.235922E+06   0.235866E+06   0.826214E-01   0.475456E-04   0.345254E+00  -0.105118E+09
   0.229556E+00   0.665011E+06   0.660632E+06   0.770561E+00   0.770561E+00   0.699507E+04   0.661166E+06   0.664276E+06   0.661166E+06  -0.746166E-02   0.229352E+06   0.229300E+06   0.761220E-01   0.441821E-04   0.345253E+00  -0.999108E+08
   0.234678E+00   0.647982E+06   0.643935E+06   0.718458E+00   0.718458E+00   0.655131E+04   0.644270E+06   0.647302E+06   0.644270E+06  -0.727098E-02   0.223491E+06   0.223442E+06   0.698143E-01   0.411944E-04   0.345253E+00  -0.952332E+08
   0.239799E+00   0.631854E+06   0.628108E+06   0.671009E+00   0.671009E+00   0.616982E+04   0.628267E+06   0.631225E+06   0.628267E+06  -0.709038E-02   0.217940E+06   0.217893E+06   0.642935E-01   0.384736E-04   0.345253E+00  -0.908845E+08
   0.244920E+00   0.615654E+06   0.612140E+06   0.626772E+00   0.626772E+00   0.583150E+04   0.612181E+06   0.615064E+06   0.612181E+06  -0.690884E-02   0.212359E+06   0.212315E+06   0.599076E-01   0.359371E-04   0.345252E+00  -0.867059E+08
   0.250041E+00   0.598814E+06   0.595444E+06   0.584920E+00   0.584920E+00   0.552171E+04   0.595443E+06   0.598248E+06   0.595443E+06  -0.671994E-02   0.206553E+06   0.206511E+06   0.567178E-01   0.335373E-04   0.345252E+00  -0.826080E+08
   0.255162E+00   0.581271E+06   0.577962E+06   0.545216E+00   0.545216E+00   0.523160E+04   0.577992E+06   0.580715E+06   0.577992E+06  -0.652299E-02   0.200500E+06   0.200458E+06   0.545363E-01   0.312608E-04   0.345252E+00  -0.785776E+08
   0.260283E+00   0.563349E+06   0.560044E+06   0.507802E+00   0.507802E+00   0.495754E+04   0.560154E+06   0.562794E+06   0.560154E+06  -0.632168E-02   0.194312E+06   0.194271E+06   0.530154E-01   0.291156E-04   0.345252E+00  -0.746542E+08
   0.265404E+00   0.545562E+06   0.542234E+06   0.472955E+00   0.472955E+00   0.469900E+04   0.542446E+06   0.545003E+06   0.542446E+06  -0.612184E-02   0.188170E+06   0.188129E+06   0.517582E-01   0.271177E-04   0.345251E+00  -0.708993E+08
   0.270526E+00   0.528468E+06   0.525125E+06   0.440939E+00   0.440939E+00   0.445723E+04   0.525430E+06   0.527907E+06   0.525430E+06  -0.592980E-02   0.182267E+06   0.182226E+06   0.504217E-01   0.252820E-04   0.345251E+00  -0.673751E+08
   0.275647E+00   0.512559E+06   0.509233E+06   0.411910E+00   0.411910E+00   0.423340E+04   0.509597E+06   0.512000E+06   0.509597E+06  -0.575112E-02   0.176775E+06   0.176735E+06   0.487872E-01   0.236176E-04   0.345251E+00  -0.641310E+08
   0.280768E+00   0.498126E+06   0.494860E+06   0.385837E+00   0.385837E+00   0.402733E+04   0.495242E+06   0.497578E+06   0.495242E+06  -0.558911E-02   0.171795E+06   0.171756E+06   0.467855E-01   0.221227E-04   0.345251E+00  -0.611876E+08
   0.285889E+00   0.485181E+06   0.482019E+06   0.362469E+00   0.362469E+00   0.383658E+04   0.482375E+06   0.484650E+06   0.482375E+06  -0.544390E-02   0.167332E+06   0.167294E+06   0.444807E-01   0.207829E-04   0.345251E+00  -0.585303E+08
   0.291010E+00   0.473497E+06   0.470468E+06   0.341407E+00   0.341407E+00   0.365708E+04   0.470768E+06   0.472989E+06   0.470768E+06  -0.531290E-02   0.163306E+06   0.163269E+06   0.420271E-01   0.195754E-04   0.345250E+00  -0.561168E+08
   0.296131E+00   0.462715E+06   0.459830E+06   0.322201E+00   0.322201E+00   0.348443E+04   0.460059E+06   0.462230E+06   0.460059E+06  -0.519205E-02   0.159591E+06   0.159556E+06   0.396128E-01   0.184742E-04   0.345250E+00  -0.538919E+08
   0.301252E+00   0.452441E+06   0.449693E+06   0.304435E+00   0.304435E+00   0.331478E+04   0.449856E+06   0.451980E+06   0.449856E+06  -0.507690E-02   0.156052E+06   0.156018E+06   0.374054E-01   0.174557E-04   0.345250E+00  -0.518010E+08
   0.306374E+00   0.442328E+06   0.439694E+06   0.287770E+00   0.287770E+00   0.314576E+04   0.439809E+06   0.441886E+06   0.439809E+06  -0.496352E-02   0.152566E+06   0.152534E+06   0.355132E-01   0.165001E-04   0.345250E+00  -0.497976E+08
   0.311495E+00   0.432143E+06   0.429592E+06   0.271977E+00   0.271977E+00   0.297662E+04   0.429685E+06   0.431714E+06   0.429685E+06  -0.484926E-02   0.149055E+06   0.149023E+06   0.339693E-01   0.155947E-04   0.345250E+00  -0.478515E+08
   0.316616E+00   0.421816E+06   0.419319E+06   0.256959E+00   0.256959E+00   0.280839E+04   0.419416E+06   0.421397E+06   0.419416E+06  -0.473337E-02   0.145492E+06   0.145461E+06   0.327371E-01   0.147336E-04   0.345250E+00  -0.459524E+08
   0.321737E+00   0.411432E+06   0.408965E+06   0.242715E+00   0.242715E+00   0.264329E+04   0.409085E+06   0.411018E+06   0.409085E+06  -0.461678E-02   0.141909E+06   0.141878E+06   0.317310E-01   0.139169E-04   0.345250E+00  -0.441071E+08
   0.326858E+00   0.401165E+06   0.398717E+06   0.229296E+00   0.229296E+00   0.248402E+04   0.398869E+06   0.400754E+06   0.398869E+06  -0.450148E-02   0.138365E+06   0.138335E+06   0.308446E-01   0.131475E-04   0.345250E+00  -0.423319E+08
   0.331979E+00   0.391211E+06   0.388781E+06   0.216757E+00   0.216757E+00   0.233324E+04   0.388964E+06   0.390803E+06   0.388964E+06  -0.438970E-02   0.134929E+06   0.134900E+06   0.299789E-01   0.124285E-04   0.345249E+00  -0.406439E+08
   0.337100E+00   0.381737E+06   0.379334E+06   0.205128E+00   0.205128E+00   0.219306E+04   0.379540E+06   0.381334E+06   0.379540E+06  -0.428334E-02   0.131660E+06   0.131631E+06   0.290636E-01   0.117617E-04   0.345249E+00  -0.390566E+08
   0.342222E+00   0.372851E+06   0.370488E+06   0.194400E+00   0.194400E+00   0.206508E+04   0.370701E+06   0.372454E+06   0.370701E+06  -0.418359E-02   0.128594E+06   0.128566E+06   0.280679E-01   0.111466E-04   0.345249E+00  -0.375763E+08
   0.347343E+00   0.364577E+06   0.362268E+06   0.184522E+00   0.184522E+00   0.195006E+04   0.362475E+06   0.364189E+06   0.362475E+06  -0.409075E-02   0.125741E+06   0.125712E+06   0.269992E-01   0.105802E-04   0.345249E+00  -0.362007E+08
   0.352464E+00   0.356857E+06   0.354614E+06   0.175406E+00   0.175406E+00   0.184803E+04   0.354802E+06   0.356480E+06   0.354802E+06  -0.400416E-02   0.123079E+06   0.123052E+06   0.258929E-01   0.100574E-04   0.345249E+00  -0.349196E+08
   0.357585E+00   0.349577E+06   0.347404E+06   0.166943E+00   0.166943E+00   0.175819E+04   0.347568E+06   0.349212E+06   0.347568E+06  -0.392251E-02   0.120569E+06   0.120543E+06   0.247982E-01   0.957216E-05   0.345249E+00  -0.337177E+08
   0.362706E+00   0.342601E+06   0.340497E+06   0.159026E+00   0.159026E+00   0.167914E+04   0.340636E+06   0.342248E+06   0.340636E+06  -0.384428E-02   0.118165E+06   0.118139E+06   0.237632E-01   0.911819E-05   0.345249E+00  -0.325787E+08
   0.367827E+00   0.335806E+06   0.333764E+06   0.151563E+00   0.151563E+00   0.160911E+04   0.333883E+06   0.335463E+06   0.333883E+06  -0.376807E-02   0.115822E+06   0.115797E+06   0.228227E-01   0.869027E-05   0.345249E+00  -0.314882E+08
   0.372948E+00   0.329098E+06   0.327108E+06   0.144485E+00   0.144485E+00   0.154611E+04   0.327215E+06   0.328763E+06   0.327215E+06  -0.369282E-02   0.113509E+06   0.113485E+06   0.219920E-01   0.828441E-05   0.345249E+00  -0.304356E+08
   0.378070E+00   0.322429E+06   0.320480E+06   0.137749E+00   0.137749E+00   0.148837E+04   0.320584E+06   0.322102E+06   0.320584E+06  -0.361799E-02   0.111209E+06   0.111185E+06   0.212661E-01   0.789814E-05   0.345249E+00  -0.294150E+08
   0.383191E+00   0.315807E+06   0.313890E+06   0.131337E+00   0.131337E+00   0.143451E+04   0.313999E+06   0.315485E+06   0.313999E+06  -0.354367E-02   0.108925E+06   0.108901E+06   0.206245E-01   0.753050E-05   0.345248E+00  -0.284257E+08
   0.388312E+00   0.309286E+06   0.307395E+06   0.125254E+00   0.125254E+00   0.138372E+04   0.307513E+06   0.308968E+06   0.307513E+06  -0.347047E-02   0.106675E+06   0.106651E+06   0.200390E-01   0.718171E-05   0.345248E+00  -0.274714E+08
   0.393433E+00   0.302931E+06   0.301064E+06   0.119506E+00   0.119506E+00   0.133559E+04   0.301192E+06   0.302618E+06   0.301192E+06  -0.339913E-02   0.104482E+06   0.104459E+06   0.194805E-01   0.685217E-05   0.345248E+00  -0.265565E+08
   0.398554E+00   0.296794E+06   0.294953E+06   0.114095E+00   0.114095E+00   0.128994E+04   0.295088E+06   0.296485E+06   0.295088E+06  -0.333025E-02   0.102365E+06   0.102342E+06   0.189256E-01   0.654190E-05   0.345248E+00  -0.256840E+08
   0.403675E+00   0.290911E+06   0.289099E+06   0.109013E+00   0.109013E+00   0.124673E+04   0.289237E+06   0.290606E+06   0.289237E+06  -0.326422E-02   0.100335E+06   0.100313E+06   0.183613E-01   0.625053E-05   0.345248E+00  -0.248554E+08
   0.408796E+00   0.285300E+06   0.283521E+06   0.104249E+00   0.104249E+00   0.120586E+04   0.283658E+06   0.285001E+06   0.283658E+06  -0.320126E-02   0.983998E+05   0.983780E+05   0.177854E-01   0.597735E-05   0.345248E+00  -0.240706E+08
   0.413918E+00   0.279957E+06   0.278216E+06   0.997809E-01   0.997809E-01   0.116716E+04   0.278347E+06   0.279665E+06   0.278347E+06  -0.314131E-02   0.965573E+05   0.965359E+05   0.172050E-01   0.572119E-05   0.345248E+00  -0.233276E+08
   0.419039E+00   0.274847E+06   0.273145E+06   0.955802E-01   0.955802E-01   0.113025E+04   0.273267E+06   0.274561E+06   0.273267E+06  -0.308398E-02   0.947951E+05   0.947742E+05   0.166321E-01   0.548033E-05   0.345248E+00  -0.226220E+08
   0.424160E+00   0.269918E+06   0.268255E+06   0.916136E-01   0.916136E-01   0.109471E+04   0.268368E+06   0.269638E+06   0.268368E+06  -0.302869E-02   0.930955E+05   0.930750E+05   0.160801E-01   0.525290E-05   0.345248E+00  -0.219482E+08
   0.429281E+00   0.265124E+06   0.263498E+06   0.878529E-01   0.878529E-01   0.106013E+04   0.263603E+06   0.264851E+06   0.263603E+06  -0.297492E-02   0.914426E+05   0.914226E+05   0.155597E-01   0.503728E-05   0.345248E+00  -0.213013E+08
   0.434402E+00   0.260434E+06   0.258842E+06   0.842764E-01   0.842764E-01   0.102620E+04   0.258941E+06   0.260167E+06   0.258941E+06  -0.292230E-02   0.898254E+05   0.898057E+05   0.150773E-01   0.483221E-05   0.345248E+00  -0.206779E+08
   0.439523E+00   0.255827E+06   0.254265E+06   0.808676E-01   0.808676E-01   0.992659E+03   0.254360E+06   0.255565E+06   0.254360E+06  -0.287061E-02   0.882363E+05   0.882170E+05   0.146334E-01   0.463677E-05   0.345248E+00  -0.200755E+08
   0.444644E+00   0.251292E+06   0.249756E+06   0.776148E-01   0.776148E-01   0.959311E+03   0.249851E+06   0.251034E+06   0.249851E+06  -0.281972E-02   0.866721E+05   0.866532E+05   0.142236E-01   0.445027E-05   0.345248E+00  -0.194925E+08
   0.449766E+00   0.246836E+06   0.245323E+06   0.745119E-01   0.745119E-01   0.926048E+03   0.245419E+06   0.246582E+06   0.245419E+06  -0.276970E-02   0.851348E+05   0.851162E+05   0.138403E-01   0.427236E-05   0.345248E+00  -0.189287E+08
   0.454887E+00   0.242476E+06   0.240985E+06   0.715568E-01   0.715568E-01   0.892821E+03   0.241083E+06   0.242226E+06   0.241083E+06  -0.272077E-02   0.836309E+05   0.836125E+05   0.134751E-01   0.410293E-05   0.345248E+00  -0.183850E+08
   0.460008E+00   0.238235E+06   0.236766E+06   0.687483E-01   0.687483E-01   0.859688E+03   0.236866E+06   0.237988E+06   0.236866E+06  -0.267318E-02   0.821678E+05   0.821497E+05   0.131205E-01   0.394190E-05   0.345248E+00  -0.178623E+08
   0.465129E+00   0.234127E+06   0.232680E+06   0.660832E-01   0.660832E-01   0.826759E+03   0.232781E+06   0.233884E+06   0.232781E+06  -0.262708E-02   0.807508E+05   0.807330E+05   0.127713E-01   0.378910E-05   0.345248E+00  -0.173610E+08
   0.470250E+00   0.230157E+06   0.228733E+06   0.635554E-01   0.635554E-01   0.794220E+03   0.228834E+06   0.229918E+06   0.228834E+06  -0.258253E-02   0.793815E+05   0.793640E+05   0.124254E-01   0.364416E-05   0.345248E+00  -0.168807E+08
   0.475371E+00   0.226321E+06   0.224922E+06   0.611569E-01   0.611569E-01   0.762309E+03   0.225020E+06   0.226086E+06   0.225020E+06  -0.253948E-02   0.780585E+05   0.780413E+05   0.120831E-01   0.350664E-05   0.345248E+00  -0.164205E+08
   0.480492E+00   0.222611E+06   0.221236E+06   0.588790E-01   0.588790E-01   0.731272E+03   0.221331E+06   0.222380E+06   0.221331E+06  -0.249786E-02   0.767790E+05   0.767621E+05   0.117470E-01   0.337603E-05   0.345247E+00  -0.159792E+08
   0.485614E+00   0.219015E+06   0.217666E+06   0.567128E-01   0.567128E-01   0.701344E+03   0.217757E+06   0.218789E+06   0.217757E+06  -0.245752E-02   0.755390E+05   0.755224E+05   0.114206E-01   0.325182E-05   0.345247E+00  -0.155554E+08
   0.490735E+00   0.215519E+06   0.214194E+06   0.546488E-01   0.546488E-01   0.672660E+03   0.214281E+06   0.215296E+06   0.214281E+06  -0.241829E-02   0.743332E+05   0.743169E+05   0.111073E-01   0.313348E-05   0.345247E+00  -0.151473E+08
   0.495856E+00   0.212104E+06   0.210801E+06   0.526777E-01   0.526777E-01   0.645302E+03   0.210885E+06   0.211885E+06   0.210885E+06  -0.237997E-02   0.731554E+05   0.731394E+05   0.108089E-01   0.302046E-05   0.345247E+00  -0.147534E+08
   0.500977E+00   0.208757E+06   0.207476E+06   0.507920E-01   0.507920E-01   0.619294E+03   0.207558E+06   0.208542E+06   0.207558E+06  -0.234242E-02   0.720011E+05   0.719853E+05   0.105262E-01   0.291233E-05   0.345247E+00  -0.143721E+08
   0.506098E+00   0.205475E+06   0.204214E+06   0.489868E-01   0.489868E-01   0.594679E+03   0.204294E+06   0.205263E+06   0.204294E+06  -0.230559E-02   0.708691E+05   0.708535E+05   0.102585E-01   0.280882E-05   0.345247E+00  -0.140030E+08
   0.511219E+00   0.202259E+06   0.201017E+06   0.472589E-01   0.472589E-01   0.571518E+03   0.201097E+06   0.202051E+06   0.201097E+06  -0.226951E-02   0.697600E+05   0.697447E+05   0.100040E-01   0.270975E-05   0.345247E+00  -0.136458E+08
   0.516340E+00   0.199113E+06   0.197889E+06   0.456054E-01   0.456054E-01   0.549895E+03   0.197969E+06   0.198907E+06   0.197969E+06  -0.223420E-02   0.686747E+05   0.686596E+05   0.976015E-02   0.261494E-05   0.345247E+00  -0.133003E+08
   0.521462E+00   0.196037E+06   0.194831E+06   0.440233E-01   0.440233E-01   0.529913E+03   0.194910E+06   0.195835E+06   0.194910E+06  -0.219968E-02   0.676139E+05   0.675990E+05   0.952457E-02   0.252422E-05   0.345247E+00  -0.129662E+08
   0.526583E+00   0.193036E+06   0.191847E+06   0.425102E-01   0.425102E-01   0.511660E+03   0.191926E+06   0.192836E+06   0.191926E+06  -0.216601E-02   0.665787E+05   0.665640E+05   0.929526E-02   0.243746E-05   0.345247E+00  -0.126435E+08
   0.531704E+00   0.190114E+06   0.188942E+06   0.410642E-01   0.410642E-01   0.495195E+03   0.189021E+06   0.189918E+06   0.189021E+06  -0.213322E-02   0.655709E+05   0.655565E+05   0.907109E-02   0.235454E-05   0.345247E+00  -0.123322E+08
   0.536825E+00   0.187273E+06   0.186119E+06   0.396824E-01   0.396824E-01   0.480477E+03   0.186196E+06   0.187079E+06   0.186196E+06  -0.210134E-02   0.645910E+05   0.645768E+05   0.885173E-02   0.227531E-05   0.345247E+00  -0.120320E+08
   0.541946E+00   0.184508E+06   0.183371E+06   0.383612E-01   0.383612E-01   0.467386E+03   0.183447E+06   0.184317E+06   0.183447E+06  -0.207032E-02   0.636374E+05   0.636234E+05   0.863740E-02   0.219955E-05   0.345247E+00  -0.117424E+08
   0.547067E+00   0.181813E+06   0.180693E+06   0.370963E-01   0.370963E-01   0.455704E+03   0.180767E+06   0.181625E+06   0.180767E+06  -0.204007E-02   0.627077E+05   0.626939E+05   0.842873E-02   0.212702E-05   0.345247E+00  -0.114625E+08
   0.559946E+00   0.175314E+06   0.174236E+06   0.341440E-01   0.341440E-01   0.430737E+03   0.174306E+06   0.175133E+06   0.174306E+06  -0.196715E-02   0.604664E+05   0.604531E+05   0.793392E-02   0.195773E-05   0.345247E+00  -0.107986E+08
   0.593872E+00   0.159747E+06   0.158764E+06   0.276589E-01   0.276589E-01   0.367026E+03   0.158828E+06   0.159582E+06   0.158828E+06  -0.179247E-02   0.550971E+05   0.550849E+05   0.683067E-02   0.158591E-05   0.345247E+00  -0.927760E+07
   0.629853E+00   0.145524E+06   0.144629E+06   0.223998E-01   0.223998E-01   0.287302E+03   0.144687E+06   0.145373E+06   0.144687E+06  -0.163288E-02   0.501915E+05   0.501804E+05   0.587061E-02   0.128437E-05   0.345247E+00  -0.796876E+07
   0.879031E+00   0.850688E+05   0.845457E+05   0.672281E-02   0.672281E-02   0.853127E+02   0.845792E+05   0.849810E+05   0.845792E+05  -0.954528E-03   0.293404E+05   0.293339E+05   0.248697E-02   0.385473E-06   0.345246E+00  -0.333781E+07
   0.122679E+01   0.491282E+05   0.488260E+05   0.199334E-02   0.199334E-02   0.265200E+02   0.488453E+05   0.490774E+05   0.488453E+05  -0.551249E-03   0.169444E+05   0.169405E+05   0.105209E-02   0.114295E-06   0.345246E+00  -0.138120E+07
   0.171212E+01   0.280771E+05   0.279043E+05   0.584888E-03   0.584888E-03   0.793618E+01   0.279154E+05   0.280481E+05   0.279154E+05  -0.315042E-03   0.968385E+04   0.968154E+04   0.449394E-03   0.335366E-07   0.345245E+00  -0.565604E+06
   0.238945E+01   0.159025E+05   0.158044E+05   0.170081E-03   0.170081E-03   0.226683E+01   0.158109E+05   0.158860E+05   0.158109E+05  -0.178435E-03   0.548480E+04   0.548339E+04   0.197133E-03   0.975220E-08   0.345244E+00  -0.229541E+06
