#          k/h    CDM            baryon         photon         nu             mass_nu        total          no_nu          total_de       Weyl           v_CDM          v_b            v_b-v_c        ISW            log_grow       pert_vel    
   0.994668E-05   0.207424E+08   0.207424E+08   0.276422E+08   0.276417E+08   0.207448E+08   0.207424E+08   0.207424E+08   0.207498E+08  -0.374903E+00   0.544746E+07   0.544746E+07   0.644882E+01  -0.365383E+06   0.110853E+01  -0.547686E+14
   0.109829E-04   0.207422E+08   0.207422E+08   0.276388E+08   0.276383E+08   0.207446E+08   0.207423E+08   0.207422E+08   0.207496E+08  -0.374900E+00   0.544742E+07   0.544742E+07   0.712045E+01  -0.299439E+06   0.110845E+01  -0.496007E+14
   0.121272E-04   0.207420E+08   0.207420E+08   0.276347E+08   0.276340E+08   0.207444E+08   0.207421E+08   0.207420E+08   0.207494E+08  -0.374896E+00   0.544738E+07   0.544738E+07   0.786198E+01  -0.245352E+06   0.110834E+01  -0.449204E+14
   0.133906E-04   0.207418E+08   0.207418E+08   0.276297E+08   0.276289E+08   0.207442E+08   0.207418E+08   0.207418E+08   0.207492E+08  -0.374892E+00   0.544733E+07   0.544732E+07   0.868065E+01  -0.200990E+06   0.110821E+01  -0.406817E+14
   0.147857E-04   0.207415E+08   0.207415E+08   0.276236E+08   0.276226E+08   0.207438E+08   0.207415E+08   0.207415E+08   0.207489E+08  -0.374886E+00   0.544726E+07   0.544726E+07   0.958449E+01  -0.164605E+06   0.110805E+01  -0.368428E+14
   0.163261E-04   0.207411E+08   0.207411E+08   0.276161E+08   0.276150E+08   0.207435E+08   0.207412E+08   0.207411E+08   0.207485E+08  -0.374880E+00   0.544718E+07   0.544718E+07   0.105823E+02  -0.134762E+06   0.110785E+01  -0.333661E+14
   0.180270E-04   0.207407E+08   0.207407E+08   0.276070E+08   0.276056E+08   0.207430E+08   0.207407E+08   0.207407E+08   0.207481E+08  -0.374872E+00   0.544709E+07   0.544708E+07   0.116838E+02  -0.110284E+06   0.110762E+01  -0.302174E+14
   0.199051E-04   0.207402E+08   0.207402E+08   0.275960E+08   0.275943E+08   0.207424E+08   0.207402E+08   0.207402E+08   0.207475E+08  -0.374862E+00   0.544697E+07   0.544697E+07   0.128997E+02  -0.902086E+05   0.110733E+01  -0.273657E+14
   0.219788E-04   0.207395E+08   0.207395E+08   0.275825E+08   0.275804E+08   0.207417E+08   0.207395E+08   0.207395E+08   0.207469E+08  -0.374850E+00   0.544683E+07   0.544682E+07   0.142419E+02  -0.737425E+05   0.110697E+01  -0.247830E+14
   0.242687E-04   0.207387E+08   0.207387E+08   0.275661E+08   0.275635E+08   0.207409E+08   0.207387E+08   0.207387E+08   0.207461E+08  -0.374835E+00   0.544665E+07   0.544665E+07   0.157232E+02  -0.602374E+05   0.110655E+01  -0.224440E+14
   0.267970E-04   0.207377E+08   0.207377E+08   0.275461E+08   0.275430E+08   0.207399E+08   0.207377E+08   0.207377E+08   0.207451E+08  -0.374818E+00   0.544644E+07   0.544644E+07   0.173581E+02  -0.491608E+05   0.110602E+01  -0.203255E+14
   0.295888E-04   0.207365E+08   0.207365E+08   0.275217E+08   0.275179E+08   0.207386E+08   0.207365E+08   0.207365E+08   0.207439E+08  -0.374796E+00   0.544618E+07   0.544618E+07   0.191622E+02  -0.400762E+05   0.110539E+01  -0.184069E+14
   0.326714E-04   0.207351E+08   0.207351E+08   0.274920E+08   0.274874E+08   0.207371E+08   0.207351E+08   0.207351E+08   0.207424E+08  -0.374769E+00   0.544587E+07   0.544586E+07   0.211527E+02  -0.326255E+05   0.110461E+01  -0.166692E+14
   0.360752E-04   0.207333E+08   0.207333E+08   0.274558E+08   0.274502E+08   0.207352E+08   0.207333E+08   0.207333E+08   0.207407E+08  -0.374737E+00   0.544548E+07   0.544548E+07   0.233487E+02  -0.265149E+05   0.110367E+01  -0.150954E+14
   0.398336E-04   0.207312E+08   0.207312E+08   0.274117E+08   0.274049E+08   0.207329E+08   0.207312E+08   0.207312E+08   0.207385E+08  -0.374698E+00   0.544502E+07   0.544501E+07   0.257706E+02  -0.215037E+05   0.110253E+01  -0.136699E+14
   0.439836E-04   0.207286E+08   0.207285E+08   0.273581E+08   0.273498E+08   0.207302E+08   0.207286E+08   0.207286E+08   0.207359E+08  -0.374650E+00   0.544445E+07   0.544444E+07   0.284413E+02  -0.173944E+05   0.110113E+01  -0.123788E+14
   0.485659E-04   0.207254E+08   0.207254E+08   0.272928E+08   0.272827E+08   0.207268E+08   0.207254E+08   0.207254E+08   0.207327E+08  -0.374592E+00   0.544376E+07   0.544375E+07   0.313853E+02  -0.140248E+05   0.109944E+01  -0.112094E+14
   0.536256E-04   0.207215E+08   0.207215E+08   0.272134E+08   0.272012E+08   0.207227E+08   0.207215E+08   0.207215E+08   0.207288E+08  -0.374521E+00   0.544292E+07   0.544291E+07   0.346294E+02  -0.112623E+05   0.109739E+01  -0.101502E+14
   0.592125E-04   0.207168E+08   0.207168E+08   0.271169E+08   0.271020E+08   0.207177E+08   0.207168E+08   0.207168E+08   0.207240E+08  -0.374435E+00   0.544189E+07   0.544189E+07   0.382027E+02  -0.899792E+04   0.109490E+01  -0.919079E+13
   0.653814E-04   0.207110E+08   0.207110E+08   0.269996E+08   0.269815E+08   0.207117E+08   0.207110E+08   0.207110E+08   0.207183E+08  -0.374331E+00   0.544065E+07   0.544065E+07   0.421364E+02  -0.714236E+04   0.109189E+01  -0.832172E+13
   0.721930E-04   0.207041E+08   0.207040E+08   0.268572E+08   0.268352E+08   0.207043E+08   0.207041E+08   0.207041E+08   0.207112E+08  -0.374203E+00   0.543915E+07   0.543914E+07   0.464640E+02  -0.562250E+04   0.108824E+01  -0.753445E+13
   0.797142E-04   0.206956E+08   0.206956E+08   0.266845E+08   0.266578E+08   0.206953E+08   0.206956E+08   0.206956E+08   0.207027E+08  -0.374049E+00   0.543732E+07   0.543731E+07   0.512210E+02  -0.437837E+04   0.108384E+01  -0.682127E+13
   0.880190E-04   0.206853E+08   0.206853E+08   0.264752E+08   0.264428E+08   0.206845E+08   0.206853E+08   0.206853E+08   0.206924E+08  -0.373861E+00   0.543511E+07   0.543510E+07   0.564449E+02  -0.336091E+04   0.107854E+01  -0.617515E+13
   0.971891E-04   0.206729E+08   0.206728E+08   0.262220E+08   0.261827E+08   0.206713E+08   0.206728E+08   0.206728E+08   0.206798E+08  -0.373634E+00   0.543244E+07   0.543242E+07   0.621747E+02  -0.252992E+04   0.107217E+01  -0.558976E+13
   0.107314E-03   0.206578E+08   0.206577E+08   0.259160E+08   0.258686E+08   0.206553E+08   0.206577E+08   0.206578E+08   0.206647E+08  -0.373359E+00   0.542921E+07   0.542919E+07   0.684500E+02  -0.185255E+04   0.106454E+01  -0.505935E+13
   0.118495E-03   0.206395E+08   0.206394E+08   0.255472E+08   0.254900E+08   0.206360E+08   0.206395E+08   0.206395E+08   0.206463E+08  -0.373026E+00   0.542533E+07   0.542530E+07   0.753104E+02  -0.130196E+04   0.105543E+01  -0.457870E+13
   0.130840E-03   0.206175E+08   0.206174E+08   0.251038E+08   0.250349E+08   0.206127E+08   0.206175E+08   0.206175E+08   0.206242E+08  -0.372624E+00   0.542066E+07   0.542063E+07   0.827939E+02  -0.856217E+03   0.104460E+01  -0.414312E+13
   0.144471E-03   0.205910E+08   0.205909E+08   0.245721E+08   0.244894E+08   0.205846E+08   0.205910E+08   0.205910E+08   0.205975E+08  -0.372141E+00   0.541507E+07   0.541503E+07   0.909351E+02  -0.497462E+03   0.103179E+01  -0.374834E+13
   0.159522E-03   0.205592E+08   0.205591E+08   0.239372E+08   0.238383E+08   0.205509E+08   0.205592E+08   0.205592E+08   0.205656E+08  -0.371561E+00   0.540840E+07   0.540835E+07   0.997625E+02  -0.211129E+03   0.101673E+01  -0.339049E+13
   0.176142E-03   0.205212E+08   0.205210E+08   0.231823E+08   0.230645E+08   0.205105E+08   0.205211E+08   0.205212E+08   0.205273E+08  -0.370867E+00   0.540048E+07   0.540042E+07   0.109295E+03   0.146474E+02   0.999168E+00  -0.306609E+13
   0.194493E-03   0.204759E+08   0.204757E+08   0.222899E+08   0.221503E+08   0.204624E+08   0.204758E+08   0.204759E+08   0.204818E+08  -0.370040E+00   0.539112E+07   0.539105E+07   0.119537E+03   0.189558E+03   0.978839E+00  -0.277198E+13
   0.214755E-03   0.204223E+08   0.204220E+08   0.212422E+08   0.210778E+08   0.204053E+08   0.204221E+08   0.204222E+08   0.204278E+08  -0.369061E+00   0.538013E+07   0.538005E+07   0.130475E+03   0.321554E+03   0.955539E+00  -0.250532E+13
   0.237129E-03   0.203591E+08   0.203587E+08   0.200226E+08   0.198304E+08   0.203379E+08   0.203589E+08   0.203590E+08   0.203643E+08  -0.367909E+00   0.536732E+07   0.536722E+07   0.142066E+03   0.417223E+03   0.929127E+00  -0.226353E+13
   0.261834E-03   0.202853E+08   0.202849E+08   0.186176E+08   0.183953E+08   0.202589E+08   0.202851E+08   0.202853E+08   0.202901E+08  -0.366563E+00   0.535251E+07   0.535239E+07   0.154233E+03   0.482113E+03   0.899562E+00  -0.204431E+13
   0.289112E-03   0.201999E+08   0.201994E+08   0.170201E+08   0.167658E+08   0.201672E+08   0.201997E+08   0.201998E+08   0.202042E+08  -0.365004E+00   0.533556E+07   0.533541E+07   0.166854E+03   0.521001E+03   0.866928E+00  -0.184556E+13
   0.319233E-03   0.201021E+08   0.201014E+08   0.152325E+08   0.149459E+08   0.200618E+08   0.201018E+08   0.201020E+08   0.201058E+08  -0.363219E+00   0.531636E+07   0.531619E+07   0.179753E+03   0.538113E+03   0.831462E+00  -0.166541E+13
   0.352491E-03   0.199913E+08   0.199905E+08   0.132718E+08   0.129545E+08   0.199418E+08   0.199910E+08   0.199912E+08   0.199945E+08  -0.361198E+00   0.529489E+07   0.529469E+07   0.192685E+03   0.537291E+03   0.793562E+00  -0.150218E+13
   0.389215E-03   0.198677E+08   0.198668E+08   0.111743E+08   0.108309E+08   0.198069E+08   0.198673E+08   0.198675E+08   0.198702E+08  -0.358942E+00   0.527121E+07   0.527097E+07   0.205336E+03   0.522096E+03   0.753786E+00  -0.135436E+13
   0.429764E-03   0.197318E+08   0.197307E+08   0.900017E+07   0.863871E+07   0.196574E+08   0.197313E+08   0.197316E+08   0.197336E+08  -0.356463E+00   0.524546E+07   0.524518E+07   0.217313E+03   0.495860E+03   0.712823E+00  -0.122058E+13
   0.474538E-03   0.195849E+08   0.195836E+08   0.683517E+07   0.646788E+07   0.194939E+08   0.195842E+08   0.195847E+08   0.195860E+08  -0.353783E+00   0.521789E+07   0.521757E+07   0.228155E+03   0.461677E+03   0.671456E+00  -0.109960E+13
   0.523976E-03   0.194288E+08   0.194273E+08   0.478795E+07   0.443096E+07   0.193178E+08   0.194280E+08   0.194285E+08   0.194293E+08  -0.350937E+00   0.518885E+07   0.518847E+07   0.237346E+03   0.422364E+03   0.630497E+00  -0.990307E+12
   0.578566E-03   0.192659E+08   0.192641E+08   0.297925E+07   0.265127E+07   0.191308E+08   0.192650E+08   0.192656E+08   0.192657E+08  -0.347968E+00   0.515872E+07   0.515830E+07   0.244353E+03   0.380394E+03   0.590729E+00  -0.891661E+12
   0.638842E-03   0.190989E+08   0.190969E+08   0.152094E+07   0.124033E+07   0.189346E+08   0.190978E+08   0.190986E+08   0.190982E+08  -0.344927E+00   0.512795E+07   0.512747E+07   0.248679E+03   0.337847E+03   0.552847E+00  -0.802712E+12
   0.705398E-03   0.189307E+08   0.189284E+08   0.485820E+06   0.266014E+06   0.187312E+08   0.189294E+08   0.189303E+08   0.189295E+08  -0.341865E+00   0.509694E+07   0.509642E+07   0.249922E+03   0.296367E+03   0.517411E+00  -0.722577E+12
   0.778888E-03   0.187638E+08   0.187612E+08  -0.124093E+06  -0.280177E+06   0.185222E+08   0.187622E+08   0.187634E+08   0.187622E+08  -0.338831E+00   0.506608E+07   0.506550E+07   0.247847E+03   0.257162E+03   0.484822E+00  -0.650436E+12
   0.860035E-03   0.186005E+08   0.185975E+08  -0.394423E+06  -0.498735E+06   0.183085E+08   0.185986E+08   0.186000E+08   0.185985E+08  -0.335865E+00   0.503563E+07   0.503500E+07   0.242426E+03   0.221030E+03   0.455317E+00  -0.585524E+12
   0.949635E-03   0.184424E+08   0.184391E+08  -0.478317E+06  -0.557658E+06   0.180903E+08   0.184401E+08   0.184418E+08   0.184400E+08  -0.332996E+00   0.500577E+07   0.500510E+07   0.233844E+03   0.188417E+03   0.428979E+00  -0.527133E+12
   0.104857E-02   0.182903E+08   0.182868E+08  -0.528377E+06  -0.617293E+06   0.178670E+08   0.182877E+08   0.182897E+08   0.182876E+08  -0.330238E+00   0.497655E+07   0.497585E+07   0.222444E+03   0.159484E+03   0.405763E+00  -0.474609E+12
   0.115781E-02   0.181446E+08   0.181408E+08  -0.607353E+06  -0.735056E+06   0.176372E+08   0.181416E+08   0.181440E+08   0.181414E+08  -0.327595E+00   0.494790E+07   0.494718E+07   0.208661E+03   0.134178E+03   0.385521E+00  -0.427354E+12
   0.127844E-02   0.180048E+08   0.180008E+08  -0.653897E+06  -0.832538E+06   0.173991E+08   0.180013E+08   0.180041E+08   0.180011E+08  -0.325058E+00   0.491966E+07   0.491892E+07   0.192987E+03   0.112304E+03   0.368043E+00  -0.384823E+12
   0.141163E-02   0.178699E+08   0.178658E+08  -0.574219E+06  -0.798212E+06   0.171508E+08   0.178658E+08   0.178692E+08   0.178656E+08  -0.322609E+00   0.489156E+07   0.489081E+07   0.176013E+03   0.935799E+02   0.353075E+00  -0.346523E+12
   0.155869E-02   0.177385E+08   0.177344E+08  -0.397551E+06   0.446289E+06   0.168898E+08   0.177338E+08   0.177378E+08   0.177338E+08  -0.320226E+00   0.486311E+07   0.486237E+07   0.158510E+03   0.776874E+02   0.340342E+00  -0.312002E+12
   0.172108E-02   0.176089E+08   0.176047E+08  -0.273367E+06   0.363369E+06   0.166136E+08   0.176035E+08   0.176082E+08   0.176035E+08  -0.317872E+00   0.483411E+07   0.483338E+07   0.141379E+03   0.642815E+02   0.329582E+00  -0.280879E+12
   0.190039E-02   0.174791E+08   0.174750E+08  -0.245841E+06   0.295838E+06   0.163202E+08   0.174729E+08   0.174784E+08   0.174729E+08  -0.315514E+00   0.480410E+07   0.480338E+07   0.125446E+03   0.530383E+02   0.320534E+00  -0.252798E+12
   0.209838E-02   0.173472E+08   0.173431E+08  -0.200391E+06   0.240815E+06   0.160082E+08   0.173402E+08   0.173465E+08   0.173402E+08  -0.313116E+00   0.477260E+07   0.477190E+07   0.111296E+03   0.436523E+02   0.312958E+00  -0.227445E+12
   0.231699E-02   0.172110E+08   0.172068E+08  -0.150791E+06   0.195964E+06   0.156761E+08   0.172030E+08   0.172103E+08   0.172030E+08  -0.310639E+00   0.473907E+07   0.473838E+07   0.992510E+02   0.358470E+02   0.306634E+00  -0.204538E+12
   0.255838E-02   0.170684E+08   0.170641E+08  -0.171516E+06   0.159397E+06   0.153232E+08   0.170594E+08   0.170677E+08   0.170594E+08  -0.308045E+00   0.470308E+07   0.470239E+07   0.892707E+02   0.293773E+02   0.301372E+00  -0.183833E+12
   0.282492E-02   0.169173E+08   0.169128E+08  -0.153626E+06   0.129580E+06   0.149488E+08   0.169072E+08   0.169166E+08   0.169072E+08  -0.305297E+00   0.466414E+07   0.466345E+07   0.808748E+02   0.240295E+02   0.297003E+00  -0.165109E+12
   0.311923E-02   0.167558E+08   0.167511E+08  -0.131087E+06   0.105266E+06   0.145520E+08   0.167446E+08   0.167550E+08   0.167446E+08  -0.302360E+00   0.462180E+07   0.462111E+07   0.734177E+02   0.196197E+02   0.293383E+00  -0.148173E+12
   0.344419E-02   0.165821E+08   0.165771E+08  -0.100039E+06   0.854435E+05   0.141313E+08   0.165696E+08   0.165812E+08   0.165696E+08  -0.299200E+00   0.457562E+07   0.457494E+07   0.663717E+02   0.159913E+02   0.290388E+00  -0.132852E+12
   0.380302E-02   0.163942E+08   0.163890E+08  -0.835920E+05   0.692863E+05   0.136854E+08   0.163805E+08   0.163933E+08   0.163805E+08  -0.295784E+00   0.452519E+07   0.452451E+07   0.596127E+02   0.130115E+02   0.287913E+00  -0.118991E+12
   0.419923E-02   0.161906E+08   0.161850E+08  -0.670205E+05   0.561224E+05   0.132131E+08   0.161756E+08   0.161896E+08   0.161756E+08  -0.292083E+00   0.447008E+07   0.446941E+07   0.533883E+02   0.105687E+02   0.285869E+00  -0.106451E+12
   0.463671E-02   0.159695E+08   0.159636E+08  -0.620847E+05   0.454027E+05   0.127138E+08   0.159531E+08   0.159685E+08   0.159531E+08  -0.288067E+00   0.440990E+07   0.440923E+07   0.479570E+02   0.856944E+01   0.284183E+00  -0.951094E+11
   0.511978E-02   0.157295E+08   0.157230E+08  -0.491977E+05   0.366793E+05   0.121886E+08   0.157117E+08   0.157284E+08   0.157117E+08  -0.283707E+00   0.434426E+07   0.434360E+07   0.432366E+02   0.693572E+01   0.282793E+00  -0.848535E+11
   0.565317E-02   0.154695E+08   0.154624E+08  -0.348591E+05   0.295868E+05   0.116140E+08   0.154501E+08   0.154683E+08   0.154501E+08  -0.278983E+00   0.427290E+07   0.427224E+07   0.389328E+02   0.560292E+01   0.281645E+00  -0.755850E+11
   0.624213E-02   0.151872E+08   0.151793E+08  -0.278108E+05   0.238238E+05   0.110228E+08   0.151661E+08   0.151858E+08   0.151661E+08  -0.273856E+00   0.419522E+07   0.419457E+07   0.349537E+02   0.451699E+01   0.280699E+00  -0.672089E+11
   0.689245E-02   0.148814E+08   0.148727E+08  -0.143888E+05   0.191466E+05   0.104028E+08   0.148588E+08   0.148800E+08   0.148588E+08  -0.268306E+00   0.411099E+07   0.411034E+07   0.314316E+02   0.363366E+01   0.279920E+00  -0.596455E+11
   0.761052E-02   0.145511E+08   0.145413E+08  -0.124236E+05   0.153552E+05   0.976314E+07   0.145268E+08   0.145494E+08   0.145268E+08  -0.262310E+00   0.401994E+07   0.401930E+07   0.283194E+02   0.291624E+01   0.279285E+00  -0.528214E+11
   0.840340E-02   0.141948E+08   0.141838E+08  -0.148999E+05   0.122857E+05   0.911259E+07   0.141689E+08   0.141930E+08   0.141689E+08  -0.255848E+00   0.392200E+07   0.392135E+07   0.254970E+02   0.233439E+01   0.278785E+00  -0.466719E+11
   0.927889E-02   0.138120E+08   0.137995E+08  -0.793314E+04   0.980473E+04   0.845166E+07   0.137845E+08   0.138099E+08   0.137845E+08  -0.248908E+00   0.381786E+07   0.381722E+07   0.229908E+02   0.186294E+01   0.278466E+00  -0.411460E+11
   0.102456E-01   0.134035E+08   0.133892E+08  -0.898157E+04   0.780378E+04   0.778250E+07   0.133745E+08   0.134011E+08   0.133745E+08  -0.241504E+00   0.371157E+07   0.371093E+07   0.207596E+02   0.148023E+01   0.278600E+00  -0.362263E+11
   0.113130E-01   0.129780E+08   0.129617E+08  -0.617744E+04   0.619726E+04   0.712192E+07   0.129476E+08   0.129753E+08   0.129476E+08  -0.233795E+00   0.362362E+07   0.362298E+07   0.187734E+02   0.116466E+01   0.280596E+00  -0.320308E+11
   0.124916E-01   0.125843E+08   0.125656E+08  -0.529455E+04   0.492858E+04   0.652694E+07   0.125525E+08   0.125812E+08   0.125525E+08  -0.226661E+00   0.365966E+07   0.365902E+07   0.170173E+02   0.882283E+00   0.291893E+00  -0.292972E+11
   0.137930E-01   0.124093E+08   0.123878E+08  -0.262275E+04   0.398602E+04   0.618759E+07   0.123763E+08   0.124057E+08   0.123763E+08  -0.223478E+00   0.422279E+07   0.422214E+07   0.154849E+02   0.568395E+00   0.340952E+00  -0.306157E+11
   0.152300E-01   0.124224E+08   0.123979E+08  -0.271216E+04   0.327265E+04   0.607478E+07   0.123883E+08   0.124183E+08   0.123883E+08  -0.223696E+00   0.526577E+07   0.526513E+07   0.141385E+02   0.287137E+00   0.424139E+00  -0.345755E+11
   0.168167E-01   0.120396E+08   0.120117E+08  -0.548133E+03   0.260134E+04   0.561789E+07   0.120045E+08   0.120349E+08   0.120045E+08  -0.216766E+00   0.549230E+07   0.549165E+07   0.128979E+02   0.179222E+00   0.456342E+00  -0.326603E+11
   0.185687E-01   0.114103E+08   0.113787E+08  -0.222602E+03   0.202194E+04   0.498200E+07   0.113746E+08   0.114050E+08   0.113746E+08  -0.205391E+00   0.525570E+07   0.525505E+07   0.117460E+02   0.134220E+00   0.460793E+00  -0.283045E+11
   0.205033E-01   0.107216E+08   0.106862E+08  -0.120572E+04   0.155816E+04   0.435005E+07   0.106856E+08   0.107157E+08   0.106856E+08  -0.192949E+00   0.494204E+07   0.494138E+07   0.106865E+02   0.103074E+00   0.461167E+00  -0.241040E+11
   0.226393E-01   0.999412E+07   0.995491E+07  -0.595441E+03   0.119116E+04   0.374958E+07   0.995802E+07   0.998754E+07   0.995802E+07  -0.179812E+00   0.460615E+07   0.460549E+07   0.969092E+01   0.787717E-01   0.461162E+00  -0.203460E+11
   0.249980E-01   0.925608E+07   0.921327E+07  -0.427123E+03   0.904728E+03   0.319669E+07   0.922025E+07   0.924889E+07   0.922025E+07  -0.166490E+00   0.426519E+07   0.426454E+07   0.874308E+01   0.598250E-01   0.461132E+00  -0.170624E+11
   0.276023E-01   0.851635E+07   0.847052E+07  -0.374390E+03   0.682665E+03   0.269504E+07   0.848114E+07   0.850866E+07   0.848114E+07  -0.153144E+00   0.392355E+07   0.392291E+07   0.781989E+01   0.451381E-01   0.461101E+00  -0.142147E+11
   0.304780E-01   0.777817E+07   0.773030E+07  -0.315502E+03   0.511321E+03   0.224515E+07   0.774399E+07   0.777013E+07   0.774399E+07  -0.139833E+00   0.358276E+07   0.358213E+07   0.689640E+01   0.338068E-01   0.461071E+00  -0.117553E+11
   0.336533E-01   0.706152E+07   0.701304E+07  -0.169629E+03   0.380698E+03   0.185078E+07   0.702876E+07   0.705338E+07   0.702876E+07  -0.126918E+00   0.325206E+07   0.325146E+07   0.596294E+01   0.251691E-01   0.461042E+00  -0.966348E+10
   0.371593E-01   0.639223E+07   0.634502E+07  -0.866232E+02   0.282628E+03   0.151457E+07   0.636126E+07   0.638431E+07   0.636126E+07  -0.114865E+00   0.294339E+07   0.294283E+07   0.502198E+01   0.186846E-01   0.461015E+00  -0.792104E+10
   0.410307E-01   0.578671E+07   0.574290E+07  -0.102670E+03   0.209845E+03   0.123413E+07   0.575784E+07   0.577935E+07   0.575784E+07  -0.103969E+00   0.266433E+07   0.266382E+07   0.408756E+01   0.138723E-01   0.460989E+00  -0.649354E+10
   0.451338E-01   0.528133E+07   0.524278E+07   0.158287E+03   0.158287E+03   0.101395E+07   0.525470E+07   0.527486E+07   0.525470E+07  -0.948839E-01   0.243160E+07   0.243117E+07   0.323799E+01   0.104640E-01   0.460962E+00  -0.538759E+10
   0.492368E-01   0.488169E+07   0.484925E+07   0.122954E+03   0.122954E+03   0.848739E+06   0.485718E+07   0.487624E+07   0.485718E+07  -0.877061E-01   0.224774E+07   0.224737E+07   0.251549E+01   0.812800E-02   0.460942E+00  -0.456521E+10
   0.533399E-01   0.455967E+07   0.453334E+07   0.978691E+02   0.978691E+02   0.721766E+06   0.453711E+07   0.455525E+07   0.453711E+07  -0.819265E-01   0.209969E+07   0.209938E+07   0.194000E+01   0.646960E-02   0.460925E+00  -0.393649E+10
   0.574430E-01   0.428854E+07   0.426756E+07   0.793810E+02   0.793810E+02   0.621089E+06   0.426768E+07   0.428502E+07   0.426768E+07  -0.770614E-01   0.197506E+07   0.197480E+07   0.150762E+01   0.524737E-02   0.460910E+00  -0.343835E+10
   0.615460E-01   0.404742E+07   0.403055E+07   0.652698E+02   0.652698E+02   0.538698E+06   0.402800E+07   0.404459E+07   0.402800E+07  -0.727335E-01   0.186419E+07   0.186397E+07   0.120505E+01   0.431452E-02   0.460897E+00  -0.302898E+10
   0.656491E-01   0.382022E+07   0.380595E+07   0.541497E+02   0.541497E+02   0.469185E+06   0.380197E+07   0.381782E+07   0.380197E+07  -0.686522E-01   0.175962E+07   0.175942E+07   0.101112E+01   0.357941E-02   0.460886E+00  -0.268039E+10
   0.697522E-01   0.359550E+07   0.358239E+07   0.451457E+02   0.451457E+02   0.408993E+06   0.357823E+07   0.359330E+07   0.357823E+07  -0.646121E-01   0.165611E+07   0.165592E+07   0.899735E+00   0.298421E-02   0.460877E+00  -0.237432E+10
   0.738552E-01   0.337519E+07   0.336202E+07   0.377997E+02   0.377997E+02   0.356815E+06   0.335870E+07   0.337297E+07   0.335870E+07  -0.606480E-01   0.155453E+07   0.155435E+07   0.844902E+00   0.249861E-02   0.460868E+00  -0.210487E+10
   0.779583E-01   0.315215E+07   0.313813E+07   0.316808E+02   0.316808E+02   0.310663E+06   0.313636E+07   0.314980E+07   0.313636E+07  -0.566332E-01   0.145165E+07   0.145146E+07   0.819716E+00   0.209413E-02   0.460860E+00  -0.186212E+10
   0.820614E-01   0.293730E+07   0.292208E+07   0.266397E+02   0.266397E+02   0.270649E+06   0.292213E+07   0.293474E+07   0.292213E+07  -0.527649E-01   0.135252E+07   0.135232E+07   0.804505E+00   0.176091E-02   0.460853E+00  -0.164820E+10
   0.861644E-01   0.273654E+07   0.272021E+07   0.225085E+02   0.225085E+02   0.236362E+06   0.272198E+07   0.273379E+07   0.272198E+07  -0.491507E-01   0.125990E+07   0.125970E+07   0.784338E+00   0.148783E-02   0.460847E+00  -0.146222E+10
   0.912856E-01   0.251328E+07   0.249620E+07   0.184153E+02   0.184153E+02   0.200926E+06   0.249948E+07   0.251041E+07   0.249948E+07  -0.451331E-01   0.115694E+07   0.115673E+07   0.739720E+00   0.121727E-02   0.460841E+00  -0.126739E+10
   0.964067E-01   0.232710E+07   0.231027E+07   0.152866E+02   0.152866E+02   0.172794E+06   0.231409E+07   0.232428E+07   0.231409E+07  -0.417855E-01   0.107114E+07   0.107095E+07   0.670433E+00   0.101046E-02   0.460835E+00  -0.111107E+10
   0.101528E+00   0.218028E+07   0.216472E+07   0.129139E+02   0.129139E+02   0.150836E+06   0.216808E+07   0.217767E+07   0.216808E+07  -0.391489E-01   0.100356E+07   0.100339E+07   0.583039E+00   0.853624E-03   0.460829E+00  -0.988470E+09
   0.106649E+00   0.206748E+07   0.205389E+07   0.110990E+02   0.110990E+02   0.133643E+06   0.205605E+07   0.206519E+07   0.205605E+07  -0.371261E-01   0.951720E+06   0.951564E+06   0.489462E+00   0.733658E-03   0.460825E+00  -0.892394E+09
   0.111770E+00   0.197757E+07   0.196622E+07   0.966717E+01   0.966717E+01   0.119739E+06   0.196688E+07   0.197567E+07   0.196688E+07  -0.355160E-01   0.910451E+06   0.910316E+06   0.402223E+00   0.639012E-03   0.460820E+00  -0.814584E+09
   0.116891E+00   0.189858E+07   0.188926E+07   0.848679E+01   0.848679E+01   0.107914E+06   0.188855E+07   0.189701E+07   0.188855E+07  -0.341014E-01   0.874196E+06   0.874080E+06   0.330979E+00   0.560990E-03   0.460817E+00  -0.747881E+09
   0.122012E+00   0.182113E+07   0.181330E+07   0.747234E+01   0.747234E+01   0.973528E+05   0.181166E+07   0.181981E+07   0.181166E+07  -0.327132E-01   0.838613E+06   0.838510E+06   0.280591E+00   0.493935E-03   0.460813E+00  -0.687329E+09
   0.127134E+00   0.173974E+07   0.173267E+07   0.657513E+01   0.657513E+01   0.876102E+05   0.173074E+07   0.173855E+07   0.173074E+07  -0.312519E-01   0.801158E+06   0.801063E+06   0.250796E+00   0.434629E-03   0.460810E+00  -0.630181E+09
   0.132255E+00   0.165288E+07   0.164593E+07   0.577231E+01   0.577231E+01   0.785256E+05   0.164427E+07   0.165171E+07   0.164427E+07  -0.296905E-01   0.761138E+06   0.761044E+06   0.237241E+00   0.381563E-03   0.460807E+00  -0.575518E+09
   0.137376E+00   0.156234E+07   0.155502E+07   0.505649E+01   0.505649E+01   0.701193E+05   0.155405E+07   0.156111E+07   0.155405E+07  -0.280615E-01   0.719382E+06   0.719286E+06   0.233348E+00   0.334247E-03   0.460805E+00  -0.523667E+09
   0.142497E+00   0.147200E+07   0.146413E+07   0.442734E+01   0.442734E+01   0.624962E+05   0.146401E+07   0.147067E+07   0.146401E+07  -0.264356E-01   0.677707E+06   0.677608E+06   0.232334E+00   0.292659E-03   0.460802E+00  -0.475600E+09
   0.147618E+00   0.138682E+07   0.137848E+07   0.388634E+01   0.388634E+01   0.557760E+05   0.137913E+07   0.138542E+07   0.137913E+07  -0.249029E-01   0.638421E+06   0.638320E+06   0.228862E+00   0.256898E-03   0.460800E+00  -0.432486E+09
   0.152739E+00   0.131152E+07   0.130300E+07   0.343271E+01   0.343271E+01   0.500367E+05   0.130413E+07   0.131009E+07   0.130413E+07  -0.235486E-01   0.603704E+06   0.603604E+06   0.219961E+00   0.226912E-03   0.460798E+00  -0.395255E+09
   0.157860E+00   0.124869E+07   0.124035E+07   0.305955E+01   0.305955E+01   0.452538E+05   0.124160E+07   0.124729E+07   0.124160E+07  -0.224195E-01   0.574762E+06   0.574665E+06   0.205128E+00   0.202246E-03   0.460796E+00  -0.364098E+09
   0.162982E+00   0.119786E+07   0.119006E+07   0.275354E+01   0.275354E+01   0.412927E+05   0.119108E+07   0.119655E+07   0.119108E+07  -0.215074E-01   0.551379E+06   0.551289E+06   0.185817E+00   0.182018E-03   0.460794E+00  -0.338311E+09
   0.168103E+00   0.115640E+07   0.114937E+07   0.249892E+01   0.249892E+01   0.379646E+05   0.114993E+07   0.115522E+07   0.114993E+07  -0.207643E-01   0.532332E+06   0.532249E+06   0.164634E+00   0.165187E-03   0.460793E+00  -0.316674E+09
   0.173224E+00   0.112099E+07   0.111479E+07   0.228151E+01   0.228151E+01   0.350883E+05   0.111482E+07   0.111995E+07   0.111482E+07  -0.201302E-01   0.516077E+06   0.516002E+06   0.144422E+00   0.150815E-03   0.460791E+00  -0.297929E+09
   0.178345E+00   0.108826E+07   0.108279E+07   0.208969E+01   0.208969E+01   0.325103E+05   0.108235E+07   0.108734E+07   0.108235E+07  -0.195440E-01   0.501048E+06   0.500980E+06   0.127460E+00   0.138136E-03   0.460790E+00  -0.280947E+09
   0.183466E+00   0.105508E+07   0.105014E+07   0.191456E+01   0.191456E+01   0.301093E+05   0.104940E+07   0.105425E+07   0.104940E+07  -0.189490E-01   0.485796E+06   0.485733E+06   0.114958E+00   0.126559E-03   0.460789E+00  -0.264792E+09
   0.188587E+00   0.101942E+07   0.101477E+07   0.175078E+01   0.175078E+01   0.278146E+05   0.101395E+07   0.101864E+07   0.101395E+07  -0.183089E-01   0.469386E+06   0.469326E+06   0.106971E+00   0.115733E-03   0.460787E+00  -0.248900E+09
   0.193708E+00   0.981086E+06   0.976493E+06   0.159700E+01   0.159700E+01   0.256146E+05   0.975797E+06   0.980315E+06   0.975797E+06  -0.176199E-01   0.451726E+06   0.451666E+06   0.102626E+00   0.105568E-03   0.460786E+00  -0.233202E+09
   0.198830E+00   0.941337E+06   0.936640E+06   0.145431E+01   0.145431E+01   0.235365E+05   0.936208E+06   0.940548E+06   0.936208E+06  -0.169051E-01   0.433401E+06   0.433341E+06   0.100503E+00   0.961355E-04   0.460785E+00  -0.217979E+09
   0.203951E+00   0.901919E+06   0.897059E+06   0.132422E+01   0.132422E+01   0.216141E+05   0.896941E+06   0.901103E+06   0.896941E+06  -0.161960E-01   0.415224E+06   0.415164E+06   0.990643E-01   0.875365E-04   0.460784E+00  -0.203593E+09
   0.209072E+00   0.864533E+06   0.859544E+06   0.120783E+01   0.120783E+01   0.198745E+05   0.859702E+06   0.863695E+06   0.859702E+06  -0.155236E-01   0.397987E+06   0.397926E+06   0.970404E-01   0.798426E-04   0.460783E+00  -0.190361E+09
   0.214193E+00   0.830631E+06   0.825615E+06   0.110559E+01   0.110559E+01   0.183342E+05   0.825949E+06   0.829789E+06   0.825949E+06  -0.149141E-01   0.382362E+06   0.382302E+06   0.936862E-01   0.730841E-04   0.460782E+00  -0.178515E+09
   0.219314E+00   0.801092E+06   0.796180E+06   0.101704E+01   0.101704E+01   0.169939E+05   0.796560E+06   0.800267E+06   0.796560E+06  -0.143835E-01   0.368758E+06   0.368700E+06   0.888458E-01   0.672307E-04   0.460782E+00  -0.168143E+09
   0.224435E+00   0.775906E+06   0.771220E+06   0.940641E+00   0.940641E+00   0.158354E+05   0.771526E+06   0.775120E+06   0.771526E+06  -0.139314E-01   0.357170E+06   0.357114E+06   0.828537E-01   0.621803E-04   0.460781E+00  -0.159143E+09
   0.229556E+00   0.754271E+06   0.749892E+06   0.874103E+00   0.874103E+00   0.148258E+05   0.750040E+06   0.753536E+06   0.750040E+06  -0.135435E-01   0.347223E+06   0.347171E+06   0.763429E-01   0.577818E-04   0.460780E+00  -0.151260E+09
   0.234678E+00   0.734961E+06   0.730913E+06   0.814998E+00   0.814998E+00   0.139282E+05   0.730872E+06   0.734281E+06   0.730872E+06  -0.131973E-01   0.338350E+06   0.338301E+06   0.700251E-01   0.538747E-04   0.460779E+00  -0.144178E+09
   0.239799E+00   0.716672E+06   0.712927E+06   0.761173E+00   0.761173E+00   0.131083E+05   0.712717E+06   0.716043E+06   0.712717E+06  -0.128695E-01   0.329945E+06   0.329899E+06   0.644948E-01   0.503167E-04   0.460779E+00  -0.137594E+09
   0.244920E+00   0.698301E+06   0.694786E+06   0.710992E+00   0.710992E+00   0.123392E+05   0.694467E+06   0.697711E+06   0.694467E+06  -0.125400E-01   0.321497E+06   0.321453E+06   0.600998E-01   0.469995E-04   0.460778E+00  -0.131268E+09
   0.250041E+00   0.679201E+06   0.675831E+06   0.663516E+00   0.663516E+00   0.116049E+05   0.675478E+06   0.678635E+06   0.675478E+06  -0.121971E-01   0.312707E+06   0.312664E+06   0.569011E-01   0.438612E-04   0.460777E+00  -0.125064E+09
   0.255162E+00   0.659302E+06   0.655993E+06   0.618476E+00   0.618476E+00   0.109007E+05   0.655680E+06   0.658746E+06   0.655680E+06  -0.118396E-01   0.303542E+06   0.303500E+06   0.547108E-01   0.408839E-04   0.460777E+00  -0.118962E+09
   0.260283E+00   0.638972E+06   0.635666E+06   0.576036E+00   0.576036E+00   0.102300E+05   0.635444E+06   0.638417E+06   0.635444E+06  -0.114742E-01   0.294174E+06   0.294133E+06   0.531814E-01   0.380784E-04   0.460776E+00  -0.113022E+09
   0.265404E+00   0.618794E+06   0.615466E+06   0.536506E+00   0.536506E+00   0.959893E+04   0.615355E+06   0.618235E+06   0.615355E+06  -0.111114E-01   0.284875E+06   0.284834E+06   0.519159E-01   0.354654E-04   0.460776E+00  -0.107337E+09
   0.270526E+00   0.599403E+06   0.596060E+06   0.500188E+00   0.500188E+00   0.901388E+04   0.596050E+06   0.598842E+06   0.596050E+06  -0.107629E-01   0.275938E+06   0.275897E+06   0.505717E-01   0.330646E-04   0.460775E+00  -0.102002E+09
   0.275647E+00   0.581356E+06   0.578030E+06   0.467258E+00   0.467258E+00   0.847930E+04   0.578089E+06   0.580798E+06   0.578089E+06  -0.104385E-01   0.267624E+06   0.267583E+06   0.489302E-01   0.308879E-04   0.460775E+00  -0.970906E+08
   0.280768E+00   0.564985E+06   0.561720E+06   0.437681E+00   0.437681E+00   0.799589E+04   0.561803E+06   0.564437E+06   0.561803E+06  -0.101445E-01   0.260085E+06   0.260045E+06   0.469220E-01   0.289328E-04   0.460775E+00  -0.926344E+08
   0.285889E+00   0.550303E+06   0.547141E+06   0.411174E+00   0.411174E+00   0.755968E+04   0.547206E+06   0.549772E+06   0.547206E+06  -0.988089E-02   0.253327E+06   0.253289E+06   0.446114E-01   0.271805E-04   0.460774E+00  -0.886114E+08
   0.291010E+00   0.537052E+06   0.534023E+06   0.387281E+00   0.387281E+00   0.716338E+04   0.534038E+06   0.536544E+06   0.534038E+06  -0.964312E-02   0.247231E+06   0.247195E+06   0.421526E-01   0.256012E-04   0.460774E+00  -0.849573E+08
   0.296131E+00   0.524824E+06   0.521939E+06   0.365495E+00   0.365495E+00   0.679856E+04   0.521890E+06   0.524340E+06   0.521890E+06  -0.942376E-02   0.241608E+06   0.241572E+06   0.397335E-01   0.241610E-04   0.460773E+00  -0.815890E+08
   0.301252E+00   0.513173E+06   0.510425E+06   0.345342E+00   0.345342E+00   0.645718E+04   0.510316E+06   0.512712E+06   0.510316E+06  -0.921476E-02   0.236249E+06   0.236216E+06   0.375215E-01   0.228289E-04   0.460773E+00  -0.784234E+08
   0.306374E+00   0.501704E+06   0.499069E+06   0.326437E+00   0.326437E+00   0.613289E+04   0.498918E+06   0.501261E+06   0.498918E+06  -0.900895E-02   0.230973E+06   0.230940E+06   0.356249E-01   0.215792E-04   0.460773E+00  -0.753903E+08
   0.311495E+00   0.490152E+06   0.487600E+06   0.308523E+00   0.308523E+00   0.582161E+04   0.487433E+06   0.489723E+06   0.487433E+06  -0.880157E-02   0.225656E+06   0.225625E+06   0.340767E-01   0.203950E-04   0.460772E+00  -0.724440E+08
   0.316616E+00   0.478439E+06   0.475941E+06   0.291486E+00   0.291486E+00   0.552201E+04   0.475783E+06   0.478019E+06   0.475783E+06  -0.859121E-02   0.220263E+06   0.220232E+06   0.328404E-01   0.192688E-04   0.460772E+00  -0.695689E+08
   0.321737E+00   0.466660E+06   0.464193E+06   0.275328E+00   0.275328E+00   0.523487E+04   0.464064E+06   0.466246E+06   0.464064E+06  -0.837959E-02   0.214838E+06   0.214807E+06   0.318303E-01   0.182007E-04   0.460772E+00  -0.667753E+08
   0.326858E+00   0.455014E+06   0.452565E+06   0.260106E+00   0.260106E+00   0.496202E+04   0.452474E+06   0.454602E+06   0.452474E+06  -0.817032E-02   0.209473E+06   0.209443E+06   0.309400E-01   0.171944E-04   0.460772E+00  -0.640876E+08
   0.331979E+00   0.443722E+06   0.441292E+06   0.245882E+00   0.245882E+00   0.470540E+04   0.441238E+06   0.443314E+06   0.441238E+06  -0.796743E-02   0.204272E+06   0.204242E+06   0.300706E-01   0.162542E-04   0.460771E+00  -0.615321E+08
   0.337100E+00   0.432976E+06   0.430573E+06   0.232690E+00   0.232690E+00   0.446627E+04   0.430547E+06   0.432573E+06   0.430547E+06  -0.777438E-02   0.199322E+06   0.199293E+06   0.291518E-01   0.153821E-04   0.460771E+00  -0.591291E+08
   0.342222E+00   0.422897E+06   0.420534E+06   0.220521E+00   0.220521E+00   0.424516E+04   0.420521E+06   0.422500E+06   0.420521E+06  -0.759333E-02   0.194681E+06   0.194652E+06   0.281529E-01   0.145777E-04   0.460771E+00  -0.568880E+08
   0.347343E+00   0.413512E+06   0.411204E+06   0.209316E+00   0.209316E+00   0.404143E+04   0.411188E+06   0.413124E+06   0.411188E+06  -0.742482E-02   0.190360E+06   0.190332E+06   0.270812E-01   0.138369E-04   0.460770E+00  -0.548054E+08
   0.352464E+00   0.404756E+06   0.402514E+06   0.198975E+00   0.198975E+00   0.385362E+04   0.402484E+06   0.404380E+06   0.402484E+06  -0.726765E-02   0.186331E+06   0.186303E+06   0.259721E-01   0.131533E-04   0.460770E+00  -0.528659E+08
   0.357585E+00   0.396499E+06   0.394327E+06   0.189375E+00   0.189375E+00   0.367964E+04   0.394277E+06   0.396135E+06   0.394277E+06  -0.711946E-02   0.182532E+06   0.182505E+06   0.248748E-01   0.125187E-04   0.460770E+00  -0.510463E+08
   0.362706E+00   0.388588E+06   0.386484E+06   0.180394E+00   0.180394E+00   0.351725E+04   0.386414E+06   0.388235E+06   0.386414E+06  -0.697747E-02   0.178891E+06   0.178865E+06   0.238372E-01   0.119250E-04   0.460770E+00  -0.493219E+08
   0.367827E+00   0.380881E+06   0.378839E+06   0.171928E+00   0.171928E+00   0.336443E+04   0.378753E+06   0.380538E+06   0.378753E+06  -0.683914E-02   0.175345E+06   0.175319E+06   0.228944E-01   0.113654E-04   0.460770E+00  -0.476710E+08
   0.372948E+00   0.373273E+06   0.371283E+06   0.163899E+00   0.163899E+00   0.321948E+04   0.371189E+06   0.372938E+06   0.371189E+06  -0.670255E-02   0.171843E+06   0.171818E+06   0.220614E-01   0.108347E-04   0.460769E+00  -0.460774E+08
   0.378070E+00   0.365709E+06   0.363760E+06   0.156257E+00   0.156257E+00   0.308134E+04   0.363667E+06   0.365381E+06   0.363667E+06  -0.656673E-02   0.168361E+06   0.168336E+06   0.213332E-01   0.103295E-04   0.460769E+00  -0.445322E+08
   0.383191E+00   0.358197E+06   0.356280E+06   0.148984E+00   0.148984E+00   0.294946E+04   0.356196E+06   0.357876E+06   0.356196E+06  -0.643182E-02   0.164902E+06   0.164878E+06   0.206895E-01   0.984868E-05   0.460769E+00  -0.430345E+08
   0.388312E+00   0.350801E+06   0.348910E+06   0.142084E+00   0.142084E+00   0.282389E+04   0.348838E+06   0.350484E+06   0.348838E+06  -0.629897E-02   0.161496E+06   0.161472E+06   0.201018E-01   0.939253E-05   0.460769E+00  -0.415897E+08
   0.393433E+00   0.343593E+06   0.341726E+06   0.135564E+00   0.135564E+00   0.270475E+04   0.341668E+06   0.343279E+06   0.341668E+06  -0.616949E-02   0.158176E+06   0.158153E+06   0.195413E-01   0.896154E-05   0.460769E+00  -0.402046E+08
   0.398554E+00   0.336632E+06   0.334791E+06   0.129425E+00   0.129425E+00   0.259212E+04   0.334744E+06   0.336323E+06   0.334744E+06  -0.604446E-02   0.154971E+06   0.154948E+06   0.189845E-01   0.855575E-05   0.460769E+00  -0.388837E+08
   0.403675E+00   0.329958E+06   0.328146E+06   0.123661E+00   0.123661E+00   0.248595E+04   0.328106E+06   0.329654E+06   0.328106E+06  -0.592460E-02   0.151898E+06   0.151876E+06   0.184184E-01   0.817469E-05   0.460768E+00  -0.376292E+08
   0.408796E+00   0.323595E+06   0.321816E+06   0.118256E+00   0.118256E+00   0.238604E+04   0.321777E+06   0.323296E+06   0.321777E+06  -0.581033E-02   0.148968E+06   0.148946E+06   0.178408E-01   0.781742E-05   0.460768E+00  -0.364411E+08
   0.413918E+00   0.317535E+06   0.315793E+06   0.113188E+00   0.113188E+00   0.229202E+04   0.315752E+06   0.317242E+06   0.315752E+06  -0.570153E-02   0.146179E+06   0.146157E+06   0.172587E-01   0.748240E-05   0.460768E+00  -0.353163E+08
   0.419039E+00   0.311739E+06   0.310036E+06   0.108423E+00   0.108423E+00   0.220326E+04   0.309989E+06   0.311453E+06   0.309989E+06  -0.559747E-02   0.143511E+06   0.143490E+06   0.166843E-01   0.716740E-05   0.460768E+00  -0.342481E+08
   0.424160E+00   0.306148E+06   0.304485E+06   0.103923E+00   0.103923E+00   0.211906E+04   0.304431E+06   0.305869E+06   0.304431E+06  -0.549711E-02   0.140938E+06   0.140917E+06   0.161308E-01   0.686995E-05   0.460768E+00  -0.332280E+08
   0.429281E+00   0.300711E+06   0.299085E+06   0.996574E-01   0.996574E-01   0.203881E+04   0.299026E+06   0.300438E+06   0.299026E+06  -0.539951E-02   0.138436E+06   0.138416E+06   0.156090E-01   0.658795E-05   0.460768E+00  -0.322487E+08
   0.434402E+00   0.295392E+06   0.293800E+06   0.956003E-01   0.956003E-01   0.196203E+04   0.293737E+06   0.295125E+06   0.293737E+06  -0.530401E-02   0.135987E+06   0.135968E+06   0.151252E-01   0.631975E-05   0.460768E+00  -0.313048E+08
   0.439523E+00   0.290166E+06   0.288604E+06   0.917335E-01   0.917335E-01   0.188839E+04   0.288541E+06   0.289904E+06   0.288541E+06  -0.521018E-02   0.133582E+06   0.133562E+06   0.146799E-01   0.606414E-05   0.460767E+00  -0.303927E+08
   0.444644E+00   0.285023E+06   0.283486E+06   0.880436E-01   0.880436E-01   0.181762E+04   0.283426E+06   0.284765E+06   0.283426E+06  -0.511781E-02   0.131213E+06   0.131194E+06   0.142689E-01   0.582022E-05   0.460767E+00  -0.295101E+08
   0.449766E+00   0.279968E+06   0.278455E+06   0.845238E-01   0.845238E-01   0.174961E+04   0.278398E+06   0.279714E+06   0.278398E+06  -0.502703E-02   0.128886E+06   0.128867E+06   0.138844E-01   0.558754E-05   0.460767E+00  -0.286566E+08
   0.454887E+00   0.275023E+06   0.273532E+06   0.811716E-01   0.811716E-01   0.168435E+04   0.273480E+06   0.274772E+06   0.273480E+06  -0.493822E-02   0.126609E+06   0.126591E+06   0.135180E-01   0.536595E-05   0.460767E+00  -0.278335E+08
   0.460008E+00   0.270212E+06   0.268743E+06   0.779858E-01   0.779858E-01   0.162186E+04   0.268696E+06   0.269966E+06   0.268696E+06  -0.485183E-02   0.124394E+06   0.124376E+06   0.131622E-01   0.515534E-05   0.460767E+00  -0.270421E+08
   0.465129E+00   0.265553E+06   0.264106E+06   0.749625E-01   0.749625E-01   0.156210E+04   0.264062E+06   0.265310E+06   0.264062E+06  -0.476816E-02   0.122249E+06   0.122231E+06   0.128119E-01   0.495550E-05   0.460767E+00  -0.262832E+08
   0.470250E+00   0.261050E+06   0.259626E+06   0.720951E-01   0.720951E-01   0.150503E+04   0.259584E+06   0.260811E+06   0.259584E+06  -0.468730E-02   0.120176E+06   0.120158E+06   0.124649E-01   0.476594E-05   0.460767E+00  -0.255561E+08
   0.475371E+00   0.256699E+06   0.255300E+06   0.693743E-01   0.693743E-01   0.145055E+04   0.255257E+06   0.256464E+06   0.255257E+06  -0.460918E-02   0.118173E+06   0.118156E+06   0.121216E-01   0.458608E-05   0.460767E+00  -0.248594E+08
   0.480492E+00   0.252491E+06   0.251117E+06   0.667903E-01   0.667903E-01   0.139855E+04   0.251073E+06   0.252260E+06   0.251073E+06  -0.453362E-02   0.116236E+06   0.116219E+06   0.117845E-01   0.441527E-05   0.460767E+00  -0.241913E+08
   0.485614E+00   0.248413E+06   0.247063E+06   0.643330E-01   0.643330E-01   0.134891E+04   0.247018E+06   0.248187E+06   0.247018E+06  -0.446041E-02   0.114359E+06   0.114342E+06   0.114572E-01   0.425283E-05   0.460766E+00  -0.235496E+08
   0.490735E+00   0.244447E+06   0.243122E+06   0.619918E-01   0.619918E-01   0.130147E+04   0.243075E+06   0.244225E+06   0.243075E+06  -0.438921E-02   0.112533E+06   0.112517E+06   0.111430E-01   0.409805E-05   0.460766E+00  -0.229319E+08
   0.495856E+00   0.240574E+06   0.239271E+06   0.597558E-01   0.597558E-01   0.125607E+04   0.239224E+06   0.240355E+06   0.239224E+06  -0.431966E-02   0.110750E+06   0.110734E+06   0.108437E-01   0.395024E-05   0.460766E+00  -0.223355E+08
   0.500977E+00   0.236778E+06   0.235497E+06   0.576167E-01   0.576167E-01   0.121256E+04   0.235449E+06   0.236563E+06   0.235449E+06  -0.425150E-02   0.109003E+06   0.108987E+06   0.105602E-01   0.380883E-05   0.460766E+00  -0.217583E+08
   0.506098E+00   0.233055E+06   0.231794E+06   0.555689E-01   0.555689E-01   0.117088E+04   0.231747E+06   0.232843E+06   0.231747E+06  -0.418465E-02   0.107289E+06   0.107273E+06   0.102917E-01   0.367346E-05   0.460766E+00  -0.211995E+08
   0.511219E+00   0.229408E+06   0.228166E+06   0.536089E-01   0.536089E-01   0.113098E+04   0.228120E+06   0.229199E+06   0.228120E+06  -0.411916E-02   0.105610E+06   0.105595E+06   0.100363E-01   0.354389E-05   0.460766E+00  -0.206587E+08
   0.516340E+00   0.225839E+06   0.224615E+06   0.517332E-01   0.517332E-01   0.109282E+04   0.224571E+06   0.225634E+06   0.224571E+06  -0.405507E-02   0.103967E+06   0.103952E+06   0.979176E-02   0.341990E-05   0.460766E+00  -0.201356E+08
   0.521462E+00   0.222351E+06   0.221144E+06   0.499385E-01   0.499385E-01   0.105637E+04   0.221102E+06   0.222148E+06   0.221102E+06  -0.399243E-02   0.102361E+06   0.102346E+06   0.955544E-02   0.330126E-05   0.460766E+00  -0.196298E+08
   0.526583E+00   0.218947E+06   0.217758E+06   0.482221E-01   0.482221E-01   0.102162E+04   0.217717E+06   0.218747E+06   0.217717E+06  -0.393130E-02   0.100794E+06   0.100779E+06   0.932541E-02   0.318779E-05   0.460766E+00  -0.191413E+08
   0.531704E+00   0.215633E+06   0.214461E+06   0.465818E-01   0.465818E-01   0.988535E+03   0.214421E+06   0.215436E+06   0.214421E+06  -0.387180E-02   0.992679E+05   0.992534E+05   0.910056E-02   0.307936E-05   0.460766E+00  -0.186700E+08
   0.536825E+00   0.212410E+06   0.211256E+06   0.450144E-01   0.450144E-01   0.957066E+03   0.211217E+06   0.212216E+06   0.211217E+06  -0.381394E-02   0.977845E+05   0.977702E+05   0.888052E-02   0.297574E-05   0.460766E+00  -0.182156E+08
   0.541946E+00   0.209274E+06   0.208137E+06   0.435156E-01   0.435156E-01   0.927118E+03   0.208098E+06   0.209083E+06   0.208098E+06  -0.375763E-02   0.963408E+05   0.963267E+05   0.866555E-02   0.287666E-05   0.460766E+00  -0.177770E+08
   0.547067E+00   0.206217E+06   0.205097E+06   0.420808E-01   0.420808E-01   0.898565E+03   0.205058E+06   0.206029E+06   0.205058E+06  -0.370273E-02   0.949333E+05   0.949194E+05   0.845626E-02   0.278181E-05   0.460765E+00  -0.173533E+08
   0.559946E+00   0.198846E+06   0.197768E+06   0.387317E-01   0.387317E-01   0.832161E+03   0.197729E+06   0.198665E+06   0.197729E+06  -0.357038E-02   0.915401E+05   0.915268E+05   0.795999E-02   0.256042E-05   0.460765E+00  -0.163482E+08
   0.593872E+00   0.181189E+06   0.180206E+06   0.313753E-01   0.313753E-01   0.683356E+03   0.180170E+06   0.181024E+06   0.180170E+06  -0.325333E-02   0.834115E+05   0.833993E+05   0.685334E-02   0.207412E-05   0.460765E+00  -0.140455E+08
   0.629853E+00   0.165057E+06   0.164162E+06   0.254095E-01   0.254095E-01   0.555748E+03   0.164129E+06   0.164906E+06   0.164129E+06  -0.296367E-02   0.759849E+05   0.759738E+05   0.589035E-02   0.167974E-05   0.460765E+00  -0.120641E+08
   0.879031E+00   0.964872E+05   0.959641E+05   0.762611E-02   0.762611E-02   0.172683E+03   0.959440E+05   0.963994E+05   0.959440E+05  -0.173246E-02   0.444184E+05   0.444118E+05   0.249621E-02   0.504140E-06   0.460763E+00  -0.505317E+07
   0.122679E+01   0.557224E+05   0.554202E+05   0.226117E-02   0.226117E-02   0.526801E+02   0.554085E+05   0.556717E+05   0.554085E+05  -0.100051E-02   0.256521E+05   0.256482E+05   0.105669E-02   0.149480E-06   0.460762E+00  -0.209102E+07
   0.171212E+01   0.318458E+05   0.316729E+05   0.663476E-03   0.663476E-03   0.157228E+02   0.316662E+05   0.318167E+05   0.316662E+05  -0.571797E-03   0.146603E+05   0.146580E+05   0.451901E-03   0.438608E-07   0.460762E+00  -0.856276E+06
   0.238945E+01   0.180370E+05   0.179389E+05   0.192934E-03   0.192934E-03   0.460551E+01   0.179353E+05   0.180206E+05   0.179353E+05  -0.323857E-03   0.830341E+04   0.830198E+04   0.198642E-03   0.127544E-07   0.460761E+00  -0.347505E+06
