#          k/h    CDM            baryon         photon         nu             mass_nu        total          no_nu          total_de       Weyl           v_CDM          v_b            v_b-v_c        ISW            log_grow       pert_vel    
   0.994668E-05   0.338181E+08   0.338181E+08   0.450742E+08   0.450737E+08   0.338209E+08   0.338181E+08   0.338181E+08   0.338301E+08  -0.458377E+00   0.992894E+07   0.992894E+07   0.676630E+01   0.112833E+07   0.489336E+00  -0.998253E+14
   0.109829E-04   0.338159E+08   0.338159E+08   0.450677E+08   0.450671E+08   0.338187E+08   0.338159E+08   0.338159E+08   0.338280E+08  -0.458348E+00   0.992858E+07   0.992858E+07   0.747097E+01   0.925459E+06   0.489299E+00  -0.904033E+14
   0.121272E-04   0.338133E+08   0.338133E+08   0.450597E+08   0.450591E+08   0.338161E+08   0.338133E+08   0.338133E+08   0.338254E+08  -0.458313E+00   0.992816E+07   0.992816E+07   0.824896E+01   0.759068E+06   0.489253E+00  -0.818700E+14
   0.133906E-04   0.338101E+08   0.338101E+08   0.450501E+08   0.450493E+08   0.338129E+08   0.338101E+08   0.338101E+08   0.338222E+08  -0.458269E+00   0.992764E+07   0.992764E+07   0.910788E+01   0.622594E+06   0.489198E+00  -0.741415E+14
   0.147857E-04   0.338062E+08   0.338062E+08   0.450383E+08   0.450373E+08   0.338090E+08   0.338062E+08   0.338062E+08   0.338183E+08  -0.458217E+00   0.992700E+07   0.992700E+07   0.100561E+02   0.510658E+06   0.489130E+00  -0.671418E+14
   0.163261E-04   0.338015E+08   0.338015E+08   0.450239E+08   0.450228E+08   0.338043E+08   0.338015E+08   0.338015E+08   0.338135E+08  -0.458153E+00   0.992623E+07   0.992623E+07   0.111029E+02   0.418849E+06   0.489048E+00  -0.608020E+14
   0.180270E-04   0.337957E+08   0.337957E+08   0.450065E+08   0.450050E+08   0.337985E+08   0.337957E+08   0.337957E+08   0.338078E+08  -0.458074E+00   0.992529E+07   0.992529E+07   0.122585E+02   0.343547E+06   0.488948E+00  -0.550600E+14
   0.199051E-04   0.337887E+08   0.337887E+08   0.449852E+08   0.449834E+08   0.337914E+08   0.337887E+08   0.337887E+08   0.338007E+08  -0.457979E+00   0.992414E+07   0.992414E+07   0.135340E+02   0.281785E+06   0.488827E+00  -0.498592E+14
   0.219788E-04   0.337801E+08   0.337801E+08   0.449592E+08   0.449571E+08   0.337828E+08   0.337801E+08   0.337801E+08   0.337922E+08  -0.457863E+00   0.992275E+07   0.992275E+07   0.149419E+02   0.231128E+06   0.488679E+00  -0.451485E+14
   0.242687E-04   0.337697E+08   0.337697E+08   0.449276E+08   0.449250E+08   0.337723E+08   0.337697E+08   0.337697E+08   0.337817E+08  -0.457721E+00   0.992105E+07   0.992104E+07   0.164958E+02   0.189578E+06   0.488499E+00  -0.408816E+14
   0.267970E-04   0.337570E+08   0.337570E+08   0.448891E+08   0.448860E+08   0.337596E+08   0.337570E+08   0.337570E+08   0.337690E+08  -0.457549E+00   0.991897E+07   0.991897E+07   0.182105E+02   0.155500E+06   0.488280E+00  -0.370166E+14
   0.295888E-04   0.337416E+08   0.337416E+08   0.448422E+08   0.448384E+08   0.337441E+08   0.337416E+08   0.337416E+08   0.337536E+08  -0.457340E+00   0.991645E+07   0.991645E+07   0.201026E+02   0.127548E+06   0.488014E+00  -0.335154E+14
   0.326714E-04   0.337228E+08   0.337228E+08   0.447851E+08   0.447805E+08   0.337252E+08   0.337228E+08   0.337228E+08   0.337348E+08  -0.457085E+00   0.991338E+07   0.991338E+07   0.221901E+02   0.104622E+06   0.487691E+00  -0.303438E+14
   0.360752E-04   0.337000E+08   0.337000E+08   0.447157E+08   0.447101E+08   0.337023E+08   0.337000E+08   0.337000E+08   0.337119E+08  -0.456776E+00   0.990965E+07   0.990965E+07   0.244926E+02   0.858184E+05   0.487300E+00  -0.274704E+14
   0.398336E-04   0.336723E+08   0.336723E+08   0.446313E+08   0.446244E+08   0.336745E+08   0.336723E+08   0.336723E+08   0.336842E+08  -0.456400E+00   0.990511E+07   0.990511E+07   0.270318E+02   0.703951E+05   0.486825E+00  -0.248671E+14
   0.439836E-04   0.336386E+08   0.336386E+08   0.445286E+08   0.445202E+08   0.336407E+08   0.336386E+08   0.336386E+08   0.336505E+08  -0.455944E+00   0.989960E+07   0.989960E+07   0.298312E+02   0.577446E+05   0.486251E+00  -0.225083E+14
   0.485659E-04   0.335978E+08   0.335978E+08   0.444039E+08   0.443937E+08   0.335997E+08   0.335978E+08   0.335978E+08   0.336097E+08  -0.455390E+00   0.989291E+07   0.989290E+07   0.329164E+02   0.473683E+05   0.485558E+00  -0.203708E+14
   0.536256E-04   0.335484E+08   0.335484E+08   0.442525E+08   0.442401E+08   0.335500E+08   0.335484E+08   0.335484E+08   0.335602E+08  -0.454720E+00   0.988478E+07   0.988478E+07   0.363153E+02   0.388571E+05   0.484723E+00  -0.184336E+14
   0.592125E-04   0.334886E+08   0.334886E+08   0.440690E+08   0.440539E+08   0.334900E+08   0.334886E+08   0.334886E+08   0.335004E+08  -0.453909E+00   0.987494E+07   0.987494E+07   0.400579E+02   0.318756E+05   0.483718E+00  -0.166777E+14
   0.653814E-04   0.334164E+08   0.334164E+08   0.438466E+08   0.438283E+08   0.334175E+08   0.334164E+08   0.334164E+08   0.334281E+08  -0.452930E+00   0.986304E+07   0.986303E+07   0.441764E+02   0.261488E+05   0.482514E+00  -0.150859E+14
   0.721930E-04   0.333294E+08   0.333294E+08   0.435776E+08   0.435553E+08   0.333301E+08   0.333294E+08   0.333294E+08   0.333411E+08  -0.451750E+00   0.984865E+07   0.984864E+07   0.487051E+02   0.214507E+05   0.481074E+00  -0.136426E+14
   0.797142E-04   0.332249E+08   0.332248E+08   0.432527E+08   0.432257E+08   0.332250E+08   0.332249E+08   0.332249E+08   0.332364E+08  -0.450332E+00   0.983130E+07   0.983128E+07   0.536805E+02   0.175964E+05   0.479362E+00  -0.123336E+14
   0.880190E-04   0.330995E+08   0.330994E+08   0.428611E+08   0.428284E+08   0.330990E+08   0.330995E+08   0.330995E+08   0.331109E+08  -0.448632E+00   0.981042E+07   0.981041E+07   0.591406E+02   0.144340E+05   0.477334E+00  -0.111462E+14
   0.971891E-04   0.329498E+08   0.329497E+08   0.423902E+08   0.423506E+08   0.329485E+08   0.329497E+08   0.329497E+08   0.329611E+08  -0.446601E+00   0.978538E+07   0.978536E+07   0.651245E+02   0.118389E+05   0.474948E+00  -0.100688E+14
   0.107314E-03   0.327716E+08   0.327715E+08   0.418255E+08   0.417776E+08   0.327695E+08   0.327716E+08   0.327716E+08   0.327828E+08  -0.444184E+00   0.975542E+07   0.975540E+07   0.716719E+02   0.970898E+04   0.472160E+00  -0.909083E+13
   0.118495E-03   0.325607E+08   0.325606E+08   0.411506E+08   0.410929E+08   0.325575E+08   0.325606E+08   0.325607E+08   0.325716E+08  -0.441323E+00   0.971974E+07   0.971971E+07   0.788215E+02   0.796041E+04   0.468928E+00  -0.820297E+13
   0.130840E-03   0.323124E+08   0.323123E+08   0.403472E+08   0.402777E+08   0.323079E+08   0.323123E+08   0.323124E+08   0.323231E+08  -0.437955E+00   0.967743E+07   0.967740E+07   0.866099E+02   0.652452E+04   0.465217E+00  -0.739666E+13
   0.144471E-03   0.320220E+08   0.320218E+08   0.393953E+08   0.393119E+08   0.320158E+08   0.320219E+08   0.320219E+08   0.320324E+08  -0.434016E+00   0.962754E+07   0.962750E+07   0.950691E+02   0.534502E+04   0.461005E+00  -0.666423E+13
   0.159522E-03   0.316849E+08   0.316847E+08   0.382734E+08   0.381737E+08   0.316768E+08   0.316848E+08   0.316849E+08   0.316951E+08  -0.429444E+00   0.956907E+07   0.956902E+07   0.104224E+03   0.437577E+04   0.456283E+00  -0.599879E+13
   0.176142E-03   0.312971E+08   0.312969E+08   0.369598E+08   0.368409E+08   0.312866E+08   0.312970E+08   0.312970E+08   0.313068E+08  -0.424183E+00   0.950105E+07   0.950099E+07   0.114088E+03   0.357902E+04   0.451067E+00  -0.539417E+13
   0.194493E-03   0.308552E+08   0.308549E+08   0.354327E+08   0.352919E+08   0.308418E+08   0.308551E+08   0.308551E+08   0.308645E+08  -0.418188E+00   0.942261E+07   0.942253E+07   0.124661E+03   0.292390E+04   0.445398E+00  -0.484488E+13
   0.214755E-03   0.303572E+08   0.303569E+08   0.336729E+08   0.335070E+08   0.303403E+08   0.303571E+08   0.303572E+08   0.303661E+08  -0.411432E+00   0.933300E+07   0.933291E+07   0.135918E+03   0.238517E+04   0.439346E+00  -0.434603E+13
   0.237129E-03   0.298029E+08   0.298025E+08   0.316650E+08   0.314711E+08   0.297817E+08   0.298028E+08   0.298029E+08   0.298112E+08  -0.403911E+00   0.923176E+07   0.923165E+07   0.147807E+03   0.194224E+04   0.433012E+00  -0.389327E+13
   0.261834E-03   0.291940E+08   0.291936E+08   0.294004E+08   0.291759E+08   0.291676E+08   0.291938E+08   0.291940E+08   0.292017E+08  -0.395650E+00   0.911876E+07   0.911863E+07   0.160242E+03   0.157829E+04   0.426524E+00  -0.348277E+13
   0.289112E-03   0.285348E+08   0.285343E+08   0.268806E+08   0.266238E+08   0.285020E+08   0.285346E+08   0.285348E+08   0.285418E+08  -0.386704E+00   0.899432E+07   0.899417E+07   0.173086E+03   0.127957E+04   0.420028E+00  -0.311112E+13
   0.319233E-03   0.278320E+08   0.278314E+08   0.241215E+08   0.238319E+08   0.277915E+08   0.278317E+08   0.278319E+08   0.278381E+08  -0.377166E+00   0.885928E+07   0.885910E+07   0.186151E+03   0.103481E+04   0.413680E+00  -0.277527E+13
   0.352491E-03   0.270948E+08   0.270940E+08   0.211571E+08   0.208362E+08   0.270449E+08   0.270944E+08   0.270946E+08   0.271000E+08  -0.367159E+00   0.871503E+07   0.871482E+07   0.199181E+03   0.834748E+03   0.407630E+00  -0.247249E+13
   0.389215E-03   0.263342E+08   0.263333E+08   0.180444E+08   0.176965E+08   0.262730E+08   0.263338E+08   0.263340E+08   0.263385E+08  -0.356835E+00   0.856347E+07   0.856322E+07   0.211851E+03   0.671709E+03   0.402011E+00  -0.220026E+13
   0.429764E-03   0.255630E+08   0.255619E+08   0.148662E+08   0.144990E+08   0.254880E+08   0.255624E+08   0.255628E+08   0.255664E+08  -0.346365E+00   0.840697E+07   0.840668E+07   0.223763E+03   0.539301E+03   0.396931E+00  -0.195624E+13
   0.474538E-03   0.247944E+08   0.247931E+08   0.117317E+08   0.113571E+08   0.247028E+08   0.247937E+08   0.247941E+08   0.247968E+08  -0.335928E+00   0.824819E+07   0.824786E+07   0.234449E+03   0.432173E+03   0.392460E+00  -0.173820E+13
   0.523976E-03   0.240413E+08   0.240398E+08   0.877230E+07   0.840570E+07   0.239297E+08   0.240406E+08   0.240411E+08   0.240429E+08  -0.325703E+00   0.808991E+07   0.808953E+07   0.243395E+03   0.345829E+03   0.388631E+00  -0.154399E+13
   0.578566E-03   0.233158E+08   0.233140E+08   0.612899E+07   0.578812E+07   0.231799E+08   0.233148E+08   0.233155E+08   0.233165E+08  -0.315851E+00   0.793483E+07   0.793440E+07   0.250076E+03   0.276486E+03   0.385443E+00  -0.137150E+13
   0.638842E-03   0.226277E+08   0.226257E+08   0.393017E+07   0.363196E+07   0.224626E+08   0.226266E+08   0.226274E+08   0.226276E+08  -0.306508E+00   0.778536E+07   0.778487E+07   0.254000E+03   0.220973E+03   0.382862E+00  -0.121870E+13
   0.705398E-03   0.219848E+08   0.219825E+08   0.226053E+07   0.201643E+07   0.217845E+08   0.219835E+08   0.219844E+08   0.219840E+08  -0.297778E+00   0.764347E+07   0.764293E+07   0.254781E+03   0.176645E+03   0.380831E+00  -0.108359E+13
   0.778888E-03   0.213920E+08   0.213894E+08   0.112880E+07   0.939022E+06   0.211496E+08   0.213904E+08   0.213916E+08   0.213907E+08  -0.289730E+00   0.751058E+07   0.750999E+07   0.252199E+03   0.141309E+03   0.379280E+00  -0.964292E+12
   0.860035E-03   0.208518E+08   0.208488E+08   0.450695E+06   0.299716E+06   0.205589E+08   0.208499E+08   0.208513E+08   0.208500E+08  -0.282398E+00   0.738754E+07   0.738690E+07   0.246243E+03   0.113168E+03   0.378132E+00  -0.859001E+12
   0.949635E-03   0.203641E+08   0.203608E+08   0.689838E+05  -0.744690E+05   0.200111E+08   0.203618E+08   0.203635E+08   0.203618E+08  -0.275779E+00   0.727461E+07   0.727393E+07   0.237114E+03   0.907588E+02   0.377311E+00  -0.766059E+12
   0.104857E-02   0.199269E+08   0.199233E+08  -0.178304E+06  -0.354046E+06   0.195027E+08   0.199243E+08   0.199263E+08   0.199242E+08  -0.269847E+00   0.717156E+07   0.717086E+07   0.225174E+03   0.729017E+02   0.376744E+00  -0.683951E+12
   0.115781E-02   0.195367E+08   0.195330E+08  -0.368398E+06  -0.611275E+06   0.190285E+08   0.195337E+08   0.195361E+08   0.195336E+08  -0.264553E+00   0.707776E+07   0.707703E+07   0.210876E+03   0.586533E+02   0.376371E+00  -0.611316E+12
   0.127844E-02   0.191890E+08   0.191850E+08  -0.459116E+06  -0.786323E+06   0.185825E+08   0.191854E+08   0.191883E+08   0.191853E+08  -0.259832E+00   0.699224E+07   0.699149E+07   0.194724E+03   0.472644E+02   0.376137E+00  -0.546947E+12
   0.141163E-02   0.188783E+08   0.188742E+08  -0.379552E+06  -0.788309E+06   0.181585E+08   0.188742E+08   0.188776E+08   0.188740E+08  -0.255614E+00   0.691384E+07   0.691308E+07   0.177325E+03   0.381432E+02   0.376003E+00  -0.489787E+12
   0.155869E-02   0.185991E+08   0.185949E+08  -0.183584E+06   0.467941E+06   0.177498E+08   0.185944E+08   0.185984E+08   0.185944E+08  -0.251825E+00   0.684123E+07   0.684048E+07   0.159460E+03   0.308245E+02   0.375935E+00  -0.438916E+12
   0.172108E-02   0.183457E+08   0.183416E+08  -0.438035E+05   0.378575E+06   0.173500E+08   0.183403E+08   0.183450E+08   0.183404E+08  -0.248384E+00   0.677315E+07   0.677242E+07   0.142034E+03   0.249372E+02   0.375912E+00  -0.393547E+12
   0.190039E-02   0.181127E+08   0.181086E+08  -0.214699E+05   0.306563E+06   0.169537E+08   0.181066E+08   0.181121E+08   0.181066E+08  -0.245217E+00   0.670824E+07   0.670752E+07   0.125874E+03   0.201923E+02   0.375916E+00  -0.353000E+12
   0.209838E-02   0.178949E+08   0.178908E+08  -0.801479E+04   0.248418E+06   0.165559E+08   0.178879E+08   0.178942E+08   0.178879E+08  -0.242255E+00   0.664519E+07   0.664449E+07   0.111557E+03   0.163609E+02   0.375935E+00  -0.316688E+12
   0.231699E-02   0.176873E+08   0.176832E+08  -0.971100E+04   0.201388E+06   0.161528E+08   0.176794E+08   0.176866E+08   0.176794E+08  -0.239431E+00   0.658273E+07   0.658204E+07   0.993943E+02   0.132620E+02   0.375959E+00  -0.284112E+12
   0.255838E-02   0.174855E+08   0.174812E+08  -0.825726E+05   0.163293E+06   0.157410E+08   0.174765E+08   0.174848E+08   0.174765E+08  -0.236683E+00   0.651968E+07   0.651899E+07   0.893305E+02   0.107520E+02   0.375984E+00  -0.254841E+12
   0.282492E-02   0.172854E+08   0.172809E+08  -0.981177E+05   0.132399E+06   0.153181E+08   0.172753E+08   0.172846E+08   0.172753E+08  -0.233957E+00   0.645494E+07   0.645426E+07   0.808724E+02   0.871665E+01   0.376008E+00  -0.228504E+12
   0.311923E-02   0.170831E+08   0.170784E+08  -0.833790E+05   0.107323E+06   0.148810E+08   0.170719E+08   0.170824E+08   0.170719E+08  -0.231203E+00   0.638751E+07   0.638682E+07   0.733671E+02   0.706481E+01   0.376027E+00  -0.204782E+12
   0.344419E-02   0.168756E+08   0.168706E+08  -0.469433E+05   0.869558E+05   0.144272E+08   0.168631E+08   0.168747E+08   0.168631E+08  -0.228375E+00   0.631644E+07   0.631576E+07   0.662857E+02   0.572340E+01   0.376042E+00  -0.183397E+12
   0.380302E-02   0.166596E+08   0.166543E+08  -0.324346E+05   0.704078E+05   0.139539E+08   0.166459E+08   0.166587E+08   0.166459E+08  -0.225432E+00   0.624088E+07   0.624021E+07   0.595050E+02   0.463370E+01   0.376052E+00  -0.164106E+12
   0.419923E-02   0.164324E+08   0.164268E+08  -0.303632E+05   0.569607E+05   0.134591E+08   0.164174E+08   0.164315E+08   0.164174E+08  -0.222338E+00   0.616003E+07   0.615936E+07   0.532707E+02   0.374830E+01   0.376057E+00  -0.146697E+12
   0.463671E-02   0.161916E+08   0.161857E+08  -0.369955E+05   0.460342E+05   0.129411E+08   0.161753E+08   0.161906E+08   0.161753E+08  -0.219058E+00   0.607313E+07   0.607246E+07   0.478358E+02   0.302895E+01   0.376057E+00  -0.130982E+12
   0.511978E-02   0.159350E+08   0.159285E+08  -0.240781E+05   0.371584E+05   0.124007E+08   0.159172E+08   0.159339E+08   0.159172E+08  -0.215563E+00   0.597949E+07   0.597883E+07   0.431149E+02   0.244467E+01   0.376052E+00  -0.116794E+12
   0.565317E-02   0.156608E+08   0.156537E+08  -0.106311E+05   0.299526E+05   0.118135E+08   0.156414E+08   0.156596E+08   0.156414E+08  -0.211828E+00   0.587862E+07   0.587796E+07   0.388141E+02   0.197038E+01   0.376042E+00  -0.103990E+12
   0.624213E-02   0.153662E+08   0.153584E+08  -0.669298E+04   0.241047E+05   0.112120E+08   0.153452E+08   0.153649E+08   0.153452E+08  -0.207817E+00   0.576956E+07   0.576891E+07   0.348407E+02   0.158551E+01   0.376028E+00  -0.924311E+11
   0.689245E-02   0.150498E+08   0.150411E+08   0.108675E+05   0.193633E+05   0.105837E+08   0.150272E+08   0.150484E+08   0.150272E+08  -0.203511E+00   0.565188E+07   0.565123E+07   0.313250E+02   0.127350E+01   0.376011E+00  -0.820025E+11
   0.761052E-02   0.147100E+08   0.147002E+08   0.828323E+04   0.155229E+05   0.993717E+07   0.146858E+08   0.147084E+08   0.146858E+08  -0.198886E+00   0.552502E+07   0.552438E+07   0.282209E+02   0.102081E+01   0.375990E+00  -0.725984E+11
   0.840340E-02   0.143451E+08   0.143340E+08  -0.322194E+04   0.124158E+05   0.928106E+07   0.143192E+08   0.143432E+08   0.143192E+08  -0.193922E+00   0.538845E+07   0.538781E+07   0.254079E+02   0.816390E+00   0.375967E+00  -0.641233E+11
   0.927889E-02   0.139536E+08   0.139411E+08   0.521285E+04   0.990528E+04   0.861514E+07   0.139263E+08   0.139515E+08   0.139263E+08  -0.188600E+00   0.524169E+07   0.524106E+07   0.229096E+02   0.651245E+00   0.375942E+00  -0.564915E+11
   0.102456E-01   0.135344E+08   0.135201E+08  -0.689584E+03   0.787997E+04   0.793929E+07   0.135055E+08   0.135320E+08   0.135055E+08  -0.182902E+00   0.508429E+07   0.508365E+07   0.206861E+02   0.518029E+00   0.375915E+00  -0.496250E+11
   0.113130E-01   0.130859E+08   0.130696E+08   0.133313E+04   0.624879E+04   0.726039E+07   0.130556E+08   0.130832E+08   0.130556E+08  -0.176809E+00   0.491577E+07   0.491513E+07   0.187055E+02   0.410748E+00   0.375886E+00  -0.434530E+11
   0.124916E-01   0.126071E+08   0.125884E+08  -0.311250E+03   0.493752E+04   0.658628E+07   0.125755E+08   0.126040E+08   0.125755E+08  -0.170307E+00   0.473571E+07   0.473508E+07   0.169464E+02   0.324520E+00   0.375856E+00  -0.379117E+11
   0.137930E-01   0.120971E+08   0.120756E+08   0.138154E+04   0.388570E+04   0.592288E+07   0.120643E+08   0.120935E+08   0.120643E+08  -0.163383E+00   0.454382E+07   0.454319E+07   0.153815E+02   0.255360E+00   0.375826E+00  -0.329433E+11
   0.152300E-01   0.115552E+08   0.115307E+08  -0.293267E+04   0.304410E+04   0.527322E+07   0.115214E+08   0.115511E+08   0.115214E+08  -0.156031E+00   0.433990E+07   0.433926E+07   0.139852E+02   0.200030E+00   0.375795E+00  -0.284961E+11
   0.168167E-01   0.109943E+08   0.109664E+08  -0.140943E+03   0.237540E+04   0.465262E+07   0.109596E+08   0.109896E+08   0.109596E+08  -0.148423E+00   0.412878E+07   0.412814E+07   0.127432E+02   0.156072E+00   0.375764E+00  -0.245519E+11
   0.185687E-01   0.103925E+08   0.103610E+08   0.290758E+03   0.184150E+04   0.405552E+07   0.103573E+08   0.103872E+08   0.103573E+08  -0.140266E+00   0.390230E+07   0.390166E+07   0.116107E+02   0.120981E+00   0.375733E+00  -0.210157E+11
   0.205033E-01   0.976283E+07   0.972746E+07  -0.198939E+04   0.141874E+04   0.349355E+07   0.972725E+07   0.975689E+07   0.972724E+07  -0.131734E+00   0.366532E+07   0.366467E+07   0.105711E+02   0.931970E-01   0.375703E+00  -0.178769E+11
   0.226393E-01   0.910012E+07   0.906092E+07  -0.794297E+03   0.108453E+04   0.296886E+07   0.906456E+07   0.909354E+07   0.906456E+07  -0.122759E+00   0.341594E+07   0.341529E+07   0.959336E+01   0.712361E-01   0.375674E+00  -0.150886E+11
   0.249980E-01   0.842804E+07   0.838524E+07  -0.550295E+03   0.823730E+03   0.249265E+07   0.839280E+07   0.842086E+07   0.839280E+07  -0.113662E+00   0.316308E+07   0.316244E+07   0.866129E+01   0.541006E-01   0.375645E+00  -0.126534E+11
   0.276023E-01   0.775449E+07   0.770867E+07  -0.536515E+03   0.621540E+03   0.206722E+07   0.771992E+07   0.774680E+07   0.771992E+07  -0.104549E+00   0.290974E+07   0.290909E+07   0.775161E+01   0.408176E-01   0.375618E+00  -0.105416E+11
   0.304780E-01   0.708237E+07   0.703450E+07  -0.442347E+03   0.465533E+03   0.169226E+07   0.704886E+07   0.707433E+07   0.704886E+07  -0.954609E-01   0.265702E+07   0.265639E+07   0.683989E+01   0.305699E-01   0.375593E+00  -0.871780E+10
   0.336533E-01   0.642986E+07   0.638139E+07  -0.215338E+03   0.346605E+03   0.136950E+07   0.639781E+07   0.642172E+07   0.639781E+07  -0.866439E-01   0.241178E+07   0.241118E+07   0.591646E+01   0.227586E-01   0.375569E+00  -0.716653E+10
   0.371593E-01   0.582047E+07   0.577326E+07  -0.783355E+02   0.257317E+03   0.109935E+07   0.579024E+07   0.581254E+07   0.579024E+07  -0.784157E-01   0.218289E+07   0.218233E+07   0.498387E+01   0.168946E-01   0.375547E+00  -0.587436E+10
   0.410307E-01   0.526911E+07   0.522530E+07  -0.118033E+03   0.191052E+03   0.878220E+06   0.524101E+07   0.526175E+07   0.524101E+07  -0.709776E-01   0.197594E+07   0.197544E+07   0.405630E+01   0.125430E-01   0.375526E+00  -0.481574E+10
   0.451338E-01   0.480888E+07   0.477033E+07   0.144110E+03   0.144110E+03   0.707764E+06   0.478303E+07   0.480241E+07   0.478303E+07  -0.647753E-01   0.180332E+07   0.180288E+07   0.323217E+01   0.946135E-02   0.375498E+00  -0.399549E+10
   0.492368E-01   0.444494E+07   0.441250E+07   0.111941E+03   0.111941E+03   0.582279E+06   0.442124E+07   0.443949E+07   0.442124E+07  -0.598757E-01   0.166698E+07   0.166661E+07   0.251056E+01   0.734904E-02   0.375483E+00  -0.338563E+10
   0.533399E-01   0.415167E+07   0.412534E+07   0.891033E+02   0.891033E+02   0.487706E+06   0.412993E+07   0.414725E+07   0.412993E+07  -0.559306E-01   0.155719E+07   0.155688E+07   0.193575E+01   0.584946E-02   0.375470E+00  -0.291938E+10
   0.574430E-01   0.390475E+07   0.388377E+07   0.722712E+02   0.722712E+02   0.414306E+06   0.388472E+07   0.390123E+07   0.388472E+07  -0.526098E-01   0.146477E+07   0.146451E+07   0.150391E+01   0.474431E-02   0.375460E+00  -0.254998E+10
   0.615460E-01   0.368517E+07   0.366829E+07   0.594239E+02   0.594239E+02   0.355615E+06   0.366659E+07   0.368234E+07   0.366659E+07  -0.496557E-01   0.138255E+07   0.138233E+07   0.120177E+01   0.390082E-02   0.375450E+00  -0.224639E+10
   0.656491E-01   0.347828E+07   0.346401E+07   0.492998E+02   0.492998E+02   0.307272E+06   0.346088E+07   0.347588E+07   0.346088E+07  -0.468699E-01   0.130501E+07   0.130481E+07   0.100822E+01   0.323616E-02   0.375443E+00  -0.198788E+10
   0.697522E-01   0.327368E+07   0.326056E+07   0.411023E+02   0.411023E+02   0.266366E+06   0.325725E+07   0.327147E+07   0.325725E+07  -0.441121E-01   0.122825E+07   0.122806E+07   0.897167E+00   0.269800E-02   0.375436E+00  -0.176089E+10
   0.738552E-01   0.307309E+07   0.305993E+07   0.344143E+02   0.344143E+02   0.231607E+06   0.305745E+07   0.307088E+07   0.305745E+07  -0.414062E-01   0.115292E+07   0.115273E+07   0.842625E+00   0.225896E-02   0.375430E+00  -0.156107E+10
   0.779583E-01   0.287005E+07   0.285603E+07   0.288434E+02   0.288434E+02   0.201358E+06   0.285508E+07   0.286770E+07   0.285508E+07  -0.386656E-01   0.107663E+07   0.107644E+07   0.817702E+00   0.189326E-02   0.375425E+00  -0.138104E+10
   0.820614E-01   0.267446E+07   0.265924E+07   0.242539E+02   0.242539E+02   0.175446E+06   0.266009E+07   0.267190E+07   0.266009E+07  -0.360249E-01   0.100311E+07   0.100291E+07   0.802722E+00   0.159199E-02   0.375421E+00  -0.122240E+10
   0.861644E-01   0.249170E+07   0.247537E+07   0.204927E+02   0.204927E+02   0.153430E+06   0.247790E+07   0.248896E+07   0.247790E+07  -0.335576E-01   0.934423E+06   0.934220E+06   0.782755E+00   0.134510E-02   0.375417E+00  -0.108447E+10
   0.912856E-01   0.228845E+07   0.227137E+07   0.167660E+02   0.167660E+02   0.130824E+06   0.227539E+07   0.228558E+07   0.227539E+07  -0.308150E-01   0.858065E+06   0.857863E+06   0.738348E+00   0.110049E-02   0.375412E+00  -0.939976E+09
   0.964067E-01   0.211894E+07   0.210212E+07   0.139176E+02   0.139176E+02   0.112968E+06   0.210664E+07   0.211612E+07   0.210664E+07  -0.285296E-01   0.794437E+06   0.794244E+06   0.669230E+00   0.913516E-03   0.375409E+00  -0.824044E+09
   0.101528E+00   0.198526E+07   0.196969E+07   0.117574E+02   0.117574E+02   0.990834E+05   0.197373E+07   0.198264E+07   0.197373E+07  -0.267297E-01   0.744321E+06   0.744144E+06   0.581968E+00   0.771729E-03   0.375406E+00  -0.733118E+09
   0.106649E+00   0.188253E+07   0.186894E+07   0.101050E+02   0.101050E+02   0.882332E+05   0.187176E+07   0.188024E+07   0.187176E+07  -0.253488E-01   0.705872E+06   0.705715E+06   0.488495E+00   0.663271E-03   0.375403E+00  -0.661864E+09
   0.111770E+00   0.180064E+07   0.178929E+07   0.880143E+01   0.880143E+01   0.794396E+05   0.179060E+07   0.179873E+07   0.179060E+07  -0.242496E-01   0.675265E+06   0.675130E+06   0.401340E+00   0.577706E-03   0.375400E+00  -0.604157E+09
   0.116891E+00   0.172869E+07   0.171937E+07   0.772676E+01   0.772676E+01   0.718941E+05   0.171929E+07   0.172713E+07   0.171929E+07  -0.232839E-01   0.648377E+06   0.648261E+06   0.330167E+00   0.507170E-03   0.375398E+00  -0.554688E+09
   0.122012E+00   0.165816E+07   0.165032E+07   0.680317E+01   0.680317E+01   0.650516E+05   0.164931E+07   0.165684E+07   0.164931E+07  -0.223362E-01   0.621988E+06   0.621885E+06   0.279845E+00   0.446550E-03   0.375396E+00  -0.509779E+09
   0.127134E+00   0.158404E+07   0.157698E+07   0.598631E+01   0.598631E+01   0.586242E+05   0.157564E+07   0.158286E+07   0.157565E+07  -0.213385E-01   0.594210E+06   0.594115E+06   0.250112E+00   0.392935E-03   0.375394E+00  -0.467395E+09
   0.132255E+00   0.150497E+07   0.149801E+07   0.525539E+01   0.525539E+01   0.525291E+05   0.149693E+07   0.150380E+07   0.149693E+07  -0.202725E-01   0.564529E+06   0.564435E+06   0.236616E+00   0.344960E-03   0.375393E+00  -0.426854E+09
   0.137376E+00   0.142254E+07   0.141522E+07   0.460368E+01   0.460368E+01   0.468159E+05   0.141480E+07   0.142131E+07   0.141480E+07  -0.191603E-01   0.533561E+06   0.533465E+06   0.232779E+00   0.302183E-03   0.375391E+00  -0.388397E+09
   0.142497E+00   0.134030E+07   0.133243E+07   0.403086E+01   0.403086E+01   0.415926E+05   0.133283E+07   0.133897E+07   0.133283E+07  -0.180502E-01   0.502652E+06   0.502553E+06   0.231817E+00   0.264585E-03   0.375390E+00  -0.352747E+09
   0.147618E+00   0.126276E+07   0.125442E+07   0.353832E+01   0.353832E+01   0.369688E+05   0.125556E+07   0.126136E+07   0.125556E+07  -0.170038E-01   0.473515E+06   0.473414E+06   0.228391E+00   0.232254E-03   0.375388E+00  -0.320771E+09
   0.152739E+00   0.119420E+07   0.118568E+07   0.312531E+01   0.312531E+01   0.330132E+05   0.118728E+07   0.119277E+07   0.118728E+07  -0.160791E-01   0.447767E+06   0.447666E+06   0.219531E+00   0.205145E-03   0.375387E+00  -0.293158E+09
   0.157860E+00   0.113699E+07   0.112866E+07   0.278557E+01   0.278557E+01   0.297138E+05   0.113036E+07   0.113559E+07   0.113036E+07  -0.153082E-01   0.426302E+06   0.426205E+06   0.204731E+00   0.182844E-03   0.375386E+00  -0.270049E+09
   0.162982E+00   0.109071E+07   0.108291E+07   0.250696E+01   0.250696E+01   0.269777E+05   0.108437E+07   0.108940E+07   0.108437E+07  -0.146854E-01   0.408959E+06   0.408868E+06   0.185449E+00   0.164556E-03   0.375385E+00  -0.250923E+09
   0.168103E+00   0.105295E+07   0.104592E+07   0.227515E+01   0.227515E+01   0.246736E+05   0.104691E+07   0.105177E+07   0.104691E+07  -0.141780E-01   0.394832E+06   0.394749E+06   0.164288E+00   0.149340E-03   0.375384E+00  -0.234876E+09
   0.173224E+00   0.102070E+07   0.101450E+07   0.207720E+01   0.207720E+01   0.226762E+05   0.101494E+07   0.101966E+07   0.101494E+07  -0.137451E-01   0.382776E+06   0.382701E+06   0.144097E+00   0.136347E-03   0.375383E+00  -0.220973E+09
   0.178345E+00   0.990892E+06   0.985424E+06   0.190256E+01   0.190256E+01   0.208812E+05   0.985387E+06   0.989974E+06   0.985387E+06  -0.133448E-01   0.371629E+06   0.371561E+06   0.127153E+00   0.124884E-03   0.375382E+00  -0.208378E+09
   0.183466E+00   0.960671E+06   0.955738E+06   0.174311E+01   0.174311E+01   0.192087E+05   0.955391E+06   0.959842E+06   0.955391E+06  -0.129386E-01   0.360317E+06   0.360254E+06   0.114669E+00   0.114417E-03   0.375382E+00  -0.196396E+09
   0.188587E+00   0.928202E+06   0.923554E+06   0.159401E+01   0.159401E+01   0.176143E+05   0.923116E+06   0.927422E+06   0.923116E+06  -0.125015E-01   0.348146E+06   0.348086E+06   0.106699E+00   0.104630E-03   0.375381E+00  -0.184609E+09
   0.193708E+00   0.893302E+06   0.888709E+06   0.145400E+01   0.145400E+01   0.160928E+05   0.888383E+06   0.892530E+06   0.888383E+06  -0.120311E-01   0.335048E+06   0.334988E+06   0.102371E+00   0.954400E-04   0.375380E+00  -0.172966E+09
   0.198830E+00   0.857114E+06   0.852417E+06   0.132408E+01   0.132408E+01   0.146636E+05   0.852342E+06   0.856325E+06   0.852342E+06  -0.115430E-01   0.321456E+06   0.321397E+06   0.100265E+00   0.869122E-04   0.375379E+00  -0.161675E+09
   0.203951E+00   0.821228E+06   0.816369E+06   0.120564E+01   0.120564E+01   0.133497E+05   0.816593E+06   0.820412E+06   0.816593E+06  -0.110589E-01   0.307975E+06   0.307915E+06   0.988413E-01   0.791381E-04   0.375379E+00  -0.151005E+09
   0.209072E+00   0.787192E+06   0.782203E+06   0.109968E+01   0.109968E+01   0.121692E+05   0.782690E+06   0.786354E+06   0.782690E+06  -0.105998E-01   0.295190E+06   0.295129E+06   0.968317E-01   0.721822E-04   0.375378E+00  -0.141191E+09
   0.214193E+00   0.756327E+06   0.751311E+06   0.100659E+01   0.100659E+01   0.111333E+05   0.751962E+06   0.755484E+06   0.751962E+06  -0.101836E-01   0.283602E+06   0.283542E+06   0.934903E-01   0.660720E-04   0.375378E+00  -0.132405E+09
   0.219314E+00   0.729431E+06   0.724519E+06   0.925970E+00   0.925970E+00   0.102432E+05   0.725207E+06   0.728606E+06   0.725207E+06  -0.982128E-02   0.273512E+06   0.273453E+06   0.886611E-01   0.607799E-04   0.375377E+00  -0.124712E+09
   0.224435E+00   0.706498E+06   0.701812E+06   0.856411E+00   0.856411E+00   0.948784E+04   0.702416E+06   0.705711E+06   0.702416E+06  -0.951263E-02   0.264916E+06   0.264861E+06   0.826788E-01   0.562139E-04   0.375377E+00  -0.118037E+09
   0.229556E+00   0.686795E+06   0.682416E+06   0.795831E+00   0.795831E+00   0.884655E+04   0.682855E+06   0.686060E+06   0.682855E+06  -0.924772E-02   0.257539E+06   0.257487E+06   0.761765E-01   0.522372E-04   0.375376E+00  -0.112190E+09
   0.234678E+00   0.669209E+06   0.665162E+06   0.742019E+00   0.742019E+00   0.829513E+04   0.665405E+06   0.668530E+06   0.665405E+06  -0.901140E-02   0.250958E+06   0.250909E+06   0.698664E-01   0.487049E-04   0.375376E+00  -0.106938E+09
   0.239799E+00   0.652554E+06   0.648808E+06   0.693013E+00   0.693013E+00   0.780937E+04   0.648877E+06   0.651925E+06   0.648877E+06  -0.878757E-02   0.244724E+06   0.244678E+06   0.643432E-01   0.454880E-04   0.375375E+00  -0.102055E+09
   0.244920E+00   0.635824E+06   0.632310E+06   0.647326E+00   0.647326E+00   0.736842E+04   0.632263E+06   0.635234E+06   0.632263E+06  -0.856256E-02   0.238458E+06   0.238414E+06   0.599550E-01   0.424891E-04   0.375375E+00  -0.973623E+08
   0.250041E+00   0.618433E+06   0.615062E+06   0.604101E+00   0.604101E+00   0.695740E+04   0.614976E+06   0.617867E+06   0.614976E+06  -0.832845E-02   0.231938E+06   0.231896E+06   0.567631E-01   0.396519E-04   0.375375E+00  -0.927607E+08
   0.255162E+00   0.600314E+06   0.597006E+06   0.563095E+00   0.563095E+00   0.656854E+04   0.596952E+06   0.599759E+06   0.596952E+06  -0.808436E-02   0.225141E+06   0.225099E+06   0.545794E-01   0.369603E-04   0.375374E+00  -0.882350E+08
   0.260283E+00   0.581805E+06   0.578499E+06   0.524455E+00   0.524455E+00   0.619991E+04   0.578529E+06   0.581250E+06   0.578529E+06  -0.783486E-02   0.218193E+06   0.218152E+06   0.530564E-01   0.344240E-04   0.375374E+00  -0.838294E+08
   0.265404E+00   0.563434E+06   0.560106E+06   0.488465E+00   0.488465E+00   0.585257E+04   0.560240E+06   0.562876E+06   0.560240E+06  -0.758717E-02   0.211295E+06   0.211254E+06   0.517971E-01   0.320618E-04   0.375374E+00  -0.796130E+08
   0.270526E+00   0.545780E+06   0.542437E+06   0.455398E+00   0.455398E+00   0.552903E+04   0.542665E+06   0.545219E+06   0.542665E+06  -0.734916E-02   0.204667E+06   0.204626E+06   0.504587E-01   0.298914E-04   0.375373E+00  -0.756557E+08
   0.275647E+00   0.529349E+06   0.526023E+06   0.425418E+00   0.425418E+00   0.523123E+04   0.526313E+06   0.528790E+06   0.526313E+06  -0.712771E-02   0.198500E+06   0.198460E+06   0.488225E-01   0.279236E-04   0.375373E+00  -0.720128E+08
   0.280768E+00   0.514443E+06   0.511178E+06   0.398489E+00   0.398489E+00   0.495920E+04   0.511486E+06   0.513895E+06   0.511486E+06  -0.692692E-02   0.192909E+06   0.192869E+06   0.468192E-01   0.261561E-04   0.375373E+00  -0.687077E+08
   0.285889E+00   0.501074E+06   0.497912E+06   0.374356E+00   0.374356E+00   0.471013E+04   0.498197E+06   0.500543E+06   0.498197E+06  -0.674695E-02   0.187897E+06   0.187859E+06   0.445130E-01   0.245721E-04   0.375373E+00  -0.657238E+08
   0.291010E+00   0.489008E+06   0.485979E+06   0.352602E+00   0.352602E+00   0.447919E+04   0.486209E+06   0.488499E+06   0.486209E+06  -0.658460E-02   0.183375E+06   0.183339E+06   0.420581E-01   0.231443E-04   0.375373E+00  -0.630136E+08
   0.296131E+00   0.477872E+06   0.474988E+06   0.332767E+00   0.332767E+00   0.426104E+04   0.475149E+06   0.477388E+06   0.475149E+06  -0.643482E-02   0.179204E+06   0.179169E+06   0.396426E-01   0.218424E-04   0.375372E+00  -0.605153E+08
   0.301252E+00   0.467263E+06   0.464515E+06   0.314419E+00   0.314419E+00   0.405084E+04   0.464611E+06   0.466801E+06   0.464611E+06  -0.629211E-02   0.175230E+06   0.175196E+06   0.374341E-01   0.206381E-04   0.375372E+00  -0.581674E+08
   0.306374E+00   0.456819E+06   0.454184E+06   0.297206E+00   0.297206E+00   0.384528E+04   0.454235E+06   0.456376E+06   0.454235E+06  -0.615158E-02   0.171316E+06   0.171284E+06   0.355408E-01   0.195084E-04   0.375372E+00  -0.559177E+08
   0.311495E+00   0.446300E+06   0.443749E+06   0.280896E+00   0.280896E+00   0.364278E+04   0.443779E+06   0.445872E+06   0.443779E+06  -0.600998E-02   0.167373E+06   0.167341E+06   0.339958E-01   0.184379E-04   0.375372E+00  -0.537325E+08
   0.316616E+00   0.435635E+06   0.433138E+06   0.265385E+00   0.265385E+00   0.344382E+04   0.433172E+06   0.435216E+06   0.433172E+06  -0.586634E-02   0.163373E+06   0.163342E+06   0.327626E-01   0.174198E-04   0.375372E+00  -0.515999E+08
   0.321737E+00   0.424911E+06   0.422444E+06   0.250674E+00   0.250674E+00   0.325024E+04   0.422503E+06   0.424496E+06   0.422503E+06  -0.572184E-02   0.159349E+06   0.159318E+06   0.317555E-01   0.164542E-04   0.375372E+00  -0.495279E+08
   0.326858E+00   0.414307E+06   0.411859E+06   0.236815E+00   0.236815E+00   0.306452E+04   0.411952E+06   0.413896E+06   0.411952E+06  -0.557895E-02   0.155370E+06   0.155339E+06   0.308682E-01   0.155445E-04   0.375371E+00  -0.475345E+08
   0.331979E+00   0.404026E+06   0.401597E+06   0.223865E+00   0.223865E+00   0.288911E+04   0.401722E+06   0.403618E+06   0.401722E+06  -0.544041E-02   0.151512E+06   0.151482E+06   0.300015E-01   0.146944E-04   0.375371E+00  -0.456391E+08
   0.337100E+00   0.394242E+06   0.391839E+06   0.211854E+00   0.211854E+00   0.272591E+04   0.391988E+06   0.393839E+06   0.391988E+06  -0.530859E-02   0.147841E+06   0.147811E+06   0.290854E-01   0.139061E-04   0.375371E+00  -0.438567E+08
   0.342222E+00   0.385065E+06   0.382702E+06   0.200775E+00   0.200775E+00   0.257624E+04   0.382860E+06   0.384668E+06   0.382860E+06  -0.518497E-02   0.144398E+06   0.144369E+06   0.280889E-01   0.131788E-04   0.375371E+00  -0.421944E+08
   0.347343E+00   0.376519E+06   0.374211E+06   0.190573E+00   0.190573E+00   0.244052E+04   0.374363E+06   0.376132E+06   0.374363E+06  -0.506990E-02   0.141194E+06   0.141165E+06   0.270195E-01   0.125091E-04   0.375371E+00  -0.406498E+08
   0.352464E+00   0.368547E+06   0.366304E+06   0.181158E+00   0.181158E+00   0.231842E+04   0.366439E+06   0.368170E+06   0.366439E+06  -0.496259E-02   0.138205E+06   0.138178E+06   0.259125E-01   0.118911E-04   0.375371E+00  -0.392112E+08
   0.357585E+00   0.361028E+06   0.358856E+06   0.172417E+00   0.172417E+00   0.220883E+04   0.358967E+06   0.360664E+06   0.358967E+06  -0.486140E-02   0.135387E+06   0.135360E+06   0.248171E-01   0.113173E-04   0.375371E+00  -0.378616E+08
   0.362706E+00   0.353824E+06   0.351720E+06   0.164241E+00   0.164241E+00   0.211015E+04   0.351808E+06   0.353471E+06   0.351808E+06  -0.476444E-02   0.132687E+06   0.132661E+06   0.237814E-01   0.107806E-04   0.375370E+00  -0.365826E+08
   0.367827E+00   0.346806E+06   0.344765E+06   0.156533E+00   0.156533E+00   0.202057E+04   0.344834E+06   0.346464E+06   0.344834E+06  -0.466999E-02   0.130056E+06   0.130031E+06   0.228404E-01   0.102747E-04   0.375370E+00  -0.353581E+08
   0.372948E+00   0.339879E+06   0.337889E+06   0.149223E+00   0.149223E+00   0.193818E+04   0.337947E+06   0.339545E+06   0.337947E+06  -0.457672E-02   0.127459E+06   0.127434E+06   0.220092E-01   0.979483E-05   0.375370E+00  -0.341762E+08
   0.378070E+00   0.332992E+06   0.331042E+06   0.142266E+00   0.142266E+00   0.186140E+04   0.331099E+06   0.332664E+06   0.331099E+06  -0.448398E-02   0.124876E+06   0.124852E+06   0.212827E-01   0.933813E-05   0.375370E+00  -0.330301E+08
   0.383191E+00   0.326152E+06   0.324235E+06   0.135644E+00   0.135644E+00   0.178904E+04   0.324297E+06   0.325830E+06   0.324297E+06  -0.439187E-02   0.122311E+06   0.122287E+06   0.206406E-01   0.890346E-05   0.375370E+00  -0.319192E+08
   0.388312E+00   0.319418E+06   0.317527E+06   0.129361E+00   0.129361E+00   0.172053E+04   0.317598E+06   0.319100E+06   0.317598E+06  -0.430115E-02   0.119785E+06   0.119761E+06   0.200545E-01   0.849109E-05   0.375370E+00  -0.308476E+08
   0.393433E+00   0.312855E+06   0.310988E+06   0.123425E+00   0.123425E+00   0.165557E+04   0.311070E+06   0.312541E+06   0.311070E+06  -0.421274E-02   0.117322E+06   0.117299E+06   0.194955E-01   0.810146E-05   0.375370E+00  -0.298203E+08
   0.398554E+00   0.306517E+06   0.304676E+06   0.117836E+00   0.117836E+00   0.159406E+04   0.304766E+06   0.306208E+06   0.304766E+06  -0.412737E-02   0.114945E+06   0.114922E+06   0.189402E-01   0.773462E-05   0.375370E+00  -0.288406E+08
   0.403675E+00   0.300440E+06   0.298628E+06   0.112588E+00   0.112588E+00   0.153594E+04   0.298723E+06   0.300136E+06   0.298723E+06  -0.404553E-02   0.112666E+06   0.112643E+06   0.183754E-01   0.739012E-05   0.375370E+00  -0.279101E+08
   0.408796E+00   0.294646E+06   0.292867E+06   0.107667E+00   0.107667E+00   0.148110E+04   0.292961E+06   0.294347E+06   0.292961E+06  -0.396750E-02   0.110493E+06   0.110471E+06   0.177991E-01   0.706714E-05   0.375370E+00  -0.270289E+08
   0.413918E+00   0.289128E+06   0.287387E+06   0.103053E+00   0.103053E+00   0.142931E+04   0.287476E+06   0.288836E+06   0.287476E+06  -0.389321E-02   0.108424E+06   0.108402E+06   0.172182E-01   0.676428E-05   0.375369E+00  -0.261946E+08
   0.419039E+00   0.283850E+06   0.282148E+06   0.987145E-01   0.987145E-01   0.138013E+04   0.282229E+06   0.283565E+06   0.282229E+06  -0.382215E-02   0.106445E+06   0.106424E+06   0.166450E-01   0.647951E-05   0.375369E+00  -0.254023E+08
   0.424160E+00   0.278760E+06   0.277097E+06   0.946179E-01   0.946179E-01   0.133309E+04   0.277169E+06   0.278481E+06   0.277169E+06  -0.375363E-02   0.104536E+06   0.104516E+06   0.160926E-01   0.621062E-05   0.375369E+00  -0.246456E+08
   0.429281E+00   0.273809E+06   0.272183E+06   0.907338E-01   0.907338E-01   0.128773E+04   0.272248E+06   0.273536E+06   0.272248E+06  -0.368698E-02   0.102680E+06   0.102660E+06   0.155719E-01   0.595567E-05   0.375369E+00  -0.239193E+08
   0.434402E+00   0.268966E+06   0.267374E+06   0.870400E-01   0.870400E-01   0.124370E+04   0.267433E+06   0.268699E+06   0.267433E+06  -0.362177E-02   0.100864E+06   0.100845E+06   0.150891E-01   0.571322E-05   0.375369E+00  -0.232192E+08
   0.439523E+00   0.264208E+06   0.262645E+06   0.835194E-01   0.835194E-01   0.120072E+04   0.262702E+06   0.263945E+06   0.262702E+06  -0.355770E-02   0.990801E+05   0.990608E+05   0.146449E-01   0.548214E-05   0.375369E+00  -0.225427E+08
   0.444644E+00   0.259524E+06   0.257988E+06   0.801600E-01   0.801600E-01   0.115858E+04   0.258045E+06   0.259266E+06   0.258045E+06  -0.349463E-02   0.973237E+05   0.973047E+05   0.142348E-01   0.526164E-05   0.375369E+00  -0.218881E+08
   0.449766E+00   0.254922E+06   0.253409E+06   0.769554E-01   0.769554E-01   0.111717E+04   0.253468E+06   0.254668E+06   0.253468E+06  -0.343265E-02   0.955975E+05   0.955788E+05   0.138512E-01   0.505130E-05   0.375369E+00  -0.212550E+08
   0.454887E+00   0.250419E+06   0.248928E+06   0.739033E-01   0.739033E-01   0.107646E+04   0.248990E+06   0.250169E+06   0.248990E+06  -0.337200E-02   0.939086E+05   0.938903E+05   0.134857E-01   0.485097E-05   0.375369E+00  -0.206445E+08
   0.460008E+00   0.246039E+06   0.244570E+06   0.710028E-01   0.710028E-01   0.103648E+04   0.244634E+06   0.245792E+06   0.244634E+06  -0.331301E-02   0.922658E+05   0.922477E+05   0.131308E-01   0.466059E-05   0.375369E+00  -0.200575E+08
   0.465129E+00   0.241797E+06   0.240350E+06   0.682502E-01   0.682502E-01   0.997320E+03   0.240415E+06   0.241554E+06   0.240415E+06  -0.325588E-02   0.906747E+05   0.906569E+05   0.127814E-01   0.447992E-05   0.375369E+00  -0.194946E+08
   0.470250E+00   0.237697E+06   0.236273E+06   0.656395E-01   0.656395E-01   0.959102E+03   0.236338E+06   0.237458E+06   0.236338E+06  -0.320067E-02   0.891371E+05   0.891195E+05   0.124351E-01   0.430856E-05   0.375369E+00  -0.189553E+08
   0.475371E+00   0.233735E+06   0.232335E+06   0.631624E-01   0.631624E-01   0.921982E+03   0.232399E+06   0.233500E+06   0.232399E+06  -0.314732E-02   0.876514E+05   0.876342E+05   0.120926E-01   0.414596E-05   0.375369E+00  -0.184386E+08
   0.480492E+00   0.229903E+06   0.228529E+06   0.608098E-01   0.608098E-01   0.886116E+03   0.228590E+06   0.229672E+06   0.228590E+06  -0.309573E-02   0.862147E+05   0.861977E+05   0.117562E-01   0.399154E-05   0.375369E+00  -0.179431E+08
   0.485614E+00   0.226190E+06   0.224840E+06   0.585725E-01   0.585725E-01   0.851654E+03   0.224898E+06   0.225963E+06   0.224898E+06  -0.304573E-02   0.848224E+05   0.848057E+05   0.114297E-01   0.384469E-05   0.375369E+00  -0.174671E+08
   0.490735E+00   0.222579E+06   0.221254E+06   0.564409E-01   0.564409E-01   0.818659E+03   0.221308E+06   0.222357E+06   0.221308E+06  -0.299712E-02   0.834684E+05   0.834520E+05   0.111161E-01   0.370477E-05   0.375369E+00  -0.170089E+08
   0.495856E+00   0.219052E+06   0.217750E+06   0.544052E-01   0.544052E-01   0.787153E+03   0.217801E+06   0.218833E+06   0.217801E+06  -0.294963E-02   0.821458E+05   0.821297E+05   0.108175E-01   0.357114E-05   0.375369E+00  -0.165665E+08
   0.500977E+00   0.215595E+06   0.214315E+06   0.524576E-01   0.524576E-01   0.757120E+03   0.214365E+06   0.215380E+06   0.214365E+06  -0.290308E-02   0.808497E+05   0.808338E+05   0.105346E-01   0.344330E-05   0.375368E+00  -0.161385E+08
   0.506098E+00   0.212206E+06   0.210945E+06   0.505931E-01   0.505931E-01   0.728575E+03   0.210994E+06   0.211994E+06   0.210994E+06  -0.285744E-02   0.795785E+05   0.795629E+05   0.102667E-01   0.332092E-05   0.375368E+00  -0.157240E+08
   0.511219E+00   0.208885E+06   0.207643E+06   0.488086E-01   0.488086E-01   0.701551E+03   0.207692E+06   0.208676E+06   0.207692E+06  -0.281272E-02   0.783331E+05   0.783178E+05   0.100120E-01   0.320378E-05   0.375368E+00  -0.153229E+08
   0.516340E+00   0.205636E+06   0.204412E+06   0.471009E-01   0.471009E-01   0.676104E+03   0.204461E+06   0.205430E+06   0.204461E+06  -0.276896E-02   0.771145E+05   0.770994E+05   0.976796E-02   0.309169E-05   0.375368E+00  -0.149349E+08
   0.521462E+00   0.202459E+06   0.201253E+06   0.454669E-01   0.454669E-01   0.652305E+03   0.201302E+06   0.202257E+06   0.201302E+06  -0.272619E-02   0.759232E+05   0.759083E+05   0.953219E-02   0.298443E-05   0.375368E+00  -0.145597E+08
   0.526583E+00   0.199360E+06   0.198171E+06   0.439042E-01   0.439042E-01   0.630214E+03   0.198220E+06   0.199160E+06   0.198220E+06  -0.268445E-02   0.747608E+05   0.747461E+05   0.930271E-02   0.288185E-05   0.375368E+00  -0.141974E+08
   0.531704E+00   0.196342E+06   0.195170E+06   0.424108E-01   0.424108E-01   0.609869E+03   0.195220E+06   0.196145E+06   0.195220E+06  -0.264381E-02   0.736292E+05   0.736147E+05   0.907837E-02   0.278382E-05   0.375368E+00  -0.138478E+08
   0.536825E+00   0.193408E+06   0.192254E+06   0.409837E-01   0.409837E-01   0.591228E+03   0.192303E+06   0.193214E+06   0.192303E+06  -0.260430E-02   0.725289E+05   0.725146E+05   0.885884E-02   0.269014E-05   0.375368E+00  -0.135108E+08
   0.541946E+00   0.190553E+06   0.189416E+06   0.396191E-01   0.396191E-01   0.574176E+03   0.189464E+06   0.190362E+06   0.189464E+06  -0.256585E-02   0.714581E+05   0.714440E+05   0.864435E-02   0.260057E-05   0.375368E+00  -0.131855E+08
   0.547067E+00   0.187769E+06   0.186649E+06   0.383128E-01   0.383128E-01   0.558520E+03   0.186696E+06   0.187581E+06   0.186696E+06  -0.252837E-02   0.704141E+05   0.704003E+05   0.843553E-02   0.251482E-05   0.375368E+00  -0.128712E+08
   0.559946E+00   0.181057E+06   0.179979E+06   0.352636E-01   0.352636E-01   0.523766E+03   0.180023E+06   0.180876E+06   0.180023E+06  -0.243800E-02   0.678973E+05   0.678840E+05   0.794036E-02   0.231467E-05   0.375368E+00  -0.121257E+08
   0.593872E+00   0.164980E+06   0.163997E+06   0.285659E-01   0.285659E-01   0.440063E+03   0.164037E+06   0.164815E+06   0.164037E+06  -0.222151E-02   0.618682E+05   0.618560E+05   0.683627E-02   0.187506E-05   0.375368E+00  -0.104178E+08
   0.629853E+00   0.150291E+06   0.149396E+06   0.231343E-01   0.231343E-01   0.349437E+03   0.149432E+06   0.150141E+06   0.149432E+06  -0.202371E-02   0.563598E+05   0.563487E+05   0.587548E-02   0.151854E-05   0.375368E+00  -0.894811E+07
   0.879031E+00   0.878555E+05   0.873324E+05   0.694326E-02   0.694326E-02   0.105546E+03   0.873528E+05   0.877677E+05   0.873528E+05  -0.118300E-02   0.329462E+05   0.329396E+05   0.248925E-02   0.455753E-06   0.375367E+00  -0.374802E+07
   0.122679E+01   0.507375E+05   0.504354E+05   0.205871E-02   0.205871E-02   0.325579E+02   0.504471E+05   0.506868E+05   0.504471E+05  -0.683191E-03   0.190268E+05   0.190229E+05   0.105322E-02   0.135134E-06   0.375366E+00  -0.155095E+07
   0.171212E+01   0.289969E+05   0.288240E+05   0.604068E-03   0.604068E-03   0.973079E+01   0.288308E+05   0.289678E+05   0.288308E+05  -0.390448E-03   0.108739E+05   0.108716E+05   0.450013E-03   0.396510E-07   0.375366E+00  -0.635116E+06
   0.238945E+01   0.164235E+05   0.163253E+05   0.175658E-03   0.175658E-03   0.280645E+01   0.163294E+05   0.164070E+05   0.163294E+05  -0.221144E-03   0.615885E+04   0.615743E+04   0.197505E-03   0.115302E-07   0.375365E+00  -0.257751E+06
