#          k/h    CDM            baryon         photon         nu             mass_nu        total          no_nu          total_de       Weyl           v_CDM          v_b            v_b-v_c        ISW            log_grow       pert_vel    
   0.994668E-05   0.202200E+09   0.202200E+09   0.269553E+09   0.269552E+09   0.202208E+09   0.202200E+09   0.202200E+09   0.202272E+09  -0.456706E+00   0.991026E+07   0.991026E+07   0.116260E+02   0.112884E+07   0.487133E+00  -0.996376E+14
   0.109829E-04   0.202028E+09   0.202028E+09   0.269314E+09   0.269313E+09   0.202036E+09   0.202028E+09   0.202028E+09   0.202100E+09  -0.456318E+00   0.990562E+07   0.990562E+07   0.128335E+02   0.925981E+06   0.486637E+00  -0.901942E+14
   0.121272E-04   0.201819E+09   0.201819E+09   0.269022E+09   0.269022E+09   0.201827E+09   0.201819E+09   0.201819E+09   0.201891E+09  -0.455846E+00   0.989996E+07   0.989996E+07   0.141654E+02   0.759592E+06   0.486035E+00  -0.816375E+14
   0.133906E-04   0.201565E+09   0.201565E+09   0.268668E+09   0.268668E+09   0.201573E+09   0.201565E+09   0.201565E+09   0.201636E+09  -0.455272E+00   0.989308E+07   0.989308E+07   0.156344E+02   0.623116E+06   0.485302E+00  -0.738834E+14
   0.147857E-04   0.201256E+09   0.201256E+09   0.268238E+09   0.268237E+09   0.201264E+09   0.201256E+09   0.201256E+09   0.201327E+09  -0.454575E+00   0.988471E+07   0.988471E+07   0.172540E+02   0.511175E+06   0.484414E+00  -0.668557E+14
   0.163261E-04   0.200881E+09   0.200881E+09   0.267716E+09   0.267715E+09   0.200889E+09   0.200881E+09   0.200881E+09   0.200952E+09  -0.453728E+00   0.987454E+07   0.987454E+07   0.190393E+02   0.419357E+06   0.483337E+00  -0.604854E+14
   0.180270E-04   0.200426E+09   0.200426E+09   0.267082E+09   0.267080E+09   0.200434E+09   0.200426E+09   0.200426E+09   0.200497E+09  -0.452700E+00   0.986219E+07   0.986218E+07   0.210063E+02   0.344042E+06   0.482033E+00  -0.547099E+14
   0.199051E-04   0.199875E+09   0.199875E+09   0.266314E+09   0.266312E+09   0.199883E+09   0.199875E+09   0.199875E+09   0.199946E+09  -0.451455E+00   0.984719E+07   0.984719E+07   0.231726E+02   0.282262E+06   0.480457E+00  -0.494726E+14
   0.219788E-04   0.199207E+09   0.199207E+09   0.265384E+09   0.265382E+09   0.199216E+09   0.199207E+09   0.199207E+09   0.199278E+09  -0.449948E+00   0.982901E+07   0.982901E+07   0.255571E+02   0.231582E+06   0.478554E+00  -0.447220E+14
   0.242687E-04   0.198401E+09   0.198401E+09   0.264260E+09   0.264257E+09   0.198409E+09   0.198401E+09   0.198401E+09   0.198472E+09  -0.448128E+00   0.980699E+07   0.980699E+07   0.281799E+02   0.190005E+06   0.476263E+00  -0.404116E+14
   0.267970E-04   0.197429E+09   0.197429E+09   0.262905E+09   0.262901E+09   0.197437E+09   0.197429E+09   0.197429E+09   0.197499E+09  -0.445931E+00   0.978037E+07   0.978037E+07   0.310625E+02   0.155892E+06   0.473512E+00  -0.364993E+14
   0.295888E-04   0.196259E+09   0.196259E+09   0.261273E+09   0.261268E+09   0.196267E+09   0.196259E+09   0.196259E+09   0.196329E+09  -0.443289E+00   0.974823E+07   0.974823E+07   0.342275E+02   0.127899E+06   0.470217E+00  -0.329469E+14
   0.326714E-04   0.194855E+09   0.194854E+09   0.259313E+09   0.259308E+09   0.194862E+09   0.194855E+09   0.194855E+09   0.194924E+09  -0.440117E+00   0.970951E+07   0.970951E+07   0.376986E+02   0.104924E+06   0.466287E+00  -0.297197E+14
   0.360752E-04   0.193175E+09   0.193175E+09   0.256968E+09   0.256962E+09   0.193182E+09   0.193175E+09   0.193175E+09   0.193243E+09  -0.436324E+00   0.966298E+07   0.966298E+07   0.414998E+02   0.860622E+05   0.461620E+00  -0.267866E+14
   0.398336E-04   0.191173E+09   0.191173E+09   0.254173E+09   0.254165E+09   0.191181E+09   0.191173E+09   0.191173E+09   0.191241E+09  -0.431803E+00   0.960724E+07   0.960724E+07   0.456556E+02   0.705715E+05   0.456107E+00  -0.241193E+14
   0.439836E-04   0.188799E+09   0.188799E+09   0.250855E+09   0.250845E+09   0.188806E+09   0.188799E+09   0.188799E+09   0.188866E+09  -0.426441E+00   0.954070E+07   0.954069E+07   0.501901E+02   0.578436E+05   0.449635E+00  -0.216923E+14
   0.485659E-04   0.185999E+09   0.185999E+09   0.246937E+09   0.246926E+09   0.186005E+09   0.185999E+09   0.185999E+09   0.186065E+09  -0.420116E+00   0.946160E+07   0.946159E+07   0.551259E+02   0.473795E+05   0.442093E+00  -0.194827E+14
   0.536256E-04   0.182715E+09   0.182715E+09   0.242340E+09   0.242326E+09   0.182722E+09   0.182715E+09   0.182715E+09   0.182780E+09  -0.412701E+00   0.936803E+07   0.936802E+07   0.604837E+02   0.387705E+05   0.433378E+00  -0.174700E+14
   0.592125E-04   0.178895E+09   0.178895E+09   0.236984E+09   0.236967E+09   0.178901E+09   0.178895E+09   0.178895E+09   0.178958E+09  -0.404071E+00   0.925802E+07   0.925801E+07   0.662809E+02   0.316822E+05   0.423406E+00  -0.156358E+14
   0.653814E-04   0.174486E+09   0.174486E+09   0.230795E+09   0.230774E+09   0.174491E+09   0.174486E+09   0.174486E+09   0.174547E+09  -0.394113E+00   0.912954E+07   0.912953E+07   0.725302E+02   0.258409E+05   0.412123E+00  -0.139640E+14
   0.721930E-04   0.169447E+09   0.169447E+09   0.223709E+09   0.223683E+09   0.169452E+09   0.169447E+09   0.169447E+09   0.169507E+09  -0.382733E+00   0.898069E+07   0.898067E+07   0.792385E+02   0.210237E+05   0.399518E+00  -0.124403E+14
   0.797142E-04   0.163751E+09   0.163751E+09   0.215681E+09   0.215650E+09   0.163755E+09   0.163751E+09   0.163751E+09   0.163808E+09  -0.369867E+00   0.880979E+07   0.880977E+07   0.864055E+02   0.170491E+05   0.385632E+00  -0.110521E+14
   0.880190E-04   0.157388E+09   0.157388E+09   0.206692E+09   0.206655E+09   0.157392E+09   0.157388E+09   0.157388E+09   0.157444E+09  -0.355498E+00   0.861559E+07   0.861557E+07   0.940225E+02   0.137696E+05   0.370573E+00  -0.978869E+13
   0.971891E-04   0.150377E+09   0.150377E+09   0.196757E+09   0.196712E+09   0.150379E+09   0.150377E+09   0.150377E+09   0.150430E+09  -0.339662E+00   0.839748E+07   0.839745E+07   0.102073E+03   0.110658E+05   0.354517E+00  -0.864067E+13
   0.107314E-03   0.142762E+09   0.142761E+09   0.185926E+09   0.185872E+09   0.142762E+09   0.142762E+09   0.142762E+09   0.142811E+09  -0.322461E+00   0.815564E+07   0.815560E+07   0.110530E+03   0.884080E+04   0.337707E+00  -0.760003E+13
   0.118495E-03   0.134617E+09   0.134617E+09   0.174292E+09   0.174228E+09   0.134617E+09   0.134617E+09   0.134617E+09   0.134664E+09  -0.304067E+00   0.789126E+07   0.789121E+07   0.119362E+03   0.701572E+04   0.320443E+00  -0.665982E+13
   0.130840E-03   0.126050E+09   0.126050E+09   0.161990E+09   0.161913E+09   0.126048E+09   0.126050E+09   0.126050E+09   0.126094E+09  -0.284716E+00   0.760663E+07   0.760658E+07   0.128532E+03   0.552579E+04   0.303068E+00  -0.581391E+13
   0.144471E-03   0.117191E+09   0.117191E+09   0.149188E+09   0.149095E+09   0.117186E+09   0.117191E+09   0.117191E+09   0.117231E+09  -0.264706E+00   0.730519E+07   0.730513E+07   0.137999E+03   0.431721E+04   0.285942E+00  -0.505669E+13
   0.159522E-03   0.108189E+09   0.108189E+09   0.136079E+09   0.135970E+09   0.108182E+09   0.108189E+09   0.108189E+09   0.108226E+09  -0.244374E+00   0.699138E+07   0.699131E+07   0.147725E+03   0.334460E+04   0.269420E+00  -0.438285E+13
   0.176142E-03   0.992043E+08   0.992041E+08   0.122874E+09   0.122743E+09   0.991943E+08   0.992042E+08   0.992043E+08   0.992370E+08  -0.224079E+00   0.667049E+07   0.667041E+07   0.157676E+03   0.256907E+04   0.253831E+00  -0.378713E+13
   0.194493E-03   0.903936E+08   0.903934E+08   0.109777E+09   0.109624E+09   0.903802E+08   0.903935E+08   0.903936E+08   0.904228E+08  -0.204177E+00   0.634826E+07   0.634816E+07   0.167821E+03   0.195700E+04   0.239453E+00  -0.326412E+13
   0.214755E-03   0.819034E+08   0.819031E+08   0.969835E+08   0.968040E+08   0.818860E+08   0.819033E+08   0.819033E+08   0.819292E+08  -0.184999E+00   0.603053E+07   0.603042E+07   0.178134E+03   0.147912E+04   0.226505E+00  -0.280819E+13
   0.237129E-03   0.738592E+08   0.738588E+08   0.846595E+08   0.844508E+08   0.738370E+08   0.738590E+08   0.738591E+08   0.738816E+08  -0.166828E+00   0.572284E+07   0.572270E+07   0.188582E+03   0.111009E+04   0.215141E+00  -0.241346E+13
   0.261834E-03   0.663597E+08   0.663592E+08   0.729397E+08   0.726993E+08   0.663320E+08   0.663595E+08   0.663596E+08   0.663790E+08  -0.149887E+00   0.543001E+07   0.542985E+07   0.199123E+03   0.828147E+03   0.205449E+00  -0.207390E+13
   0.289112E-03   0.594738E+08   0.594733E+08   0.619237E+08   0.616497E+08   0.594394E+08   0.594736E+08   0.594737E+08   0.594901E+08  -0.134332E+00   0.515591E+07   0.515572E+07   0.209688E+03   0.614883E+03   0.197458E+00  -0.178341E+13
   0.319233E-03   0.532401E+08   0.532395E+08   0.516788E+08   0.513705E+08   0.531977E+08   0.532398E+08   0.532400E+08   0.532536E+08  -0.120249E+00   0.490330E+07   0.490309E+07   0.220165E+03   0.455016E+03   0.191140E+00  -0.153601E+13
   0.352491E-03   0.476695E+08   0.476687E+08   0.422478E+08   0.419064E+08   0.476175E+08   0.476692E+08   0.476694E+08   0.476804E+08  -0.107664E+00   0.467380E+07   0.467356E+07   0.230388E+03   0.336098E+03   0.186424E+00  -0.132597E+13
   0.389215E-03   0.427495E+08   0.427485E+08   0.336592E+08   0.332885E+08   0.426859E+08   0.427490E+08   0.427493E+08   0.427580E+08  -0.965479E-01   0.446797E+07   0.446769E+07   0.240118E+03   0.248188E+03   0.183202E+00  -0.114797E+13
   0.429764E-03   0.384492E+08   0.384480E+08   0.259387E+08   0.255456E+08   0.383718E+08   0.384486E+08   0.384490E+08   0.384555E+08  -0.868315E-01   0.428546E+07   0.428514E+07   0.249039E+03   0.183499E+03   0.181334E+00  -0.997191E+12
   0.474538E-03   0.347249E+08   0.347236E+08   0.191183E+08   0.187131E+08   0.346308E+08   0.347243E+08   0.347247E+08   0.347294E+08  -0.784162E-01   0.412524E+07   0.412487E+07   0.256757E+03   0.136032E+03   0.180657E+00  -0.869336E+12
   0.523976E-03   0.315253E+08   0.315237E+08   0.132402E+08   0.128365E+08   0.314111E+08   0.315245E+08   0.315250E+08   0.315280E+08  -0.711858E-01   0.398574E+07   0.398532E+07   0.262818E+03   0.101244E+03   0.180993E+00  -0.760686E+12
   0.578566E-03   0.287950E+08   0.287932E+08   0.835225E+07   0.796469E+07   0.286565E+08   0.287940E+08   0.287947E+08   0.287962E+08  -0.650156E-01   0.386510E+07   0.386463E+07   0.266741E+03   0.757335E+02   0.182153E+00  -0.668059E+12
   0.638842E-03   0.264785E+08   0.264764E+08   0.449084E+07   0.413237E+07   0.263107E+08   0.264773E+08   0.264781E+08   0.264785E+08  -0.597803E-01   0.376130E+07   0.376078E+07   0.268070E+03   0.569874E+02   0.183947E+00  -0.588776E+12
   0.705398E-03   0.245222E+08   0.245198E+08   0.165407E+07   0.133062E+07   0.243194E+08   0.245209E+08   0.245218E+08   0.245213E+08  -0.553591E-01   0.367228E+07   0.367172E+07   0.266438E+03   0.431627E+02   0.186193E+00  -0.520603E+12
   0.778888E-03   0.228762E+08   0.228735E+08  -0.228726E+06  -0.524258E+06   0.226313E+08   0.228746E+08   0.228757E+08   0.228745E+08  -0.516392E-01   0.359606E+07   0.359544E+07   0.261639E+03   0.329183E+02   0.188721E+00  -0.461695E+12
   0.860035E-03   0.214948E+08   0.214918E+08  -0.131380E+07  -0.160627E+07   0.211996E+08   0.214929E+08   0.214943E+08   0.214925E+08  -0.485175E-01   0.353073E+07   0.353007E+07   0.253668E+03   0.252823E+02   0.191386E+00  -0.410536E+12
   0.949635E-03   0.203374E+08   0.203341E+08  -0.182412E+07  -0.215622E+07   0.199823E+08   0.203352E+08   0.203368E+08   0.203346E+08  -0.459022E-01   0.347456E+07   0.347387E+07   0.242730E+03   0.195524E+02   0.194063E+00  -0.365885E+12
   0.104857E-02   0.193680E+08   0.193645E+08  -0.198337E+07  -0.240806E+07   0.189419E+08   0.193654E+08   0.193674E+08   0.193648E+08  -0.437119E-01   0.342598E+07   0.342526E+07   0.229189E+03   0.152215E+02   0.196658E+00  -0.326729E+12
   0.115781E-02   0.185555E+08   0.185517E+08  -0.192898E+07  -0.249472E+07   0.180455E+08   0.185524E+08   0.185549E+08   0.185519E+08  -0.418760E-01   0.338358E+07   0.338283E+07   0.213498E+03   0.119232E+02   0.199102E+00  -0.292239E+12
   0.127844E-02   0.178729E+08   0.178689E+08  -0.167938E+07  -0.241498E+07   0.172649E+08   0.178693E+08   0.178722E+08   0.178688E+08  -0.403334E-01   0.334609E+07   0.334533E+07   0.196166E+03   0.939223E+01   0.201350E+00  -0.261732E+12
   0.141163E-02   0.172970E+08   0.172929E+08  -0.122495E+07  -0.213307E+07   0.165760E+08   0.172929E+08   0.172963E+08   0.172925E+08  -0.390321E-01   0.331241E+07   0.331166E+07   0.177801E+03   0.743567E+01   0.203377E+00  -0.234651E+12
   0.155869E-02   0.168084E+08   0.168042E+08  -0.678879E+06   0.422886E+06   0.159582E+08   0.168036E+08   0.168077E+08   0.168035E+08  -0.379283E-01   0.328155E+07   0.328081E+07   0.159180E+03   0.591306E+01   0.205177E+00  -0.210532E+12
   0.172108E-02   0.163901E+08   0.163859E+08  -0.264689E+06   0.338218E+06   0.153940E+08   0.163847E+08   0.163894E+08   0.163847E+08  -0.369827E-01   0.325267E+07   0.325195E+07   0.141203E+03   0.471959E+01   0.206753E+00  -0.188990E+12
   0.190039E-02   0.160281E+08   0.160239E+08  -0.763400E+05   0.271278E+06   0.148691E+08   0.160219E+08   0.160274E+08   0.160219E+08  -0.361638E-01   0.322500E+07   0.322429E+07   0.124677E+03   0.377881E+01   0.208117E+00  -0.169702E+12
   0.209838E-02   0.157102E+08   0.157061E+08  -0.913140E+04   0.218089E+06   0.143720E+08   0.157032E+08   0.157095E+08   0.157032E+08  -0.354444E-01   0.319783E+07   0.319714E+07   0.110149E+03   0.303327E+01   0.209287E+00  -0.152396E+12
   0.231699E-02   0.154263E+08   0.154222E+08  -0.392180E+05   0.175643E+06   0.138934E+08   0.154184E+08   0.154256E+08   0.154184E+08  -0.348016E-01   0.317054E+07   0.316986E+07   0.978923E+02   0.243972E+01   0.210282E+00  -0.136839E+12
   0.255838E-02   0.151678E+08   0.151635E+08  -0.166581E+06   0.141648E+06   0.134259E+08   0.151589E+08   0.151671E+08   0.151588E+08  -0.342158E-01   0.314261E+07   0.314193E+07   0.878083E+02   0.196527E+01   0.211122E+00  -0.122836E+12
   0.282492E-02   0.149272E+08   0.149227E+08  -0.206575E+06   0.114335E+06   0.129635E+08   0.149171E+08   0.149264E+08   0.149171E+08  -0.336701E-01   0.311346E+07   0.311279E+07   0.793689E+02   0.158476E+01   0.211827E+00  -0.110214E+12
   0.311923E-02   0.146982E+08   0.146935E+08  -0.164389E+06   0.923387E+05   0.125010E+08   0.146870E+08   0.146974E+08   0.146870E+08  -0.331506E-01   0.308269E+07   0.308201E+07   0.719018E+02   0.127880E+01   0.212415E+00  -0.988286E+11
   0.344419E-02   0.144755E+08   0.144705E+08  -0.772310E+05   0.745883E+05   0.120337E+08   0.144631E+08   0.144747E+08   0.144631E+08  -0.326452E-01   0.304987E+07   0.304920E+07   0.648755E+02   0.103223E+01   0.212904E+00  -0.885510E+11
   0.380302E-02   0.142546E+08   0.142493E+08  -0.381036E+05   0.602431E+05   0.115574E+08   0.142409E+08   0.142537E+08   0.142409E+08  -0.321437E-01   0.301463E+07   0.301397E+07   0.581702E+02   0.833207E+00   0.213309E+00  -0.792694E+11
   0.419923E-02   0.140314E+08   0.140258E+08  -0.484045E+05   0.486374E+05   0.110688E+08   0.140164E+08   0.140304E+08   0.140164E+08  -0.316369E-01   0.297662E+07   0.297596E+07   0.520276E+02   0.672342E+00   0.213643E+00  -0.708849E+11
   0.463671E-02   0.138025E+08   0.137965E+08  -0.637225E+05   0.392413E+05   0.105655E+08   0.137862E+08   0.138015E+08   0.137862E+08  -0.311173E-01   0.293551E+07   0.293486E+07   0.466882E+02   0.542207E+00   0.213917E+00  -0.633100E+11
   0.511978E-02   0.135650E+08   0.135585E+08  -0.335023E+05   0.316315E+05   0.100475E+08   0.135472E+08   0.135639E+08   0.135472E+08  -0.305779E-01   0.289098E+07   0.289034E+07   0.420598E+02   0.436886E+00   0.214142E+00  -0.564669E+11
   0.565317E-02   0.133165E+08   0.133094E+08  -0.832654E+04   0.254687E+05   0.948989E+07   0.132972E+08   0.133153E+08   0.132972E+08  -0.300136E-01   0.284284E+07   0.284219E+07   0.378507E+02   0.351643E+00   0.214324E+00  -0.502874E+11
   0.624213E-02   0.130540E+08   0.130461E+08  -0.115405E+04   0.204772E+05   0.892504E+07   0.130331E+08   0.130527E+08   0.130331E+08  -0.294175E-01   0.279062E+07   0.278999E+07   0.339670E+02   0.282638E+00   0.214471E+00  -0.447062E+11
   0.689245E-02   0.127756E+08   0.127669E+08   0.355984E+05   0.164370E+05   0.834012E+07   0.127531E+08   0.127741E+08   0.127531E+08  -0.287855E-01   0.273415E+07   0.273352E+07   0.305349E+02   0.226807E+00   0.214590E+00  -0.396687E+11
   0.761052E-02   0.124794E+08   0.124697E+08   0.286980E+05   0.131688E+05   0.774372E+07   0.124554E+08   0.124778E+08   0.124554E+08  -0.281135E-01   0.267316E+07   0.267253E+07   0.275120E+02   0.181666E+00   0.214685E+00  -0.351244E+11
   0.840340E-02   0.121638E+08   0.121527E+08   0.134314E+04   0.105276E+05   0.714440E+07   0.121382E+08   0.121619E+08   0.121382E+08  -0.273974E-01   0.260741E+07   0.260679E+07   0.247773E+02   0.145194E+00   0.214760E+00  -0.310279E+11
   0.927889E-02   0.118271E+08   0.118146E+08   0.182554E+05   0.839548E+04   0.654201E+07   0.118000E+08   0.118250E+08   0.118000E+08  -0.266341E-01   0.253668E+07   0.253606E+07   0.223481E+02   0.115763E+00   0.214820E+00  -0.273381E+11
   0.102456E-01   0.114680E+08   0.114537E+08   0.403209E+04   0.667667E+04   0.593625E+07   0.114394E+08   0.114656E+08   0.114394E+08  -0.258202E-01   0.246075E+07   0.246013E+07   0.201897E+02   0.920436E-01   0.214866E+00  -0.240176E+11
   0.113130E-01   0.110851E+08   0.110688E+08   0.774615E+04   0.529316E+04   0.533396E+07   0.110552E+08   0.110824E+08   0.110552E+08  -0.249529E-01   0.237941E+07   0.237879E+07   0.182682E+02   0.729557E-01   0.214902E+00  -0.210324E+11
   0.124916E-01   0.106773E+08   0.106586E+08   0.281767E+04   0.418152E+04   0.474305E+07   0.106461E+08   0.106742E+08   0.106461E+08  -0.240296E-01   0.229245E+07   0.229183E+07   0.165630E+02   0.576232E-01   0.214928E+00  -0.183518E+11
   0.137930E-01   0.102436E+08   0.102222E+08   0.625314E+04   0.329019E+04   0.416941E+07   0.102113E+08   0.102400E+08   0.102113E+08  -0.230482E-01   0.219974E+07   0.219911E+07   0.150470E+02   0.453316E-01   0.214947E+00  -0.159480E+11
   0.152300E-01   0.978353E+07   0.975906E+07  -0.418275E+04   0.257721E+04   0.361615E+07   0.975026E+07   0.977942E+07   0.975026E+07  -0.220075E-01   0.210117E+07   0.210055E+07   0.136950E+02   0.355022E-01   0.214961E+00  -0.137961E+11
   0.168167E-01   0.930771E+07   0.927984E+07   0.156638E+04   0.201085E+04   0.309670E+07   0.927366E+07   0.930303E+07   0.927366E+07  -0.209318E-01   0.199910E+07   0.199847E+07   0.124924E+02   0.276955E-01   0.214970E+00  -0.118874E+11
   0.185687E-01   0.879765E+07   0.876612E+07   0.226070E+04   0.155876E+04   0.260837E+07   0.876309E+07   0.879235E+07   0.876309E+07  -0.197794E-01   0.188956E+07   0.188893E+07   0.113955E+02   0.214653E-01   0.214975E+00  -0.101759E+11
   0.205033E-01   0.826418E+07   0.822883E+07  -0.343375E+04   0.120083E+04   0.216045E+07   0.822939E+07   0.825825E+07   0.822939E+07  -0.185748E-01   0.177492E+07   0.177428E+07   0.103878E+02   0.165336E-01   0.214978E+00  -0.865658E+10
   0.226393E-01   0.770297E+07   0.766377E+07  -0.901377E+03   0.917904E+03   0.175503E+07   0.766827E+07   0.769639E+07   0.766827E+07  -0.173082E-01   0.165426E+07   0.165362E+07   0.943839E+01   0.126363E-01   0.214978E+00  -0.730683E+10
   0.249980E-01   0.713395E+07   0.709116E+07  -0.562844E+03   0.697142E+03   0.139926E+07   0.709966E+07   0.712677E+07   0.709966E+07  -0.160248E-01   0.153190E+07   0.153126E+07   0.853133E+01   0.959579E-02   0.214977E+00  -0.612788E+10
   0.276023E-01   0.656379E+07   0.651797E+07  -0.718341E+03   0.526008E+03   0.109350E+07   0.653024E+07   0.655610E+07   0.653024E+07  -0.147396E-01   0.140927E+07   0.140864E+07   0.764308E+01   0.723921E-02   0.214975E+00  -0.510544E+10
   0.304780E-01   0.599489E+07   0.594703E+07  -0.590973E+03   0.393971E+03   0.836064E+06   0.596248E+07   0.598686E+07   0.596248E+07  -0.134581E-01   0.128694E+07   0.128632E+07   0.675006E+01   0.542132E-02   0.214972E+00  -0.422234E+10
   0.336533E-01   0.544261E+07   0.539415E+07  -0.203161E+03   0.293320E+03   0.625506E+06   0.541172E+07   0.543447E+07   0.541172E+07  -0.122149E-01   0.116821E+07   0.116762E+07   0.584256E+01   0.403579E-02   0.214969E+00  -0.347116E+10
   0.371593E-01   0.492682E+07   0.487961E+07   0.355432E+02   0.217755E+03   0.458806E+06   0.489778E+07   0.491889E+07   0.489778E+07  -0.110549E-01   0.105739E+07   0.105684E+07   0.492325E+01   0.299576E-02   0.214965E+00  -0.284541E+10
   0.410307E-01   0.446010E+07   0.441630E+07  -0.880152E+02   0.161677E+03   0.330458E+06   0.443324E+07   0.445274E+07   0.443324E+07  -0.100064E-01   0.957180E+06   0.956688E+06   0.400658E+01   0.222403E-02   0.214961E+00  -0.233272E+10
   0.451338E-01   0.407050E+07   0.403195E+07   0.121953E+03   0.121953E+03   0.237793E+06   0.404592E+07   0.406403E+07   0.404592E+07  -0.913214E-02   0.873597E+06   0.873161E+06   0.322279E+01   0.167760E-02   0.214954E+00  -0.193548E+10
   0.492368E-01   0.376235E+07   0.372991E+07   0.947300E+02   0.947300E+02   0.174381E+06   0.373995E+07   0.375690E+07   0.373995E+07  -0.844152E-02   0.807568E+06   0.807199E+06   0.250261E+01   0.130302E-02   0.214951E+00  -0.164011E+10
   0.533399E-01   0.351401E+07   0.348767E+07   0.754031E+02   0.754031E+02   0.130401E+06   0.349359E+07   0.350959E+07   0.349359E+07  -0.788547E-02   0.754397E+06   0.754089E+06   0.192889E+01   0.103711E-02   0.214948E+00  -0.141428E+10
   0.574430E-01   0.330491E+07   0.328393E+07   0.611590E+02   0.611590E+02   0.995570E+05   0.328623E+07   0.330139E+07   0.328623E+07  -0.741743E-02   0.709636E+06   0.709378E+06   0.149791E+01   0.841141E-03   0.214946E+00  -0.123534E+10
   0.615460E-01   0.311898E+07   0.310211E+07   0.502870E+02   0.502870E+02   0.777946E+05   0.310177E+07   0.311615E+07   0.310177E+07  -0.700108E-02   0.669812E+06   0.669592E+06   0.119649E+01   0.691581E-03   0.214944E+00  -0.108829E+10
   0.656491E-01   0.294384E+07   0.292957E+07   0.417196E+02   0.417196E+02   0.623718E+05   0.292782E+07   0.294144E+07   0.292782E+07  -0.660844E-02   0.632255E+06   0.632057E+06   0.100355E+01   0.573731E-03   0.214942E+00  -0.963067E+09
   0.697522E-01   0.277067E+07   0.275756E+07   0.347825E+02   0.347825E+02   0.513730E+05   0.275561E+07   0.276846E+07   0.275561E+07  -0.621974E-02   0.595072E+06   0.594885E+06   0.893026E+00   0.478315E-03   0.214941E+00  -0.853110E+09
   0.738552E-01   0.260093E+07   0.258776E+07   0.291229E+02   0.291229E+02   0.435457E+05   0.258662E+07   0.259872E+07   0.258662E+07  -0.583833E-02   0.558586E+06   0.558400E+06   0.838953E+00   0.400475E-03   0.214940E+00  -0.756311E+09
   0.779583E-01   0.242913E+07   0.241511E+07   0.244086E+02   0.244086E+02   0.377923E+05   0.241547E+07   0.242677E+07   0.241547E+07  -0.545201E-02   0.521628E+06   0.521438E+06   0.814452E+00   0.335640E-03   0.214939E+00  -0.669096E+09
   0.820614E-01   0.226364E+07   0.224842E+07   0.205247E+02   0.205247E+02   0.335241E+05   0.225054E+07   0.226108E+07   0.225054E+07  -0.507975E-02   0.486016E+06   0.485820E+06   0.799844E+00   0.282229E-03   0.214938E+00  -0.592241E+09
   0.861644E-01   0.210901E+07   0.209268E+07   0.173418E+02   0.173418E+02   0.302820E+05   0.209644E+07   0.210627E+07   0.209644E+07  -0.473193E-02   0.452741E+06   0.452540E+06   0.780202E+00   0.238460E-03   0.214937E+00  -0.525419E+09
   0.912856E-01   0.193703E+07   0.191995E+07   0.141882E+02   0.141882E+02   0.272368E+05   0.192514E+07   0.193417E+07   0.192514E+07  -0.434528E-02   0.415750E+06   0.415548E+06   0.736134E+00   0.195094E-03   0.214936E+00  -0.455418E+09
   0.964067E-01   0.179358E+07   0.177676E+07   0.117777E+02   0.117777E+02   0.249983E+05   0.178240E+07   0.179076E+07   0.178240E+07  -0.402310E-02   0.384925E+06   0.384732E+06   0.667288E+00   0.161948E-03   0.214935E+00  -0.399253E+09
   0.101528E+00   0.168042E+07   0.166486E+07   0.994968E+01   0.994968E+01   0.233535E+05   0.166998E+07   0.167781E+07   0.166998E+07  -0.376934E-02   0.360644E+06   0.360468E+06   0.580240E+00   0.136812E-03   0.214935E+00  -0.355201E+09
   0.106649E+00   0.159343E+07   0.157985E+07   0.855137E+01   0.855137E+01   0.221012E+05   0.158373E+07   0.159115E+07   0.158373E+07  -0.357466E-02   0.342016E+06   0.341860E+06   0.486934E+00   0.117585E-03   0.214934E+00  -0.320680E+09
   0.111770E+00   0.152408E+07   0.151273E+07   0.744819E+01   0.744819E+01   0.210163E+05   0.151507E+07   0.152218E+07   0.151507E+07  -0.341970E-02   0.327186E+06   0.327052E+06   0.399915E+00   0.102417E-03   0.214934E+00  -0.292722E+09
   0.116891E+00   0.146314E+07   0.145383E+07   0.653876E+01   0.653876E+01   0.198943E+05   0.145476E+07   0.146158E+07   0.145476E+07  -0.328356E-02   0.314159E+06   0.314043E+06   0.328858E+00   0.899125E-04   0.214933E+00  -0.268755E+09
   0.122012E+00   0.140342E+07   0.139558E+07   0.575717E+01   0.575717E+01   0.185924E+05   0.139555E+07   0.140210E+07   0.139555E+07  -0.314994E-02   0.301373E+06   0.301271E+06   0.278642E+00   0.791661E-04   0.214933E+00  -0.246997E+09
   0.127134E+00   0.134068E+07   0.133362E+07   0.506591E+01   0.506591E+01   0.170603E+05   0.133323E+07   0.133949E+07   0.133323E+07  -0.300927E-02   0.287915E+06   0.287820E+06   0.249007E+00   0.696616E-04   0.214933E+00  -0.226462E+09
   0.132255E+00   0.127376E+07   0.126680E+07   0.444737E+01   0.444737E+01   0.153392E+05   0.126664E+07   0.127259E+07   0.126664E+07  -0.285896E-02   0.273534E+06   0.273441E+06   0.235607E+00   0.611568E-04   0.214932E+00  -0.206820E+09
   0.137376E+00   0.120401E+07   0.119669E+07   0.389586E+01   0.389586E+01   0.135341E+05   0.119715E+07   0.120278E+07   0.119715E+07  -0.270212E-02   0.258531E+06   0.258435E+06   0.231860E+00   0.535733E-04   0.214932E+00  -0.188188E+09
   0.142497E+00   0.113443E+07   0.112656E+07   0.341112E+01   0.341112E+01   0.117709E+05   0.112780E+07   0.113311E+07   0.112780E+07  -0.254558E-02   0.243556E+06   0.243457E+06   0.230982E+00   0.469077E-04   0.214932E+00  -0.170915E+09
   0.147618E+00   0.106883E+07   0.106049E+07   0.299430E+01   0.299430E+01   0.101560E+05   0.106242E+07   0.106743E+07   0.106242E+07  -0.239802E-02   0.229439E+06   0.229338E+06   0.227632E+00   0.411760E-04   0.214932E+00  -0.155422E+09
   0.152739E+00   0.101082E+07   0.100229E+07   0.264480E+01   0.264480E+01   0.875347E+04   0.100465E+07   0.100938E+07   0.100465E+07  -0.226761E-02   0.216964E+06   0.216864E+06   0.218837E+00   0.363697E-04   0.214931E+00  -0.142043E+09
   0.157860E+00   0.962397E+06   0.954063E+06   0.235729E+01   0.235729E+01   0.757334E+04   0.956486E+06   0.960998E+06   0.956486E+06  -0.215891E-02   0.206564E+06   0.206467E+06   0.204091E+00   0.324160E-04   0.214931E+00  -0.130847E+09
   0.162982E+00   0.923216E+06   0.915417E+06   0.212152E+01   0.212152E+01   0.658472E+04   0.917575E+06   0.921907E+06   0.917575E+06  -0.207108E-02   0.198161E+06   0.198070E+06   0.184854E+00   0.291738E-04   0.214931E+00  -0.121580E+09
   0.168103E+00   0.891246E+06   0.884209E+06   0.192535E+01   0.192535E+01   0.573880E+04   0.885879E+06   0.890064E+06   0.885879E+06  -0.199954E-02   0.191315E+06   0.191233E+06   0.163731E+00   0.264761E-04   0.214931E+00  -0.113804E+09
   0.173224E+00   0.863933E+06   0.857726E+06   0.175783E+01   0.175783E+01   0.498995E+04   0.858831E+06   0.862891E+06   0.858831E+06  -0.193849E-02   0.185474E+06   0.185399E+06   0.143572E+00   0.241726E-04   0.214931E+00  -0.107068E+09
   0.178345E+00   0.838685E+06   0.833217E+06   0.161005E+01   0.161005E+01   0.430432E+04   0.833823E+06   0.837767E+06   0.833823E+06  -0.188204E-02   0.180072E+06   0.180005E+06   0.126658E+00   0.221403E-04   0.214931E+00  -0.100966E+09
   0.183466E+00   0.813097E+06   0.808164E+06   0.147511E+01   0.147511E+01   0.366135E+04   0.808442E+06   0.812269E+06   0.808442E+06  -0.182475E-02   0.174591E+06   0.174528E+06   0.114202E+00   0.202848E-04   0.214930E+00  -0.951603E+08
   0.188587E+00   0.785613E+06   0.780966E+06   0.134893E+01   0.134893E+01   0.305509E+04   0.781133E+06   0.784833E+06   0.781133E+06  -0.176311E-02   0.168694E+06   0.168634E+06   0.106260E+00   0.185496E-04   0.214930E+00  -0.894492E+08
   0.193708E+00   0.756077E+06   0.751484E+06   0.123045E+01   0.123045E+01   0.249001E+04   0.751743E+06   0.755306E+06   0.751743E+06  -0.169678E-02   0.162347E+06   0.162288E+06   0.101959E+00   0.169203E-04   0.214930E+00  -0.838081E+08
   0.198830E+00   0.725456E+06   0.720760E+06   0.112051E+01   0.112051E+01   0.197547E+04   0.721247E+06   0.724667E+06   0.721247E+06  -0.162794E-02   0.155762E+06   0.155703E+06   0.998794E-01   0.154084E-04   0.214930E+00  -0.783374E+08
   0.203951E+00   0.695092E+06   0.690233E+06   0.102028E+01   0.102028E+01   0.151965E+04   0.690997E+06   0.694276E+06   0.690997E+06  -0.155967E-02   0.149230E+06   0.149170E+06   0.984812E-01   0.140301E-04   0.214930E+00  -0.731675E+08
   0.209072E+00   0.666292E+06   0.661304E+06   0.930604E+00   0.930604E+00   0.112872E+04   0.662311E+06   0.665455E+06   0.662311E+06  -0.149492E-02   0.143036E+06   0.142975E+06   0.964948E-01   0.127969E-04   0.214930E+00  -0.684123E+08
   0.214193E+00   0.640173E+06   0.635157E+06   0.851830E+00   0.851830E+00   0.806898E+03   0.636309E+06   0.639331E+06   0.636309E+06  -0.143623E-02   0.137421E+06   0.137361E+06   0.931742E-01   0.117136E-04   0.214930E+00  -0.641551E+08
   0.219314E+00   0.617410E+06   0.612498E+06   0.783605E+00   0.783605E+00   0.556232E+03   0.613670E+06   0.616585E+06   0.613670E+06  -0.138513E-02   0.132532E+06   0.132474E+06   0.883631E-01   0.107753E-04   0.214929E+00  -0.604279E+08
   0.224435E+00   0.597997E+06   0.593311E+06   0.724740E+00   0.724740E+00   0.376625E+03   0.594386E+06   0.597210E+06   0.594386E+06  -0.134160E-02   0.128367E+06   0.128312E+06   0.823965E-01   0.996579E-05   0.214929E+00  -0.571935E+08
   0.229556E+00   0.581316E+06   0.576937E+06   0.673474E+00   0.673474E+00   0.264927E+03   0.577834E+06   0.580581E+06   0.577834E+06  -0.130424E-02   0.124792E+06   0.124740E+06   0.759080E-01   0.926074E-05   0.214929E+00  -0.543605E+08
   0.234678E+00   0.566425E+06   0.562378E+06   0.627936E+00   0.627936E+00   0.214911E+03   0.563069E+06   0.565746E+06   0.563069E+06  -0.127092E-02   0.121603E+06   0.121554E+06   0.696103E-01   0.863447E-05   0.214929E+00  -0.518155E+08
   0.239799E+00   0.552323E+06   0.548577E+06   0.586465E+00   0.586465E+00   0.216380E+03   0.549084E+06   0.551694E+06   0.549084E+06  -0.123935E-02   0.118583E+06   0.118536E+06   0.640985E-01   0.806414E-05   0.214929E+00  -0.494495E+08
   0.244920E+00   0.538159E+06   0.534645E+06   0.547802E+00   0.547802E+00   0.256221E+03   0.535026E+06   0.537569E+06   0.535026E+06  -0.120762E-02   0.115546E+06   0.115502E+06   0.597214E-01   0.753246E-05   0.214929E+00  -0.471759E+08
   0.250041E+00   0.523438E+06   0.520068E+06   0.511223E+00   0.511223E+00   0.320025E+03   0.520399E+06   0.522872E+06   0.520399E+06  -0.117460E-02   0.112387E+06   0.112345E+06   0.565403E-01   0.702945E-05   0.214929E+00  -0.449463E+08
   0.255162E+00   0.508104E+06   0.504795E+06   0.476521E+00   0.476521E+00   0.394511E+03   0.505148E+06   0.507548E+06   0.505148E+06  -0.114018E-02   0.109094E+06   0.109052E+06   0.543673E-01   0.655228E-05   0.214929E+00  -0.427534E+08
   0.260283E+00   0.492440E+06   0.489135E+06   0.443822E+00   0.443822E+00   0.469549E+03   0.489560E+06   0.491885E+06   0.489560E+06  -0.110500E-02   0.105727E+06   0.105686E+06   0.528547E-01   0.610265E-05   0.214929E+00  -0.406188E+08
   0.265404E+00   0.476895E+06   0.473566E+06   0.413366E+00   0.413366E+00   0.538491E+03   0.474084E+06   0.476336E+06   0.474084E+06  -0.107007E-02   0.102385E+06   0.102344E+06   0.516054E-01   0.568388E-05   0.214929E+00  -0.385758E+08
   0.270526E+00   0.461955E+06   0.458612E+06   0.385383E+00   0.385383E+00   0.597978E+03   0.459213E+06   0.461394E+06   0.459213E+06  -0.103650E-02   0.991734E+05   0.991326E+05   0.502764E-01   0.529912E-05   0.214929E+00  -0.366583E+08
   0.275647E+00   0.448050E+06   0.444723E+06   0.360011E+00   0.360011E+00   0.646351E+03   0.445376E+06   0.447491E+06   0.445376E+06  -0.100527E-02   0.961853E+05   0.961451E+05   0.486488E-01   0.495028E-05   0.214929E+00  -0.348932E+08
   0.280768E+00   0.435434E+06   0.432169E+06   0.337223E+00   0.337223E+00   0.682685E+03   0.432831E+06   0.434886E+06   0.432831E+06  -0.976952E-03   0.934758E+05   0.934365E+05   0.466533E-01   0.463695E-05   0.214929E+00  -0.332918E+08
   0.285889E+00   0.424118E+06   0.420956E+06   0.316800E+00   0.316800E+00   0.705844E+03   0.421586E+06   0.423587E+06   0.421586E+06  -0.951571E-03   0.910472E+05   0.910092E+05   0.443541E-01   0.435614E-05   0.214929E+00  -0.318460E+08
   0.291010E+00   0.413903E+06   0.410875E+06   0.298391E+00   0.298391E+00   0.714481E+03   0.411442E+06   0.413395E+06   0.411442E+06  -0.928675E-03   0.888563E+05   0.888198E+05   0.419056E-01   0.410304E-05   0.214929E+00  -0.305328E+08
   0.296131E+00   0.404476E+06   0.401592E+06   0.281606E+00   0.281606E+00   0.707611E+03   0.402083E+06   0.403992E+06   0.402083E+06  -0.907551E-03   0.868351E+05   0.868001E+05   0.394960E-01   0.387225E-05   0.214928E+00  -0.293223E+08
   0.301252E+00   0.395494E+06   0.392746E+06   0.266078E+00   0.266078E+00   0.684988E+03   0.393167E+06   0.395033E+06   0.393167E+06  -0.887425E-03   0.849093E+05   0.848756E+05   0.372930E-01   0.365877E-05   0.214928E+00  -0.281846E+08
   0.306374E+00   0.386653E+06   0.384019E+06   0.251512E+00   0.251512E+00   0.647735E+03   0.384386E+06   0.386211E+06   0.384386E+06  -0.867606E-03   0.830130E+05   0.829805E+05   0.354051E-01   0.345849E-05   0.214928E+00  -0.270946E+08
   0.311495E+00   0.377749E+06   0.375198E+06   0.237710E+00   0.237710E+00   0.598099E+03   0.375538E+06   0.377321E+06   0.375538E+06  -0.847635E-03   0.811022E+05   0.810706E+05   0.338652E-01   0.326872E-05   0.214928E+00  -0.260357E+08
   0.316616E+00   0.368723E+06   0.366225E+06   0.224584E+00   0.224584E+00   0.539374E+03   0.366563E+06   0.368303E+06   0.366563E+06  -0.827377E-03   0.791640E+05   0.791330E+05   0.326370E-01   0.308823E-05   0.214928E+00  -0.250024E+08
   0.321737E+00   0.359646E+06   0.357180E+06   0.212134E+00   0.212134E+00   0.475272E+03   0.357534E+06   0.359232E+06   0.357534E+06  -0.806999E-03   0.772142E+05   0.771837E+05   0.316349E-01   0.291705E-05   0.214928E+00  -0.239985E+08
   0.326858E+00   0.350672E+06   0.348224E+06   0.200406E+00   0.200406E+00   0.409513E+03   0.348606E+06   0.350261E+06   0.348606E+06  -0.786846E-03   0.752860E+05   0.752559E+05   0.307523E-01   0.275578E-05   0.214928E+00  -0.230325E+08
   0.331979E+00   0.341972E+06   0.339542E+06   0.189447E+00   0.189447E+00   0.345606E+03   0.339949E+06   0.341564E+06   0.339949E+06  -0.767307E-03   0.734167E+05   0.733869E+05   0.298901E-01   0.260509E-05   0.214928E+00  -0.221141E+08
   0.337100E+00   0.333692E+06   0.331289E+06   0.179283E+00   0.179283E+00   0.286612E+03   0.331712E+06   0.333288E+06   0.331712E+06  -0.748715E-03   0.716379E+05   0.716086E+05   0.289782E-01   0.246531E-05   0.214928E+00  -0.212505E+08
   0.342222E+00   0.325924E+06   0.323561E+06   0.169907E+00   0.169907E+00   0.235275E+03   0.323988E+06   0.325527E+06   0.323988E+06  -0.731280E-03   0.699698E+05   0.699410E+05   0.279857E-01   0.233637E-05   0.214928E+00  -0.204451E+08
   0.347343E+00   0.318691E+06   0.316383E+06   0.161273E+00   0.161273E+00   0.193680E+03   0.316798E+06   0.318304E+06   0.316798E+06  -0.715052E-03   0.684170E+05   0.683890E+05   0.269199E-01   0.221765E-05   0.214928E+00  -0.196966E+08
   0.352464E+00   0.311943E+06   0.309700E+06   0.153306E+00   0.153306E+00   0.163221E+03   0.310092E+06   0.311566E+06   0.310092E+06  -0.699916E-03   0.669688E+05   0.669416E+05   0.258163E-01   0.210808E-05   0.214928E+00  -0.189996E+08
   0.357585E+00   0.305578E+06   0.303406E+06   0.145909E+00   0.145909E+00   0.144253E+03   0.303770E+06   0.305213E+06   0.303770E+06  -0.685645E-03   0.656033E+05   0.655768E+05   0.247241E-01   0.200636E-05   0.214928E+00  -0.183457E+08
   0.362706E+00   0.299480E+06   0.297376E+06   0.138990E+00   0.138990E+00   0.136052E+03   0.297712E+06   0.299127E+06   0.297712E+06  -0.671972E-03   0.642950E+05   0.642692E+05   0.236915E-01   0.191120E-05   0.214928E+00  -0.177259E+08
   0.367827E+00   0.293539E+06   0.291498E+06   0.132467E+00   0.132467E+00   0.136927E+03   0.291810E+06   0.293197E+06   0.291810E+06  -0.658650E-03   0.630203E+05   0.629953E+05   0.227533E-01   0.182150E-05   0.214928E+00  -0.171326E+08
   0.372948E+00   0.287675E+06   0.285686E+06   0.126281E+00   0.126281E+00   0.144480E+03   0.285982E+06   0.287341E+06   0.285982E+06  -0.645497E-03   0.617618E+05   0.617373E+05   0.219249E-01   0.173643E-05   0.214928E+00  -0.165599E+08
   0.378070E+00   0.281846E+06   0.279897E+06   0.120393E+00   0.120393E+00   0.156208E+03   0.280187E+06   0.281519E+06   0.280187E+06  -0.632417E-03   0.605103E+05   0.604862E+05   0.212012E-01   0.165546E-05   0.214928E+00  -0.160046E+08
   0.383191E+00   0.276058E+06   0.274140E+06   0.114789E+00   0.114789E+00   0.169839E+03   0.274432E+06   0.275736E+06   0.274432E+06  -0.619426E-03   0.592672E+05   0.592436E+05   0.205617E-01   0.157840E-05   0.214928E+00  -0.154663E+08
   0.388312E+00   0.270358E+06   0.268467E+06   0.109472E+00   0.109472E+00   0.183772E+03   0.268763E+06   0.270040E+06   0.268763E+06  -0.606632E-03   0.580431E+05   0.580198E+05   0.199782E-01   0.150530E-05   0.214928E+00  -0.149471E+08
   0.393433E+00   0.264803E+06   0.262936E+06   0.104449E+00   0.104449E+00   0.197051E+03   0.263239E+06   0.264490E+06   0.263239E+06  -0.594163E-03   0.568501E+05   0.568271E+05   0.194216E-01   0.143622E-05   0.214928E+00  -0.144493E+08
   0.398554E+00   0.259439E+06   0.257598E+06   0.997196E-01   0.997196E-01   0.209291E+03   0.257905E+06   0.259130E+06   0.257905E+06  -0.582122E-03   0.556980E+05   0.556755E+05   0.188686E-01   0.137119E-05   0.214928E+00  -0.139746E+08
   0.403675E+00   0.254296E+06   0.252484E+06   0.952781E-01   0.952781E-01   0.220431E+03   0.252791E+06   0.253992E+06   0.252791E+06  -0.570580E-03   0.545936E+05   0.545715E+05   0.183060E-01   0.131012E-05   0.214928E+00  -0.135237E+08
   0.408796E+00   0.249392E+06   0.247613E+06   0.911139E-01   0.911139E-01   0.230479E+03   0.247915E+06   0.249093E+06   0.247915E+06  -0.559575E-03   0.535407E+05   0.535189E+05   0.177318E-01   0.125286E-05   0.214928E+00  -0.130967E+08
   0.413918E+00   0.244721E+06   0.242980E+06   0.872092E-01   0.872092E-01   0.239426E+03   0.243273E+06   0.244429E+06   0.243273E+06  -0.549097E-03   0.525381E+05   0.525168E+05   0.171530E-01   0.119917E-05   0.214928E+00  -0.126925E+08
   0.419039E+00   0.240254E+06   0.238552E+06   0.835377E-01   0.835377E-01   0.247110E+03   0.238834E+06   0.239968E+06   0.238834E+06  -0.539077E-03   0.515793E+05   0.515585E+05   0.165816E-01   0.114869E-05   0.214928E+00  -0.123086E+08
   0.424160E+00   0.235945E+06   0.234282E+06   0.800709E-01   0.800709E-01   0.253329E+03   0.234552E+06   0.235666E+06   0.234552E+06  -0.529412E-03   0.506545E+05   0.506341E+05   0.160310E-01   0.110102E-05   0.214928E+00  -0.119420E+08
   0.429281E+00   0.231755E+06   0.230129E+06   0.767840E-01   0.767840E-01   0.257841E+03   0.230387E+06   0.231482E+06   0.230387E+06  -0.520012E-03   0.497552E+05   0.497352E+05   0.155120E-01   0.105582E-05   0.214928E+00  -0.115900E+08
   0.434402E+00   0.227655E+06   0.226063E+06   0.736581E-01   0.736581E-01   0.260441E+03   0.226313E+06   0.227388E+06   0.226313E+06  -0.510816E-03   0.488752E+05   0.488556E+05   0.150309E-01   0.101284E-05   0.214928E+00  -0.112508E+08
   0.439523E+00   0.223627E+06   0.222065E+06   0.706788E-01   0.706788E-01   0.260951E+03   0.222309E+06   0.223365E+06   0.222309E+06  -0.501779E-03   0.480106E+05   0.479914E+05   0.145883E-01   0.971877E-06   0.214928E+00  -0.109230E+08
   0.444644E+00   0.219663E+06   0.218127E+06   0.678359E-01   0.678359E-01   0.259196E+03   0.218368E+06   0.219406E+06   0.218368E+06  -0.492884E-03   0.471595E+05   0.471406E+05   0.141798E-01   0.932788E-06   0.214928E+00  -0.106058E+08
   0.449766E+00   0.215768E+06   0.214255E+06   0.651239E-01   0.651239E-01   0.255067E+03   0.214495E+06   0.215514E+06   0.214495E+06  -0.484142E-03   0.463230E+05   0.463044E+05   0.137977E-01   0.895499E-06   0.214928E+00  -0.102991E+08
   0.454887E+00   0.211957E+06   0.210466E+06   0.625411E-01   0.625411E-01   0.248501E+03   0.210706E+06   0.211707E+06   0.210706E+06  -0.475589E-03   0.455047E+05   0.454864E+05   0.134336E-01   0.859986E-06   0.214928E+00  -0.100032E+08
   0.460008E+00   0.208250E+06   0.206781E+06   0.600865E-01   0.600865E-01   0.239589E+03   0.207020E+06   0.208003E+06   0.207020E+06  -0.467269E-03   0.447087E+05   0.446906E+05   0.130801E-01   0.826236E-06   0.214928E+00  -0.971881E+07
   0.465129E+00   0.204659E+06   0.203212E+06   0.577572E-01   0.577572E-01   0.228573E+03   0.203450E+06   0.204416E+06   0.203450E+06  -0.459211E-03   0.439377E+05   0.439199E+05   0.127321E-01   0.794208E-06   0.214928E+00  -0.944605E+07
   0.470250E+00   0.201189E+06   0.199765E+06   0.555478E-01   0.555478E-01   0.215879E+03   0.200000E+06   0.200950E+06   0.200000E+06  -0.451424E-03   0.431926E+05   0.431752E+05   0.123871E-01   0.763830E-06   0.214928E+00  -0.918474E+07
   0.475371E+00   0.197836E+06   0.196436E+06   0.534515E-01   0.534515E-01   0.202064E+03   0.196666E+06   0.197601E+06   0.196666E+06  -0.443900E-03   0.424727E+05   0.424556E+05   0.120458E-01   0.735005E-06   0.214928E+00  -0.893437E+07
   0.480492E+00   0.194592E+06   0.193218E+06   0.514606E-01   0.514606E-01   0.187725E+03   0.193443E+06   0.194362E+06   0.193443E+06  -0.436624E-03   0.417765E+05   0.417597E+05   0.117107E-01   0.707629E-06   0.214928E+00  -0.869426E+07
   0.485614E+00   0.191449E+06   0.190100E+06   0.495673E-01   0.495673E-01   0.173428E+03   0.190319E+06   0.191223E+06   0.190319E+06  -0.429573E-03   0.411019E+05   0.410853E+05   0.113852E-01   0.681595E-06   0.214928E+00  -0.846364E+07
   0.490735E+00   0.188393E+06   0.187068E+06   0.477634E-01   0.477634E-01   0.159593E+03   0.187281E+06   0.188171E+06   0.187281E+06  -0.422716E-03   0.404458E+05   0.404295E+05   0.110727E-01   0.656790E-06   0.214928E+00  -0.824163E+07
   0.495856E+00   0.185408E+06   0.184105E+06   0.460407E-01   0.460407E-01   0.146524E+03   0.184313E+06   0.185189E+06   0.184313E+06  -0.416018E-03   0.398049E+05   0.397889E+05   0.107752E-01   0.633100E-06   0.214928E+00  -0.802727E+07
   0.500977E+00   0.182482E+06   0.181201E+06   0.443925E-01   0.443925E-01   0.134402E+03   0.181405E+06   0.182267E+06   0.181405E+06  -0.409453E-03   0.391769E+05   0.391611E+05   0.104933E-01   0.610436E-06   0.214928E+00  -0.781985E+07
   0.506098E+00   0.179613E+06   0.178352E+06   0.428147E-01   0.428147E-01   0.123381E+03   0.178553E+06   0.179401E+06   0.178553E+06  -0.403015E-03   0.385609E+05   0.385454E+05   0.102264E-01   0.588739E-06   0.214928E+00  -0.761902E+07
   0.511219E+00   0.176802E+06   0.175560E+06   0.413046E-01   0.413046E-01   0.113621E+03   0.175759E+06   0.176594E+06   0.175759E+06  -0.396708E-03   0.379574E+05   0.379422E+05   0.997263E-02   0.567973E-06   0.214928E+00  -0.742466E+07
   0.516340E+00   0.174052E+06   0.172828E+06   0.398594E-01   0.398594E-01   0.105321E+03   0.173024E+06   0.173846E+06   0.173024E+06  -0.390537E-03   0.373669E+05   0.373519E+05   0.972956E-02   0.548099E-06   0.214928E+00  -0.723665E+07
   0.521462E+00   0.171363E+06   0.170157E+06   0.384766E-01   0.384766E-01   0.987140E+02   0.170351E+06   0.171161E+06   0.170351E+06  -0.384504E-03   0.367897E+05   0.367748E+05   0.949470E-02   0.529084E-06   0.214928E+00  -0.705489E+07
   0.526583E+00   0.168740E+06   0.167551E+06   0.371542E-01   0.371542E-01   0.939973E+02   0.167743E+06   0.168540E+06   0.167743E+06  -0.378617E-03   0.362264E+05   0.362118E+05   0.926608E-02   0.510898E-06   0.214928E+00  -0.687932E+07
   0.531704E+00   0.166186E+06   0.165014E+06   0.358904E-01   0.358904E-01   0.913002E+02   0.165204E+06   0.165989E+06   0.165204E+06  -0.372886E-03   0.356781E+05   0.356637E+05   0.904258E-02   0.493517E-06   0.214928E+00  -0.670994E+07
   0.536825E+00   0.163703E+06   0.162548E+06   0.346827E-01   0.346827E-01   0.906029E+02   0.162735E+06   0.163509E+06   0.162735E+06  -0.367314E-03   0.351449E+05   0.351307E+05   0.882386E-02   0.476910E-06   0.214928E+00  -0.654661E+07
   0.541946E+00   0.161286E+06   0.160149E+06   0.335279E-01   0.335279E-01   0.917459E+02   0.160333E+06   0.161095E+06   0.160333E+06  -0.361891E-03   0.346260E+05   0.346121E+05   0.861015E-02   0.461029E-06   0.214928E+00  -0.638901E+07
   0.547067E+00   0.158929E+06   0.157810E+06   0.324224E-01   0.324224E-01   0.944159E+02   0.157990E+06   0.158741E+06   0.157990E+06  -0.356604E-03   0.341202E+05   0.341064E+05   0.840209E-02   0.445827E-06   0.214928E+00  -0.623673E+07
   0.559946E+00   0.153248E+06   0.152171E+06   0.298420E-01   0.298420E-01   0.104962E+03   0.152344E+06   0.153067E+06   0.152344E+06  -0.343858E-03   0.329007E+05   0.328874E+05   0.790870E-02   0.410344E-06   0.214928E+00  -0.587550E+07
   0.593872E+00   0.139640E+06   0.138657E+06   0.241741E-01   0.241741E-01   0.113085E+03   0.138816E+06   0.139475E+06   0.138816E+06  -0.313324E-03   0.299791E+05   0.299670E+05   0.680873E-02   0.332412E-06   0.214928E+00  -0.504793E+07
   0.629853E+00   0.127208E+06   0.126313E+06   0.195776E-01   0.195776E-01   0.701990E+02   0.126456E+06   0.127057E+06   0.126456E+06  -0.285427E-03   0.273100E+05   0.272989E+05   0.585150E-02   0.269209E-06   0.214928E+00  -0.433579E+07
   0.879031E+00   0.743618E+05   0.738387E+05   0.587578E-02   0.587578E-02   0.145131E+02   0.739225E+05   0.742739E+05   0.739225E+05  -0.166852E-03   0.159646E+05   0.159581E+05   0.247804E-02   0.807958E-07   0.214927E+00  -0.181610E+07
   0.122679E+01   0.429448E+05   0.426426E+05   0.174219E-02   0.174219E-02   0.552559E+01   0.426910E+05   0.428940E+05   0.426910E+05  -0.963589E-04   0.921973E+04   0.921588E+04   0.104764E-02   0.239566E-07   0.214927E+00  -0.751510E+06
   0.171212E+01   0.245432E+05   0.243704E+05   0.511197E-03   0.511197E-03   0.171252E+01   0.243982E+05   0.245142E+05   0.243982E+05  -0.550698E-04   0.526915E+04   0.526685E+04   0.446976E-03   0.702934E-08   0.214927E+00  -0.307745E+06
   0.238945E+01   0.139010E+05   0.138029E+05   0.148652E-03   0.148652E-03   0.390969E+00   0.138188E+05   0.138845E+05   0.138188E+05  -0.311907E-04   0.298438E+04   0.298297E+04   0.195678E-03   0.204408E-08   0.214926E+00  -0.124893E+06
