#          k/h    CDM            baryon         photon         nu             mass_nu        total          no_nu          total_de       Weyl           v_CDM          v_b            v_b-v_c        ISW            log_grow       pert_vel    
   0.994668E-05   0.507109E+08   0.507109E+08   0.675948E+08   0.675944E+08   0.507143E+08   0.507109E+08   0.507109E+08   0.507289E+08  -0.458203E+00   0.992737E+07   0.992737E+07   0.726304E+01   0.112836E+07   0.489087E+00  -0.998095E+14
   0.109829E-04   0.507036E+08   0.507036E+08   0.675809E+08   0.675804E+08   0.507070E+08   0.507037E+08   0.507036E+08   0.507217E+08  -0.458137E+00   0.992658E+07   0.992658E+07   0.801935E+01   0.925498E+06   0.489003E+00  -0.903851E+14
   0.121272E-04   0.506948E+08   0.506948E+08   0.675639E+08   0.675633E+08   0.506982E+08   0.506948E+08   0.506948E+08   0.507129E+08  -0.458058E+00   0.992563E+07   0.992563E+07   0.885432E+01   0.759111E+06   0.488901E+00  -0.818492E+14
   0.133906E-04   0.506841E+08   0.506841E+08   0.675432E+08   0.675424E+08   0.506875E+08   0.506841E+08   0.506841E+08   0.507022E+08  -0.457961E+00   0.992447E+07   0.992447E+07   0.977610E+01   0.622640E+06   0.488777E+00  -0.741178E+14
   0.147857E-04   0.506710E+08   0.506710E+08   0.675180E+08   0.675170E+08   0.506744E+08   0.506711E+08   0.506710E+08   0.506891E+08  -0.457843E+00   0.992305E+07   0.992305E+07   0.107937E+02   0.510707E+06   0.488626E+00  -0.671150E+14
   0.163261E-04   0.506551E+08   0.506551E+08   0.674873E+08   0.674861E+08   0.506585E+08   0.506551E+08   0.506551E+08   0.506732E+08  -0.457699E+00   0.992132E+07   0.992132E+07   0.119170E+02   0.418899E+06   0.488442E+00  -0.607720E+14
   0.180270E-04   0.506357E+08   0.506357E+08   0.674498E+08   0.674484E+08   0.506391E+08   0.506358E+08   0.506357E+08   0.506538E+08  -0.457524E+00   0.991922E+07   0.991922E+07   0.131569E+02   0.343599E+06   0.488218E+00  -0.550263E+14
   0.199051E-04   0.506121E+08   0.506121E+08   0.674043E+08   0.674025E+08   0.506154E+08   0.506122E+08   0.506121E+08   0.506302E+08  -0.457311E+00   0.991666E+07   0.991666E+07   0.145253E+02   0.281837E+06   0.487946E+00  -0.498216E+14
   0.219788E-04   0.505834E+08   0.505834E+08   0.673488E+08   0.673467E+08   0.505867E+08   0.505834E+08   0.505834E+08   0.506014E+08  -0.457051E+00   0.991354E+07   0.991354E+07   0.160356E+02   0.231180E+06   0.487614E+00  -0.451066E+14
   0.242687E-04   0.505485E+08   0.505485E+08   0.672813E+08   0.672787E+08   0.505517E+08   0.505485E+08   0.505485E+08   0.505665E+08  -0.456736E+00   0.990975E+07   0.990975E+07   0.177022E+02   0.189631E+06   0.487212E+00  -0.408350E+14
   0.267970E-04   0.505060E+08   0.505060E+08   0.671991E+08   0.671959E+08   0.505091E+08   0.505060E+08   0.505060E+08   0.505240E+08  -0.456352E+00   0.990513E+07   0.990513E+07   0.195411E+02   0.155552E+06   0.486723E+00  -0.369649E+14
   0.295888E-04   0.504544E+08   0.504544E+08   0.670992E+08   0.670953E+08   0.504574E+08   0.504544E+08   0.504544E+08   0.504723E+08  -0.455885E+00   0.989951E+07   0.989951E+07   0.215696E+02   0.127600E+06   0.486131E+00  -0.334582E+14
   0.326714E-04   0.503917E+08   0.503917E+08   0.669777E+08   0.669730E+08   0.503946E+08   0.503917E+08   0.503917E+08   0.504096E+08  -0.455318E+00   0.989269E+07   0.989268E+07   0.238070E+02   0.104673E+06   0.485412E+00  -0.302804E+14
   0.360752E-04   0.503156E+08   0.503155E+08   0.668302E+08   0.668245E+08   0.503184E+08   0.503156E+08   0.503156E+08   0.503334E+08  -0.454631E+00   0.988439E+07   0.988439E+07   0.262741E+02   0.858677E+05   0.484543E+00  -0.274004E+14
   0.398336E-04   0.502233E+08   0.502233E+08   0.666512E+08   0.666442E+08   0.502260E+08   0.502233E+08   0.502233E+08   0.502411E+08  -0.453797E+00   0.987432E+07   0.987432E+07   0.289936E+02   0.704425E+05   0.483493E+00  -0.247898E+14
   0.439836E-04   0.501116E+08   0.501116E+08   0.664341E+08   0.664256E+08   0.501142E+08   0.501116E+08   0.501116E+08   0.501294E+08  -0.452788E+00   0.986211E+07   0.986211E+07   0.319905E+02   0.577895E+05   0.482226E+00  -0.224231E+14
   0.485659E-04   0.499765E+08   0.499765E+08   0.661712E+08   0.661608E+08   0.499789E+08   0.499765E+08   0.499765E+08   0.499942E+08  -0.451567E+00   0.984732E+07   0.984731E+07   0.352914E+02   0.474100E+05   0.480703E+00  -0.202769E+14
   0.536256E-04   0.498135E+08   0.498135E+08   0.658532E+08   0.658407E+08   0.498157E+08   0.498135E+08   0.498135E+08   0.498311E+08  -0.450094E+00   0.982942E+07   0.982942E+07   0.389253E+02   0.388951E+05   0.478875E+00  -0.183304E+14
   0.592125E-04   0.496172E+08   0.496172E+08   0.654694E+08   0.654541E+08   0.496191E+08   0.496172E+08   0.496172E+08   0.496347E+08  -0.448320E+00   0.980781E+07   0.980780E+07   0.429231E+02   0.319091E+05   0.476689E+00  -0.165644E+14
   0.653814E-04   0.493814E+08   0.493814E+08   0.650069E+08   0.649883E+08   0.493830E+08   0.493814E+08   0.493814E+08   0.493988E+08  -0.446189E+00   0.978176E+07   0.978175E+07   0.473179E+02   0.261768E+05   0.474086E+00  -0.149616E+14
   0.721930E-04   0.490991E+08   0.490990E+08   0.644511E+08   0.644285E+08   0.491002E+08   0.490991E+08   0.490990E+08   0.491163E+08  -0.443638E+00   0.975044E+07   0.975042E+07   0.521446E+02   0.214725E+05   0.471001E+00  -0.135066E+14
   0.797142E-04   0.487621E+08   0.487621E+08   0.637850E+08   0.637575E+08   0.487627E+08   0.487621E+08   0.487621E+08   0.487791E+08  -0.440593E+00   0.971288E+07   0.971286E+07   0.574394E+02   0.176109E+05   0.467366E+00  -0.121851E+14
   0.880190E-04   0.483618E+08   0.483617E+08   0.629894E+08   0.629561E+08   0.483618E+08   0.483618E+08   0.483618E+08   0.483786E+08  -0.436975E+00   0.966800E+07   0.966798E+07   0.632397E+02   0.144402E+05   0.463112E+00  -0.109844E+14
   0.971891E-04   0.478886E+08   0.478885E+08   0.620429E+08   0.620027E+08   0.478878E+08   0.478886E+08   0.478886E+08   0.479052E+08  -0.432699E+00   0.961459E+07   0.961457E+07   0.695831E+02   0.118358E+05   0.458171E+00  -0.989303E+13
   0.107314E-03   0.473326E+08   0.473325E+08   0.609224E+08   0.608738E+08   0.473309E+08   0.473326E+08   0.473326E+08   0.473488E+08  -0.427675E+00   0.955134E+07   0.955132E+07   0.765065E+02   0.969552E+04   0.452487E+00  -0.890065E+13
   0.118495E-03   0.466838E+08   0.466837E+08   0.596029E+08   0.595443E+08   0.466809E+08   0.466837E+08   0.466838E+08   0.466997E+08  -0.421811E+00   0.947685E+07   0.947682E+07   0.840448E+02   0.793585E+04   0.446017E+00  -0.799799E+13
   0.130840E-03   0.459327E+08   0.459325E+08   0.580588E+08   0.579882E+08   0.459284E+08   0.459326E+08   0.459326E+08   0.459481E+08  -0.415023E+00   0.938970E+07   0.938966E+07   0.922287E+02   0.648828E+04   0.438742E+00  -0.717674E+13
   0.144471E-03   0.450710E+08   0.450709E+08   0.562647E+08   0.561800E+08   0.450651E+08   0.450710E+08   0.450710E+08   0.450860E+08  -0.407236E+00   0.928851E+07   0.928847E+07   0.101083E+03   0.529684E+04   0.430675E+00  -0.642956E+13
   0.159522E-03   0.440927E+08   0.440925E+08   0.541968E+08   0.540955E+08   0.440847E+08   0.440926E+08   0.440926E+08   0.441071E+08  -0.398394E+00   0.917206E+07   0.917201E+07   0.110622E+03   0.431584E+04   0.421868E+00  -0.574991E+13
   0.176142E-03   0.429946E+08   0.429943E+08   0.518346E+08   0.517140E+08   0.429842E+08   0.429945E+08   0.429945E+08   0.430083E+08  -0.388470E+00   0.903936E+07   0.903930E+07   0.120849E+03   0.350806E+04   0.412419E+00  -0.513205E+13
   0.194493E-03   0.417776E+08   0.417773E+08   0.491632E+08   0.490203E+08   0.417642E+08   0.417775E+08   0.417775E+08   0.417906E+08  -0.377471E+00   0.888986E+07   0.888978E+07   0.131748E+03   0.284315E+04   0.402471E+00  -0.457096E+13
   0.214755E-03   0.404474E+08   0.404471E+08   0.461749E+08   0.460067E+08   0.404304E+08   0.404472E+08   0.404473E+08   0.404596E+08  -0.365448E+00   0.872352E+07   0.872343E+07   0.143281E+03   0.229642E+04   0.392212E+00  -0.406221E+13
   0.237129E-03   0.390150E+08   0.390146E+08   0.428722E+08   0.426756E+08   0.389936E+08   0.390148E+08   0.390149E+08   0.390263E+08  -0.352501E+00   0.854098E+07   0.854087E+07   0.155381E+03   0.184772E+04   0.381863E+00  -0.360195E+13
   0.261834E-03   0.374968E+08   0.374964E+08   0.392695E+08   0.390420E+08   0.374701E+08   0.374966E+08   0.374967E+08   0.375071E+08  -0.338778E+00   0.834365E+07   0.834352E+07   0.167944E+03   0.148053E+04   0.371663E+00  -0.318673E+13
   0.289112E-03   0.359142E+08   0.359137E+08   0.353961E+08   0.351357E+08   0.358811E+08   0.359140E+08   0.359141E+08   0.359234E+08  -0.324471E+00   0.813374E+07   0.813359E+07   0.180823E+03   0.118120E+04   0.361855E+00  -0.281345E+13
   0.319233E-03   0.342924E+08   0.342918E+08   0.312979E+08   0.310042E+08   0.342515E+08   0.342921E+08   0.342923E+08   0.343005E+08  -0.309810E+00   0.791421E+07   0.791402E+07   0.193818E+03   0.938370E+03   0.352662E+00  -0.247921E+13
   0.352491E-03   0.326594E+08   0.326586E+08   0.270403E+08   0.267145E+08   0.326090E+08   0.326590E+08   0.326592E+08   0.326662E+08  -0.295045E+00   0.768861E+07   0.768840E+07   0.206671E+03   0.742468E+03   0.344274E+00  -0.218129E+13
   0.389215E-03   0.310435E+08   0.310426E+08   0.227096E+08   0.223559E+08   0.309818E+08   0.310431E+08   0.310434E+08   0.310491E+08  -0.280435E+00   0.746094E+07   0.746069E+07   0.219057E+03   0.585383E+03   0.336832E+00  -0.191698E+13
   0.429764E-03   0.294723E+08   0.294712E+08   0.184142E+08   0.180402E+08   0.293967E+08   0.294717E+08   0.294721E+08   0.294766E+08  -0.266227E+00   0.723530E+07   0.723500E+07   0.230583E+03   0.460207E+03   0.330421E+00  -0.168360E+13
   0.474538E-03   0.279700E+08   0.279687E+08   0.142839E+08   0.139007E+08   0.278778E+08   0.279694E+08   0.279698E+08   0.279732E+08  -0.252641E+00   0.701561E+07   0.701527E+07   0.240795E+03   0.361056E+03   0.325070E+00  -0.147845E+13
   0.523976E-03   0.265569E+08   0.265554E+08   0.104637E+08   0.100861E+08   0.264445E+08   0.265561E+08   0.265567E+08   0.265589E+08  -0.239860E+00   0.680537E+07   0.680498E+07   0.249196E+03   0.282946E+03   0.320754E+00  -0.129883E+13
   0.578566E-03   0.252478E+08   0.252460E+08   0.710160E+07   0.674633E+07   0.251111E+08   0.252469E+08   0.252475E+08   0.252487E+08  -0.228020E+00   0.660742E+07   0.660697E+07   0.255277E+03   0.221694E+03   0.317405E+00  -0.114206E+13
   0.638842E-03   0.240521E+08   0.240500E+08   0.432699E+07   0.400947E+07   0.238861E+08   0.240509E+08   0.240517E+08   0.240521E+08  -0.217204E+00   0.642379E+07   0.642329E+07   0.258568E+03   0.173828E+03   0.314921E+00  -0.100556E+13
   0.705398E-03   0.229737E+08   0.229714E+08   0.222006E+07   0.194964E+07   0.227726E+08   0.229724E+08   0.229733E+08   0.229730E+08  -0.207451E+00   0.625571E+07   0.625516E+07   0.258701E+03   0.136508E+03   0.313180E+00  -0.886853E+12
   0.778888E-03   0.220121E+08   0.220095E+08   0.780806E+06   0.554863E+06   0.217688E+08   0.220105E+08   0.220117E+08   0.220107E+08  -0.198754E+00   0.610360E+07   0.610301E+07   0.255473E+03   0.107437E+03   0.312052E+00  -0.783647E+12
   0.860035E-03   0.211627E+08   0.211597E+08  -0.871305E+05  -0.287775E+06   0.208690E+08   0.211608E+08   0.211622E+08   0.211608E+08  -0.191073E+00   0.596723E+07   0.596658E+07   0.248889E+03   0.847873E+02   0.311408E+00  -0.693849E+12
   0.949635E-03   0.204181E+08   0.204149E+08  -0.555701E+06  -0.766890E+06   0.200644E+08   0.204159E+08   0.204176E+08   0.204158E+08  -0.184340E+00   0.584577E+07   0.584509E+07   0.239164E+03   0.671147E+02   0.311129E+00  -0.615591E+12
   0.104857E-02   0.197691E+08   0.197655E+08  -0.804025E+06  -0.107090E+07   0.193442E+08   0.197665E+08   0.197685E+08   0.197663E+08  -0.178472E+00   0.573803E+07   0.573732E+07   0.226673E+03   0.532934E+02   0.311113E+00  -0.547233E+12
   0.115781E-02   0.192052E+08   0.192014E+08  -0.928865E+06  -0.129191E+07   0.186963E+08   0.192022E+08   0.192046E+08   0.192019E+08  -0.173373E+00   0.564254E+07   0.564181E+07   0.211876E+03   0.424504E+02   0.311273E+00  -0.487352E+12
   0.127844E-02   0.187157E+08   0.187117E+08  -0.909902E+06  -0.139129E+07   0.181086E+08   0.187122E+08   0.187150E+08   0.187119E+08  -0.168947E+00   0.555769E+07   0.555694E+07   0.195288E+03   0.339139E+02   0.311540E+00  -0.434732E+12
   0.141163E-02   0.182899E+08   0.182858E+08  -0.699900E+06  -0.129949E+07   0.175697E+08   0.182858E+08   0.182893E+08   0.182856E+08  -0.165096E+00   0.548182E+07   0.548106E+07   0.177523E+03   0.271680E+02   0.311865E+00  -0.388338E+12
   0.155869E-02   0.179178E+08   0.179136E+08  -0.376698E+06   0.450799E+06   0.170682E+08   0.179131E+08   0.179171E+08   0.179130E+08  -0.161732E+00   0.541324E+07   0.541249E+07   0.159364E+03   0.218184E+02   0.312209E+00  -0.347298E+12
   0.172108E-02   0.175898E+08   0.175856E+08  -0.134240E+06   0.362975E+06   0.165939E+08   0.175844E+08   0.175891E+08   0.175844E+08  -0.158763E+00   0.535045E+07   0.534972E+07   0.141720E+03   0.175581E+02   0.312550E+00  -0.310881E+12
   0.190039E-02   0.172973E+08   0.172931E+08  -0.482918E+05   0.292761E+06   0.161383E+08   0.172911E+08   0.172966E+08   0.172911E+08  -0.156115E+00   0.529196E+07   0.529125E+07   0.125411E+03   0.141543E+02   0.312871E+00  -0.278471E+12
   0.209838E-02   0.170325E+08   0.170283E+08  -0.134539E+05   0.236445E+06   0.156938E+08   0.170254E+08   0.170318E+08   0.170255E+08  -0.153716E+00   0.523639E+07   0.523569E+07   0.111007E+03   0.114260E+02   0.313164E+00  -0.249548E+12
   0.231699E-02   0.167883E+08   0.167841E+08  -0.254579E+05   0.191152E+06   0.152544E+08   0.167804E+08   0.167876E+08   0.167804E+08  -0.151504E+00   0.518245E+07   0.518176E+07   0.988018E+02   0.923314E+01   0.313423E+00  -0.223675E+12
   0.255838E-02   0.165587E+08   0.165544E+08  -0.119026E+06   0.154637E+06   0.148152E+08   0.165497E+08   0.165580E+08   0.165497E+08  -0.149421E+00   0.512900E+07   0.512832E+07   0.887261E+02   0.746636E+01   0.313648E+00  -0.200481E+12
   0.282492E-02   0.163380E+08   0.163335E+08  -0.143743E+06   0.125142E+06   0.143722E+08   0.163280E+08   0.163373E+08   0.163279E+08  -0.147418E+00   0.507499E+07   0.507431E+07   0.802725E+02   0.604000E+01   0.313840E+00  -0.179653E+12
   0.311923E-02   0.161215E+08   0.161168E+08  -0.117868E+06   0.101281E+06   0.139214E+08   0.161103E+08   0.161207E+08   0.161103E+08  -0.145453E+00   0.501948E+07   0.501880E+07   0.727802E+02   0.488670E+01   0.314002E+00  -0.160923E+12
   0.344419E-02   0.159050E+08   0.159000E+08  -0.610850E+05   0.819543E+05   0.134592E+08   0.158925E+08   0.159041E+08   0.158925E+08  -0.143487E+00   0.496163E+07   0.496095E+07   0.657192E+02   0.395304E+01   0.314137E+00  -0.144060E+12
   0.380302E-02   0.156846E+08   0.156793E+08  -0.365018E+05   0.662872E+05   0.129823E+08   0.156709E+08   0.156837E+08   0.156709E+08  -0.141486E+00   0.490066E+07   0.489999E+07   0.589676E+02   0.319654E+01   0.314247E+00  -0.128864E+12
   0.419923E-02   0.154571E+08   0.154516E+08  -0.390253E+05   0.535799E+05   0.124881E+08   0.154422E+08   0.154562E+08   0.154422E+08  -0.139420E+00   0.483587E+07   0.483521E+07   0.527692E+02   0.258317E+01   0.314337E+00  -0.115163E+12
   0.463671E-02   0.152197E+08   0.152137E+08  -0.488494E+05   0.432706E+05   0.119746E+08   0.152033E+08   0.152187E+08   0.152033E+08  -0.137264E+00   0.476661E+07   0.476595E+07   0.473721E+02   0.208570E+01   0.314407E+00  -0.102803E+12
   0.511978E-02   0.149695E+08   0.149630E+08  -0.288431E+05   0.349069E+05   0.114420E+08   0.149517E+08   0.149684E+08   0.149517E+08  -0.134992E+00   0.469229E+07   0.469163E+07   0.426880E+02   0.168223E+01   0.314462E+00  -0.916514E+11
   0.565317E-02   0.147048E+08   0.146977E+08  -0.105430E+05   0.281240E+05   0.108658E+08   0.146854E+08   0.147036E+08   0.146854E+08  -0.132588E+00   0.461247E+07   0.461182E+07   0.384239E+02   0.135511E+01   0.314502E+00  -0.815919E+11
   0.624213E-02   0.144225E+08   0.144146E+08  -0.514616E+04   0.226241E+05   0.102784E+08   0.144015E+08   0.144211E+08   0.144015E+08  -0.130025E+00   0.452638E+07   0.452573E+07   0.344865E+02   0.108991E+01   0.314531E+00  -0.725143E+11
   0.689245E-02   0.141209E+08   0.141122E+08   0.202231E+05   0.181680E+05   0.966710E+07   0.140984E+08   0.141195E+08   0.140984E+08  -0.127288E+00   0.443364E+07   0.443300E+07   0.310045E+02   0.875100E+00   0.314550E+00  -0.643268E+11
   0.761052E-02   0.137984E+08   0.137886E+08   0.160641E+05   0.145608E+05   0.904051E+07   0.137742E+08   0.137967E+08   0.137742E+08  -0.124361E+00   0.433381E+07   0.433317E+07   0.279332E+02   0.701245E+00   0.314560E+00  -0.569456E+11
   0.840340E-02   0.134532E+08   0.134421E+08  -0.175475E+04   0.116437E+05   0.840715E+07   0.134274E+08   0.134513E+08   0.134274E+08  -0.121230E+00   0.422643E+07   0.422580E+07   0.251518E+02   0.560671E+00   0.314564E+00  -0.502949E+11
   0.927889E-02   0.130838E+08   0.130712E+08   0.101496E+05   0.928771E+04   0.776682E+07   0.130565E+08   0.130817E+08   0.130565E+08  -0.117881E+00   0.411114E+07   0.411051E+07   0.226815E+02   0.447160E+00   0.314562E+00  -0.443068E+11
   0.102456E-01   0.126888E+08   0.126746E+08   0.100152E+04   0.738761E+04   0.711932E+07   0.126601E+08   0.126864E+08   0.126601E+08  -0.114302E+00   0.398754E+07   0.398691E+07   0.204844E+02   0.355629E+00   0.314555E+00  -0.389200E+11
   0.113130E-01   0.122670E+08   0.122507E+08   0.371660E+04   0.585766E+04   0.647149E+07   0.122369E+08   0.122643E+08   0.122369E+08  -0.110481E+00   0.385527E+07   0.385464E+07   0.185277E+02   0.281939E+00   0.314545E+00  -0.340786E+11
   0.124916E-01   0.118171E+08   0.117984E+08   0.808753E+03   0.462803E+04   0.583120E+07   0.117857E+08   0.118140E+08   0.117857E+08  -0.106407E+00   0.371399E+07   0.371336E+07   0.167905E+02   0.222725E+00   0.314531E+00  -0.297321E+11
   0.137930E-01   0.113382E+08   0.113168E+08   0.321654E+04   0.364187E+04   0.520434E+07   0.113056E+08   0.113346E+08   0.113056E+08  -0.102073E+00   0.356345E+07   0.356282E+07   0.152455E+02   0.175241E+00   0.314515E+00  -0.258354E+11
   0.152300E-01   0.108297E+08   0.108052E+08  -0.351360E+04   0.285291E+04   0.459397E+07   0.107961E+08   0.108256E+08   0.107961E+08  -0.974725E-01   0.340350E+07   0.340287E+07   0.138672E+02   0.137259E+00   0.314497E+00  -0.223475E+11
   0.168167E-01   0.103035E+08   0.102757E+08   0.474290E+03   0.222610E+04   0.401463E+07   0.102691E+08   0.102988E+08   0.102691E+08  -0.927146E-01   0.323792E+07   0.323728E+07   0.126412E+02   0.107088E+00   0.314478E+00  -0.192543E+11
   0.185687E-01   0.973927E+07   0.970774E+07   0.102444E+04   0.172569E+04   0.346192E+07   0.970429E+07   0.973397E+07   0.970429E+07  -0.876152E-01   0.306030E+07   0.305966E+07   0.115231E+02   0.830052E-01   0.314459E+00  -0.164810E+11
   0.205033E-01   0.914895E+07   0.911358E+07  -0.260605E+04   0.132948E+04   0.294653E+07   0.911368E+07   0.914301E+07   0.911368E+07  -0.822829E-01   0.287446E+07   0.287381E+07   0.104965E+02   0.639395E-01   0.314439E+00  -0.140195E+11
   0.226393E-01   0.852778E+07   0.848858E+07  -0.866533E+03   0.101627E+04   0.247056E+07   0.849256E+07   0.852120E+07   0.849256E+07  -0.766751E-01   0.267890E+07   0.267825E+07   0.953031E+01   0.488707E-01   0.314419E+00  -0.118329E+11
   0.249980E-01   0.789789E+07   0.785510E+07  -0.577549E+03   0.771870E+03   0.204358E+07   0.786303E+07   0.789071E+07   0.786303E+07  -0.709914E-01   0.248061E+07   0.247997E+07   0.860842E+01   0.371136E-01   0.314399E+00  -0.992319E+10
   0.276023E-01   0.726667E+07   0.722085E+07  -0.626080E+03   0.582401E+03   0.166709E+07   0.723252E+07   0.725898E+07   0.723252E+07  -0.652987E-01   0.228194E+07   0.228130E+07   0.770745E+01   0.280004E-01   0.314380E+00  -0.826712E+10
   0.304780E-01   0.663683E+07   0.658896E+07  -0.514524E+03   0.436214E+03   0.134020E+07   0.660376E+07   0.662879E+07   0.660376E+07  -0.596220E-01   0.208376E+07   0.208314E+07   0.680334E+01   0.209699E-01   0.314362E+00  -0.683685E+10
   0.336533E-01   0.602537E+07   0.597690E+07  -0.220060E+03   0.324773E+03   0.106336E+07   0.599379E+07   0.601723E+07   0.599379E+07  -0.541149E-01   0.189145E+07   0.189086E+07   0.588639E+01   0.156112E-01   0.314345E+00  -0.562032E+10
   0.371593E-01   0.545432E+07   0.540711E+07  -0.398378E+02   0.241108E+03   0.835563E+06   0.542457E+07   0.544639E+07   0.542457E+07  -0.489757E-01   0.171195E+07   0.171140E+07   0.495920E+01   0.115885E-01   0.314330E+00  -0.460698E+10
   0.410307E-01   0.493763E+07   0.489383E+07  -0.111178E+03   0.179016E+03   0.652438E+06   0.491003E+07   0.493028E+07   0.491003E+07  -0.443302E-01   0.154967E+07   0.154917E+07   0.403607E+01   0.860346E-02   0.314315E+00  -0.377679E+10
   0.451338E-01   0.450633E+07   0.446778E+07   0.135031E+03   0.135031E+03   0.513845E+06   0.448099E+07   0.449986E+07   0.448099E+07  -0.404566E-01   0.141429E+07   0.141385E+07   0.322837E+01   0.648968E-02   0.314292E+00  -0.313350E+10
   0.492368E-01   0.416525E+07   0.413281E+07   0.104889E+03   0.104889E+03   0.413798E+06   0.414207E+07   0.415980E+07   0.414207E+07  -0.373967E-01   0.130737E+07   0.130700E+07   0.250734E+01   0.504073E-02   0.314282E+00  -0.265523E+10
   0.533399E-01   0.389039E+07   0.386405E+07   0.834896E+02   0.834896E+02   0.339964E+06   0.386918E+07   0.388596E+07   0.386918E+07  -0.349329E-01   0.122127E+07   0.122096E+07   0.193297E+01   0.401212E-02   0.314273E+00  -0.228958E+10
   0.574430E-01   0.365896E+07   0.363798E+07   0.677179E+02   0.677179E+02   0.284013E+06   0.363948E+07   0.365544E+07   0.363948E+07  -0.328590E-01   0.114879E+07   0.114853E+07   0.150148E+01   0.325406E-02   0.314265E+00  -0.199988E+10
   0.615460E-01   0.345317E+07   0.343629E+07   0.556800E+02   0.556800E+02   0.240472E+06   0.343515E+07   0.345034E+07   0.343515E+07  -0.310142E-01   0.108431E+07   0.108409E+07   0.119964E+01   0.267550E-02   0.314259E+00  -0.176180E+10
   0.656491E-01   0.325928E+07   0.324502E+07   0.461937E+02   0.461937E+02   0.205645E+06   0.324245E+07   0.325689E+07   0.324245E+07  -0.292744E-01   0.102350E+07   0.102330E+07   0.100633E+01   0.221960E-02   0.314254E+00  -0.155906E+10
   0.697522E-01   0.306756E+07   0.305445E+07   0.385127E+02   0.385127E+02   0.177032E+06   0.305169E+07   0.306536E+07   0.305169E+07  -0.275522E-01   0.963302E+06   0.963115E+06   0.895491E+00   0.185048E-02   0.314249E+00  -0.138104E+10
   0.738552E-01   0.287962E+07   0.286645E+07   0.322460E+02   0.322460E+02   0.153355E+06   0.286452E+07   0.287741E+07   0.286452E+07  -0.258623E-01   0.904230E+06   0.904043E+06   0.841139E+00   0.154934E-02   0.314245E+00  -0.122433E+10
   0.779583E-01   0.268938E+07   0.267536E+07   0.270262E+02   0.270262E+02   0.133200E+06   0.267494E+07   0.268702E+07   0.267494E+07  -0.241507E-01   0.844397E+06   0.844206E+06   0.816386E+00   0.129852E-02   0.314242E+00  -0.108314E+10
   0.820614E-01   0.250612E+07   0.249090E+07   0.227258E+02   0.227258E+02   0.116218E+06   0.249227E+07   0.250357E+07   0.249227E+07  -0.225014E-01   0.786742E+06   0.786545E+06   0.801557E+00   0.109188E-02   0.314239E+00  -0.958719E+09
   0.861644E-01   0.233489E+07   0.231856E+07   0.192016E+02   0.192016E+02   0.101959E+06   0.232159E+07   0.233215E+07   0.232159E+07  -0.209605E-01   0.732872E+06   0.732670E+06   0.781722E+00   0.922552E-03   0.314237E+00  -0.850542E+09
   0.912856E-01   0.214446E+07   0.212737E+07   0.157097E+02   0.157097E+02   0.874458E+05   0.213187E+07   0.214159E+07   0.213187E+07  -0.192475E-01   0.672987E+06   0.672785E+06   0.737452E+00   0.754779E-03   0.314234E+00  -0.737223E+09
   0.964067E-01   0.198562E+07   0.196880E+07   0.130407E+02   0.130407E+02   0.760588E+05   0.197378E+07   0.198280E+07   0.197378E+07  -0.178202E-01   0.623085E+06   0.622892E+06   0.668444E+00   0.626542E-03   0.314232E+00  -0.646299E+09
   0.101528E+00   0.186035E+07   0.184479E+07   0.110167E+02   0.110167E+02   0.672487E+05   0.184926E+07   0.185773E+07   0.184926E+07  -0.166960E-01   0.583781E+06   0.583604E+06   0.581268E+00   0.529296E-03   0.314230E+00  -0.574987E+09
   0.106649E+00   0.176407E+07   0.175048E+07   0.946841E+01   0.946841E+01   0.603811E+05   0.175373E+07   0.176179E+07   0.175373E+07  -0.158336E-01   0.553625E+06   0.553469E+06   0.487863E+00   0.454910E-03   0.314228E+00  -0.519104E+09
   0.111770E+00   0.168732E+07   0.167597E+07   0.824693E+01   0.824693E+01   0.547899E+05   0.167770E+07   0.168541E+07   0.167770E+07  -0.151471E-01   0.529621E+06   0.529486E+06   0.400763E+00   0.396225E-03   0.314227E+00  -0.473845E+09
   0.116891E+00   0.161988E+07   0.161056E+07   0.723997E+01   0.723997E+01   0.499182E+05   0.161089E+07   0.161832E+07   0.161089E+07  -0.145439E-01   0.508533E+06   0.508417E+06   0.329637E+00   0.347848E-03   0.314225E+00  -0.435047E+09
   0.122012E+00   0.155378E+07   0.154594E+07   0.637456E+01   0.637456E+01   0.453886E+05   0.154533E+07   0.155246E+07   0.154533E+07  -0.139520E-01   0.487836E+06   0.487733E+06   0.279358E+00   0.306272E-03   0.314224E+00  -0.399825E+09
   0.127134E+00   0.148432E+07   0.147726E+07   0.560917E+01   0.560917E+01   0.410119E+05   0.147631E+07   0.148314E+07   0.147631E+07  -0.133289E-01   0.466050E+06   0.465955E+06   0.249665E+00   0.269500E-03   0.314223E+00  -0.366584E+09
   0.132255E+00   0.141023E+07   0.140327E+07   0.492430E+01   0.492430E+01   0.367557E+05   0.140257E+07   0.140906E+07   0.140257E+07  -0.126630E-01   0.442771E+06   0.442678E+06   0.236207E+00   0.236596E-03   0.314222E+00  -0.334787E+09
   0.137376E+00   0.133299E+07   0.132568E+07   0.431365E+01   0.431365E+01   0.326909E+05   0.132562E+07   0.133177E+07   0.132562E+07  -0.119683E-01   0.418483E+06   0.418388E+06   0.232407E+00   0.207258E-03   0.314221E+00  -0.304626E+09
   0.142497E+00   0.125594E+07   0.124807E+07   0.377692E+01   0.377692E+01   0.289307E+05   0.124882E+07   0.125462E+07   0.124882E+07  -0.112749E-01   0.394242E+06   0.394143E+06   0.231479E+00   0.181470E-03   0.314220E+00  -0.276665E+09
   0.147618E+00   0.118329E+07   0.117495E+07   0.331540E+01   0.331540E+01   0.255814E+05   0.117642E+07   0.118189E+07   0.117642E+07  -0.106213E-01   0.371390E+06   0.371289E+06   0.228084E+00   0.159296E-03   0.314220E+00  -0.251586E+09
   0.152739E+00   0.111906E+07   0.111054E+07   0.292842E+01   0.292842E+01   0.227086E+05   0.111245E+07   0.111763E+07   0.111245E+07  -0.100437E-01   0.351196E+06   0.351095E+06   0.219250E+00   0.140702E-03   0.314219E+00  -0.229929E+09
   0.157860E+00   0.106545E+07   0.105712E+07   0.261008E+01   0.261008E+01   0.203086E+05   0.105911E+07   0.106405E+07   0.105911E+07  -0.956220E-02   0.334360E+06   0.334263E+06   0.204472E+00   0.125407E-03   0.314218E+00  -0.211805E+09
   0.162982E+00   0.102208E+07   0.101428E+07   0.234903E+01   0.234903E+01   0.183146E+05   0.101603E+07   0.102077E+07   0.101603E+07  -0.917318E-02   0.320758E+06   0.320668E+06   0.185208E+00   0.112864E-03   0.314218E+00  -0.196804E+09
   0.168103E+00   0.986694E+06   0.979657E+06   0.213182E+01   0.213182E+01   0.166302E+05   0.980927E+06   0.985512E+06   0.980927E+06  -0.885629E-02   0.309678E+06   0.309595E+06   0.164063E+00   0.102427E-03   0.314217E+00  -0.184218E+09
   0.173224E+00   0.956467E+06   0.950260E+06   0.194634E+01   0.194634E+01   0.151639E+05   0.950975E+06   0.955425E+06   0.950975E+06  -0.858587E-02   0.300222E+06   0.300147E+06   0.143885E+00   0.935155E-04   0.314217E+00  -0.173314E+09
   0.178345E+00   0.928525E+06   0.923057E+06   0.178270E+01   0.178270E+01   0.138413E+05   0.923282E+06   0.927607E+06   0.923282E+06  -0.833584E-02   0.291479E+06   0.291412E+06   0.126953E+00   0.856534E-04   0.314216E+00  -0.163435E+09
   0.183466E+00   0.900202E+06   0.895270E+06   0.163330E+01   0.163330E+01   0.126076E+05   0.895177E+06   0.899374E+06   0.895177E+06  -0.808210E-02   0.282607E+06   0.282544E+06   0.114480E+00   0.784749E-04   0.314215E+00  -0.154038E+09
   0.188587E+00   0.869776E+06   0.865128E+06   0.149359E+01   0.149359E+01   0.114347E+05   0.864937E+06   0.868996E+06   0.864937E+06  -0.780908E-02   0.273061E+06   0.273001E+06   0.106521E+00   0.717621E-04   0.314215E+00  -0.144793E+09
   0.193708E+00   0.837074E+06   0.832481E+06   0.136240E+01   0.136240E+01   0.103212E+05   0.832394E+06   0.836303E+06   0.832394E+06  -0.751526E-02   0.262788E+06   0.262728E+06   0.102204E+00   0.654589E-04   0.314215E+00  -0.135661E+09
   0.198830E+00   0.803167E+06   0.798471E+06   0.124067E+01   0.124067E+01   0.928227E+04   0.798625E+06   0.802378E+06   0.798625E+06  -0.721038E-02   0.252128E+06   0.252068E+06   0.100109E+00   0.596100E-04   0.314214E+00  -0.126806E+09
   0.203951E+00   0.769544E+06   0.764684E+06   0.112969E+01   0.112969E+01   0.833435E+04   0.765129E+06   0.768728E+06   0.765129E+06  -0.690796E-02   0.241555E+06   0.241494E+06   0.986955E-01   0.542779E-04   0.314214E+00  -0.118437E+09
   0.209072E+00   0.737653E+06   0.732664E+06   0.103040E+01   0.103040E+01   0.749046E+04   0.733364E+06   0.736816E+06   0.733364E+06  -0.662117E-02   0.231527E+06   0.231467E+06   0.966953E-01   0.495071E-04   0.314213E+00  -0.110740E+09
   0.214193E+00   0.708733E+06   0.703717E+06   0.943177E+00   0.943177E+00   0.675873E+04   0.704572E+06   0.707891E+06   0.704572E+06  -0.636123E-02   0.222438E+06   0.222378E+06   0.933623E-01   0.453162E-04   0.314213E+00  -0.103849E+09
   0.219314E+00   0.683530E+06   0.678619E+06   0.867636E+00   0.867636E+00   0.614056E+04   0.679504E+06   0.682706E+06   0.679504E+06  -0.613489E-02   0.214524E+06   0.214466E+06   0.885405E-01   0.416865E-04   0.314213E+00  -0.978151E+08
   0.224435E+00   0.662040E+06   0.657354E+06   0.802459E+00   0.802459E+00   0.562952E+04   0.658150E+06   0.661253E+06   0.658150E+06  -0.594210E-02   0.207783E+06   0.207727E+06   0.825645E-01   0.385547E-04   0.314212E+00  -0.925795E+08
   0.229556E+00   0.643575E+06   0.639196E+06   0.745695E+00   0.745695E+00   0.521235E+04   0.639822E+06   0.642840E+06   0.639822E+06  -0.577663E-02   0.201997E+06   0.201944E+06   0.760678E-01   0.358272E-04   0.314212E+00  -0.879937E+08
   0.234678E+00   0.627094E+06   0.623046E+06   0.695274E+00   0.695274E+00   0.487251E+04   0.623472E+06   0.626414E+06   0.623472E+06  -0.562902E-02   0.196835E+06   0.196786E+06   0.697627E-01   0.334045E-04   0.314212E+00  -0.838741E+08
   0.239799E+00   0.611484E+06   0.607739E+06   0.649355E+00   0.649355E+00   0.459181E+04   0.607986E+06   0.610856E+06   0.607986E+06  -0.548920E-02   0.191945E+06   0.191899E+06   0.642441E-01   0.311981E-04   0.314212E+00  -0.800441E+08
   0.244920E+00   0.595806E+06   0.592292E+06   0.606546E+00   0.606546E+00   0.435284E+04   0.592420E+06   0.595216E+06   0.592420E+06  -0.534865E-02   0.187031E+06   0.186987E+06   0.598604E-01   0.291412E-04   0.314211E+00  -0.763639E+08
   0.250041E+00   0.579509E+06   0.576138E+06   0.566045E+00   0.566045E+00   0.414110E+04   0.576222E+06   0.578943E+06   0.576222E+06  -0.520242E-02   0.181917E+06   0.181875E+06   0.566729E-01   0.271953E-04   0.314211E+00  -0.727548E+08
   0.255162E+00   0.562531E+06   0.559223E+06   0.527622E+00   0.527622E+00   0.394664E+04   0.559335E+06   0.561976E+06   0.559335E+06  -0.504995E-02   0.176586E+06   0.176544E+06   0.544935E-01   0.253492E-04   0.314211E+00  -0.692051E+08
   0.260283E+00   0.545188E+06   0.541882E+06   0.491415E+00   0.491415E+00   0.376419E+04   0.542073E+06   0.544633E+06   0.542073E+06  -0.489410E-02   0.171136E+06   0.171095E+06   0.529747E-01   0.236097E-04   0.314211E+00  -0.657497E+08
   0.265404E+00   0.527975E+06   0.524647E+06   0.457693E+00   0.457693E+00   0.359162E+04   0.524937E+06   0.527416E+06   0.524937E+06  -0.473939E-02   0.165726E+06   0.165685E+06   0.517195E-01   0.219896E-04   0.314211E+00  -0.624427E+08
   0.270526E+00   0.511433E+06   0.508089E+06   0.426710E+00   0.426710E+00   0.342900E+04   0.508470E+06   0.510871E+06   0.508470E+06  -0.459072E-02   0.160528E+06   0.160487E+06   0.503849E-01   0.205010E-04   0.314210E+00  -0.593389E+08
   0.275647E+00   0.496037E+06   0.492710E+06   0.398618E+00   0.398618E+00   0.327673E+04   0.493149E+06   0.495478E+06   0.493149E+06  -0.445239E-02   0.155691E+06   0.155651E+06   0.487522E-01   0.191514E-04   0.314210E+00  -0.564817E+08
   0.280768E+00   0.482069E+06   0.478804E+06   0.373386E+00   0.373386E+00   0.313444E+04   0.479257E+06   0.481521E+06   0.479257E+06  -0.432697E-02   0.151305E+06   0.151266E+06   0.467520E-01   0.179392E-04   0.314210E+00  -0.538894E+08
   0.285889E+00   0.469542E+06   0.466380E+06   0.350772E+00   0.350772E+00   0.300004E+04   0.466805E+06   0.469011E+06   0.466805E+06  -0.421455E-02   0.147374E+06   0.147336E+06   0.444486E-01   0.168528E-04   0.314210E+00  -0.515491E+08
   0.291010E+00   0.458234E+06   0.455205E+06   0.330390E+00   0.330390E+00   0.287018E+04   0.455573E+06   0.457725E+06   0.455573E+06  -0.411313E-02   0.143828E+06   0.143791E+06   0.419963E-01   0.158736E-04   0.314210E+00  -0.494234E+08
   0.296131E+00   0.447798E+06   0.444914E+06   0.311804E+00   0.311804E+00   0.274138E+04   0.445210E+06   0.447314E+06   0.445210E+06  -0.401958E-02   0.140556E+06   0.140521E+06   0.395833E-01   0.149807E-04   0.314210E+00  -0.474639E+08
   0.301252E+00   0.437856E+06   0.435108E+06   0.294611E+00   0.294611E+00   0.261074E+04   0.435337E+06   0.437394E+06   0.435337E+06  -0.393043E-02   0.137439E+06   0.137405E+06   0.373770E-01   0.141548E-04   0.314210E+00  -0.456224E+08
   0.306374E+00   0.428069E+06   0.425434E+06   0.278483E+00   0.278483E+00   0.247680E+04   0.425614E+06   0.427626E+06   0.425614E+06  -0.384265E-02   0.134370E+06   0.134337E+06   0.354858E-01   0.133799E-04   0.314210E+00  -0.438579E+08
   0.311495E+00   0.418212E+06   0.415660E+06   0.263201E+00   0.263201E+00   0.233959E+04   0.415817E+06   0.417783E+06   0.415817E+06  -0.375420E-02   0.131277E+06   0.131245E+06   0.339429E-01   0.126457E-04   0.314210E+00  -0.421440E+08
   0.316616E+00   0.408218E+06   0.405720E+06   0.248667E+00   0.248667E+00   0.220073E+04   0.405879E+06   0.407799E+06   0.405879E+06  -0.366448E-02   0.128139E+06   0.128108E+06   0.327117E-01   0.119475E-04   0.314209E+00  -0.404714E+08
   0.321737E+00   0.398169E+06   0.395702E+06   0.234882E+00   0.234882E+00   0.206279E+04   0.395882E+06   0.397755E+06   0.395882E+06  -0.357422E-02   0.124983E+06   0.124953E+06   0.317067E-01   0.112852E-04   0.314209E+00  -0.388462E+08
   0.326858E+00   0.388233E+06   0.385785E+06   0.221897E+00   0.221897E+00   0.192873E+04   0.385996E+06   0.387822E+06   0.385996E+06  -0.348496E-02   0.121862E+06   0.121832E+06   0.308213E-01   0.106613E-04   0.314209E+00  -0.372827E+08
   0.331979E+00   0.378600E+06   0.376170E+06   0.209762E+00   0.209762E+00   0.180139E+04   0.376410E+06   0.378192E+06   0.376410E+06  -0.339842E-02   0.118836E+06   0.118806E+06   0.299564E-01   0.100783E-04   0.314209E+00  -0.357961E+08
   0.337100E+00   0.369432E+06   0.367029E+06   0.198508E+00   0.198508E+00   0.168312E+04   0.367290E+06   0.369028E+06   0.367290E+06  -0.331607E-02   0.115957E+06   0.115928E+06   0.290420E-01   0.953757E-05   0.314209E+00  -0.343981E+08
   0.342222E+00   0.360832E+06   0.358469E+06   0.188127E+00   0.188127E+00   0.157580E+04   0.358737E+06   0.360435E+06   0.358737E+06  -0.323885E-02   0.113257E+06   0.113228E+06   0.280471E-01   0.903875E-05   0.314209E+00  -0.330944E+08
   0.347343E+00   0.352824E+06   0.350516E+06   0.178568E+00   0.178568E+00   0.148053E+04   0.350776E+06   0.352437E+06   0.350776E+06  -0.316698E-02   0.110743E+06   0.110715E+06   0.269792E-01   0.857944E-05   0.314209E+00  -0.318829E+08
   0.352464E+00   0.345354E+06   0.343111E+06   0.169746E+00   0.169746E+00   0.139768E+04   0.343351E+06   0.344977E+06   0.343351E+06  -0.309994E-02   0.108399E+06   0.108372E+06   0.258736E-01   0.815555E-05   0.314209E+00  -0.307546E+08
   0.357585E+00   0.338308E+06   0.336135E+06   0.161556E+00   0.161556E+00   0.132676E+04   0.336350E+06   0.337943E+06   0.336350E+06  -0.303673E-02   0.106189E+06   0.106163E+06   0.247795E-01   0.776204E-05   0.314209E+00  -0.296960E+08
   0.362706E+00   0.331557E+06   0.329453E+06   0.153894E+00   0.153894E+00   0.126657E+04   0.329642E+06   0.331204E+06   0.329642E+06  -0.297617E-02   0.104071E+06   0.104045E+06   0.237450E-01   0.739391E-05   0.314209E+00  -0.286929E+08
   0.367827E+00   0.324980E+06   0.322939E+06   0.146672E+00   0.146672E+00   0.121535E+04   0.323107E+06   0.324638E+06   0.323107E+06  -0.291717E-02   0.102008E+06   0.101983E+06   0.228052E-01   0.704691E-05   0.314209E+00  -0.277325E+08
   0.372948E+00   0.318489E+06   0.316499E+06   0.139823E+00   0.139823E+00   0.117102E+04   0.316654E+06   0.318154E+06   0.316654E+06  -0.285891E-02   0.999709E+05   0.999464E+05   0.219750E-01   0.671780E-05   0.314209E+00  -0.268054E+08
   0.378070E+00   0.312035E+06   0.310086E+06   0.133303E+00   0.133303E+00   0.113164E+04   0.310238E+06   0.311708E+06   0.310238E+06  -0.280098E-02   0.979452E+05   0.979211E+05   0.212497E-01   0.640457E-05   0.314209E+00  -0.259065E+08
   0.383191E+00   0.305626E+06   0.303709E+06   0.127098E+00   0.127098E+00   0.109561E+04   0.303865E+06   0.305304E+06   0.303865E+06  -0.274344E-02   0.959331E+05   0.959094E+05   0.206086E-01   0.610645E-05   0.314208E+00  -0.250352E+08
   0.388312E+00   0.299316E+06   0.297425E+06   0.121212E+00   0.121212E+00   0.106191E+04   0.297588E+06   0.298998E+06   0.297588E+06  -0.268677E-02   0.939516E+05   0.939283E+05   0.200236E-01   0.582362E-05   0.314208E+00  -0.241948E+08
   0.393433E+00   0.293166E+06   0.291299E+06   0.115650E+00   0.115650E+00   0.103001E+04   0.291471E+06   0.292852E+06   0.291471E+06  -0.263155E-02   0.920205E+05   0.919975E+05   0.194656E-01   0.555639E-05   0.314208E+00  -0.233890E+08
   0.398554E+00   0.287227E+06   0.285386E+06   0.110413E+00   0.110413E+00   0.999663E+03   0.285565E+06   0.286918E+06   0.285565E+06  -0.257822E-02   0.901557E+05   0.901331E+05   0.189112E-01   0.530479E-05   0.314208E+00  -0.226206E+08
   0.403675E+00   0.281533E+06   0.279721E+06   0.105495E+00   0.105495E+00   0.970823E+03   0.279902E+06   0.281229E+06   0.279902E+06  -0.252710E-02   0.883681E+05   0.883459E+05   0.183473E-01   0.506852E-05   0.314208E+00  -0.218908E+08
   0.408796E+00   0.276103E+06   0.274325E+06   0.100885E+00   0.100885E+00   0.943420E+03   0.274504E+06   0.275805E+06   0.274504E+06  -0.247835E-02   0.866637E+05   0.866419E+05   0.177718E-01   0.484701E-05   0.314208E+00  -0.211996E+08
   0.413918E+00   0.270933E+06   0.269191E+06   0.965611E-01   0.965611E-01   0.917326E+03   0.269364E+06   0.270640E+06   0.269364E+06  -0.243195E-02   0.850409E+05   0.850196E+05   0.171918E-01   0.463929E-05   0.314208E+00  -0.205453E+08
   0.419039E+00   0.265987E+06   0.264285E+06   0.924959E-01   0.924959E-01   0.892223E+03   0.264448E+06   0.265701E+06   0.264448E+06  -0.238756E-02   0.834889E+05   0.834680E+05   0.166194E-01   0.444398E-05   0.314208E+00  -0.199238E+08
   0.424160E+00   0.261217E+06   0.259554E+06   0.886573E-01   0.886573E-01   0.867749E+03   0.259707E+06   0.260937E+06   0.259707E+06  -0.234476E-02   0.819920E+05   0.819716E+05   0.160677E-01   0.425956E-05   0.314208E+00  -0.193304E+08
   0.429281E+00   0.256578E+06   0.254952E+06   0.850179E-01   0.850179E-01   0.843543E+03   0.255096E+06   0.256305E+06   0.255096E+06  -0.230313E-02   0.805363E+05   0.805163E+05   0.155476E-01   0.408471E-05   0.314208E+00  -0.187606E+08
   0.434402E+00   0.252039E+06   0.250447E+06   0.815568E-01   0.815568E-01   0.819318E+03   0.250584E+06   0.251772E+06   0.250584E+06  -0.226239E-02   0.791119E+05   0.790923E+05   0.150655E-01   0.391842E-05   0.314208E+00  -0.182116E+08
   0.439523E+00   0.247580E+06   0.246018E+06   0.782580E-01   0.782580E-01   0.794844E+03   0.246151E+06   0.247318E+06   0.246151E+06  -0.222237E-02   0.777124E+05   0.776931E+05   0.146220E-01   0.375994E-05   0.314208E+00  -0.176810E+08
   0.444644E+00   0.243191E+06   0.241655E+06   0.751102E-01   0.751102E-01   0.769924E+03   0.241787E+06   0.242934E+06   0.241787E+06  -0.218298E-02   0.763348E+05   0.763158E+05   0.142125E-01   0.360871E-05   0.314208E+00  -0.171675E+08
   0.449766E+00   0.238879E+06   0.237366E+06   0.721075E-01   0.721075E-01   0.744454E+03   0.237499E+06   0.238625E+06   0.237499E+06  -0.214426E-02   0.749808E+05   0.749622E+05   0.138295E-01   0.346444E-05   0.314208E+00  -0.166710E+08
   0.454887E+00   0.234659E+06   0.233169E+06   0.692477E-01   0.692477E-01   0.718381E+03   0.233303E+06   0.234409E+06   0.233303E+06  -0.210637E-02   0.736562E+05   0.736379E+05   0.134646E-01   0.332705E-05   0.314208E+00  -0.161921E+08
   0.460008E+00   0.230555E+06   0.229086E+06   0.665298E-01   0.665298E-01   0.691771E+03   0.229222E+06   0.230308E+06   0.229222E+06  -0.206952E-02   0.723677E+05   0.723496E+05   0.131103E-01   0.319648E-05   0.314208E+00  -0.157318E+08
   0.465129E+00   0.226580E+06   0.225133E+06   0.639507E-01   0.639507E-01   0.664766E+03   0.225269E+06   0.226337E+06   0.225269E+06  -0.203384E-02   0.711197E+05   0.711019E+05   0.127614E-01   0.307257E-05   0.314208E+00  -0.152902E+08
   0.470250E+00   0.222738E+06   0.221314E+06   0.615045E-01   0.615045E-01   0.637614E+03   0.221449E+06   0.222499E+06   0.221449E+06  -0.199935E-02   0.699137E+05   0.698962E+05   0.124157E-01   0.295504E-05   0.314208E+00  -0.148673E+08
   0.475371E+00   0.219025E+06   0.217626E+06   0.591834E-01   0.591834E-01   0.610633E+03   0.217758E+06   0.218790E+06   0.217758E+06  -0.196602E-02   0.687485E+05   0.687313E+05   0.120736E-01   0.284352E-05   0.314208E+00  -0.144620E+08
   0.480492E+00   0.215435E+06   0.214060E+06   0.569790E-01   0.569790E-01   0.584158E+03   0.214188E+06   0.215204E+06   0.214188E+06  -0.193380E-02   0.676216E+05   0.676047E+05   0.117378E-01   0.273761E-05   0.314208E+00  -0.140733E+08
   0.485614E+00   0.211955E+06   0.210606E+06   0.548827E-01   0.548827E-01   0.558508E+03   0.210729E+06   0.211729E+06   0.210729E+06  -0.190257E-02   0.665295E+05   0.665129E+05   0.114117E-01   0.263690E-05   0.314208E+00  -0.137000E+08
   0.490735E+00   0.208572E+06   0.207246E+06   0.528853E-01   0.528853E-01   0.533892E+03   0.207365E+06   0.208349E+06   0.207365E+06  -0.187220E-02   0.654676E+05   0.654512E+05   0.110985E-01   0.254093E-05   0.314208E+00  -0.133407E+08
   0.495856E+00   0.205266E+06   0.203964E+06   0.509778E-01   0.509778E-01   0.510448E+03   0.204080E+06   0.205048E+06   0.204080E+06  -0.184253E-02   0.644302E+05   0.644142E+05   0.108004E-01   0.244928E-05   0.314208E+00  -0.129937E+08
   0.500977E+00   0.202027E+06   0.200747E+06   0.491529E-01   0.491529E-01   0.488239E+03   0.200860E+06   0.201812E+06   0.200860E+06  -0.181346E-02   0.634136E+05   0.633978E+05   0.105179E-01   0.236160E-05   0.314208E+00  -0.126579E+08
   0.506098E+00   0.198851E+06   0.197590E+06   0.474060E-01   0.474060E-01   0.467338E+03   0.197701E+06   0.198639E+06   0.197701E+06  -0.178495E-02   0.624166E+05   0.624010E+05   0.102504E-01   0.227767E-05   0.314208E+00  -0.123328E+08
   0.511219E+00   0.195739E+06   0.194497E+06   0.457339E-01   0.457339E-01   0.447831E+03   0.194607E+06   0.195531E+06   0.194607E+06  -0.175701E-02   0.614398E+05   0.614245E+05   0.999603E-02   0.219733E-05   0.314208E+00  -0.120182E+08
   0.516340E+00   0.192694E+06   0.191470E+06   0.441337E-01   0.441337E-01   0.429830E+03   0.191580E+06   0.192489E+06   0.191580E+06  -0.172968E-02   0.604840E+05   0.604689E+05   0.975241E-02   0.212044E-05   0.314208E+00  -0.117139E+08
   0.521462E+00   0.189718E+06   0.188511E+06   0.426027E-01   0.426027E-01   0.413473E+03   0.188620E+06   0.189515E+06   0.188620E+06  -0.170296E-02   0.595496E+05   0.595347E+05   0.951701E-02   0.204688E-05   0.314208E+00  -0.114197E+08
   0.526583E+00   0.186813E+06   0.185624E+06   0.411384E-01   0.411384E-01   0.398873E+03   0.185732E+06   0.186614E+06   0.185732E+06  -0.167688E-02   0.586379E+05   0.586232E+05   0.928787E-02   0.197653E-05   0.314208E+00  -0.111355E+08
   0.531704E+00   0.183986E+06   0.182814E+06   0.397391E-01   0.397391E-01   0.386108E+03   0.182921E+06   0.183789E+06   0.182921E+06  -0.165150E-02   0.577503E+05   0.577359E+05   0.906388E-02   0.190929E-05   0.314207E+00  -0.108613E+08
   0.536825E+00   0.181236E+06   0.180082E+06   0.384019E-01   0.384019E-01   0.375144E+03   0.180188E+06   0.181043E+06   0.180188E+06  -0.162682E-02   0.568873E+05   0.568731E+05   0.884468E-02   0.184504E-05   0.314207E+00  -0.105969E+08
   0.541946E+00   0.178561E+06   0.177424E+06   0.371233E-01   0.371233E-01   0.365850E+03   0.177527E+06   0.178370E+06   0.177527E+06  -0.160280E-02   0.560474E+05   0.560334E+05   0.863050E-02   0.178360E-05   0.314207E+00  -0.103418E+08
   0.547067E+00   0.175952E+06   0.174832E+06   0.358993E-01   0.358993E-01   0.357985E+03   0.174934E+06   0.175764E+06   0.174934E+06  -0.157939E-02   0.552286E+05   0.552148E+05   0.842199E-02   0.172479E-05   0.314207E+00  -0.100953E+08
   0.559946E+00   0.169663E+06   0.168585E+06   0.330421E-01   0.330421E-01   0.342435E+03   0.168681E+06   0.169482E+06   0.168681E+06  -0.152294E-02   0.532546E+05   0.532413E+05   0.792754E-02   0.158752E-05   0.314207E+00  -0.951062E+07
   0.593872E+00   0.154597E+06   0.153614E+06   0.267664E-01   0.267664E-01   0.297887E+03   0.153703E+06   0.154432E+06   0.153703E+06  -0.138770E-02   0.485257E+05   0.485135E+05   0.682512E-02   0.128601E-05   0.314207E+00  -0.817103E+07
   0.629853E+00   0.140833E+06   0.139938E+06   0.216769E-01   0.216769E-01   0.228374E+03   0.140018E+06   0.140682E+06   0.140018E+06  -0.126415E-02   0.442052E+05   0.441942E+05   0.586577E-02   0.104149E-05   0.314207E+00  -0.701830E+07
   0.879031E+00   0.823265E+05   0.818034E+05   0.650587E-02   0.650587E-02   0.661143E+02   0.818498E+05   0.822387E+05   0.818498E+05  -0.738980E-03   0.258410E+05   0.258345E+05   0.248471E-02   0.312578E-06   0.314207E+00  -0.293970E+07
   0.122679E+01   0.475445E+05   0.472423E+05   0.192902E-02   0.192902E-02   0.208048E+02   0.472691E+05   0.474937E+05   0.472691E+05  -0.426768E-03   0.149235E+05   0.149196E+05   0.105096E-02   0.926815E-07   0.314206E+00  -0.121646E+07
   0.171212E+01   0.271720E+05   0.269992E+05   0.566015E-03   0.566015E-03   0.623921E+01   0.270146E+05   0.271430E+05   0.270146E+05  -0.243901E-03   0.852888E+04   0.852657E+04   0.448782E-03   0.271947E-07   0.314206E+00  -0.498143E+06
   0.238945E+01   0.153899E+05   0.152918E+05   0.164593E-03   0.164593E-03   0.175612E+01   0.153007E+05   0.153734E+05   0.153007E+05  -0.138142E-03   0.483064E+04   0.482923E+04   0.196764E-03   0.790801E-08   0.314205E+00  -0.202163E+06
