#          k/h    CDM            baryon         photon         nu             mass_nu        total          no_nu          total_de       Weyl           v_CDM          v_b            v_b-v_c        ISW            log_grow       pert_vel    
   0.994668E-05   0.919866E+08   0.919866E+08   0.122597E+09   0.122596E+09   0.919914E+08   0.919866E+08   0.919866E+08   0.920194E+08  -0.207865E+00   0.183209E+08   0.183209E+08   0.115536E+02   0.118981E+03  -0.115751E+01  -0.184197E+15
   0.109829E-04   0.920624E+08   0.920624E+08   0.122686E+09   0.122686E+09   0.920672E+08   0.920624E+08   0.920624E+08   0.920952E+08  -0.208036E+00   0.183166E+08   0.183166E+08   0.127514E+02   0.975353E+02  -0.115492E+01  -0.166779E+15
   0.121272E-04   0.921543E+08   0.921543E+08   0.122795E+09   0.122794E+09   0.921592E+08   0.921544E+08   0.921543E+08   0.921872E+08  -0.208243E+00   0.183113E+08   0.183113E+08   0.140719E+02   0.799451E+02  -0.115164E+01  -0.151000E+15
   0.133906E-04   0.922657E+08   0.922657E+08   0.122927E+09   0.122926E+09   0.922705E+08   0.922658E+08   0.922657E+08   0.922986E+08  -0.208495E+00   0.183049E+08   0.183049E+08   0.155273E+02   0.655175E+02  -0.114755E+01  -0.136705E+15
   0.147857E-04   0.924005E+08   0.924005E+08   0.123086E+09   0.123085E+09   0.924053E+08   0.924005E+08   0.924005E+08   0.924334E+08  -0.208799E+00   0.182971E+08   0.182971E+08   0.171304E+02   0.536838E+02  -0.114249E+01  -0.123753E+15
   0.163261E-04   0.925633E+08   0.925633E+08   0.123278E+09   0.123276E+09   0.925681E+08   0.925633E+08   0.925633E+08   0.925963E+08  -0.209167E+00   0.182874E+08   0.182874E+08   0.188954E+02   0.439775E+02  -0.113628E+01  -0.112018E+15
   0.180270E-04   0.927595E+08   0.927595E+08   0.123509E+09   0.123507E+09   0.927642E+08   0.927595E+08   0.927595E+08   0.927925E+08  -0.209609E+00   0.182756E+08   0.182756E+08   0.208372E+02   0.360162E+02  -0.112868E+01  -0.101383E+15
   0.199051E-04   0.929952E+08   0.929952E+08   0.123786E+09   0.123784E+09   0.929999E+08   0.929952E+08   0.929952E+08   0.930283E+08  -0.210141E+00   0.182611E+08   0.182611E+08   0.229717E+02   0.294860E+02  -0.111942E+01  -0.917445E+14
   0.219788E-04   0.932775E+08   0.932775E+08   0.124118E+09   0.124115E+09   0.932822E+08   0.932775E+08   0.932775E+08   0.933107E+08  -0.210779E+00   0.182433E+08   0.182433E+08   0.253155E+02   0.241295E+02  -0.110818E+01  -0.830071E+14
   0.242687E-04   0.936140E+08   0.936140E+08   0.124512E+09   0.124509E+09   0.936187E+08   0.936141E+08   0.936140E+08   0.936473E+08  -0.211538E+00   0.182214E+08   0.182214E+08   0.278856E+02   0.197357E+02  -0.109456E+01  -0.750848E+14
   0.267970E-04   0.940131E+08   0.940131E+08   0.124978E+09   0.124975E+09   0.940176E+08   0.940131E+08   0.940131E+08   0.940465E+08  -0.212439E+00   0.181943E+08   0.181943E+08   0.306990E+02   0.161316E+02  -0.107814E+01  -0.678994E+14
   0.295888E-04   0.944828E+08   0.944828E+08   0.125525E+09   0.125521E+09   0.944873E+08   0.944828E+08   0.944828E+08   0.945163E+08  -0.213499E+00   0.181609E+08   0.181609E+08   0.337723E+02   0.131751E+02  -0.105841E+01  -0.613800E+14
   0.326714E-04   0.950306E+08   0.950306E+08   0.126159E+09   0.126154E+09   0.950351E+08   0.950307E+08   0.950306E+08   0.950644E+08  -0.214736E+00   0.181196E+08   0.181196E+08   0.371207E+02   0.107499E+02  -0.103482E+01  -0.554621E+14
   0.360752E-04   0.956622E+08   0.956622E+08   0.126886E+09   0.126880E+09   0.956665E+08   0.956622E+08   0.956622E+08   0.956961E+08  -0.216161E+00   0.180683E+08   0.180683E+08   0.407570E+02   0.876058E+01  -0.100677E+01  -0.500869E+14
   0.398336E-04   0.963795E+08   0.963795E+08   0.127704E+09   0.127696E+09   0.963837E+08   0.963795E+08   0.963795E+08   0.964136E+08  -0.217780E+00   0.180046E+08   0.180046E+08   0.446904E+02   0.712900E+01  -0.973760E+00  -0.452012E+14
   0.439836E-04   0.971823E+08   0.971823E+08   0.128609E+09   0.128600E+09   0.971863E+08   0.971823E+08   0.971823E+08   0.972166E+08  -0.219592E+00   0.179254E+08   0.179254E+08   0.489248E+02   0.579111E+01  -0.935836E+00  -0.407563E+14
   0.485659E-04   0.980820E+08   0.980820E+08   0.129612E+09   0.129601E+09   0.980858E+08   0.980820E+08   0.980820E+08   0.981166E+08  -0.221622E+00   0.178267E+08   0.178267E+08   0.534570E+02   0.469449E+01  -0.895167E+00  -0.367075E+14
   0.536256E-04   0.991447E+08   0.991447E+08   0.130798E+09   0.130784E+09   0.991484E+08   0.991447E+08   0.991447E+08   0.991797E+08  -0.224020E+00   0.177028E+08   0.177028E+08   0.582753E+02   0.379633E+01  -0.858352E+00  -0.330130E+14
   0.592125E-04   0.100550E+09   0.100550E+09   0.132401E+09   0.132385E+09   0.100553E+09   0.100550E+09   0.100550E+09   0.100585E+09  -0.227191E+00   0.175451E+08   0.175451E+08   0.633584E+02   0.306176E+01  -0.836077E+00  -0.296318E+14
   0.653814E-04   0.102588E+09   0.102588E+09   0.134805E+09   0.134785E+09   0.102591E+09   0.102588E+09   0.102588E+09   0.102624E+09  -0.231790E+00   0.173400E+08   0.173400E+08   0.686763E+02   0.246244E+01  -0.836429E+00  -0.265224E+14
   0.721930E-04   0.105519E+09   0.105519E+09   0.138356E+09   0.138332E+09   0.105522E+09   0.105519E+09   0.105519E+09   0.105556E+09  -0.238406E+00   0.170684E+08   0.170684E+08   0.741942E+02   0.197528E+01  -0.855605E+00  -0.236436E+14
   0.797142E-04   0.109345E+09   0.109345E+09   0.143053E+09   0.143025E+09   0.109347E+09   0.109345E+09   0.109345E+09   0.109383E+09  -0.247041E+00   0.167075E+08   0.167075E+08   0.798791E+02   0.158116E+01  -0.876427E+00  -0.209600E+14
   0.880190E-04   0.113652E+09   0.113652E+09   0.148346E+09   0.148311E+09   0.113654E+09   0.113652E+09   0.113652E+09   0.113691E+09  -0.256760E+00   0.162370E+08   0.162370E+08   0.857085E+02   0.126395E+01  -0.878355E+00  -0.184479E+14
   0.971891E-04   0.117667E+09   0.117667E+09   0.153202E+09   0.153160E+09   0.117668E+09   0.117667E+09   0.117667E+09   0.117708E+09  -0.265819E+00   0.156457E+08   0.156456E+08   0.916787E+02   0.100975E+01  -0.849421E+00  -0.160988E+14
   0.107314E-03   0.120495E+09   0.120495E+09   0.156430E+09   0.156380E+09   0.120496E+09   0.120495E+09   0.120495E+09   0.120537E+09  -0.272199E+00   0.149360E+08   0.149359E+08   0.978093E+02   0.806628E+00  -0.789883E+00  -0.139185E+14
   0.118495E-03   0.121404E+09   0.121403E+09   0.157047E+09   0.156987E+09   0.121403E+09   0.121404E+09   0.121404E+09   0.121445E+09  -0.274241E+00   0.141248E+08   0.141248E+08   0.104144E+03   0.644435E+00  -0.708028E+00  -0.119207E+14
   0.130840E-03   0.120003E+09   0.120002E+09   0.154533E+09   0.154461E+09   0.120000E+09   0.120003E+09   0.120003E+09   0.120044E+09  -0.271069E+00   0.132404E+08   0.132403E+08   0.110745E+03   0.514744E+00  -0.614323E+00  -0.101199E+14
   0.144471E-03   0.116293E+09   0.116293E+09   0.148879E+09   0.148794E+09   0.116289E+09   0.116293E+09   0.116293E+09   0.116333E+09  -0.262683E+00   0.123163E+08   0.123163E+08   0.117690E+03   0.410733E+00  -0.517738E+00  -0.852543E+13
   0.159522E-03   0.110589E+09   0.110589E+09   0.140499E+09   0.140397E+09   0.110583E+09   0.110589E+09   0.110589E+09   0.110627E+09  -0.249795E+00   0.113868E+08   0.113868E+08   0.125057E+03   0.326999E+00  -0.424514E+00  -0.713834E+13
   0.176142E-03   0.103395E+09   0.103394E+09   0.130048E+09   0.129927E+09   0.103386E+09   0.103394E+09   0.103395E+09   0.103429E+09  -0.233540E+00   0.104820E+08   0.104819E+08   0.132921E+03   0.259327E+00  -0.338314E+00  -0.595108E+13
   0.194493E-03   0.952706E+08   0.952703E+08   0.118264E+09   0.118122E+09   0.952587E+08   0.952705E+08   0.952705E+08   0.953021E+08  -0.215187E+00   0.962532E+07   0.962524E+07   0.141341E+03   0.204455E+00  -0.260861E+00  -0.494911E+13
   0.214755E-03   0.867447E+08   0.867444E+08   0.105836E+09   0.105668E+09   0.867291E+08   0.867446E+08   0.867447E+08   0.867729E+08  -0.195928E+00   0.883330E+07   0.883321E+07   0.150354E+03   0.159860E+00  -0.192587E+00  -0.411334E+13
   0.237129E-03   0.782539E+08   0.782535E+08   0.933307E+08   0.931355E+08   0.782337E+08   0.782537E+08   0.782538E+08   0.782786E+08  -0.176748E+00   0.811548E+07   0.811537E+07   0.159964E+03   0.123583E+00  -0.133156E+00  -0.342251E+13
   0.261834E-03   0.701236E+08   0.701232E+08   0.811730E+08   0.809475E+08   0.700980E+08   0.701234E+08   0.701235E+08   0.701451E+08  -0.158382E+00   0.747571E+07   0.747558E+07   0.170133E+03   0.940931E-01  -0.818129E-01  -0.285523E+13
   0.289112E-03   0.625710E+08   0.625705E+08   0.696465E+08   0.693890E+08   0.625390E+08   0.625708E+08   0.625709E+08   0.625893E+08  -0.141322E+00   0.691344E+07   0.691328E+07   0.180773E+03   0.701846E-01  -0.376280E-01  -0.239134E+13
   0.319233E-03   0.557200E+08   0.557194E+08   0.589203E+08   0.586302E+08   0.556802E+08   0.557197E+08   0.557199E+08   0.557354E+08  -0.125846E+00   0.642507E+07   0.642488E+07   0.191738E+03   0.509017E-01   0.367095E-03  -0.201272E+13
   0.352491E-03   0.496219E+08   0.496211E+08   0.490801E+08   0.487590E+08   0.495727E+08   0.496216E+08   0.496218E+08   0.496346E+08  -0.112070E+00   0.600504E+07   0.600483E+07   0.202809E+03   0.354837E-01   0.330927E-01  -0.170365E+13
   0.389215E-03   0.442757E+08   0.442748E+08   0.401600E+08   0.398120E+08   0.442152E+08   0.442753E+08   0.442756E+08   0.442860E+08  -0.999927E-01   0.564680E+07   0.564655E+07   0.213694E+03   0.233234E-01   0.613772E-01  -0.145086E+13
   0.429764E-03   0.396458E+08   0.396447E+08   0.321698E+08   0.318026E+08   0.395715E+08   0.396452E+08   0.396456E+08   0.396538E+08  -0.895327E-01   0.534336E+07   0.534307E+07   0.224020E+03   0.139343E-01   0.859367E-01  -0.124336E+13
   0.474538E-03   0.356755E+08   0.356742E+08   0.251156E+08   0.247409E+08   0.355847E+08   0.356749E+08   0.356753E+08   0.356816E+08  -0.805626E-01   0.508785E+07   0.508752E+07   0.233342E+03   0.692154E-02   0.107370E+00  -0.107220E+13
   0.523976E-03   0.322981E+08   0.322966E+08   0.190103E+08   0.186436E+08   0.321874E+08   0.322974E+08   0.322979E+08   0.323024E+08  -0.729316E-01   0.487373E+07   0.487335E+07   0.241157E+03   0.195526E-02   0.126165E+00  -0.930164E+12
   0.578566E-03   0.294436E+08   0.294418E+08   0.138732E+08   0.135322E+08   0.293087E+08   0.294426E+08   0.294433E+08   0.294463E+08  -0.664814E-01   0.469496E+07   0.469453E+07   0.246943E+03  -0.125788E-02   0.142708E+00  -0.811500E+12
   0.638842E-03   0.270432E+08   0.270412E+08   0.971509E+07   0.941728E+07   0.268793E+08   0.270421E+08   0.270429E+08   0.270447E+08  -0.610573E-01   0.454610E+07   0.454562E+07   0.250208E+03  -0.300382E-02   0.157301E+00  -0.711630E+12
   0.705398E-03   0.250328E+08   0.250305E+08   0.651312E+07   0.627080E+07   0.248339E+08   0.250315E+08   0.250324E+08   0.250332E+08  -0.565142E-01   0.442232E+07   0.442179E+07   0.250551E+03  -0.358858E-02   0.170180E+00  -0.626937E+12
   0.778888E-03   0.233540E+08   0.233513E+08   0.418173E+07   0.399667E+07   0.231131E+08   0.233524E+08   0.233535E+08   0.233535E+08  -0.527204E-01   0.431938E+07   0.431880E+07   0.247735E+03  -0.335593E-02   0.181529E+00  -0.554565E+12
   0.860035E-03   0.219546E+08   0.219516E+08   0.255784E+07   0.241694E+07   0.216635E+08   0.219527E+08   0.219541E+08   0.219534E+08  -0.495582E-01   0.423356E+07   0.423293E+07   0.241722E+03  -0.268190E-02   0.191500E+00  -0.492260E+12
   0.949635E-03   0.207892E+08   0.207859E+08   0.142191E+07   0.129727E+07   0.204383E+08   0.207870E+08   0.207886E+08   0.207873E+08  -0.469247E-01   0.416167E+07   0.416101E+07   0.232683E+03  -0.193200E-02   0.200221E+00  -0.438243E+12
   0.104857E-02   0.198183E+08   0.198148E+08   0.566414E+06   0.422450E+06   0.193964E+08   0.198157E+08   0.198177E+08   0.198159E+08  -0.447308E-01   0.410097E+07   0.410028E+07   0.220946E+03  -0.137950E-02   0.207808E+00  -0.391105E+12
   0.115781E-02   0.190082E+08   0.190044E+08  -0.115097E+06  -0.308713E+06   0.185025E+08   0.190052E+08   0.190076E+08   0.190051E+08  -0.429001E-01   0.404913E+07   0.404841E+07   0.206926E+03  -0.111666E-02   0.214371E+00  -0.349724E+12
   0.127844E-02   0.183302E+08   0.183262E+08  -0.594688E+06  -0.851671E+06   0.177265E+08   0.183267E+08   0.183295E+08   0.183265E+08  -0.413676E-01   0.400414E+07   0.400341E+07   0.191093E+03  -0.103181E-02   0.220014E+00  -0.313208E+12
   0.141163E-02   0.177599E+08   0.177558E+08  -0.803395E+06  -0.112085E+07   0.170433E+08   0.177558E+08   0.177592E+08   0.177556E+08  -0.400783E-01   0.396432E+07   0.396359E+07   0.174022E+03  -0.921937E-03   0.224837E+00  -0.280835E+12
   0.155869E-02   0.172768E+08   0.172727E+08  -0.789292E+06   0.434673E+06   0.164311E+08   0.172722E+08   0.172762E+08   0.172720E+08  -0.389864E-01   0.392824E+07   0.392751E+07   0.156465E+03  -0.485543E-03   0.228936E+00  -0.252023E+12
   0.172108E-02   0.168638E+08   0.168596E+08  -0.718306E+06   0.347994E+06   0.158720E+08   0.168584E+08   0.168631E+08   0.168583E+08  -0.380523E-01   0.389470E+07   0.389398E+07   0.139311E+03  -0.329494E-03   0.232403E+00  -0.226295E+12
   0.190039E-02   0.165062E+08   0.165021E+08  -0.653053E+06   0.279371E+06   0.153515E+08   0.165000E+08   0.165055E+08   0.165000E+08  -0.372432E-01   0.386263E+07   0.386193E+07   0.123378E+03  -0.247166E-03   0.235321E+00  -0.203256E+12
   0.209838E-02   0.161918E+08   0.161876E+08  -0.503211E+06   0.224774E+06   0.148577E+08   0.161848E+08   0.161911E+08   0.161847E+08  -0.365314E-01   0.383109E+07   0.383040E+07   0.109247E+03  -0.186857E-03   0.237764E+00  -0.182575E+12
   0.231699E-02   0.159103E+08   0.159061E+08  -0.315199E+06   0.181154E+06   0.143813E+08   0.159023E+08   0.159096E+08   0.159023E+08  -0.358939E-01   0.379934E+07   0.379866E+07   0.972428E+02  -0.101042E-03   0.239805E+00  -0.163978E+12
   0.255838E-02   0.156531E+08   0.156488E+08  -0.201821E+06   0.146180E+06   0.139149E+08   0.156441E+08   0.156524E+08   0.156441E+08  -0.353111E-01   0.376671E+07   0.376604E+07   0.873285E+02  -0.476506E-04   0.241503E+00  -0.147231E+12
   0.282492E-02   0.154127E+08   0.154083E+08  -0.898247E+05   0.118055E+06   0.134527E+08   0.154027E+08   0.154120E+08   0.154027E+08  -0.347661E-01   0.373255E+07   0.373188E+07   0.790262E+02  -0.157068E-04   0.242912E+00  -0.132130E+12
   0.311923E-02   0.151830E+08   0.151783E+08  -0.330102E+05   0.953846E+05   0.129891E+08   0.151718E+08   0.151822E+08   0.151718E+08  -0.342449E-01   0.369632E+07   0.369565E+07   0.716875E+02   0.135514E-04   0.244077E+00  -0.118502E+12
   0.344419E-02   0.149585E+08   0.149536E+08  -0.212725E+05   0.770774E+05   0.125197E+08   0.149462E+08   0.149577E+08   0.149462E+08  -0.337356E-01   0.365753E+07   0.365686E+07   0.647763E+02   0.219584E-04   0.245039E+00  -0.106195E+12
   0.380302E-02   0.147348E+08   0.147296E+08  -0.484231E+05   0.622729E+05   0.120402E+08   0.147212E+08   0.147339E+08   0.147212E+08  -0.332278E-01   0.361575E+07   0.361508E+07   0.581564E+02   0.232810E-04   0.245831E+00  -0.950762E+11
   0.419923E-02   0.145079E+08   0.145023E+08  -0.664586E+05   0.502892E+05   0.115474E+08   0.144929E+08   0.145070E+08   0.144929E+08  -0.327127E-01   0.357054E+07   0.356989E+07   0.520655E+02   0.152573E-04   0.246483E+00  -0.850291E+11
   0.463671E-02   0.142743E+08   0.142684E+08  -0.708069E+05   0.405829E+05   0.110389E+08   0.142580E+08   0.142733E+08   0.142580E+08  -0.321826E-01   0.352155E+07   0.352090E+07   0.467575E+02   0.903943E-05   0.247017E+00  -0.759496E+11
   0.511978E-02   0.140312E+08   0.140247E+08  -0.467021E+05   0.327187E+05   0.105145E+08   0.140135E+08   0.140301E+08   0.140135E+08  -0.316309E-01   0.346839E+07   0.346774E+07   0.421506E+02   0.146644E-04   0.247453E+00  -0.677453E+11
   0.565317E-02   0.137763E+08   0.137691E+08  -0.179465E+05   0.263480E+05   0.994958E+07   0.137570E+08   0.137751E+08   0.137570E+08  -0.310527E-01   0.341083E+07   0.341019E+07   0.379527E+02   0.312766E-04   0.247809E+00  -0.603352E+11
   0.624213E-02   0.135063E+08   0.134984E+08  -0.126971E+05   0.211868E+05   0.937633E+07   0.134854E+08   0.135050E+08   0.134854E+08  -0.304415E-01   0.334834E+07   0.334770E+07   0.340743E+02   0.597551E-04   0.248098E+00  -0.536413E+11
   0.689245E-02   0.132195E+08   0.132108E+08  -0.145423E+05   0.170082E+05   0.878192E+07   0.131971E+08   0.132181E+08   0.131971E+08  -0.297951E-01   0.328070E+07   0.328007E+07   0.306469E+02   0.115998E-03   0.248332E+00  -0.475987E+11
   0.761052E-02   0.129141E+08   0.129044E+08  -0.129712E+05   0.136276E+05   0.817493E+07   0.128901E+08   0.129125E+08   0.128901E+08  -0.291149E-01   0.320761E+07   0.320698E+07   0.276202E+02   0.251247E-03   0.248520E+00  -0.421472E+11
   0.840340E-02   0.125883E+08   0.125773E+08  -0.836834E+04   0.108951E+05   0.756384E+07   0.125627E+08   0.125864E+08   0.125627E+08  -0.284157E-01   0.312878E+07   0.312815E+07   0.248752E+02   0.609608E-03   0.248672E+00  -0.372324E+11
   0.927889E-02   0.122405E+08   0.122280E+08  -0.563283E+04   0.868899E+04   0.694835E+07   0.122133E+08   0.122384E+08   0.122133E+08  -0.277661E-01   0.304395E+07   0.304333E+07   0.224407E+02   0.165540E-02   0.248794E+00  -0.328052E+11
   0.102456E-01   0.118693E+08   0.118550E+08  -0.736077E+04   0.691035E+04   0.632830E+07   0.118407E+08   0.118669E+08   0.118407E+08  -0.274707E-01   0.295286E+07   0.295224E+07   0.202739E+02   0.507964E-02   0.248894E+00  -0.288208E+11
   0.113130E-01   0.114732E+08   0.114568E+08  -0.362488E+04   0.547849E+04   0.571037E+07   0.114432E+08   0.114704E+08   0.114432E+08  -0.289985E-01   0.285524E+07   0.285462E+07   0.183442E+02   0.177289E-01   0.248986E+00  -0.252386E+11
   0.124916E-01   0.110504E+08   0.110317E+08  -0.420852E+04   0.432769E+04   0.510199E+07   0.110192E+08   0.110473E+08   0.110192E+08  -0.398024E-01   0.275081E+07   0.275018E+07   0.166308E+02   0.684829E-01   0.249117E+00  -0.220212E+11
   0.137930E-01   0.105987E+08   0.105773E+08  -0.237471E+04   0.340426E+04   0.450769E+07   0.105663E+08   0.105951E+08   0.105663E+08  -0.875912E-01   0.263924E+07   0.263861E+07   0.151062E+02   0.239702E+00   0.249417E+00  -0.191345E+11
   0.152300E-01   0.101189E+08   0.100944E+08  -0.287470E+04   0.266559E+04   0.393208E+07   0.100855E+08   0.101148E+08   0.100855E+08  -0.166547E+00   0.252056E+07   0.251993E+07   0.137457E+02   0.443269E+00   0.249778E+00  -0.165499E+11
   0.168167E-01   0.962675E+07   0.959889E+07  -0.162975E+04   0.207981E+04   0.339307E+07   0.959260E+07   0.962208E+07   0.959260E+07  -0.189997E+00   0.239805E+07   0.239742E+07   0.125369E+02   0.425669E+00   0.249805E+00  -0.142598E+11
   0.185687E-01   0.910041E+07   0.906888E+07  -0.126162E+04   0.161243E+04   0.288481E+07   0.906572E+07   0.909511E+07   0.906572E+07  -0.183756E+00   0.226672E+07   0.226609E+07   0.114344E+02   0.338701E+00   0.249711E+00  -0.122071E+11
   0.205033E-01   0.854963E+07   0.851427E+07  -0.139786E+04   0.124233E+04   0.241575E+07   0.851469E+07   0.854369E+07   0.851469E+07  -0.172943E+00   0.212926E+07   0.212862E+07   0.104212E+02   0.261558E+00   0.249617E+00  -0.103848E+11
   0.226393E-01   0.796982E+07   0.793063E+07  -0.935507E+03   0.949730E+03   0.198792E+07   0.793496E+07   0.796324E+07   0.793496E+07  -0.161191E+00   0.198455E+07   0.198391E+07   0.946705E+01   0.199977E+00   0.249537E+00  -0.876580E+10
   0.249980E-01   0.738168E+07   0.733889E+07  -0.698290E+03   0.721375E+03   0.160930E+07   0.734721E+07   0.737450E+07   0.734721E+07  -0.149252E+00   0.183778E+07   0.183714E+07   0.855560E+01   0.151887E+00   0.249469E+00  -0.735157E+10
   0.276023E-01   0.679215E+07   0.674633E+07  -0.545503E+03   0.544329E+03   0.128067E+07   0.675841E+07   0.678446E+07   0.675841E+07  -0.137291E+00   0.169069E+07   0.169006E+07   0.766351E+01   0.114603E+00   0.249411E+00  -0.612503E+10
   0.304780E-01   0.620377E+07   0.615591E+07  -0.442483E+03   0.407716E+03   0.100067E+07   0.617115E+07   0.619574E+07   0.617115E+07  -0.125361E+00   0.154394E+07   0.154332E+07   0.676708E+01   0.858343E-01   0.249363E+00  -0.506560E+10
   0.336533E-01   0.563248E+07   0.558401E+07  -0.289712E+03   0.303567E+03   0.768502E+06   0.560136E+07   0.562434E+07   0.560136E+07  -0.113787E+00   0.140151E+07   0.140092E+07   0.585665E+01   0.639039E-01   0.249321E+00  -0.416442E+10
   0.371593E-01   0.509886E+07   0.505165E+07  -0.195740E+03   0.225371E+03   0.581838E+06   0.506959E+07   0.509093E+07   0.506959E+07  -0.102984E+00   0.126855E+07   0.126800E+07   0.493486E+01   0.474396E-01   0.249286E+00  -0.341370E+10
   0.410307E-01   0.461597E+07   0.457217E+07  -0.172053E+03   0.167337E+03   0.435567E+06   0.458887E+07   0.460862E+07   0.458887E+07  -0.932188E-01   0.114834E+07   0.114784E+07   0.401613E+01   0.352212E-01   0.249256E+00  -0.279863E+10
   0.451338E-01   0.421265E+07   0.417410E+07   0.126218E+03   0.126218E+03   0.327720E+06   0.418782E+07   0.420618E+07   0.418782E+07  -0.850718E-01   0.104779E+07   0.104736E+07   0.322459E+01   0.265693E-01   0.249176E+00  -0.232145E+10
   0.492368E-01   0.389382E+07   0.386139E+07   0.980451E+02   0.980451E+02   0.252324E+06   0.387117E+07   0.388838E+07   0.387117E+07  -0.786393E-01   0.968600E+06   0.968230E+06   0.250414E+01   0.206376E-01   0.249157E+00  -0.196717E+10
   0.533399E-01   0.363688E+07   0.361054E+07   0.780430E+02   0.780430E+02   0.198578E+06   0.361620E+07   0.363246E+07   0.361620E+07  -0.734600E-01   0.904827E+06   0.904518E+06   0.193022E+01   0.164266E-01   0.249141E+00  -0.169631E+10
   0.574430E-01   0.342053E+07   0.339955E+07   0.633009E+02   0.633009E+02   0.159520E+06   0.340159E+07   0.341700E+07   0.340159E+07  -0.691002E-01   0.851140E+06   0.850882E+06   0.149907E+01   0.133231E-01   0.249129E+00  -0.148169E+10
   0.615460E-01   0.322814E+07   0.321127E+07   0.520486E+02   0.520486E+02   0.130633E+06   0.321066E+07   0.322531E+07   0.321066E+07  -0.652217E-01   0.803376E+06   0.803156E+06   0.119752E+01   0.109544E-01   0.249119E+00  -0.130531E+10
   0.656491E-01   0.304690E+07   0.303263E+07   0.431813E+02   0.431813E+02   0.108864E+06   0.303061E+07   0.304450E+07   0.303061E+07  -0.615641E-01   0.758329E+06   0.758132E+06   0.100446E+01   0.908783E-02   0.249111E+00  -0.115512E+10
   0.697522E-01   0.286768E+07   0.285457E+07   0.360014E+02   0.360014E+02   0.921085E+05   0.285235E+07   0.286548E+07   0.285235E+07  -0.579430E-01   0.713732E+06   0.713545E+06   0.893831E+00   0.757656E-02   0.249104E+00  -0.102323E+10
   0.738552E-01   0.269201E+07   0.267884E+07   0.301435E+02   0.301435E+02   0.791048E+05   0.267744E+07   0.268980E+07   0.267744E+07  -0.543898E-01   0.669969E+06   0.669783E+06   0.839668E+00   0.634363E-02   0.249098E+00  -0.907130E+09
   0.779583E-01   0.251419E+07   0.250017E+07   0.252641E+02   0.252641E+02   0.686525E+05   0.250027E+07   0.251184E+07   0.250027E+07  -0.507908E-01   0.625642E+06   0.625452E+06   0.815085E+00   0.531669E-02   0.249093E+00  -0.802523E+09
   0.820614E-01   0.234290E+07   0.232768E+07   0.212442E+02   0.212442E+02   0.602404E+05   0.232956E+07   0.234035E+07   0.232956E+07  -0.473229E-01   0.582928E+06   0.582731E+06   0.800405E+00   0.447067E-02   0.249089E+00  -0.710342E+09
   0.861644E-01   0.218285E+07   0.216652E+07   0.179498E+02   0.179498E+02   0.534107E+05   0.217005E+07   0.218011E+07   0.217005E+07  -0.440825E-01   0.543017E+06   0.542815E+06   0.780700E+00   0.377737E-02   0.249085E+00  -0.630194E+09
   0.912856E-01   0.200485E+07   0.198777E+07   0.146857E+02   0.146857E+02   0.466344E+05   0.199273E+07   0.200198E+07   0.199273E+07  -0.404805E-01   0.498649E+06   0.498448E+06   0.736566E+00   0.309044E-02   0.249081E+00  -0.546235E+09
   0.964067E-01   0.185638E+07   0.183955E+07   0.121907E+02   0.121907E+02   0.414219E+05   0.184497E+07   0.185355E+07   0.184497E+07  -0.374790E-01   0.461677E+06   0.461484E+06   0.667667E+00   0.256539E-02   0.249078E+00  -0.478869E+09
   0.101528E+00   0.173926E+07   0.172369E+07   0.102986E+02   0.102986E+02   0.374488E+05   0.172860E+07   0.173664E+07   0.172860E+07  -0.351150E-01   0.432556E+06   0.432379E+06   0.580577E+00   0.216723E-02   0.249075E+00  -0.426033E+09
   0.106649E+00   0.164923E+07   0.163565E+07   0.885126E+01   0.885126E+01   0.343723E+05   0.163932E+07   0.164695E+07   0.163932E+07  -0.333013E-01   0.410213E+06   0.410057E+06   0.487239E+00   0.186266E-02   0.249073E+00  -0.384628E+09
   0.111770E+00   0.157747E+07   0.156612E+07   0.770940E+01   0.770940E+01   0.318246E+05   0.156825E+07   0.157556E+07   0.156825E+07  -0.318577E-01   0.392427E+06   0.392293E+06   0.400194E+00   0.162238E-02   0.249071E+00  -0.351095E+09
   0.116891E+00   0.151440E+07   0.150509E+07   0.676809E+01   0.676809E+01   0.294874E+05   0.150582E+07   0.151284E+07   0.150582E+07  -0.305894E-01   0.376802E+06   0.376687E+06   0.329114E+00   0.142431E-02   0.249069E+00  -0.322348E+09
   0.122012E+00   0.145260E+07   0.144476E+07   0.595910E+01   0.595910E+01   0.271424E+05   0.144454E+07   0.145128E+07   0.144454E+07  -0.293445E-01   0.361467E+06   0.361365E+06   0.278877E+00   0.125407E-02   0.249068E+00  -0.296251E+09
   0.127134E+00   0.138766E+07   0.138060E+07   0.524360E+01   0.524360E+01   0.246945E+05   0.138003E+07   0.138648E+07   0.138003E+07  -0.280341E-01   0.345325E+06   0.345230E+06   0.249224E+00   0.110351E-02   0.249066E+00  -0.271621E+09
   0.132255E+00   0.131839E+07   0.131144E+07   0.460337E+01   0.460337E+01   0.221606E+05   0.131110E+07   0.131723E+07   0.131110E+07  -0.266338E-01   0.328078E+06   0.327984E+06   0.235805E+00   0.968788E-03   0.249065E+00  -0.248062E+09
   0.137376E+00   0.124620E+07   0.123888E+07   0.403252E+01   0.403252E+01   0.196334E+05   0.123917E+07   0.124497E+07   0.123917E+07  -0.251727E-01   0.310082E+06   0.309986E+06   0.232040E+00   0.848658E-03   0.249064E+00  -0.225715E+09
   0.142497E+00   0.117418E+07   0.116631E+07   0.353077E+01   0.353077E+01   0.172336E+05   0.116738E+07   0.117285E+07   0.116738E+07  -0.237144E-01   0.292121E+06   0.292022E+06   0.231145E+00   0.743068E-03   0.249063E+00  -0.204997E+09
   0.147618E+00   0.110627E+07   0.109793E+07   0.309934E+01   0.309934E+01   0.150668E+05   0.109971E+07   0.110487E+07   0.109971E+07  -0.223397E-01   0.275189E+06   0.275088E+06   0.227781E+00   0.652272E-03   0.249062E+00  -0.186415E+09
   0.152739E+00   0.104622E+07   0.103770E+07   0.273758E+01   0.273758E+01   0.131965E+05   0.103991E+07   0.104479E+07   0.103991E+07  -0.211248E-01   0.260226E+06   0.260126E+06   0.218973E+00   0.576137E-03   0.249061E+00  -0.170368E+09
   0.157860E+00   0.996109E+06   0.987775E+06   0.243999E+01   0.243999E+01   0.116283E+05   0.990057E+06   0.994710E+06   0.990057E+06  -0.201121E-01   0.247752E+06   0.247655E+06   0.204217E+00   0.513507E-03   0.249060E+00  -0.156939E+09
   0.162982E+00   0.955557E+06   0.947758E+06   0.219595E+01   0.219595E+01   0.103199E+05   0.949780E+06   0.954248E+06   0.949780E+06  -0.192939E-01   0.237673E+06   0.237583E+06   0.184970E+00   0.462146E-03   0.249059E+00  -0.145824E+09
   0.168103E+00   0.922470E+06   0.915433E+06   0.199289E+01   0.199289E+01   0.920724E+04   0.916972E+06   0.921288E+06   0.916972E+06  -0.186275E-01   0.229463E+06   0.229381E+06   0.163840E+00   0.419412E-03   0.249059E+00  -0.136498E+09
   0.173224E+00   0.894205E+06   0.887998E+06   0.181950E+01   0.181950E+01   0.823031E+04   0.888975E+06   0.893162E+06   0.888975E+06  -0.180587E-01   0.222457E+06   0.222382E+06   0.143675E+00   0.382922E-03   0.249058E+00  -0.128419E+09
   0.178345E+00   0.868076E+06   0.862608E+06   0.166653E+01   0.166653E+01   0.734237E+04   0.863088E+06   0.867157E+06   0.863088E+06  -0.175329E-01   0.215979E+06   0.215911E+06   0.126755E+00   0.350729E-03   0.249057E+00  -0.121100E+09
   0.183466E+00   0.841593E+06   0.836661E+06   0.152686E+01   0.152686E+01   0.651199E+04   0.836817E+06   0.840765E+06   0.836817E+06  -0.169992E-01   0.209404E+06   0.209342E+06   0.114293E+00   0.321335E-03   0.249057E+00  -0.114136E+09
   0.188587E+00   0.813147E+06   0.808500E+06   0.139626E+01   0.139626E+01   0.572609E+04   0.808549E+06   0.812367E+06   0.808549E+06  -0.164250E-01   0.202331E+06   0.202271E+06   0.106346E+00   0.293848E-03   0.249056E+00  -0.107286E+09
   0.193708E+00   0.782575E+06   0.777983E+06   0.127362E+01   0.127362E+01   0.498725E+04   0.778128E+06   0.781804E+06   0.778128E+06  -0.158070E-01   0.194719E+06   0.194660E+06   0.102040E+00   0.268038E-03   0.249056E+00  -0.100520E+09
   0.198830E+00   0.750879E+06   0.746183E+06   0.115982E+01   0.115982E+01   0.430655E+04   0.746561E+06   0.750091E+06   0.746561E+06  -0.151657E-01   0.186821E+06   0.186761E+06   0.999549E-01   0.244088E-03   0.249055E+00  -0.939588E+08
   0.203951E+00   0.719450E+06   0.714590E+06   0.105607E+01   0.105607E+01   0.369481E+04   0.715250E+06   0.718634E+06   0.715250E+06  -0.145297E-01   0.178986E+06   0.178926E+06   0.985519E-01   0.222254E-03   0.249055E+00  -0.877579E+08
   0.209072E+00   0.689639E+06   0.684650E+06   0.963253E+00   0.963253E+00   0.316030E+04   0.685556E+06   0.688801E+06   0.685556E+06  -0.139265E-01   0.171557E+06   0.171496E+06   0.965609E-01   0.202719E-03   0.249055E+00  -0.820544E+08
   0.214193E+00   0.662604E+06   0.657587E+06   0.881715E+00   0.881715E+00   0.270842E+04   0.658642E+06   0.661761E+06   0.658642E+06  -0.133797E-01   0.164822E+06   0.164762E+06   0.932362E-01   0.185558E-03   0.249054E+00  -0.769484E+08
   0.219314E+00   0.639042E+06   0.634131E+06   0.811098E+00   0.811098E+00   0.234096E+04   0.635208E+06   0.638218E+06   0.635208E+06  -0.129037E-01   0.158958E+06   0.158900E+06   0.884216E-01   0.170695E-03   0.249054E+00  -0.724778E+08
   0.224435E+00   0.618950E+06   0.614264E+06   0.750167E+00   0.750167E+00   0.205574E+04   0.615247E+06   0.618163E+06   0.615247E+06  -0.124982E-01   0.153963E+06   0.153907E+06   0.824519E-01   0.157871E-03   0.249054E+00  -0.685985E+08
   0.229556E+00   0.601685E+06   0.597306E+06   0.697103E+00   0.697103E+00   0.184638E+04   0.598115E+06   0.600950E+06   0.598115E+06  -0.121502E-01   0.149675E+06   0.149623E+06   0.759607E-01   0.146703E-03   0.249053E+00  -0.652006E+08
   0.234678E+00   0.586274E+06   0.582227E+06   0.649967E+00   0.649967E+00   0.170337E+04   0.582831E+06   0.585595E+06   0.582831E+06  -0.118397E-01   0.145850E+06   0.145801E+06   0.696605E-01   0.136782E-03   0.249053E+00  -0.621481E+08
   0.239799E+00   0.571679E+06   0.567934E+06   0.607041E+00   0.607041E+00   0.161402E+04   0.568355E+06   0.571050E+06   0.568355E+06  -0.115456E-01   0.142228E+06   0.142182E+06   0.641465E-01   0.127747E-03   0.249053E+00  -0.593102E+08
   0.244920E+00   0.557020E+06   0.553506E+06   0.567022E+00   0.567022E+00   0.156397E+04   0.553804E+06   0.556430E+06   0.553804E+06  -0.112500E-01   0.138586E+06   0.138542E+06   0.597673E-01   0.119325E-03   0.249052E+00  -0.565833E+08
   0.250041E+00   0.541783E+06   0.538413E+06   0.529160E+00   0.529160E+00   0.153886E+04   0.538663E+06   0.541217E+06   0.538663E+06  -0.109425E-01   0.134797E+06   0.134755E+06   0.565840E-01   0.111357E-03   0.249052E+00  -0.539091E+08
   0.255162E+00   0.525911E+06   0.522603E+06   0.493240E+00   0.493240E+00   0.152660E+04   0.522877E+06   0.525356E+06   0.522877E+06  -0.106218E-01   0.130847E+06   0.130805E+06   0.544089E-01   0.103798E-03   0.249052E+00  -0.512789E+08
   0.260283E+00   0.509698E+06   0.506393E+06   0.459394E+00   0.459394E+00   0.151865E+04   0.506741E+06   0.509143E+06   0.506741E+06  -0.102940E-01   0.126809E+06   0.126767E+06   0.528943E-01   0.966748E-04   0.249052E+00  -0.487186E+08
   0.265404E+00   0.493607E+06   0.490279E+06   0.427869E+00   0.427869E+00   0.150983E+04   0.490722E+06   0.493048E+06   0.490722E+06  -0.996858E-02   0.122800E+06   0.122759E+06   0.516431E-01   0.900408E-04   0.249052E+00  -0.462682E+08
   0.270526E+00   0.478143E+06   0.474800E+06   0.398904E+00   0.398904E+00   0.149786E+04   0.475329E+06   0.477582E+06   0.475329E+06  -0.965588E-02   0.118948E+06   0.118907E+06   0.503122E-01   0.839457E-04   0.249051E+00  -0.439684E+08
   0.275647E+00   0.463750E+06   0.460424E+06   0.372643E+00   0.372643E+00   0.148175E+04   0.461007E+06   0.463192E+06   0.461007E+06  -0.936494E-02   0.115364E+06   0.115324E+06   0.486829E-01   0.784195E-04   0.249051E+00  -0.418513E+08
   0.280768E+00   0.450692E+06   0.447427E+06   0.349055E+00   0.349055E+00   0.146071E+04   0.448021E+06   0.450144E+06   0.448021E+06  -0.910113E-02   0.112114E+06   0.112075E+06   0.466858E-01   0.734559E-04   0.249051E+00  -0.399305E+08
   0.285889E+00   0.438980E+06   0.435818E+06   0.327915E+00   0.327915E+00   0.143331E+04   0.436381E+06   0.438449E+06   0.436381E+06  -0.886469E-02   0.109202E+06   0.109164E+06   0.443853E-01   0.690075E-04   0.249051E+00  -0.381964E+08
   0.291010E+00   0.428408E+06   0.425379E+06   0.308861E+00   0.308861E+00   0.139756E+04   0.425881E+06   0.427899E+06   0.425881E+06  -0.865139E-02   0.106574E+06   0.106537E+06   0.419355E-01   0.649980E-04   0.249051E+00  -0.366213E+08
   0.296131E+00   0.418651E+06   0.415766E+06   0.291486E+00   0.291486E+00   0.135169E+04   0.416194E+06   0.418166E+06   0.416194E+06  -0.845460E-02   0.104150E+06   0.104115E+06   0.395248E-01   0.613420E-04   0.249051E+00  -0.351694E+08
   0.301252E+00   0.409355E+06   0.406606E+06   0.275414E+00   0.275414E+00   0.129461E+04   0.406964E+06   0.408893E+06   0.406964E+06  -0.826711E-02   0.101840E+06   0.101806E+06   0.373207E-01   0.579600E-04   0.249051E+00  -0.338049E+08
   0.306374E+00   0.400204E+06   0.397569E+06   0.260337E+00   0.260337E+00   0.122662E+04   0.397875E+06   0.399762E+06   0.397875E+06  -0.808248E-02   0.995656E+05   0.995330E+05   0.354317E-01   0.547874E-04   0.249051E+00  -0.324975E+08
   0.311495E+00   0.390988E+06   0.388437E+06   0.246050E+00   0.246050E+00   0.114925E+04   0.388717E+06   0.390560E+06   0.388717E+06  -0.789644E-02   0.972737E+05   0.972421E+05   0.338909E-01   0.517810E-04   0.249050E+00  -0.312275E+08
   0.316616E+00   0.381645E+06   0.379148E+06   0.232463E+00   0.232463E+00   0.106524E+04   0.379427E+06   0.381226E+06   0.379427E+06  -0.770771E-02   0.949490E+05   0.949180E+05   0.326617E-01   0.489219E-04   0.249050E+00  -0.299882E+08
   0.321737E+00   0.372251E+06   0.369784E+06   0.219577E+00   0.219577E+00   0.977905E+03   0.370081E+06   0.371836E+06   0.370081E+06  -0.751787E-02   0.926105E+05   0.925799E+05   0.316586E-01   0.462101E-04   0.249050E+00  -0.287840E+08
   0.326858E+00   0.362962E+06   0.360514E+06   0.207438E+00   0.207438E+00   0.890711E+03   0.360839E+06   0.362551E+06   0.360839E+06  -0.733013E-02   0.902978E+05   0.902677E+05   0.307750E-01   0.436554E-04   0.249050E+00  -0.276255E+08
   0.331979E+00   0.353956E+06   0.351527E+06   0.196094E+00   0.196094E+00   0.806929E+03   0.351879E+06   0.353548E+06   0.351879E+06  -0.714811E-02   0.880557E+05   0.880259E+05   0.299120E-01   0.412682E-04   0.249050E+00  -0.265239E+08
   0.337100E+00   0.345386E+06   0.342983E+06   0.185573E+00   0.185573E+00   0.729368E+03   0.343353E+06   0.344982E+06   0.343353E+06  -0.697491E-02   0.859222E+05   0.858929E+05   0.289992E-01   0.390540E-04   0.249050E+00  -0.254881E+08
   0.342222E+00   0.337346E+06   0.334983E+06   0.175868E+00   0.175868E+00   0.660477E+03   0.335358E+06   0.336949E+06   0.335358E+06  -0.681249E-02   0.839215E+05   0.838927E+05   0.280059E-01   0.370114E-04   0.249050E+00  -0.245220E+08
   0.347343E+00   0.329859E+06   0.327551E+06   0.166932E+00   0.166932E+00   0.602006E+03   0.327915E+06   0.329472E+06   0.327915E+06  -0.666131E-02   0.820591E+05   0.820311E+05   0.269394E-01   0.351307E-04   0.249050E+00  -0.236243E+08
   0.352464E+00   0.322875E+06   0.320632E+06   0.158685E+00   0.158685E+00   0.555010E+03   0.320974E+06   0.322498E+06   0.320974E+06  -0.652031E-02   0.803222E+05   0.802949E+05   0.258352E-01   0.333949E-04   0.249050E+00  -0.227883E+08
   0.357585E+00   0.316287E+06   0.314115E+06   0.151029E+00   0.151029E+00   0.519567E+03   0.314430E+06   0.315922E+06   0.314430E+06  -0.638736E-02   0.786844E+05   0.786579E+05   0.247424E-01   0.317835E-04   0.249050E+00  -0.220040E+08
   0.362706E+00   0.309975E+06   0.307872E+06   0.143866E+00   0.143866E+00   0.494804E+03   0.308159E+06   0.309622E+06   0.308159E+06  -0.625998E-02   0.771152E+05   0.770894E+05   0.237091E-01   0.302761E-04   0.249050E+00  -0.212607E+08
   0.367827E+00   0.303827E+06   0.301785E+06   0.137115E+00   0.137115E+00   0.479025E+03   0.302050E+06   0.303484E+06   0.302050E+06  -0.613588E-02   0.755864E+05   0.755613E+05   0.227704E-01   0.288552E-04   0.249050E+00  -0.205490E+08
   0.372948E+00   0.297757E+06   0.295767E+06   0.130712E+00   0.130712E+00   0.469956E+03   0.296018E+06   0.297423E+06   0.296018E+06  -0.601334E-02   0.740769E+05   0.740523E+05   0.219414E-01   0.275076E-04   0.249049E+00  -0.198621E+08
   0.378070E+00   0.291724E+06   0.289775E+06   0.124617E+00   0.124617E+00   0.465292E+03   0.290020E+06   0.291397E+06   0.290020E+06  -0.589149E-02   0.725758E+05   0.725518E+05   0.212172E-01   0.262249E-04   0.249049E+00  -0.191961E+08
   0.383191E+00   0.285732E+06   0.283815E+06   0.118817E+00   0.118817E+00   0.462990E+03   0.284062E+06   0.285410E+06   0.284062E+06  -0.577046E-02   0.710849E+05   0.710613E+05   0.205772E-01   0.250042E-04   0.249049E+00  -0.185504E+08
   0.388312E+00   0.279833E+06   0.277942E+06   0.113314E+00   0.113314E+00   0.461651E+03   0.278195E+06   0.279515E+06   0.278195E+06  -0.565128E-02   0.696167E+05   0.695934E+05   0.199932E-01   0.238461E-04   0.249049E+00  -0.179277E+08
   0.393433E+00   0.274083E+06   0.272217E+06   0.108114E+00   0.108114E+00   0.460451E+03   0.272477E+06   0.273770E+06   0.272477E+06  -0.553512E-02   0.681858E+05   0.681628E+05   0.194361E-01   0.227519E-04   0.249049E+00  -0.173306E+08
   0.398554E+00   0.268531E+06   0.266690E+06   0.103218E+00   0.103218E+00   0.459053E+03   0.266955E+06   0.268222E+06   0.266955E+06  -0.542295E-02   0.668040E+05   0.667814E+05   0.188827E-01   0.217217E-04   0.249049E+00  -0.167613E+08
   0.403675E+00   0.263208E+06   0.261396E+06   0.986211E-01   0.986211E-01   0.457396E+03   0.261662E+06   0.262904E+06   0.261662E+06  -0.531542E-02   0.654794E+05   0.654572E+05   0.183197E-01   0.207542E-04   0.249049E+00  -0.162205E+08
   0.408796E+00   0.258132E+06   0.256353E+06   0.943109E-01   0.943109E-01   0.455458E+03   0.256615E+06   0.257833E+06   0.256615E+06  -0.521290E-02   0.642165E+05   0.641947E+05   0.177450E-01   0.198472E-04   0.249049E+00  -0.157084E+08
   0.413918E+00   0.253298E+06   0.251556E+06   0.902691E-01   0.902691E-01   0.453192E+03   0.251810E+06   0.253005E+06   0.251810E+06  -0.511529E-02   0.630140E+05   0.629927E+05   0.171658E-01   0.189966E-04   0.249049E+00  -0.152235E+08
   0.419039E+00   0.248674E+06   0.246972E+06   0.864689E-01   0.864689E-01   0.450387E+03   0.247215E+06   0.248388E+06   0.247215E+06  -0.502194E-02   0.618640E+05   0.618432E+05   0.165941E-01   0.181969E-04   0.249049E+00  -0.147630E+08
   0.424160E+00   0.244214E+06   0.242551E+06   0.828804E-01   0.828804E-01   0.446791E+03   0.242782E+06   0.243935E+06   0.242782E+06  -0.493190E-02   0.607549E+05   0.607345E+05   0.160431E-01   0.174417E-04   0.249049E+00  -0.143233E+08
   0.429281E+00   0.239877E+06   0.238251E+06   0.794782E-01   0.794782E-01   0.442126E+03   0.238472E+06   0.239604E+06   0.238472E+06  -0.484434E-02   0.596762E+05   0.596562E+05   0.155238E-01   0.167258E-04   0.249049E+00  -0.139012E+08
   0.434402E+00   0.235633E+06   0.234041E+06   0.762426E-01   0.762426E-01   0.436164E+03   0.234254E+06   0.235366E+06   0.234254E+06  -0.475867E-02   0.586208E+05   0.586012E+05   0.150423E-01   0.160449E-04   0.249049E+00  -0.134943E+08
   0.439523E+00   0.231465E+06   0.229902E+06   0.731587E-01   0.731587E-01   0.428714E+03   0.230110E+06   0.231202E+06   0.230110E+06  -0.467448E-02   0.575837E+05   0.575645E+05   0.145994E-01   0.153959E-04   0.249049E+00  -0.131012E+08
   0.444644E+00   0.227362E+06   0.225826E+06   0.702161E-01   0.702161E-01   0.419593E+03   0.226031E+06   0.227104E+06   0.226031E+06  -0.459162E-02   0.565630E+05   0.565440E+05   0.141906E-01   0.147767E-04   0.249049E+00  -0.127207E+08
   0.449766E+00   0.223330E+06   0.221817E+06   0.674089E-01   0.674089E-01   0.408698E+03   0.222022E+06   0.223076E+06   0.222022E+06  -0.451018E-02   0.555597E+05   0.555411E+05   0.138082E-01   0.141860E-04   0.249049E+00  -0.123528E+08
   0.454887E+00   0.219385E+06   0.217895E+06   0.647355E-01   0.647355E-01   0.395967E+03   0.218100E+06   0.219135E+06   0.218100E+06  -0.443050E-02   0.545782E+05   0.545599E+05   0.134439E-01   0.136234E-04   0.249049E+00  -0.119980E+08
   0.460008E+00   0.215548E+06   0.214079E+06   0.621948E-01   0.621948E-01   0.381486E+03   0.214284E+06   0.215301E+06   0.214284E+06  -0.435299E-02   0.536234E+05   0.536054E+05   0.130901E-01   0.130888E-04   0.249049E+00  -0.116568E+08
   0.465129E+00   0.211832E+06   0.210385E+06   0.597837E-01   0.597837E-01   0.365460E+03   0.210589E+06   0.211589E+06   0.210589E+06  -0.427793E-02   0.526987E+05   0.526809E+05   0.127417E-01   0.125814E-04   0.249049E+00  -0.113297E+08
   0.470250E+00   0.208240E+06   0.206816E+06   0.574969E-01   0.574969E-01   0.348256E+03   0.207018E+06   0.208001E+06   0.207018E+06  -0.420538E-02   0.518051E+05   0.517876E+05   0.123965E-01   0.121002E-04   0.249049E+00  -0.110163E+08
   0.475371E+00   0.204769E+06   0.203370E+06   0.553270E-01   0.553270E-01   0.330349E+03   0.203568E+06   0.204534E+06   0.203568E+06  -0.413529E-02   0.509416E+05   0.509245E+05   0.120550E-01   0.116435E-04   0.249049E+00  -0.107160E+08
   0.480492E+00   0.201412E+06   0.200038E+06   0.532663E-01   0.532663E-01   0.312247E+03   0.200231E+06   0.201181E+06   0.200231E+06  -0.406751E-02   0.501066E+05   0.500897E+05   0.117196E-01   0.112099E-04   0.249049E+00  -0.104280E+08
   0.485614E+00   0.198159E+06   0.196809E+06   0.513066E-01   0.513066E-01   0.294432E+03   0.196997E+06   0.197932E+06   0.196997E+06  -0.400182E-02   0.492974E+05   0.492809E+05   0.113940E-01   0.107974E-04   0.249049E+00  -0.101514E+08
   0.490735E+00   0.194996E+06   0.193670E+06   0.494393E-01   0.494393E-01   0.277256E+03   0.193853E+06   0.194773E+06   0.193853E+06  -0.393794E-02   0.485105E+05   0.484942E+05   0.110812E-01   0.104045E-04   0.249049E+00  -0.988509E+07
   0.495856E+00   0.191906E+06   0.190603E+06   0.476561E-01   0.476561E-01   0.260968E+03   0.190781E+06   0.191687E+06   0.190781E+06  -0.387554E-02   0.477419E+05   0.477259E+05   0.107835E-01   0.100292E-04   0.249049E+00  -0.962799E+07
   0.500977E+00   0.188877E+06   0.187597E+06   0.459502E-01   0.459502E-01   0.245711E+03   0.187771E+06   0.188662E+06   0.187771E+06  -0.381439E-02   0.469886E+05   0.469728E+05   0.105014E-01   0.967018E-05   0.249049E+00  -0.937920E+07
   0.506098E+00   0.185908E+06   0.184647E+06   0.443170E-01   0.443170E-01   0.231615E+03   0.184818E+06   0.185696E+06   0.184818E+06  -0.375442E-02   0.462498E+05   0.462343E+05   0.102343E-01   0.932648E-05   0.249049E+00  -0.913832E+07
   0.511219E+00   0.182998E+06   0.181757E+06   0.427539E-01   0.427539E-01   0.218816E+03   0.181926E+06   0.182790E+06   0.181926E+06  -0.369566E-02   0.455260E+05   0.455107E+05   0.998035E-02   0.899750E-05   0.249048E+00  -0.890520E+07
   0.516340E+00   0.180152E+06   0.178928E+06   0.412580E-01   0.412580E-01   0.207486E+03   0.179096E+06   0.179946E+06   0.179096E+06  -0.363817E-02   0.448178E+05   0.448027E+05   0.973710E-02   0.868268E-05   0.249048E+00  -0.867971E+07
   0.521462E+00   0.177369E+06   0.176163E+06   0.398267E-01   0.398267E-01   0.197823E+03   0.176329E+06   0.177166E+06   0.176329E+06  -0.358196E-02   0.441254E+05   0.441106E+05   0.950206E-02   0.838145E-05   0.249048E+00  -0.846171E+07
   0.526583E+00   0.174654E+06   0.173465E+06   0.384579E-01   0.384579E-01   0.189999E+03   0.173629E+06   0.174454E+06   0.173629E+06  -0.352712E-02   0.434499E+05   0.434352E+05   0.927327E-02   0.809337E-05   0.249048E+00  -0.825112E+07
   0.531704E+00   0.172010E+06   0.170838E+06   0.371497E-01   0.371497E-01   0.184123E+03   0.171001E+06   0.171813E+06   0.171001E+06  -0.347374E-02   0.427922E+05   0.427778E+05   0.904961E-02   0.781804E-05   0.249048E+00  -0.804796E+07
   0.536825E+00   0.169440E+06   0.168285E+06   0.358996E-01   0.358996E-01   0.180170E+03   0.168446E+06   0.169246E+06   0.168446E+06  -0.342182E-02   0.421527E+05   0.421385E+05   0.883073E-02   0.755495E-05   0.249048E+00  -0.785207E+07
   0.541946E+00   0.166938E+06   0.165801E+06   0.347043E-01   0.347043E-01   0.177991E+03   0.165959E+06   0.166747E+06   0.165959E+06  -0.337131E-02   0.415304E+05   0.415164E+05   0.861686E-02   0.730338E-05   0.249048E+00  -0.766304E+07
   0.547067E+00   0.164499E+06   0.163379E+06   0.335601E-01   0.335601E-01   0.177298E+03   0.163534E+06   0.164311E+06   0.163534E+06  -0.332205E-02   0.409236E+05   0.409098E+05   0.840865E-02   0.706256E-05   0.249048E+00  -0.748040E+07
   0.559946E+00   0.158619E+06   0.157542E+06   0.308891E-01   0.308891E-01   0.179484E+03   0.157689E+06   0.158438E+06   0.157689E+06  -0.320332E-02   0.394609E+05   0.394476E+05   0.791492E-02   0.650046E-05   0.249048E+00  -0.704714E+07
   0.593872E+00   0.144534E+06   0.143551E+06   0.250223E-01   0.250223E-01   0.170833E+03   0.143687E+06   0.144369E+06   0.143687E+06  -0.291887E-02   0.359569E+05   0.359447E+05   0.681414E-02   0.526589E-05   0.249048E+00  -0.605453E+07
   0.629853E+00   0.131666E+06   0.130771E+06   0.202645E-01   0.202645E-01   0.119787E+03   0.130894E+06   0.131516E+06   0.130894E+06  -0.265899E-02   0.327555E+05   0.327444E+05   0.585621E-02   0.426466E-05   0.249048E+00  -0.520039E+07
   0.879031E+00   0.769679E+05   0.764449E+05   0.608195E-02   0.608195E-02   0.307012E+02   0.765164E+05   0.768801E+05   0.765164E+05  -0.155436E-02   0.191479E+05   0.191413E+05   0.248024E-02   0.127993E-05   0.249048E+00  -0.217825E+07
   0.122679E+01   0.444498E+05   0.441477E+05   0.180332E-02   0.180332E-02   0.103058E+02   0.441890E+05   0.443991E+05   0.441890E+05  -0.897661E-03   0.110581E+05   0.110543E+05   0.104874E-02   0.379507E-06   0.249047E+00  -0.901369E+06
   0.171212E+01   0.254034E+05   0.252306E+05   0.529134E-03   0.529134E-03   0.312724E+01   0.252543E+05   0.253744E+05   0.252543E+05  -0.513019E-03   0.631979E+04   0.631750E+04   0.447571E-03   0.111355E-06   0.249047E+00  -0.369112E+06
   0.238945E+01   0.143882E+05   0.142901E+05   0.153868E-03   0.153868E-03   0.818073E+00   0.143037E+05   0.143717E+05   0.143037E+05  -0.290567E-03   0.357945E+04   0.357804E+04   0.196036E-03   0.323813E-07   0.249046E+00  -0.149798E+06
