#          k/h    CDM            baryon         photon         nu             mass_nu        total          no_nu          total_de       Weyl           v_CDM          v_b            v_b-v_c        ISW            log_grow       pert_vel    
   0.994668E-05   0.253671E+08   0.253671E+08   0.338077E+08   0.338073E+08   0.253697E+08   0.253671E+08   0.253671E+08   0.253762E+08  -0.458469E+00   0.992952E+07   0.992952E+07   0.651559E+01   0.112832E+07   0.489478E+00  -0.998311E+14
   0.109829E-04   0.253665E+08   0.253665E+08   0.338036E+08   0.338031E+08   0.253690E+08   0.253665E+08   0.253665E+08   0.253755E+08  -0.458458E+00   0.992938E+07   0.992938E+07   0.719418E+01   0.925451E+06   0.489464E+00  -0.904106E+14
   0.121272E-04   0.253658E+08   0.253658E+08   0.337986E+08   0.337980E+08   0.253683E+08   0.253658E+08   0.253658E+08   0.253748E+08  -0.458445E+00   0.992922E+07   0.992922E+07   0.794338E+01   0.759055E+06   0.489447E+00  -0.818788E+14
   0.133906E-04   0.253648E+08   0.253648E+08   0.337925E+08   0.337917E+08   0.253674E+08   0.253649E+08   0.253648E+08   0.253739E+08  -0.458428E+00   0.992902E+07   0.992902E+07   0.877052E+01   0.622578E+06   0.489426E+00  -0.741518E+14
   0.147857E-04   0.253637E+08   0.253637E+08   0.337850E+08   0.337841E+08   0.253662E+08   0.253638E+08   0.253637E+08   0.253728E+08  -0.458408E+00   0.992878E+07   0.992878E+07   0.968370E+01   0.510640E+06   0.489401E+00  -0.671538E+14
   0.163261E-04   0.253624E+08   0.253624E+08   0.337760E+08   0.337748E+08   0.253649E+08   0.253624E+08   0.253624E+08   0.253714E+08  -0.458384E+00   0.992849E+07   0.992849E+07   0.106918E+02   0.418829E+06   0.489370E+00  -0.608159E+14
   0.180270E-04   0.253608E+08   0.253608E+08   0.337649E+08   0.337635E+08   0.253632E+08   0.253608E+08   0.253608E+08   0.253698E+08  -0.458354E+00   0.992813E+07   0.992813E+07   0.118047E+02   0.343525E+06   0.489333E+00  -0.550757E+14
   0.199051E-04   0.253588E+08   0.253588E+08   0.337514E+08   0.337497E+08   0.253612E+08   0.253588E+08   0.253588E+08   0.253678E+08  -0.458318E+00   0.992769E+07   0.992769E+07   0.130332E+02   0.281761E+06   0.489287E+00  -0.498770E+14
   0.219788E-04   0.253563E+08   0.253563E+08   0.337349E+08   0.337329E+08   0.253587E+08   0.253564E+08   0.253563E+08   0.253654E+08  -0.458274E+00   0.992716E+07   0.992716E+07   0.143892E+02   0.231103E+06   0.489231E+00  -0.451686E+14
   0.242687E-04   0.253534E+08   0.253534E+08   0.337149E+08   0.337124E+08   0.253557E+08   0.253534E+08   0.253534E+08   0.253624E+08  -0.458221E+00   0.992651E+07   0.992651E+07   0.158859E+02   0.189553E+06   0.489163E+00  -0.409041E+14
   0.267970E-04   0.253498E+08   0.253498E+08   0.336905E+08   0.336874E+08   0.253521E+08   0.253498E+08   0.253498E+08   0.253588E+08  -0.458155E+00   0.992572E+07   0.992572E+07   0.175376E+02   0.155474E+06   0.489081E+00  -0.370418E+14
   0.295888E-04   0.253454E+08   0.253454E+08   0.336608E+08   0.336570E+08   0.253476E+08   0.253454E+08   0.253454E+08   0.253544E+08  -0.458076E+00   0.992476E+07   0.992476E+07   0.193602E+02   0.127522E+06   0.488981E+00  -0.335435E+14
   0.326714E-04   0.253400E+08   0.253400E+08   0.336245E+08   0.336200E+08   0.253422E+08   0.253401E+08   0.253400E+08   0.253490E+08  -0.457979E+00   0.992359E+07   0.992359E+07   0.213712E+02   0.104596E+06   0.488859E+00  -0.303750E+14
   0.360752E-04   0.253335E+08   0.253335E+08   0.335804E+08   0.335749E+08   0.253356E+08   0.253336E+08   0.253335E+08   0.253425E+08  -0.457861E+00   0.992216E+07   0.992216E+07   0.235897E+02   0.857921E+05   0.488711E+00  -0.275051E+14
   0.398336E-04   0.253256E+08   0.253256E+08   0.335268E+08   0.335200E+08   0.253276E+08   0.253256E+08   0.253256E+08   0.253346E+08  -0.457718E+00   0.992043E+07   0.992042E+07   0.260365E+02   0.703692E+05   0.488531E+00  -0.249056E+14
   0.439836E-04   0.253160E+08   0.253160E+08   0.334614E+08   0.334532E+08   0.253178E+08   0.253160E+08   0.253160E+08   0.253250E+08  -0.457544E+00   0.991832E+07   0.991831E+07   0.287344E+02   0.577192E+05   0.488314E+00  -0.225509E+14
   0.485659E-04   0.253044E+08   0.253044E+08   0.333820E+08   0.333719E+08   0.253060E+08   0.253044E+08   0.253044E+08   0.253133E+08  -0.457333E+00   0.991575E+07   0.991575E+07   0.317084E+02   0.473436E+05   0.488050E+00  -0.204179E+14
   0.536256E-04   0.252902E+08   0.252902E+08   0.332854E+08   0.332731E+08   0.252916E+08   0.252902E+08   0.252902E+08   0.252991E+08  -0.457076E+00   0.991264E+07   0.991263E+07   0.349855E+02   0.388334E+05   0.487732E+00  -0.184856E+14
   0.592125E-04   0.252731E+08   0.252730E+08   0.331680E+08   0.331531E+08   0.252742E+08   0.252731E+08   0.252730E+08   0.252819E+08  -0.456765E+00   0.990886E+07   0.990885E+07   0.385949E+02   0.318532E+05   0.487349E+00  -0.167350E+14
   0.653814E-04   0.252523E+08   0.252522E+08   0.330255E+08   0.330074E+08   0.252530E+08   0.252523E+08   0.252523E+08   0.252611E+08  -0.456389E+00   0.990427E+07   0.990426E+07   0.425682E+02   0.261279E+05   0.486887E+00  -0.151490E+14
   0.721930E-04   0.252272E+08   0.252271E+08   0.328527E+08   0.328306E+08   0.252275E+08   0.252271E+08   0.252271E+08   0.252359E+08  -0.455933E+00   0.989872E+07   0.989871E+07   0.469390E+02   0.214318E+05   0.486333E+00  -0.137120E+14
   0.797142E-04   0.251968E+08   0.251968E+08   0.326433E+08   0.326165E+08   0.251967E+08   0.251968E+08   0.251968E+08   0.252055E+08  -0.455384E+00   0.989200E+07   0.989199E+07   0.517432E+02   0.175797E+05   0.485671E+00  -0.124098E+14
   0.880190E-04   0.251603E+08   0.251603E+08   0.323899E+08   0.323574E+08   0.251596E+08   0.251603E+08   0.251603E+08   0.251690E+08  -0.454722E+00   0.988389E+07   0.988387E+07   0.570184E+02   0.144200E+05   0.484882E+00  -0.112297E+14
   0.971891E-04   0.251164E+08   0.251164E+08   0.320838E+08   0.320445E+08   0.251150E+08   0.251164E+08   0.251164E+08   0.251250E+08  -0.453927E+00   0.987411E+07   0.987409E+07   0.628038E+02   0.118280E+05   0.483947E+00  -0.101601E+14
   0.107314E-03   0.250639E+08   0.250638E+08   0.317147E+08   0.316673E+08   0.250616E+08   0.250639E+08   0.250639E+08   0.250723E+08  -0.452975E+00   0.986236E+07   0.986234E+07   0.691392E+02   0.970159E+04   0.482844E+00  -0.919048E+13
   0.118495E-03   0.250012E+08   0.250011E+08   0.312708E+08   0.312136E+08   0.249978E+08   0.250012E+08   0.250012E+08   0.250095E+08  -0.451839E+00   0.984827E+07   0.984824E+07   0.760642E+02   0.795705E+04   0.481554E+00  -0.831145E+13
   0.130840E-03   0.249267E+08   0.249266E+08   0.307385E+08   0.306696E+08   0.249220E+08   0.249267E+08   0.249267E+08   0.249349E+08  -0.450489E+00   0.983144E+07   0.983141E+07   0.836168E+02   0.652565E+04   0.480056E+00  -0.751438E+13
   0.144471E-03   0.248386E+08   0.248385E+08   0.301023E+08   0.300196E+08   0.248323E+08   0.248386E+08   0.248386E+08   0.248466E+08  -0.448892E+00   0.981142E+07   0.981138E+07   0.918312E+02   0.535103E+04   0.478332E+00  -0.679152E+13
   0.159522E-03   0.247351E+08   0.247349E+08   0.293452E+08   0.292462E+08   0.247269E+08   0.247350E+08   0.247350E+08   0.247428E+08  -0.447015E+00   0.978772E+07   0.978768E+07   0.100736E+03   0.438699E+04   0.476370E+00  -0.613586E+13
   0.176142E-03   0.246142E+08   0.246140E+08   0.284487E+08   0.283308E+08   0.246036E+08   0.246141E+08   0.246141E+08   0.246217E+08  -0.444824E+00   0.975982E+07   0.975977E+07   0.110348E+03   0.359563E+04   0.474164E+00  -0.554109E+13
   0.194493E-03   0.244741E+08   0.244739E+08   0.273936E+08   0.272539E+08   0.244607E+08   0.244740E+08   0.244741E+08   0.244813E+08  -0.442286E+00   0.972720E+07   0.972713E+07   0.120674E+03   0.294592E+04   0.471720E+00  -0.500150E+13
   0.214755E-03   0.243134E+08   0.243131E+08   0.261609E+08   0.259964E+08   0.242964E+08   0.243132E+08   0.243133E+08   0.243202E+08  -0.439370E+00   0.968934E+07   0.968926E+07   0.131695E+03   0.241242E+04   0.469055E+00  -0.451196E+13
   0.237129E-03   0.241306E+08   0.241302E+08   0.247336E+08   0.245413E+08   0.241094E+08   0.241304E+08   0.241305E+08   0.241370E+08  -0.436056E+00   0.964579E+07   0.964569E+07   0.143369E+03   0.197429E+04   0.466200E+00  -0.406788E+13
   0.261834E-03   0.239252E+08   0.239247E+08   0.230984E+08   0.228759E+08   0.238988E+08   0.239250E+08   0.239251E+08   0.239311E+08  -0.432330E+00   0.959619E+07   0.959607E+07   0.155617E+03   0.161448E+04   0.463201E+00  -0.366512E+13
   0.289112E-03   0.236970E+08   0.236965E+08   0.212493E+08   0.209948E+08   0.236644E+08   0.236968E+08   0.236969E+08   0.237024E+08  -0.428193E+00   0.954033E+07   0.954018E+07   0.168315E+03   0.131905E+04   0.460117E+00  -0.329998E+13
   0.319233E-03   0.234471E+08   0.234464E+08   0.191913E+08   0.189043E+08   0.234068E+08   0.234468E+08   0.234470E+08   0.234519E+08  -0.423658E+00   0.947819E+07   0.947802E+07   0.181283E+03   0.107656E+04   0.457016E+00  -0.296915E+13
   0.352491E-03   0.231771E+08   0.231764E+08   0.169447E+08   0.166269E+08   0.231276E+08   0.231768E+08   0.231770E+08   0.231813E+08  -0.418760E+00   0.941000E+07   0.940979E+07   0.194276E+03   0.877662E+03   0.453972E+00  -0.266966E+13
   0.389215E-03   0.228900E+08   0.228891E+08   0.145504E+08   0.142063E+08   0.228292E+08   0.228896E+08   0.228899E+08   0.228934E+08  -0.413550E+00   0.933624E+07   0.933600E+07   0.206976E+03   0.714677E+03   0.451058E+00  -0.239882E+13
   0.429764E-03   0.225894E+08   0.225883E+08   0.120737E+08   0.117114E+08   0.225149E+08   0.225889E+08   0.225892E+08   0.225921E+08  -0.408093E+00   0.925771E+07   0.925742E+07   0.218989E+03   0.581292E+03   0.448336E+00  -0.215421E+13
   0.474538E-03   0.222798E+08   0.222785E+08   0.960612E+07   0.923770E+07   0.221887E+08   0.222791E+08   0.222795E+08   0.222816E+08  -0.402472E+00   0.917541E+07   0.917508E+07   0.229851E+03   0.472298E+03   0.445858E+00  -0.193361E+13
   0.523976E-03   0.219660E+08   0.219645E+08   0.726194E+07   0.690350E+07   0.218550E+08   0.219652E+08   0.219658E+08   0.219672E+08  -0.396776E+00   0.909056E+07   0.909019E+07   0.239047E+03   0.383388E+03   0.443659E+00  -0.173497E+13
   0.578566E-03   0.216533E+08   0.216515E+08   0.516712E+07   0.483729E+07   0.215180E+08   0.216523E+08   0.216530E+08   0.216537E+08  -0.391099E+00   0.900452E+07   0.900409E+07   0.246043E+03   0.310992E+03   0.441754E+00  -0.155640E+13
   0.638842E-03   0.213464E+08   0.213443E+08   0.343793E+07   0.315503E+07   0.211819E+08   0.213452E+08   0.213460E+08   0.213461E+08  -0.385528E+00   0.891861E+07   0.891813E+07   0.250341E+03   0.252145E+03   0.440145E+00  -0.139610E+13
   0.705398E-03   0.210496E+08   0.210472E+08   0.215061E+07   0.192799E+07   0.208500E+08   0.210482E+08   0.210492E+08   0.210488E+08  -0.380143E+00   0.883407E+07   0.883354E+07   0.251543E+03   0.204385E+03   0.438815E+00  -0.125239E+13
   0.778888E-03   0.207664E+08   0.207637E+08   0.130939E+07   0.114994E+07   0.205246E+08   0.207648E+08   0.207659E+08   0.207651E+08  -0.375006E+00   0.875196E+07   0.875138E+07   0.249414E+03   0.165672E+03   0.437740E+00  -0.112368E+13
   0.860035E-03   0.204991E+08   0.204962E+08   0.829803E+06   0.721559E+06   0.202070E+08   0.204973E+08   0.204986E+08   0.204975E+08  -0.370162E+00   0.867304E+07   0.867241E+07   0.243929E+03   0.134321E+03   0.436888E+00  -0.100848E+13
   0.949635E-03   0.202492E+08   0.202460E+08   0.558862E+06   0.475053E+06   0.198970E+08   0.202470E+08   0.202487E+08   0.202471E+08  -0.365633E+00   0.859778E+07   0.859711E+07   0.235275E+03   0.108944E+03   0.436226E+00  -0.905399E+12
   0.104857E-02   0.200168E+08   0.200133E+08   0.343353E+06   0.249536E+06   0.195933E+08   0.200142E+08   0.200162E+08   0.200143E+08  -0.361423E+00   0.852631E+07   0.852561E+07   0.223798E+03   0.884022E+02   0.435718E+00  -0.813155E+12
   0.115781E-02   0.198012E+08   0.197974E+08   0.119380E+06  -0.134658E+05   0.192936E+08   0.197982E+08   0.198006E+08   0.197982E+08  -0.357516E+00   0.845846E+07   0.845773E+07   0.209935E+03   0.717700E+02   0.435332E+00  -0.730571E+12
   0.127844E-02   0.196009E+08   0.195970E+08  -0.531597E+05  -0.236883E+06   0.189950E+08   0.195974E+08   0.196002E+08   0.195974E+08  -0.353885E+00   0.839380E+07   0.839305E+07   0.194178E+03   0.582952E+02   0.435042E+00  -0.656582E+12
   0.141163E-02   0.194137E+08   0.194097E+08  -0.820380E+05  -0.310627E+06   0.186944E+08   0.194097E+08   0.194131E+08   0.194096E+08  -0.350492E+00   0.833167E+07   0.833092E+07   0.177121E+03   0.473710E+02   0.434825E+00  -0.590230E+12
   0.155869E-02   0.192371E+08   0.192330E+08   0.199946E+04   0.483995E+06   0.183882E+08   0.192324E+08   0.192364E+08   0.192325E+08  -0.347291E+00   0.827125E+07   0.827050E+07   0.159536E+03   0.385091E+02   0.434661E+00  -0.530664E+12
   0.172108E-02   0.190683E+08   0.190641E+08   0.480807E+05   0.393487E+06   0.180728E+08   0.190629E+08   0.190676E+08   0.190629E+08  -0.344227E+00   0.821169E+07   0.821095E+07   0.142326E+03   0.313126E+02   0.434539E+00  -0.477134E+12
   0.190039E-02   0.189043E+08   0.189001E+08   0.106862E+05   0.319960E+06   0.177451E+08   0.188981E+08   0.189036E+08   0.188981E+08  -0.341250E+00   0.815200E+07   0.815128E+07   0.126316E+03   0.254640E+02   0.434445E+00  -0.428974E+12
   0.209838E-02   0.187421E+08   0.187379E+08   0.328410E+04   0.260179E+06   0.174028E+08   0.187350E+08   0.187414E+08   0.187351E+08  -0.338305E+00   0.809117E+07   0.809047E+07   0.112092E+03   0.207074E+02   0.434372E+00  -0.385601E+12
   0.231699E-02   0.185788E+08   0.185746E+08   0.108380E+05   0.211539E+06   0.170436E+08   0.185708E+08   0.185781E+08   0.185708E+08  -0.335338E+00   0.802821E+07   0.802751E+07   0.999760E+02   0.168365E+02   0.434313E+00  -0.346500E+12
   0.255838E-02   0.184115E+08   0.184072E+08  -0.425476E+05   0.171941E+06   0.166661E+08   0.184025E+08   0.184108E+08   0.184025E+08  -0.332299E+00   0.796211E+07   0.796142E+07   0.899288E+02   0.136850E+02   0.434264E+00  -0.311224E+12
   0.282492E-02   0.182376E+08   0.182331E+08  -0.496063E+05   0.139693E+06   0.162689E+08   0.182276E+08   0.182369E+08   0.182276E+08  -0.329138E+00   0.789193E+07   0.789124E+07   0.814702E+02   0.111181E+02   0.434222E+00  -0.279375E+12
   0.311923E-02   0.180545E+08   0.180498E+08  -0.461547E+05   0.113426E+06   0.158505E+08   0.180433E+08   0.180538E+08   0.180433E+08  -0.325811E+00   0.781677E+07   0.781608E+07   0.739548E+02   0.902718E+01   0.434185E+00  -0.250605E+12
   0.344419E-02   0.178599E+08   0.178550E+08  -0.301100E+05   0.920284E+05   0.154090E+08   0.178475E+08   0.178591E+08   0.178475E+08  -0.322275E+00   0.773576E+07   0.773507E+07   0.668552E+02   0.732393E+01   0.434152E+00  -0.224608E+12
   0.380302E-02   0.176516E+08   0.176463E+08  -0.259522E+05   0.746007E+05   0.149425E+08   0.176379E+08   0.176507E+08   0.176379E+08  -0.318489E+00   0.764808E+07   0.764740E+07   0.600470E+02   0.593672E+01   0.434119E+00  -0.201110E+12
   0.419923E-02   0.174274E+08   0.174218E+08  -0.197396E+05   0.604100E+05   0.144497E+08   0.174124E+08   0.174265E+08   0.174124E+08  -0.314417E+00   0.755294E+07   0.755227E+07   0.537778E+02   0.480717E+01   0.434088E+00  -0.179869E+12
   0.463671E-02   0.171855E+08   0.171795E+08  -0.235486E+05   0.488599E+05   0.139295E+08   0.171691E+08   0.171845E+08   0.171691E+08  -0.310023E+00   0.744960E+07   0.744892E+07   0.483057E+02   0.388784E+01   0.434058E+00  -0.160669E+12
   0.511978E-02   0.169239E+08   0.169174E+08  -0.179428E+05   0.394646E+05   0.133828E+08   0.169060E+08   0.169228E+08   0.169060E+08  -0.305274E+00   0.733732E+07   0.733666E+07   0.435483E+02   0.314004E+01   0.434027E+00  -0.143316E+12
   0.565317E-02   0.166415E+08   0.166343E+08  -0.956612E+04   0.318283E+05   0.127858E+08   0.166220E+08   0.166403E+08   0.166220E+08  -0.300145E+00   0.721563E+07   0.721496E+07   0.392108E+02   0.253227E+01   0.433993E+00  -0.127641E+12
   0.624213E-02   0.163355E+08   0.163276E+08  -0.730976E+04   0.256253E+05   0.121710E+08   0.163144E+08   0.163341E+08   0.163144E+08  -0.294591E+00   0.708344E+07   0.708278E+07   0.352012E+02   0.203860E+01   0.433960E+00  -0.113480E+12
   0.689245E-02   0.160048E+08   0.159960E+08   0.226183E+04   0.205921E+05   0.115261E+08   0.159821E+08   0.160033E+08   0.159821E+08  -0.288590E+00   0.694029E+07   0.693964E+07   0.316515E+02   0.163806E+01   0.433925E+00  -0.100696E+12
   0.761052E-02   0.156479E+08   0.156381E+08   0.104568E+04   0.165127E+05   0.108600E+08   0.156236E+08   0.156462E+08   0.156236E+08  -0.282116E+00   0.678558E+07   0.678493E+07   0.285143E+02   0.131345E+01   0.433888E+00  -0.891624E+11
   0.840340E-02   0.152633E+08   0.152522E+08  -0.418520E+04   0.132106E+05   0.101811E+08   0.152374E+08   0.152614E+08   0.152374E+08  -0.275142E+00   0.661870E+07   0.661805E+07   0.256692E+02   0.105070E+01   0.433852E+00  -0.787637E+11
   0.927889E-02   0.148496E+08   0.148371E+08   0.671291E+03   0.105414E+05   0.948939E+07   0.148222E+08   0.148475E+08   0.148222E+08  -0.267644E+00   0.643910E+07   0.643846E+07   0.231424E+02   0.838336E+00   0.433814E+00  -0.693965E+11
   0.102456E-01   0.144057E+08   0.143914E+08  -0.209939E+04   0.838736E+04   0.878479E+07   0.143767E+08   0.144033E+08   0.143767E+08  -0.259600E+00   0.624626E+07   0.624561E+07   0.208922E+02   0.666969E+00   0.433776E+00  -0.609665E+11
   0.113130E-01   0.139301E+08   0.139138E+08  -0.793278E+03   0.665199E+04   0.807424E+07   0.138997E+08   0.139274E+08   0.138997E+08  -0.250987E+00   0.603962E+07   0.603898E+07   0.188871E+02   0.528922E+00   0.433737E+00  -0.533876E+11
   0.124916E-01   0.134218E+08   0.134031E+08  -0.124380E+04   0.525665E+04   0.736559E+07   0.133900E+08   0.134187E+08   0.133900E+08  -0.241784E+00   0.581871E+07   0.581807E+07   0.171057E+02   0.417936E+00   0.433698E+00  -0.465818E+11
   0.137930E-01   0.128798E+08   0.128584E+08  -0.292193E+03   0.413720E+04   0.666480E+07   0.128468E+08   0.128762E+08   0.128468E+08  -0.231975E+00   0.558317E+07   0.558253E+07   0.155205E+02   0.328902E+00   0.433659E+00  -0.404789E+11
   0.152300E-01   0.123036E+08   0.122792E+08  -0.223608E+04   0.324135E+04   0.597486E+07   0.122696E+08   0.122995E+08   0.122696E+08  -0.221552E+00   0.533278E+07   0.533214E+07   0.141058E+02   0.257659E+00   0.433619E+00  -0.350155E+11
   0.168167E-01   0.117070E+08   0.116791E+08  -0.659689E+03   0.252945E+04   0.531193E+07   0.116720E+08   0.117023E+08   0.116720E+08  -0.210762E+00   0.507349E+07   0.507284E+07   0.128475E+02   0.201052E+00   0.433580E+00  -0.301698E+11
   0.185687E-01   0.110666E+08   0.110351E+08  -0.365612E+03   0.196102E+04   0.466924E+07   0.110311E+08   0.110613E+08   0.110311E+08  -0.199188E+00   0.479528E+07   0.479462E+07   0.117002E+02   0.155857E+00   0.433542E+00  -0.258248E+11
   0.205033E-01   0.103964E+08   0.103610E+08  -0.131699E+04   0.151087E+04   0.405941E+07   0.103605E+08   0.103905E+08   0.103605E+08  -0.187079E+00   0.450412E+07   0.450347E+07   0.106473E+02   0.120070E+00   0.433505E+00  -0.219681E+11
   0.226393E-01   0.969088E+07   0.965167E+07  -0.679923E+03   0.115499E+04   0.348458E+07   0.965495E+07   0.968430E+07   0.965495E+07  -0.174339E+00   0.419772E+07   0.419706E+07   0.965785E+01   0.917812E-01   0.433469E+00  -0.185419E+11
   0.249980E-01   0.897528E+07   0.893248E+07  -0.491172E+03   0.877261E+03   0.295771E+07   0.893965E+07   0.896810E+07   0.893965E+07  -0.161423E+00   0.388701E+07   0.388636E+07   0.871539E+01   0.697064E-01   0.433434E+00  -0.155495E+11
   0.276023E-01   0.825806E+07   0.821223E+07  -0.422832E+03   0.661942E+03   0.248192E+07   0.822307E+07   0.825037E+07   0.822307E+07  -0.148484E+00   0.357569E+07   0.357504E+07   0.779678E+01   0.525939E-01   0.433400E+00  -0.129544E+11
   0.304780E-01   0.754233E+07   0.749446E+07  -0.351949E+03   0.495801E+03   0.205742E+07   0.750837E+07   0.753429E+07   0.750837E+07  -0.135579E+00   0.326513E+07   0.326450E+07   0.687729E+01   0.393908E-01   0.433369E+00  -0.107131E+11
   0.336533E-01   0.684745E+07   0.679898E+07  -0.196894E+03   0.369144E+03   0.168732E+07   0.681493E+07   0.683931E+07   0.681493E+07  -0.123057E+00   0.296377E+07   0.296317E+07   0.594723E+01   0.293264E-01   0.433339E+00  -0.880681E+10
   0.371593E-01   0.619849E+07   0.615128E+07  -0.106736E+03   0.274051E+03   0.137348E+07   0.616777E+07   0.619056E+07   0.616777E+07  -0.111371E+00   0.268248E+07   0.268192E+07   0.500911E+01   0.217707E-01   0.433311E+00  -0.721887E+10
   0.410307E-01   0.561134E+07   0.556753E+07  -0.117505E+03   0.203478E+03   0.111314E+07   0.558273E+07   0.560398E+07   0.558273E+07  -0.100807E+00   0.242817E+07   0.242767E+07   0.407700E+01   0.161636E-01   0.433285E+00  -0.591794E+10
   0.451338E-01   0.512127E+07   0.508272E+07   0.153484E+03   0.153484E+03   0.909803E+06   0.509489E+07   0.511479E+07   0.509489E+07  -0.919984E-01   0.221606E+07   0.221562E+07   0.323603E+01   0.121924E-01   0.433256E+00  -0.491000E+10
   0.492368E-01   0.473373E+07   0.470129E+07   0.119223E+03   0.119223E+03   0.758049E+06   0.470949E+07   0.472828E+07   0.470949E+07  -0.850393E-01   0.204850E+07   0.204813E+07   0.251383E+01   0.947054E-02   0.433237E+00  -0.416054E+10
   0.533399E-01   0.442146E+07   0.439512E+07   0.948996E+02   0.948996E+02   0.642054E+06   0.439917E+07   0.441704E+07   0.439917E+07  -0.794358E-01   0.191358E+07   0.191327E+07   0.193857E+01   0.753818E-02   0.433220E+00  -0.358756E+10
   0.574430E-01   0.415853E+07   0.413755E+07   0.769726E+02   0.769726E+02   0.550620E+06   0.413795E+07   0.415501E+07   0.413795E+07  -0.747189E-01   0.180001E+07   0.179975E+07   0.150637E+01   0.611406E-02   0.433206E+00  -0.313359E+10
   0.615460E-01   0.392472E+07   0.390784E+07   0.632896E+02   0.632896E+02   0.476263E+06   0.390558E+07   0.392188E+07   0.390558E+07  -0.705229E-01   0.169896E+07   0.169874E+07   0.120395E+01   0.502711E-02   0.433194E+00  -0.276052E+10
   0.656491E-01   0.370439E+07   0.369013E+07   0.525069E+02   0.525069E+02   0.413928E+06   0.368644E+07   0.370200E+07   0.368644E+07  -0.665659E-01   0.160367E+07   0.160347E+07   0.101014E+01   0.417058E-02   0.433184E+00  -0.244283E+10
   0.697522E-01   0.348650E+07   0.347339E+07   0.437761E+02   0.437761E+02   0.360280E+06   0.346951E+07   0.348430E+07   0.346951E+07  -0.626489E-01   0.150933E+07   0.150914E+07   0.898871E+00   0.347706E-02   0.433175E+00  -0.216388E+10
   0.738552E-01   0.327286E+07   0.325970E+07   0.366530E+02   0.366530E+02   0.314017E+06   0.325666E+07   0.327065E+07   0.325666E+07  -0.588055E-01   0.141676E+07   0.141658E+07   0.844136E+00   0.291126E-02   0.433167E+00  -0.191833E+10
   0.779583E-01   0.305661E+07   0.304258E+07   0.307197E+02   0.307197E+02   0.273269E+06   0.304109E+07   0.305425E+07   0.304109E+07  -0.549129E-01   0.132301E+07   0.132281E+07   0.819039E+00   0.243998E-02   0.433160E+00  -0.169709E+10
   0.820614E-01   0.284827E+07   0.283305E+07   0.258316E+02   0.258316E+02   0.238051E+06   0.283338E+07   0.284572E+07   0.283338E+07  -0.511623E-01   0.123266E+07   0.123246E+07   0.803905E+00   0.205172E-02   0.433154E+00  -0.150214E+10
   0.861644E-01   0.265361E+07   0.263728E+07   0.218258E+02   0.218258E+02   0.207940E+06   0.263931E+07   0.265087E+07   0.263931E+07  -0.476579E-01   0.114825E+07   0.114805E+07   0.783806E+00   0.173354E-02   0.433148E+00  -0.133264E+10
   0.912856E-01   0.243714E+07   0.242005E+07   0.178567E+02   0.178567E+02   0.176875E+06   0.242358E+07   0.243427E+07   0.242358E+07  -0.437626E-01   0.105441E+07   0.105421E+07   0.739259E+00   0.141829E-02   0.433142E+00  -0.115508E+10
   0.964067E-01   0.225660E+07   0.223978E+07   0.148229E+02   0.148229E+02   0.152246E+06   0.224383E+07   0.225378E+07   0.224383E+07  -0.405168E-01   0.976223E+06   0.976030E+06   0.670029E+00   0.117733E-02   0.433137E+00  -0.101261E+10
   0.101528E+00   0.211423E+07   0.209867E+07   0.125223E+02   0.125223E+02   0.133041E+06   0.210225E+07   0.211162E+07   0.210225E+07  -0.379604E-01   0.914637E+06   0.914460E+06   0.582679E+00   0.994594E-03   0.433132E+00  -0.900877E+09
   0.106649E+00   0.200484E+07   0.199125E+07   0.107624E+02   0.107624E+02   0.118012E+06   0.199364E+07   0.200256E+07   0.199364E+07  -0.359991E-01   0.867388E+06   0.867231E+06   0.489137E+00   0.854816E-03   0.433128E+00  -0.813316E+09
   0.111770E+00   0.191765E+07   0.190630E+07   0.937397E+01   0.937397E+01   0.105853E+06   0.190718E+07   0.191574E+07   0.190718E+07  -0.344379E-01   0.829776E+06   0.829642E+06   0.401927E+00   0.744541E-03   0.433124E+00  -0.742402E+09
   0.116891E+00   0.184104E+07   0.183172E+07   0.822939E+01   0.822939E+01   0.954910E+05   0.183122E+07   0.183948E+07   0.183122E+07  -0.330664E-01   0.796734E+06   0.796619E+06   0.330706E+00   0.653634E-03   0.433121E+00  -0.681611E+09
   0.122012E+00   0.176594E+07   0.175810E+07   0.724571E+01   0.724571E+01   0.862030E+05   0.175668E+07   0.176462E+07   0.175668E+07  -0.317203E-01   0.764306E+06   0.764203E+06   0.280341E+00   0.575506E-03   0.433118E+00  -0.626425E+09
   0.127134E+00   0.168701E+07   0.167995E+07   0.637572E+01   0.637572E+01   0.775980E+05   0.167821E+07   0.168582E+07   0.167821E+07  -0.303034E-01   0.730171E+06   0.730075E+06   0.250566E+00   0.506407E-03   0.433115E+00  -0.574342E+09
   0.132255E+00   0.160279E+07   0.159583E+07   0.559725E+01   0.559725E+01   0.695413E+05   0.159437E+07   0.160162E+07   0.159437E+07  -0.287895E-01   0.693697E+06   0.693603E+06   0.237031E+00   0.444577E-03   0.433113E+00  -0.524523E+09
   0.137376E+00   0.151499E+07   0.150767E+07   0.490314E+01   0.490314E+01   0.620629E+05   0.150689E+07   0.151376E+07   0.150689E+07  -0.272099E-01   0.655642E+06   0.655546E+06   0.233157E+00   0.389447E-03   0.433111E+00  -0.477267E+09
   0.142497E+00   0.142739E+07   0.141952E+07   0.429307E+01   0.429307E+01   0.552676E+05   0.141958E+07   0.142607E+07   0.141958E+07  -0.256334E-01   0.617660E+06   0.617561E+06   0.232160E+00   0.340991E-03   0.433109E+00  -0.433459E+09
   0.147618E+00   0.134481E+07   0.133647E+07   0.376848E+01   0.376848E+01   0.492714E+05   0.133728E+07   0.134341E+07   0.133728E+07  -0.241473E-01   0.581855E+06   0.581754E+06   0.228704E+00   0.299324E-03   0.433107E+00  -0.394165E+09
   0.152739E+00   0.127179E+07   0.126327E+07   0.332861E+01   0.332861E+01   0.441485E+05   0.126456E+07   0.127036E+07   0.126456E+07  -0.228341E-01   0.550215E+06   0.550115E+06   0.219817E+00   0.264386E-03   0.433105E+00  -0.360234E+09
   0.157860E+00   0.121086E+07   0.120253E+07   0.296677E+01   0.296677E+01   0.398784E+05   0.120393E+07   0.120946E+07   0.120393E+07  -0.217393E-01   0.523838E+06   0.523741E+06   0.204995E+00   0.235646E-03   0.433103E+00  -0.331838E+09
   0.162982E+00   0.116157E+07   0.115377E+07   0.267004E+01   0.267004E+01   0.363409E+05   0.115494E+07   0.116026E+07   0.115494E+07  -0.208548E-01   0.502527E+06   0.502436E+06   0.185693E+00   0.212077E-03   0.433102E+00  -0.308336E+09
   0.168103E+00   0.112137E+07   0.111433E+07   0.242314E+01   0.242314E+01   0.333670E+05   0.111504E+07   0.112019E+07   0.111504E+07  -0.201343E-01   0.485167E+06   0.485084E+06   0.164518E+00   0.192467E-03   0.433100E+00  -0.288616E+09
   0.173224E+00   0.108703E+07   0.108082E+07   0.221232E+01   0.221232E+01   0.307948E+05   0.108100E+07   0.108599E+07   0.108100E+07  -0.195195E-01   0.470353E+06   0.470278E+06   0.144313E+00   0.175722E-03   0.433099E+00  -0.271532E+09
   0.178345E+00   0.105529E+07   0.104982E+07   0.202632E+01   0.202632E+01   0.284880E+05   0.104951E+07   0.105437E+07   0.104951E+07  -0.189510E-01   0.456656E+06   0.456588E+06   0.127357E+00   0.160948E-03   0.433098E+00  -0.256055E+09
   0.183466E+00   0.102311E+07   0.101817E+07   0.185650E+01   0.185650E+01   0.263394E+05   0.101756E+07   0.102228E+07   0.101756E+07  -0.183741E-01   0.442755E+06   0.442692E+06   0.114861E+00   0.147460E-03   0.433097E+00  -0.241331E+09
   0.188587E+00   0.988528E+06   0.983880E+06   0.169769E+01   0.169769E+01   0.242875E+05   0.983188E+06   0.987748E+06   0.983188E+06  -0.177534E-01   0.427799E+06   0.427739E+06   0.106880E+00   0.134846E-03   0.433096E+00  -0.226847E+09
   0.193708E+00   0.951358E+06   0.946765E+06   0.154857E+01   0.154857E+01   0.223227E+05   0.946193E+06   0.950586E+06   0.946193E+06  -0.170854E-01   0.411704E+06   0.411644E+06   0.102540E+00   0.123002E-03   0.433095E+00  -0.212540E+09
   0.198830E+00   0.912814E+06   0.908118E+06   0.141021E+01   0.141021E+01   0.204695E+05   0.907806E+06   0.912026E+06   0.907806E+06  -0.163922E-01   0.395002E+06   0.394943E+06   0.100423E+00   0.112012E-03   0.433094E+00  -0.198666E+09
   0.203951E+00   0.874593E+06   0.869733E+06   0.128407E+01   0.128407E+01   0.187581E+05   0.869730E+06   0.873777E+06   0.869730E+06  -0.157047E-01   0.378436E+06   0.378376E+06   0.989894E-01   0.101992E-03   0.433093E+00  -0.185555E+09
   0.209072E+00   0.838341E+06   0.833352E+06   0.117121E+01   0.117121E+01   0.172123E+05   0.833622E+06   0.837504E+06   0.833622E+06  -0.150527E-01   0.362726E+06   0.362665E+06   0.969703E-01   0.930280E-04   0.433092E+00  -0.173495E+09
   0.214193E+00   0.805468E+06   0.800452E+06   0.107206E+01   0.107206E+01   0.158467E+05   0.800893E+06   0.804626E+06   0.800893E+06  -0.144617E-01   0.348486E+06   0.348426E+06   0.936204E-01   0.851532E-04   0.433091E+00  -0.162699E+09
   0.219314E+00   0.776824E+06   0.771912E+06   0.986201E+00   0.986201E+00   0.146623E+05   0.772396E+06   0.775999E+06   0.772396E+06  -0.139471E-01   0.336088E+06   0.336029E+06   0.887838E-01   0.783331E-04   0.433091E+00  -0.153246E+09
   0.224435E+00   0.752401E+06   0.747715E+06   0.912117E+00   0.912117E+00   0.136431E+05   0.748122E+06   0.751614E+06   0.748122E+06  -0.135088E-01   0.325526E+06   0.325470E+06   0.827949E-01   0.724485E-04   0.433090E+00  -0.145043E+09
   0.229556E+00   0.731420E+06   0.727042E+06   0.847596E+00   0.847596E+00   0.127607E+05   0.727288E+06   0.730685E+06   0.727288E+06  -0.131326E-01   0.316461E+06   0.316408E+06   0.762870E-01   0.673236E-04   0.433089E+00  -0.137859E+09
   0.234678E+00   0.712694E+06   0.708647E+06   0.790284E+00   0.790284E+00   0.119824E+05   0.708702E+06   0.712015E+06   0.708702E+06  -0.127970E-01   0.308374E+06   0.308324E+06   0.699718E-01   0.627713E-04   0.433089E+00  -0.131404E+09
   0.239799E+00   0.694959E+06   0.691213E+06   0.738091E+00   0.738091E+00   0.112775E+05   0.691097E+06   0.694330E+06   0.691097E+06  -0.124791E-01   0.300714E+06   0.300667E+06   0.644438E-01   0.586256E-04   0.433088E+00  -0.125404E+09
   0.244920E+00   0.677143E+06   0.673629E+06   0.689432E+00   0.689432E+00   0.106212E+05   0.673402E+06   0.676553E+06   0.673402E+06  -0.121596E-01   0.293014E+06   0.292970E+06   0.600511E-01   0.547606E-04   0.433088E+00  -0.119638E+09
   0.250041E+00   0.658622E+06   0.655252E+06   0.643395E+00   0.643395E+00   0.999794E+04   0.654989E+06   0.658056E+06   0.654989E+06  -0.118271E-01   0.285003E+06   0.284960E+06   0.568547E-01   0.511040E-04   0.433087E+00  -0.113984E+09
   0.255162E+00   0.639326E+06   0.636017E+06   0.599722E+00   0.599722E+00   0.940211E+04   0.635792E+06   0.638770E+06   0.635792E+06  -0.114805E-01   0.276650E+06   0.276608E+06   0.546667E-01   0.476351E-04   0.433087E+00  -0.108422E+09
   0.260283E+00   0.619612E+06   0.616307E+06   0.558568E+00   0.558568E+00   0.883520E+04   0.616170E+06   0.619057E+06   0.616170E+06  -0.111262E-01   0.268112E+06   0.268071E+06   0.531394E-01   0.443663E-04   0.433086E+00  -0.103009E+09
   0.265404E+00   0.600047E+06   0.596718E+06   0.520237E+00   0.520237E+00   0.830162E+04   0.596690E+06   0.599488E+06   0.596690E+06  -0.107744E-01   0.259636E+06   0.259595E+06   0.518760E-01   0.413218E-04   0.433086E+00  -0.978277E+08
   0.270526E+00   0.581244E+06   0.577900E+06   0.485020E+00   0.485020E+00   0.780649E+04   0.577971E+06   0.580682E+06   0.577971E+06  -0.104364E-01   0.251492E+06   0.251451E+06   0.505338E-01   0.385246E-04   0.433085E+00  -0.929650E+08
   0.275647E+00   0.563744E+06   0.560418E+06   0.453089E+00   0.453089E+00   0.735336E+04   0.560555E+06   0.563186E+06   0.560555E+06  -0.101219E-01   0.243914E+06   0.243873E+06   0.488940E-01   0.359884E-04   0.433085E+00  -0.884887E+08
   0.280768E+00   0.547869E+06   0.544604E+06   0.424409E+00   0.424409E+00   0.694269E+04   0.544764E+06   0.547321E+06   0.544764E+06  -0.983678E-02   0.237043E+06   0.237003E+06   0.468875E-01   0.337104E-04   0.433085E+00  -0.844273E+08
   0.285889E+00   0.533632E+06   0.530470E+06   0.398706E+00   0.398706E+00   0.657093E+04   0.530609E+06   0.533101E+06   0.530609E+06  -0.958120E-02   0.230884E+06   0.230846E+06   0.445783E-01   0.316689E-04   0.433084E+00  -0.807608E+08
   0.291010E+00   0.520782E+06   0.517753E+06   0.375537E+00   0.375537E+00   0.623162E+04   0.517841E+06   0.520274E+06   0.517841E+06  -0.935064E-02   0.225328E+06   0.225292E+06   0.421208E-01   0.298287E-04   0.433084E+00  -0.774304E+08
   0.296131E+00   0.508924E+06   0.506039E+06   0.354412E+00   0.354412E+00   0.591742E+04   0.506062E+06   0.508440E+06   0.506062E+06  -0.913794E-02   0.220203E+06   0.220167E+06   0.397029E-01   0.281508E-04   0.433084E+00  -0.743606E+08
   0.301252E+00   0.497626E+06   0.494877E+06   0.334870E+00   0.334870E+00   0.562138E+04   0.494838E+06   0.497164E+06   0.494838E+06  -0.893528E-02   0.215319E+06   0.215285E+06   0.374921E-01   0.265987E-04   0.433083E+00  -0.714754E+08
   0.306374E+00   0.486504E+06   0.483869E+06   0.316538E+00   0.316538E+00   0.533821E+04   0.483786E+06   0.486061E+06   0.483786E+06  -0.873572E-02   0.210510E+06   0.210478E+06   0.355967E-01   0.251426E-04   0.433083E+00  -0.687111E+08
   0.311495E+00   0.475302E+06   0.472750E+06   0.299167E+00   0.299167E+00   0.506468E+04   0.472650E+06   0.474873E+06   0.472650E+06  -0.853463E-02   0.205665E+06   0.205633E+06   0.340495E-01   0.237629E-04   0.433083E+00  -0.660258E+08
   0.316616E+00   0.463944E+06   0.461446E+06   0.282647E+00   0.282647E+00   0.480006E+04   0.461353E+06   0.463524E+06   0.461353E+06  -0.833065E-02   0.200749E+06   0.200718E+06   0.328142E-01   0.224507E-04   0.433082E+00  -0.634054E+08
   0.321737E+00   0.452522E+06   0.450055E+06   0.266979E+00   0.266979E+00   0.454549E+04   0.449989E+06   0.452108E+06   0.449989E+06  -0.812545E-02   0.195805E+06   0.195774E+06   0.318051E-01   0.212062E-04   0.433082E+00  -0.608593E+08
   0.326858E+00   0.441228E+06   0.438780E+06   0.252219E+00   0.252219E+00   0.430301E+04   0.438752E+06   0.440817E+06   0.438752E+06  -0.792253E-02   0.190915E+06   0.190885E+06   0.309159E-01   0.200338E-04   0.433082E+00  -0.584098E+08
   0.331979E+00   0.430279E+06   0.427850E+06   0.238426E+00   0.238426E+00   0.407471E+04   0.427856E+06   0.429871E+06   0.427856E+06  -0.772579E-02   0.186174E+06   0.186145E+06   0.300474E-01   0.189383E-04   0.433082E+00  -0.560807E+08
   0.337100E+00   0.419859E+06   0.417456E+06   0.225634E+00   0.225634E+00   0.386206E+04   0.417489E+06   0.419456E+06   0.417489E+06  -0.753859E-02   0.181663E+06   0.181634E+06   0.291295E-01   0.179222E-04   0.433082E+00  -0.538905E+08
   0.342222E+00   0.410085E+06   0.407723E+06   0.213834E+00   0.213834E+00   0.366585E+04   0.407767E+06   0.409689E+06   0.407767E+06  -0.736304E-02   0.177433E+06   0.177404E+06   0.281314E-01   0.169849E-04   0.433081E+00  -0.518480E+08
   0.347343E+00   0.400985E+06   0.398676E+06   0.202969E+00   0.202969E+00   0.348580E+04   0.398718E+06   0.400597E+06   0.398718E+06  -0.719964E-02   0.173496E+06   0.173468E+06   0.270605E-01   0.161219E-04   0.433081E+00  -0.499499E+08
   0.352464E+00   0.392494E+06   0.390251E+06   0.192941E+00   0.192941E+00   0.332083E+04   0.390278E+06   0.392118E+06   0.390278E+06  -0.704724E-02   0.169823E+06   0.169796E+06   0.259521E-01   0.153254E-04   0.433081E+00  -0.481822E+08
   0.357585E+00   0.384487E+06   0.382315E+06   0.183632E+00   0.183632E+00   0.316918E+04   0.382320E+06   0.384123E+06   0.382320E+06  -0.690354E-02   0.166361E+06   0.166334E+06   0.248554E-01   0.145859E-04   0.433081E+00  -0.465238E+08
   0.362706E+00   0.376815E+06   0.374712E+06   0.174924E+00   0.174924E+00   0.302885E+04   0.374695E+06   0.376462E+06   0.374695E+06  -0.676586E-02   0.163043E+06   0.163017E+06   0.238185E-01   0.138942E-04   0.433081E+00  -0.449522E+08
   0.367827E+00   0.369342E+06   0.367300E+06   0.166715E+00   0.166715E+00   0.289788E+04   0.367266E+06   0.368999E+06   0.367266E+06  -0.663172E-02   0.159810E+06   0.159785E+06   0.228762E-01   0.132422E-04   0.433080E+00  -0.434476E+08
   0.372948E+00   0.361964E+06   0.359974E+06   0.158929E+00   0.158929E+00   0.277453E+04   0.359932E+06   0.361630E+06   0.359932E+06  -0.649928E-02   0.156619E+06   0.156594E+06   0.220438E-01   0.126238E-04   0.433080E+00  -0.419952E+08
   0.378070E+00   0.354629E+06   0.352680E+06   0.151519E+00   0.151519E+00   0.265756E+04   0.352638E+06   0.354302E+06   0.352638E+06  -0.636757E-02   0.153445E+06   0.153421E+06   0.213162E-01   0.120352E-04   0.433080E+00  -0.405869E+08
   0.383191E+00   0.347346E+06   0.345428E+06   0.144466E+00   0.144466E+00   0.254621E+04   0.345393E+06   0.347024E+06   0.345393E+06  -0.623676E-02   0.150293E+06   0.150269E+06   0.206730E-01   0.114750E-04   0.433080E+00  -0.392218E+08
   0.388312E+00   0.340173E+06   0.338282E+06   0.137775E+00   0.137775E+00   0.244031E+04   0.338259E+06   0.339856E+06   0.338259E+06  -0.610794E-02   0.147189E+06   0.147165E+06   0.200859E-01   0.109435E-04   0.433080E+00  -0.379051E+08
   0.393433E+00   0.333184E+06   0.331317E+06   0.131453E+00   0.131453E+00   0.233986E+04   0.331306E+06   0.332870E+06   0.331306E+06  -0.598238E-02   0.144163E+06   0.144140E+06   0.195259E-01   0.104413E-04   0.433080E+00  -0.366427E+08
   0.398554E+00   0.326434E+06   0.324592E+06   0.125501E+00   0.125501E+00   0.224487E+04   0.324592E+06   0.326125E+06   0.324592E+06  -0.586115E-02   0.141242E+06   0.141219E+06   0.189696E-01   0.996854E-05   0.433079E+00  -0.354389E+08
   0.403675E+00   0.319962E+06   0.318150E+06   0.119911E+00   0.119911E+00   0.215528E+04   0.318156E+06   0.319658E+06   0.318156E+06  -0.574493E-02   0.138441E+06   0.138419E+06   0.184039E-01   0.952455E-05   0.433079E+00  -0.342955E+08
   0.408796E+00   0.313791E+06   0.312013E+06   0.114670E+00   0.114670E+00   0.207093E+04   0.312019E+06   0.313493E+06   0.312019E+06  -0.563412E-02   0.135771E+06   0.135749E+06   0.178268E-01   0.910829E-05   0.433079E+00  -0.332127E+08
   0.413918E+00   0.307915E+06   0.306174E+06   0.109756E+00   0.109756E+00   0.199149E+04   0.306176E+06   0.307623E+06   0.306176E+06  -0.552862E-02   0.133228E+06   0.133207E+06   0.172451E-01   0.871795E-05   0.433079E+00  -0.321875E+08
   0.419039E+00   0.302294E+06   0.300592E+06   0.105135E+00   0.105135E+00   0.191640E+04   0.300588E+06   0.302009E+06   0.300588E+06  -0.542772E-02   0.130797E+06   0.130776E+06   0.166711E-01   0.835093E-05   0.433079E+00  -0.312139E+08
   0.424160E+00   0.296873E+06   0.295210E+06   0.100772E+00   0.100772E+00   0.184504E+04   0.295199E+06   0.296594E+06   0.295199E+06  -0.533040E-02   0.128452E+06   0.128431E+06   0.161179E-01   0.800437E-05   0.433079E+00  -0.302842E+08
   0.429281E+00   0.291601E+06   0.289975E+06   0.966355E-01   0.966355E-01   0.177684E+04   0.289958E+06   0.291328E+06   0.289958E+06  -0.523576E-02   0.126171E+06   0.126151E+06   0.155965E-01   0.767580E-05   0.433079E+00  -0.293916E+08
   0.434402E+00   0.286443E+06   0.284851E+06   0.927014E-01   0.927014E-01   0.171139E+04   0.284829E+06   0.286176E+06   0.284829E+06  -0.514316E-02   0.123940E+06   0.123920E+06   0.151130E-01   0.736332E-05   0.433079E+00  -0.285314E+08
   0.439523E+00   0.281376E+06   0.279813E+06   0.889518E-01   0.889518E-01   0.164837E+04   0.279791E+06   0.281113E+06   0.279791E+06  -0.505217E-02   0.121747E+06   0.121728E+06   0.146682E-01   0.706549E-05   0.433078E+00  -0.277001E+08
   0.444644E+00   0.276388E+06   0.274852E+06   0.853739E-01   0.853739E-01   0.158752E+04   0.274831E+06   0.276130E+06   0.274831E+06  -0.496261E-02   0.119589E+06   0.119570E+06   0.142574E-01   0.678130E-05   0.433078E+00  -0.268957E+08
   0.449766E+00   0.271486E+06   0.269973E+06   0.819608E-01   0.819608E-01   0.152875E+04   0.269956E+06   0.271232E+06   0.269956E+06  -0.487459E-02   0.117468E+06   0.117449E+06   0.138732E-01   0.651020E-05   0.433078E+00  -0.261178E+08
   0.454887E+00   0.266691E+06   0.265200E+06   0.787103E-01   0.787103E-01   0.147203E+04   0.265187E+06   0.266441E+06   0.265187E+06  -0.478847E-02   0.115393E+06   0.115374E+06   0.135071E-01   0.625202E-05   0.433078E+00  -0.253676E+08
   0.460008E+00   0.262026E+06   0.260557E+06   0.756210E-01   0.756210E-01   0.141738E+04   0.260547E+06   0.261779E+06   0.260547E+06  -0.470470E-02   0.113374E+06   0.113356E+06   0.131516E-01   0.600664E-05   0.433078E+00  -0.246463E+08
   0.465129E+00   0.257508E+06   0.256061E+06   0.726895E-01   0.726895E-01   0.136481E+04   0.256054E+06   0.257265E+06   0.256054E+06  -0.462356E-02   0.111419E+06   0.111401E+06   0.128017E-01   0.577379E-05   0.433078E+00  -0.239546E+08
   0.470250E+00   0.253142E+06   0.251718E+06   0.699090E-01   0.699090E-01   0.131433E+04   0.251712E+06   0.252903E+06   0.251712E+06  -0.454516E-02   0.109529E+06   0.109512E+06   0.124549E-01   0.555294E-05   0.433078E+00  -0.232920E+08
   0.475371E+00   0.248923E+06   0.247523E+06   0.672707E-01   0.672707E-01   0.126594E+04   0.247517E+06   0.248688E+06   0.247517E+06  -0.446940E-02   0.107704E+06   0.107687E+06   0.121118E-01   0.534338E-05   0.433078E+00  -0.226570E+08
   0.480492E+00   0.244842E+06   0.243467E+06   0.647650E-01   0.647650E-01   0.121959E+04   0.243459E+06   0.244611E+06   0.243459E+06  -0.439614E-02   0.105938E+06   0.105922E+06   0.117750E-01   0.514436E-05   0.433078E+00  -0.220481E+08
   0.485614E+00   0.240888E+06   0.239538E+06   0.623823E-01   0.623823E-01   0.117528E+04   0.239528E+06   0.240661E+06   0.239528E+06  -0.432514E-02   0.104228E+06   0.104211E+06   0.114480E-01   0.495510E-05   0.433078E+00  -0.214633E+08
   0.490735E+00   0.237042E+06   0.235716E+06   0.601120E-01   0.601120E-01   0.113291E+04   0.235704E+06   0.236819E+06   0.235704E+06  -0.425610E-02   0.102564E+06   0.102548E+06   0.111339E-01   0.477476E-05   0.433078E+00  -0.209003E+08
   0.495856E+00   0.233286E+06   0.231983E+06   0.579439E-01   0.579439E-01   0.109239E+04   0.231969E+06   0.233067E+06   0.231969E+06  -0.418866E-02   0.100939E+06   0.100923E+06   0.108349E-01   0.460255E-05   0.433078E+00  -0.203567E+08
   0.500977E+00   0.229605E+06   0.228324E+06   0.558696E-01   0.558696E-01   0.105362E+04   0.228309E+06   0.229389E+06   0.228309E+06  -0.412257E-02   0.993461E+05   0.993302E+05   0.105516E-01   0.443778E-05   0.433077E+00  -0.198307E+08
   0.506098E+00   0.225995E+06   0.224734E+06   0.538839E-01   0.538839E-01   0.101654E+04   0.224719E+06   0.225783E+06   0.224719E+06  -0.405775E-02   0.977841E+05   0.977685E+05   0.102833E-01   0.428006E-05   0.433077E+00  -0.193214E+08
   0.511219E+00   0.222458E+06   0.221216E+06   0.519833E-01   0.519833E-01   0.981151E+03   0.221202E+06   0.222250E+06   0.221202E+06  -0.399425E-02   0.962538E+05   0.962384E+05   0.100281E-01   0.412909E-05   0.433077E+00  -0.188285E+08
   0.516340E+00   0.218997E+06   0.217774E+06   0.501645E-01   0.501645E-01   0.947439E+03   0.217761E+06   0.218792E+06   0.217761E+06  -0.393210E-02   0.947563E+05   0.947412E+05   0.978376E-02   0.398462E-05   0.433077E+00  -0.183517E+08
   0.521462E+00   0.215615E+06   0.214408E+06   0.484242E-01   0.484242E-01   0.915413E+03   0.214397E+06   0.215412E+06   0.214397E+06  -0.387136E-02   0.932925E+05   0.932776E+05   0.954763E-02   0.384639E-05   0.433077E+00  -0.178908E+08
   0.526583E+00   0.212314E+06   0.211125E+06   0.467599E-01   0.467599E-01   0.885074E+03   0.211114E+06   0.212114E+06   0.211114E+06  -0.381209E-02   0.918642E+05   0.918495E+05   0.931778E-02   0.371419E-05   0.433077E+00  -0.174455E+08
   0.531704E+00   0.209100E+06   0.207928E+06   0.451693E-01   0.451693E-01   0.856425E+03   0.207919E+06   0.208903E+06   0.207919E+06  -0.375439E-02   0.904737E+05   0.904592E+05   0.909310E-02   0.358784E-05   0.433077E+00  -0.170160E+08
   0.536825E+00   0.205975E+06   0.204821E+06   0.436494E-01   0.436494E-01   0.829411E+03   0.204812E+06   0.205782E+06   0.204812E+06  -0.369828E-02   0.891216E+05   0.891074E+05   0.887324E-02   0.346711E-05   0.433077E+00  -0.166018E+08
   0.541946E+00   0.202934E+06   0.201797E+06   0.421961E-01   0.421961E-01   0.803934E+03   0.201788E+06   0.202743E+06   0.201788E+06  -0.364368E-02   0.878059E+05   0.877918E+05   0.865842E-02   0.335167E-05   0.433077E+00  -0.162021E+08
   0.547067E+00   0.199969E+06   0.198850E+06   0.408048E-01   0.408048E-01   0.779845E+03   0.198840E+06   0.199781E+06   0.198840E+06  -0.359044E-02   0.865231E+05   0.865092E+05   0.844929E-02   0.324116E-05   0.433077E+00  -0.158160E+08
   0.559946E+00   0.192822E+06   0.191744E+06   0.375573E-01   0.375573E-01   0.724378E+03   0.191733E+06   0.192641E+06   0.191733E+06  -0.346211E-02   0.834305E+05   0.834171E+05   0.795339E-02   0.298321E-05   0.433077E+00  -0.148999E+08
   0.593872E+00   0.175700E+06   0.174717E+06   0.304239E-01   0.304239E-01   0.598142E+03   0.174707E+06   0.175535E+06   0.174707E+06  -0.315468E-02   0.760220E+05   0.760098E+05   0.684761E-02   0.241661E-05   0.433076E+00  -0.128012E+08
   0.629853E+00   0.160056E+06   0.159162E+06   0.246390E-01   0.246390E-01   0.483591E+03   0.159152E+06   0.159906E+06   0.159152E+06  -0.287380E-02   0.692534E+05   0.692423E+05   0.588535E-02   0.195712E-05   0.433076E+00  -0.109953E+08
   0.879031E+00   0.935642E+05   0.930411E+05   0.739487E-02   0.739487E-02   0.149208E+03   0.930347E+05   0.934763E+05   0.930347E+05  -0.167992E-02   0.404833E+05   0.404768E+05   0.249387E-02   0.587386E-06   0.433075E+00  -0.460550E+07
   0.122679E+01   0.540343E+05   0.537322E+05   0.219261E-02   0.219261E-02   0.456304E+02   0.537283E+05   0.539836E+05   0.537283E+05  -0.970171E-03   0.233795E+05   0.233757E+05   0.105553E-02   0.174163E-06   0.433074E+00  -0.190577E+07
   0.171212E+01   0.308810E+05   0.307082E+05   0.643358E-03   0.643358E-03   0.136218E+02   0.307061E+05   0.308520E+05   0.307061E+05  -0.554458E-03   0.133616E+05   0.133593E+05   0.451266E-03   0.511033E-07   0.433073E+00  -0.780417E+06
   0.238945E+01   0.174906E+05   0.173925E+05   0.187084E-03   0.187084E-03   0.397508E+01   0.173915E+05   0.174741E+05   0.173915E+05  -0.314037E-03   0.756781E+04   0.756639E+04   0.198260E-03   0.148605E-07   0.433073E+00  -0.316719E+06
