#          k/h    CDM            baryon         photon         nu             mass_nu        total          no_nu          total_de       Weyl           v_CDM          v_b            v_b-v_c        ISW            log_grow       pert_vel    
   0.994668E-05   0.225494E+08   0.225494E+08   0.300514E+08   0.300509E+08   0.225519E+08   0.225495E+08   0.225494E+08   0.225575E+08  -0.458502E+00   0.992964E+07   0.992964E+07   0.643152E+01   0.112833E+07   0.489532E+00  -0.998324E+14
   0.109829E-04   0.225492E+08   0.225492E+08   0.300479E+08   0.300473E+08   0.225516E+08   0.225492E+08   0.225492E+08   0.225572E+08  -0.458497E+00   0.992958E+07   0.992958E+07   0.710135E+01   0.925452E+06   0.489526E+00  -0.904124E+14
   0.121272E-04   0.225489E+08   0.225489E+08   0.300436E+08   0.300429E+08   0.225513E+08   0.225489E+08   0.225489E+08   0.225569E+08  -0.458490E+00   0.992951E+07   0.992951E+07   0.784089E+01   0.759054E+06   0.489518E+00  -0.818812E+14
   0.133906E-04   0.225485E+08   0.225485E+08   0.300383E+08   0.300376E+08   0.225510E+08   0.225485E+08   0.225485E+08   0.225566E+08  -0.458483E+00   0.992942E+07   0.992942E+07   0.865738E+01   0.622575E+06   0.489509E+00  -0.741548E+14
   0.147857E-04   0.225481E+08   0.225481E+08   0.300320E+08   0.300310E+08   0.225505E+08   0.225481E+08   0.225481E+08   0.225561E+08  -0.458474E+00   0.992931E+07   0.992931E+07   0.955879E+01   0.510636E+06   0.489497E+00  -0.671573E+14
   0.163261E-04   0.225476E+08   0.225476E+08   0.300242E+08   0.300231E+08   0.225499E+08   0.225476E+08   0.225476E+08   0.225556E+08  -0.458463E+00   0.992917E+07   0.992917E+07   0.105539E+02   0.418823E+06   0.489484E+00  -0.608201E+14
   0.180270E-04   0.225469E+08   0.225469E+08   0.300147E+08   0.300133E+08   0.225493E+08   0.225469E+08   0.225469E+08   0.225549E+08  -0.458449E+00   0.992901E+07   0.992901E+07   0.116525E+02   0.343519E+06   0.489467E+00  -0.550806E+14
   0.199051E-04   0.225461E+08   0.225461E+08   0.300032E+08   0.300015E+08   0.225484E+08   0.225461E+08   0.225461E+08   0.225541E+08  -0.458433E+00   0.992881E+07   0.992881E+07   0.128652E+02   0.281754E+06   0.489446E+00  -0.498826E+14
   0.219788E-04   0.225451E+08   0.225451E+08   0.299892E+08   0.299871E+08   0.225474E+08   0.225451E+08   0.225451E+08   0.225531E+08  -0.458413E+00   0.992856E+07   0.992856E+07   0.142037E+02   0.231095E+06   0.489422E+00  -0.451750E+14
   0.242687E-04   0.225439E+08   0.225439E+08   0.299720E+08   0.299695E+08   0.225462E+08   0.225439E+08   0.225439E+08   0.225520E+08  -0.458389E+00   0.992827E+07   0.992827E+07   0.156812E+02   0.189545E+06   0.489391E+00  -0.409114E+14
   0.267970E-04   0.225425E+08   0.225425E+08   0.299512E+08   0.299481E+08   0.225447E+08   0.225425E+08   0.225425E+08   0.225505E+08  -0.458359E+00   0.992791E+07   0.992791E+07   0.173117E+02   0.155465E+06   0.489355E+00  -0.370499E+14
   0.295888E-04   0.225407E+08   0.225407E+08   0.299257E+08   0.299220E+08   0.225428E+08   0.225407E+08   0.225407E+08   0.225487E+08  -0.458323E+00   0.992747E+07   0.992746E+07   0.191110E+02   0.127513E+06   0.489310E+00  -0.335527E+14
   0.326714E-04   0.225386E+08   0.225386E+08   0.298948E+08   0.298902E+08   0.225406E+08   0.225386E+08   0.225386E+08   0.225466E+08  -0.458279E+00   0.992693E+07   0.992693E+07   0.210962E+02   0.104587E+06   0.489255E+00  -0.303852E+14
   0.360752E-04   0.225360E+08   0.225360E+08   0.298570E+08   0.298515E+08   0.225379E+08   0.225360E+08   0.225360E+08   0.225440E+08  -0.458226E+00   0.992628E+07   0.992628E+07   0.232864E+02   0.857833E+05   0.489189E+00  -0.275165E+14
   0.398336E-04   0.225328E+08   0.225328E+08   0.298111E+08   0.298043E+08   0.225346E+08   0.225328E+08   0.225328E+08   0.225408E+08  -0.458161E+00   0.992548E+07   0.992548E+07   0.257020E+02   0.703603E+05   0.489109E+00  -0.249183E+14
   0.439836E-04   0.225289E+08   0.225289E+08   0.297552E+08   0.297470E+08   0.225306E+08   0.225289E+08   0.225289E+08   0.225369E+08  -0.458082E+00   0.992452E+07   0.992451E+07   0.283656E+02   0.577104E+05   0.489012E+00  -0.225650E+14
   0.485659E-04   0.225242E+08   0.225242E+08   0.296872E+08   0.296772E+08   0.225257E+08   0.225242E+08   0.225242E+08   0.225322E+08  -0.457986E+00   0.992334E+07   0.992334E+07   0.313020E+02   0.473349E+05   0.488894E+00  -0.204335E+14
   0.536256E-04   0.225185E+08   0.225185E+08   0.296045E+08   0.295923E+08   0.225198E+08   0.225185E+08   0.225185E+08   0.225264E+08  -0.457869E+00   0.992191E+07   0.992191E+07   0.345377E+02   0.388249E+05   0.488752E+00  -0.185029E+14
   0.592125E-04   0.225116E+08   0.225116E+08   0.295040E+08   0.294891E+08   0.225126E+08   0.225116E+08   0.225116E+08   0.225195E+08  -0.457727E+00   0.992018E+07   0.992017E+07   0.381018E+02   0.318449E+05   0.488580E+00  -0.167541E+14
   0.653814E-04   0.225032E+08   0.225032E+08   0.293818E+08   0.293638E+08   0.225039E+08   0.225032E+08   0.225032E+08   0.225111E+08  -0.457556E+00   0.991807E+07   0.991806E+07   0.420255E+02   0.261199E+05   0.488373E+00  -0.151701E+14
   0.721930E-04   0.224931E+08   0.224930E+08   0.292336E+08   0.292116E+08   0.224934E+08   0.224931E+08   0.224931E+08   0.225009E+08  -0.457348E+00   0.991552E+07   0.991551E+07   0.463421E+02   0.214242E+05   0.488124E+00  -0.137352E+14
   0.797142E-04   0.224808E+08   0.224808E+08   0.290539E+08   0.290272E+08   0.224806E+08   0.224808E+08   0.224808E+08   0.224886E+08  -0.457097E+00   0.991243E+07   0.991242E+07   0.510874E+02   0.175726E+05   0.487826E+00  -0.124354E+14
   0.880190E-04   0.224660E+08   0.224660E+08   0.288362E+08   0.288039E+08   0.224652E+08   0.224660E+08   0.224660E+08   0.224737E+08  -0.456794E+00   0.990869E+07   0.990867E+07   0.562986E+02   0.144135E+05   0.487470E+00  -0.112579E+14
   0.971891E-04   0.224482E+08   0.224481E+08   0.285730E+08   0.285338E+08   0.224467E+08   0.224482E+08   0.224482E+08   0.224558E+08  -0.456429E+00   0.990418E+07   0.990416E+07   0.620147E+02   0.118222E+05   0.487047E+00  -0.101910E+14
   0.107314E-03   0.224268E+08   0.224267E+08   0.282552E+08   0.282079E+08   0.224245E+08   0.224268E+08   0.224268E+08   0.224343E+08  -0.455992E+00   0.989874E+07   0.989872E+07   0.682755E+02   0.969669E+04   0.486547E+00  -0.922439E+13
   0.118495E-03   0.224012E+08   0.224011E+08   0.278724E+08   0.278153E+08   0.223978E+08   0.224012E+08   0.224012E+08   0.224086E+08  -0.455468E+00   0.989221E+07   0.989218E+07   0.751206E+02   0.795315E+04   0.485960E+00  -0.834853E+13
   0.130840E-03   0.223707E+08   0.223706E+08   0.274125E+08   0.273438E+08   0.223660E+08   0.223707E+08   0.223707E+08   0.223780E+08  -0.454843E+00   0.988438E+07   0.988435E+07   0.825882E+02   0.652288E+04   0.485275E+00  -0.755484E+13
   0.144471E-03   0.223345E+08   0.223343E+08   0.268618E+08   0.267793E+08   0.223282E+08   0.223344E+08   0.223345E+08   0.223416E+08  -0.454101E+00   0.987504E+07   0.987500E+07   0.907130E+02   0.534954E+04   0.484483E+00  -0.683556E+13
   0.159522E-03   0.222917E+08   0.222915E+08   0.262047E+08   0.261061E+08   0.222834E+08   0.222916E+08   0.222916E+08   0.222986E+08  -0.453224E+00   0.986394E+07   0.986389E+07   0.995238E+02   0.438690E+04   0.483577E+00  -0.618364E+13
   0.176142E-03   0.222414E+08   0.222412E+08   0.254247E+08   0.253071E+08   0.222308E+08   0.222413E+08   0.222414E+08   0.222481E+08  -0.452195E+00   0.985081E+07   0.985075E+07   0.109040E+03   0.359708E+04   0.482552E+00  -0.559274E+13
   0.194493E-03   0.221828E+08   0.221826E+08   0.245039E+08   0.243645E+08   0.221694E+08   0.221827E+08   0.221828E+08   0.221893E+08  -0.450995E+00   0.983536E+07   0.983529E+07   0.119267E+03   0.294899E+04   0.481409E+00  -0.505711E+13
   0.214755E-03   0.221151E+08   0.221148E+08   0.234245E+08   0.232604E+08   0.220981E+08   0.221149E+08   0.221150E+08   0.221212E+08  -0.449606E+00   0.981732E+07   0.981723E+07   0.130191E+03   0.241715E+04   0.480151E+00  -0.457156E+13
   0.237129E-03   0.220374E+08   0.220370E+08   0.221701E+08   0.219784E+08   0.220162E+08   0.220372E+08   0.220373E+08   0.220431E+08  -0.448013E+00   0.979640E+07   0.979630E+07   0.141772E+03   0.198068E+04   0.478791E+00  -0.413140E+13
   0.261834E-03   0.219491E+08   0.219487E+08   0.207275E+08   0.205057E+08   0.219228E+08   0.219489E+08   0.219491E+08   0.219545E+08  -0.446205E+00   0.977237E+07   0.977225E+07   0.153932E+03   0.162246E+04   0.477349E+00  -0.373241E+13
   0.289112E-03   0.218501E+08   0.218496E+08   0.190898E+08   0.188361E+08   0.218176E+08   0.218499E+08   0.218500E+08   0.218550E+08  -0.444175E+00   0.974503E+07   0.974488E+07   0.166553E+03   0.132847E+04   0.475850E+00  -0.337079E+13
   0.319233E-03   0.217403E+08   0.217397E+08   0.172600E+08   0.169740E+08   0.217001E+08   0.217400E+08   0.217402E+08   0.217446E+08  -0.441922E+00   0.971426E+07   0.971409E+07   0.179458E+03   0.108722E+04   0.474325E+00  -0.304311E+13
   0.352491E-03   0.216201E+08   0.216194E+08   0.152552E+08   0.149387E+08   0.215707E+08   0.216198E+08   0.216200E+08   0.216238E+08  -0.439457E+00   0.968006E+07   0.967985E+07   0.192405E+03   0.889302E+03   0.472810E+00  -0.274628E+13
   0.389215E-03   0.214904E+08   0.214895E+08   0.131120E+08   0.127694E+08   0.214297E+08   0.214900E+08   0.214903E+08   0.214935E+08  -0.436795E+00   0.964252E+07   0.964228E+07   0.205083E+03   0.726987E+03   0.471340E+00  -0.247751E+13
   0.429764E-03   0.213524E+08   0.213513E+08   0.108901E+08   0.105297E+08   0.212781E+08   0.213519E+08   0.213523E+08   0.213548E+08  -0.433962E+00   0.960190E+07   0.960162E+07   0.217100E+03   0.593943E+03   0.469948E+00  -0.223430E+13
   0.474538E-03   0.212078E+08   0.212066E+08   0.867457E+07   0.830864E+07   0.211170E+08   0.212072E+08   0.212076E+08   0.212095E+08  -0.430994E+00   0.955856E+07   0.955824E+07   0.227995E+03   0.484965E+03   0.468663E+00  -0.201435E+13
   0.523976E-03   0.210586E+08   0.210571E+08   0.657253E+07   0.621743E+07   0.209478E+08   0.210578E+08   0.210583E+08   0.210595E+08  -0.427930E+00   0.951300E+07   0.951262E+07   0.237255E+03   0.395774E+03   0.467505E+00  -0.181559E+13
   0.578566E-03   0.209068E+08   0.209050E+08   0.470273E+07   0.437752E+07   0.207718E+08   0.209058E+08   0.209065E+08   0.209071E+08  -0.424814E+00   0.946576E+07   0.946534E+07   0.244346E+03   0.322839E+03   0.466487E+00  -0.163612E+13
   0.638842E-03   0.207545E+08   0.207525E+08   0.317454E+07   0.289816E+07   0.205903E+08   0.207534E+08   0.207542E+08   0.207542E+08  -0.421690E+00   0.941745E+07   0.941697E+07   0.248770E+03   0.263251E+03   0.465611E+00  -0.147419E+13
   0.705398E-03   0.206037E+08   0.206014E+08   0.205816E+07   0.184488E+07   0.204044E+08   0.206024E+08   0.206033E+08   0.206029E+08  -0.418600E+00   0.936863E+07   0.936811E+07   0.250124E+03   0.214609E+03   0.464874E+00  -0.132817E+13
   0.778888E-03   0.204560E+08   0.204534E+08   0.135318E+07   0.120714E+07   0.202146E+08   0.204544E+08   0.204556E+08   0.204548E+08  -0.415576E+00   0.931980E+07   0.931922E+07   0.248170E+03   0.174932E+03   0.464268E+00  -0.119658E+13
   0.860035E-03   0.203126E+08   0.203096E+08   0.972264E+06   0.883235E+06   0.200208E+08   0.203107E+08   0.203121E+08   0.203110E+08  -0.412642E+00   0.927132E+07   0.927069E+07   0.242878E+03   0.142585E+03   0.463776E+00  -0.107804E+13
   0.949635E-03   0.201741E+08   0.201708E+08   0.761795E+06   0.705223E+06   0.198221E+08   0.201718E+08   0.201735E+08   0.201720E+08  -0.409811E+00   0.922338E+07   0.922271E+07   0.234424E+03   0.116224E+03   0.463385E+00  -0.971279E+12
   0.104857E-02   0.200405E+08   0.200370E+08   0.570425E+06   0.514553E+06   0.196173E+08   0.200379E+08   0.200399E+08   0.200380E+08  -0.407083E+00   0.917600E+07   0.917529E+07   0.223150E+03   0.947425E+02   0.463076E+00  -0.875117E+12
   0.115781E-02   0.199115E+08   0.199077E+08   0.338839E+06   0.257609E+06   0.194042E+08   0.199085E+08   0.199108E+08   0.199085E+08  -0.404447E+00   0.912900E+07   0.912828E+07   0.209484E+03   0.772368E+02   0.462835E+00  -0.788488E+12
   0.127844E-02   0.197861E+08   0.197822E+08   0.134219E+06   0.185790E+05   0.191804E+08   0.197826E+08   0.197854E+08   0.197826E+08  -0.401885E+00   0.908206E+07   0.908132E+07   0.193911E+03   0.629678E+02   0.462645E+00  -0.710420E+12
   0.141163E-02   0.196631E+08   0.196590E+08   0.584336E+05  -0.837881E+05   0.189439E+08   0.196590E+08   0.196624E+08   0.196590E+08  -0.399370E+00   0.903468E+07   0.903393E+07   0.177017E+03   0.513346E+02   0.462497E+00  -0.640033E+12
   0.155869E-02   0.195408E+08   0.195367E+08   0.917993E+05   0.491635E+06   0.186920E+08   0.195361E+08   0.195401E+08   0.195362E+08  -0.396872E+00   0.898622E+07   0.898547E+07   0.159568E+03   0.418490E+02   0.462379E+00  -0.576536E+12
   0.172108E-02   0.194175E+08   0.194134E+08   0.942614E+05   0.400693E+06   0.184221E+08   0.194121E+08   0.194168E+08   0.194122E+08  -0.394351E+00   0.893605E+07   0.893531E+07   0.142464E+03   0.341114E+02   0.462286E+00  -0.519223E+12
   0.190039E-02   0.192912E+08   0.192871E+08   0.284845E+05   0.326510E+06   0.181321E+08   0.192850E+08   0.192905E+08   0.192851E+08  -0.391768E+00   0.888339E+07   0.888266E+07   0.126530E+03   0.277980E+02   0.462211E+00  -0.467462E+12
   0.209838E-02   0.191599E+08   0.191558E+08   0.109328E+05   0.265980E+06   0.178205E+08   0.191529E+08   0.191592E+08   0.191529E+08  -0.389081E+00   0.882744E+07   0.882673E+07   0.112353E+03   0.226454E+02   0.462148E+00  -0.420689E+12
   0.231699E-02   0.190216E+08   0.190174E+08   0.227966E+05   0.216580E+06   0.174861E+08   0.190136E+08   0.190209E+08   0.190136E+08  -0.386250E+00   0.876737E+07   0.876668E+07   0.100263E+03   0.184398E+02   0.462095E+00  -0.378404E+12
   0.255838E-02   0.188741E+08   0.188698E+08  -0.212555E+05   0.176261E+06   0.171281E+08   0.188651E+08   0.188733E+08   0.188651E+08  -0.383233E+00   0.870237E+07   0.870168E+07   0.902257E+02   0.150070E+02   0.462048E+00  -0.340159E+12
   0.282492E-02   0.187155E+08   0.187110E+08  -0.242966E+05   0.143354E+06   0.167460E+08   0.187054E+08   0.187147E+08   0.187054E+08  -0.379988E+00   0.863161E+07   0.863092E+07   0.817683E+02   0.122050E+02   0.462006E+00  -0.305560E+12
   0.311923E-02   0.185438E+08   0.185391E+08  -0.265295E+05   0.116499E+06   0.163387E+08   0.185326E+08   0.185430E+08   0.185326E+08  -0.376476E+00   0.855431E+07   0.855361E+07   0.742490E+02   0.991843E+01   0.461967E+00  -0.274251E+12
   0.344419E-02   0.183572E+08   0.183523E+08  -0.206874E+05   0.945909E+05   0.159050E+08   0.183448E+08   0.183564E+08   0.183448E+08  -0.372661E+00   0.846968E+07   0.846898E+07   0.671410E+02   0.805291E+01   0.461931E+00  -0.245917E+12
   0.380302E-02   0.181540E+08   0.181487E+08  -0.218015E+05   0.767240E+05   0.154432E+08   0.181403E+08   0.181531E+08   0.181403E+08  -0.368506E+00   0.837697E+07   0.837628E+07   0.603197E+02   0.653157E+01   0.461896E+00  -0.220277E+12
   0.419923E-02   0.179323E+08   0.179267E+08  -0.136833E+05   0.621602E+05   0.149525E+08   0.179173E+08   0.179314E+08   0.179173E+08  -0.363976E+00   0.827545E+07   0.827477E+07   0.540335E+02   0.529150E+01   0.461862E+00  -0.197075E+12
   0.463671E-02   0.176906E+08   0.176846E+08  -0.162166E+05   0.502961E+05   0.144319E+08   0.176742E+08   0.176896E+08   0.176742E+08  -0.359037E+00   0.816441E+07   0.816373E+07   0.485431E+02   0.428132E+01   0.461829E+00  -0.176086E+12
   0.511978E-02   0.174272E+08   0.174207E+08  -0.143499E+05   0.406383E+05   0.138827E+08   0.174093E+08   0.174261E+08   0.174093E+08  -0.353656E+00   0.804314E+07   0.804247E+07   0.437674E+02   0.345903E+01   0.461795E+00  -0.157103E+12
   0.565317E-02   0.171411E+08   0.171340E+08  -0.859011E+04   0.327840E+05   0.132812E+08   0.171216E+08   0.171399E+08   0.171216E+08  -0.347812E+00   0.791117E+07   0.791050E+07   0.394116E+02   0.279031E+01   0.461759E+00  -0.139945E+12
   0.624213E-02   0.168297E+08   0.168219E+08  -0.725902E+04   0.264007E+05   0.126601E+08   0.168087E+08   0.168284E+08   0.168087E+08  -0.341455E+00   0.776739E+07   0.776673E+07   0.353839E+02   0.224686E+01   0.461722E+00  -0.124438E+12
   0.689245E-02   0.164921E+08   0.164834E+08  -0.175046E+04   0.212192E+05   0.120072E+08   0.164694E+08   0.164906E+08   0.164694E+08  -0.334563E+00   0.761135E+07   0.761070E+07   0.318170E+02   0.180575E+01   0.461684E+00  -0.110433E+12
   0.761052E-02   0.161268E+08   0.161170E+08  -0.236118E+04   0.170182E+05   0.113313E+08   0.161025E+08   0.161252E+08   0.161025E+08  -0.327108E+00   0.744243E+07   0.744177E+07   0.286631E+02   0.144813E+01   0.461645E+00  -0.977934E+11
   0.840340E-02   0.157324E+08   0.157213E+08  -0.447093E+04   0.136167E+05   0.106411E+08   0.157064E+08   0.157305E+08   0.157064E+08  -0.319063E+00   0.725998E+07   0.725933E+07   0.258018E+02   0.115859E+01   0.461606E+00  -0.863952E+11
   0.927889E-02   0.153076E+08   0.152950E+08  -0.144542E+04   0.108666E+05   0.993638E+07   0.152801E+08   0.153055E+08   0.152801E+08  -0.310401E+00   0.706344E+07   0.706280E+07   0.232606E+02   0.924525E+00   0.461566E+00  -0.761254E+11
   0.102456E-01   0.148512E+08   0.148369E+08  -0.269391E+04   0.864677E+04   0.921725E+07   0.148221E+08   0.148488E+08   0.148221E+08  -0.301099E+00   0.685227E+07   0.685162E+07   0.209968E+02   0.735605E+00   0.461525E+00  -0.668816E+11
   0.113130E-01   0.143619E+08   0.143455E+08  -0.175604E+04   0.685819E+04   0.849067E+07   0.143313E+08   0.143591E+08   0.143313E+08  -0.291129E+00   0.662587E+07   0.662523E+07   0.189793E+02   0.583396E+00   0.461483E+00  -0.585699E+11
   0.124916E-01   0.138385E+08   0.138198E+08  -0.163649E+04   0.541990E+04   0.776449E+07   0.138066E+08   0.138354E+08   0.138066E+08  -0.280470E+00   0.638375E+07   0.638310E+07   0.171866E+02   0.461008E+00   0.461441E+00  -0.511053E+11
   0.137930E-01   0.132803E+08   0.132588E+08  -0.106591E+04   0.426587E+04   0.704467E+07   0.132472E+08   0.132767E+08   0.132472E+08  -0.269105E+00   0.612550E+07   0.612486E+07   0.155912E+02   0.362818E+00   0.461399E+00  -0.444110E+11
   0.152300E-01   0.126866E+08   0.126621E+08  -0.184228E+04   0.334228E+04   0.633422E+07   0.126525E+08   0.126825E+08   0.126525E+08  -0.257024E+00   0.585092E+07   0.585028E+07   0.141671E+02   0.284241E+00   0.461357E+00  -0.384178E+11
   0.168167E-01   0.120717E+08   0.120438E+08  -0.881168E+03   0.260829E+04   0.564971E+07   0.120366E+08   0.120670E+08   0.120366E+08  -0.244514E+00   0.556654E+07   0.556589E+07   0.129005E+02   0.221801E+00   0.461316E+00  -0.331018E+11
   0.185687E-01   0.114116E+08   0.113801E+08  -0.663453E+03   0.202218E+04   0.498377E+07   0.113760E+08   0.114064E+08   0.113760E+08  -0.231093E+00   0.526136E+07   0.526070E+07   0.117457E+02   0.171947E+00   0.461275E+00  -0.283350E+11
   0.205033E-01   0.107207E+08   0.106853E+08  -0.958844E+03   0.155802E+04   0.434951E+07   0.106846E+08   0.107147E+08   0.106846E+08  -0.217049E+00   0.494196E+07   0.494130E+07   0.106861E+02   0.132470E+00   0.461235E+00  -0.241036E+11
   0.226393E-01   0.999327E+07   0.995406E+07  -0.606125E+03   0.119105E+04   0.374910E+07   0.995717E+07   0.998669E+07   0.995717E+07  -0.202271E+00   0.460581E+07   0.460515E+07   0.969065E+01   0.101262E+00   0.461196E+00  -0.203445E+11
   0.249980E-01   0.925542E+07   0.921262E+07  -0.449046E+03   0.904664E+03   0.319635E+07   0.921960E+07   0.924824E+07   0.921960E+07  -0.187288E+00   0.426492E+07   0.426426E+07   0.874289E+01   0.769086E-01   0.461159E+00  -0.170613E+11
   0.276023E-01   0.851586E+07   0.847003E+07  -0.356484E+03   0.682626E+03   0.269482E+07   0.848065E+07   0.850816E+07   0.848065E+07  -0.172277E+00   0.392334E+07   0.392270E+07   0.781976E+01   0.580290E-01   0.461123E+00  -0.142140E+11
   0.304780E-01   0.777780E+07   0.772993E+07  -0.299572E+03   0.511297E+03   0.224500E+07   0.774362E+07   0.776976E+07   0.774362E+07  -0.157305E+00   0.358260E+07   0.358197E+07   0.689631E+01   0.434623E-01   0.461089E+00  -0.117548E+11
   0.336533E-01   0.706124E+07   0.701276E+07  -0.182269E+03   0.380683E+03   0.185069E+07   0.702848E+07   0.705310E+07   0.702848E+07  -0.142777E+00   0.325194E+07   0.325134E+07   0.596288E+01   0.323581E-01   0.461057E+00  -0.966313E+10
   0.371593E-01   0.639203E+07   0.634482E+07  -0.116959E+03   0.282619E+03   0.151451E+07   0.636106E+07   0.638410E+07   0.636106E+07  -0.129219E+00   0.294330E+07   0.294274E+07   0.502194E+01   0.240217E-01   0.461026E+00  -0.792080E+10
   0.410307E-01   0.578655E+07   0.574274E+07  -0.114330E+03   0.209840E+03   0.123410E+07   0.575769E+07   0.577920E+07   0.575769E+07  -0.116962E+00   0.266426E+07   0.266376E+07   0.408753E+01   0.178351E-01   0.460998E+00  -0.649337E+10
   0.451338E-01   0.528121E+07   0.524266E+07   0.158284E+03   0.158284E+03   0.101393E+07   0.525457E+07   0.527474E+07   0.525457E+07  -0.106742E+00   0.243154E+07   0.243111E+07   0.323798E+01   0.134532E-01   0.460968E+00  -0.538746E+10
   0.492368E-01   0.488160E+07   0.484916E+07   0.122952E+03   0.122952E+03   0.848721E+06   0.485709E+07   0.487615E+07   0.485709E+07  -0.986674E-01   0.224770E+07   0.224733E+07   0.251548E+01   0.104500E-01   0.460947E+00  -0.456512E+10
   0.533399E-01   0.455959E+07   0.453326E+07   0.978674E+02   0.978674E+02   0.721754E+06   0.453703E+07   0.455517E+07   0.453703E+07  -0.921657E-01   0.209965E+07   0.209934E+07   0.194000E+01   0.831785E-02   0.460929E+00  -0.393641E+10
   0.574430E-01   0.428848E+07   0.426750E+07   0.793799E+02   0.793799E+02   0.621081E+06   0.426762E+07   0.428496E+07   0.426762E+07  -0.866928E-01   0.197503E+07   0.197477E+07   0.150762E+01   0.674648E-02   0.460914E+00  -0.343830E+10
   0.615460E-01   0.404737E+07   0.403049E+07   0.652689E+02   0.652689E+02   0.538693E+06   0.402795E+07   0.404454E+07   0.402795E+07  -0.818241E-01   0.186416E+07   0.186394E+07   0.120505E+01   0.554713E-02   0.460900E+00  -0.302894E+10
   0.656491E-01   0.382017E+07   0.380591E+07   0.541490E+02   0.541490E+02   0.469181E+06   0.380193E+07   0.381778E+07   0.380193E+07  -0.772328E-01   0.175960E+07   0.175940E+07   0.101112E+01   0.460203E-02   0.460889E+00  -0.268036E+10
   0.697522E-01   0.359547E+07   0.358236E+07   0.451452E+02   0.451452E+02   0.408990E+06   0.357820E+07   0.359326E+07   0.357820E+07  -0.726878E-01   0.165609E+07   0.165590E+07   0.899733E+00   0.383678E-02   0.460879E+00  -0.237428E+10
   0.738552E-01   0.337515E+07   0.336199E+07   0.377993E+02   0.377993E+02   0.356813E+06   0.335867E+07   0.337294E+07   0.335867E+07  -0.682283E-01   0.155451E+07   0.155433E+07   0.844901E+00   0.321246E-02   0.460869E+00  -0.210485E+10
   0.779583E-01   0.315213E+07   0.313810E+07   0.316805E+02   0.316805E+02   0.310661E+06   0.313634E+07   0.314977E+07   0.313634E+07  -0.637118E-01   0.145164E+07   0.145145E+07   0.819716E+00   0.269243E-02   0.460862E+00  -0.186210E+10
   0.820614E-01   0.293727E+07   0.292205E+07   0.266395E+02   0.266395E+02   0.270648E+06   0.292211E+07   0.293472E+07   0.292211E+07  -0.593600E-01   0.135251E+07   0.135231E+07   0.804504E+00   0.226401E-02   0.460854E+00  -0.164819E+10
   0.861644E-01   0.273652E+07   0.272019E+07   0.225084E+02   0.225084E+02   0.236360E+06   0.272196E+07   0.273377E+07   0.272196E+07  -0.552941E-01   0.125989E+07   0.125968E+07   0.784338E+00   0.191291E-02   0.460848E+00  -0.146220E+10
   0.912856E-01   0.251326E+07   0.249618E+07   0.184152E+02   0.184152E+02   0.200924E+06   0.249947E+07   0.251040E+07   0.249947E+07  -0.507744E-01   0.115693E+07   0.115672E+07   0.739720E+00   0.156504E-02   0.460841E+00  -0.126738E+10
   0.964067E-01   0.232709E+07   0.231026E+07   0.152865E+02   0.152865E+02   0.172792E+06   0.231408E+07   0.232426E+07   0.231408E+07  -0.470084E-01   0.107113E+07   0.107094E+07   0.670433E+00   0.129915E-02   0.460835E+00  -0.111106E+10
   0.101528E+00   0.218027E+07   0.216471E+07   0.129139E+02   0.129139E+02   0.150835E+06   0.216806E+07   0.217766E+07   0.216806E+07  -0.440423E-01   0.100356E+07   0.100338E+07   0.583039E+00   0.109751E-02   0.460829E+00  -0.988461E+09
   0.106649E+00   0.206746E+07   0.205388E+07   0.110990E+02   0.110990E+02   0.133641E+06   0.205604E+07   0.206518E+07   0.205604E+07  -0.417667E-01   0.951712E+06   0.951556E+06   0.489462E+00   0.943270E-03   0.460824E+00  -0.892386E+09
   0.111770E+00   0.197756E+07   0.196621E+07   0.966712E+01   0.966712E+01   0.119737E+06   0.196687E+07   0.197566E+07   0.196687E+07  -0.399552E-01   0.910443E+06   0.910309E+06   0.402223E+00   0.821583E-03   0.460820E+00  -0.814577E+09
   0.116891E+00   0.189857E+07   0.188925E+07   0.848675E+01   0.848675E+01   0.107912E+06   0.188854E+07   0.189700E+07   0.188854E+07  -0.383639E-01   0.874189E+06   0.874073E+06   0.330979E+00   0.721270E-03   0.460816E+00  -0.747876E+09
   0.122012E+00   0.182112E+07   0.181329E+07   0.747231E+01   0.747231E+01   0.973504E+05   0.181166E+07   0.181981E+07   0.181166E+07  -0.368022E-01   0.838606E+06   0.838504E+06   0.280591E+00   0.635057E-03   0.460813E+00  -0.687324E+09
   0.127134E+00   0.173973E+07   0.173267E+07   0.657510E+01   0.657510E+01   0.876080E+05   0.173073E+07   0.173854E+07   0.173073E+07  -0.351582E-01   0.801152E+06   0.801057E+06   0.250796E+00   0.558807E-03   0.460809E+00  -0.630177E+09
   0.132255E+00   0.165287E+07   0.164592E+07   0.577229E+01   0.577229E+01   0.785235E+05   0.164426E+07   0.165171E+07   0.164426E+07  -0.334017E-01   0.761132E+06   0.761038E+06   0.237241E+00   0.490579E-03   0.460807E+00  -0.575514E+09
   0.137376E+00   0.156233E+07   0.155501E+07   0.505647E+01   0.505647E+01   0.701176E+05   0.155405E+07   0.156110E+07   0.155405E+07  -0.315690E-01   0.719377E+06   0.719281E+06   0.233348E+00   0.429745E-03   0.460804E+00  -0.523664E+09
   0.142497E+00   0.147199E+07   0.146412E+07   0.442732E+01   0.442732E+01   0.624948E+05   0.146400E+07   0.147067E+07   0.146400E+07  -0.297399E-01   0.677702E+06   0.677603E+06   0.232334E+00   0.376274E-03   0.460801E+00  -0.475597E+09
   0.147618E+00   0.138682E+07   0.137848E+07   0.388633E+01   0.388633E+01   0.557749E+05   0.137913E+07   0.138542E+07   0.137913E+07  -0.280157E-01   0.638417E+06   0.638315E+06   0.228862E+00   0.330296E-03   0.460799E+00  -0.432483E+09
   0.152739E+00   0.131152E+07   0.130299E+07   0.343270E+01   0.343270E+01   0.500358E+05   0.130412E+07   0.131009E+07   0.130412E+07  -0.264921E-01   0.603700E+06   0.603600E+06   0.219961E+00   0.291744E-03   0.460797E+00  -0.395252E+09
   0.157860E+00   0.124868E+07   0.124035E+07   0.305954E+01   0.305954E+01   0.452530E+05   0.124160E+07   0.124728E+07   0.124160E+07  -0.252219E-01   0.574759E+06   0.574662E+06   0.205128E+00   0.260030E-03   0.460795E+00  -0.364096E+09
   0.162982E+00   0.119786E+07   0.119006E+07   0.275353E+01   0.275353E+01   0.412920E+05   0.119108E+07   0.119655E+07   0.119108E+07  -0.241957E-01   0.551376E+06   0.551285E+06   0.185817E+00   0.234022E-03   0.460793E+00  -0.338309E+09
   0.168103E+00   0.115640E+07   0.114936E+07   0.249892E+01   0.249892E+01   0.379640E+05   0.114993E+07   0.115522E+07   0.114993E+07  -0.233598E-01   0.532329E+06   0.532246E+06   0.164634E+00   0.212383E-03   0.460792E+00  -0.316672E+09
   0.173224E+00   0.112099E+07   0.111478E+07   0.228150E+01   0.228150E+01   0.350877E+05   0.111481E+07   0.111995E+07   0.111481E+07  -0.226465E-01   0.516074E+06   0.515999E+06   0.144422E+00   0.193905E-03   0.460790E+00  -0.297927E+09
   0.178345E+00   0.108826E+07   0.108279E+07   0.208969E+01   0.208969E+01   0.325098E+05   0.108235E+07   0.108734E+07   0.108235E+07  -0.219869E-01   0.501045E+06   0.500977E+06   0.127460E+00   0.177603E-03   0.460789E+00  -0.280946E+09
   0.183466E+00   0.105507E+07   0.105014E+07   0.191455E+01   0.191455E+01   0.301088E+05   0.104940E+07   0.105424E+07   0.104940E+07  -0.213176E-01   0.485793E+06   0.485730E+06   0.114958E+00   0.162719E-03   0.460788E+00  -0.264790E+09
   0.188587E+00   0.101942E+07   0.101477E+07   0.175078E+01   0.175078E+01   0.278142E+05   0.101395E+07   0.101864E+07   0.101395E+07  -0.205974E-01   0.469383E+06   0.469323E+06   0.106971E+00   0.148800E-03   0.460786E+00  -0.248898E+09
   0.193708E+00   0.981083E+06   0.976490E+06   0.159700E+01   0.159700E+01   0.256143E+05   0.975794E+06   0.980312E+06   0.975794E+06  -0.198224E-01   0.451723E+06   0.451664E+06   0.102626E+00   0.135730E-03   0.460785E+00  -0.233201E+09
   0.198830E+00   0.941334E+06   0.936638E+06   0.145430E+01   0.145430E+01   0.235362E+05   0.936206E+06   0.940546E+06   0.936206E+06  -0.190182E-01   0.433398E+06   0.433338E+06   0.100503E+00   0.123603E-03   0.460784E+00  -0.217978E+09
   0.203951E+00   0.901916E+06   0.897057E+06   0.132422E+01   0.132422E+01   0.216139E+05   0.896938E+06   0.901100E+06   0.896938E+06  -0.182205E-01   0.415222E+06   0.415161E+06   0.990643E-01   0.112547E-03   0.460783E+00  -0.203592E+09
   0.209072E+00   0.864531E+06   0.859542E+06   0.120783E+01   0.120783E+01   0.198744E+05   0.859700E+06   0.863693E+06   0.859700E+06  -0.174640E-01   0.397984E+06   0.397924E+06   0.970404E-01   0.102655E-03   0.460782E+00  -0.190360E+09
   0.214193E+00   0.830629E+06   0.825613E+06   0.110559E+01   0.110559E+01   0.183341E+05   0.825947E+06   0.829787E+06   0.825947E+06  -0.167784E-01   0.382360E+06   0.382300E+06   0.936862E-01   0.939652E-04   0.460781E+00  -0.178514E+09
   0.219314E+00   0.801090E+06   0.796178E+06   0.101704E+01   0.101704E+01   0.169939E+05   0.796558E+06   0.800265E+06   0.796558E+06  -0.161814E-01   0.368756E+06   0.368698E+06   0.888458E-01   0.864394E-04   0.460780E+00  -0.168142E+09
   0.224435E+00   0.775905E+06   0.771219E+06   0.940639E+00   0.940639E+00   0.158353E+05   0.771524E+06   0.775118E+06   0.771524E+06  -0.156728E-01   0.357168E+06   0.357112E+06   0.828537E-01   0.799460E-04   0.460780E+00  -0.159142E+09
   0.229556E+00   0.754269E+06   0.749890E+06   0.874101E+00   0.874101E+00   0.148258E+05   0.750038E+06   0.753534E+06   0.750038E+06  -0.152363E-01   0.347221E+06   0.347169E+06   0.763429E-01   0.742909E-04   0.460779E+00  -0.151259E+09
   0.234678E+00   0.734959E+06   0.730912E+06   0.814996E+00   0.814996E+00   0.139282E+05   0.730870E+06   0.734280E+06   0.730870E+06  -0.148470E-01   0.338348E+06   0.338299E+06   0.700251E-01   0.692675E-04   0.460778E+00  -0.144178E+09
   0.239799E+00   0.716671E+06   0.712925E+06   0.761171E+00   0.761171E+00   0.131083E+05   0.712715E+06   0.716042E+06   0.712715E+06  -0.144782E-01   0.329944E+06   0.329897E+06   0.644948E-01   0.646928E-04   0.460777E+00  -0.137594E+09
   0.244920E+00   0.698299E+06   0.694785E+06   0.710991E+00   0.710991E+00   0.123391E+05   0.694465E+06   0.697709E+06   0.694465E+06  -0.141074E-01   0.321495E+06   0.321451E+06   0.600998E-01   0.604280E-04   0.460777E+00  -0.131267E+09
   0.250041E+00   0.679200E+06   0.675829E+06   0.663514E+00   0.663514E+00   0.116048E+05   0.675477E+06   0.678634E+06   0.675477E+06  -0.137217E-01   0.312705E+06   0.312663E+06   0.569011E-01   0.563929E-04   0.460776E+00  -0.125063E+09
   0.255162E+00   0.659300E+06   0.655992E+06   0.618475E+00   0.618475E+00   0.109006E+05   0.655679E+06   0.658745E+06   0.655679E+06  -0.133195E-01   0.303541E+06   0.303499E+06   0.547108E-01   0.525650E-04   0.460776E+00  -0.118961E+09
   0.260283E+00   0.638970E+06   0.635665E+06   0.576034E+00   0.576034E+00   0.102299E+05   0.635442E+06   0.638415E+06   0.635442E+06  -0.129084E-01   0.294173E+06   0.294131E+06   0.531814E-01   0.489580E-04   0.460775E+00  -0.113022E+09
   0.265404E+00   0.618793E+06   0.615464E+06   0.536505E+00   0.536505E+00   0.959880E+04   0.615354E+06   0.618234E+06   0.615354E+06  -0.125004E-01   0.284873E+06   0.284832E+06   0.519159E-01   0.455984E-04   0.460775E+00  -0.107337E+09
   0.270526E+00   0.599402E+06   0.596058E+06   0.500186E+00   0.500186E+00   0.901374E+04   0.596049E+06   0.598840E+06   0.596049E+06  -0.121082E-01   0.275937E+06   0.275896E+06   0.505717E-01   0.425117E-04   0.460774E+00  -0.102002E+09
   0.275647E+00   0.581355E+06   0.578028E+06   0.467257E+00   0.467257E+00   0.847916E+04   0.578088E+06   0.580796E+06   0.578088E+06  -0.117433E-01   0.267622E+06   0.267582E+06   0.489302E-01   0.397130E-04   0.460774E+00  -0.970900E+08
   0.280768E+00   0.564984E+06   0.561718E+06   0.437680E+00   0.437680E+00   0.799575E+04   0.561802E+06   0.564436E+06   0.561802E+06  -0.114125E-01   0.260083E+06   0.260044E+06   0.469220E-01   0.371993E-04   0.460773E+00  -0.926339E+08
   0.285889E+00   0.550302E+06   0.547140E+06   0.411173E+00   0.411173E+00   0.755955E+04   0.547205E+06   0.549771E+06   0.547205E+06  -0.111160E-01   0.253326E+06   0.253288E+06   0.446114E-01   0.349464E-04   0.460773E+00  -0.886109E+08
   0.291010E+00   0.537051E+06   0.534022E+06   0.387280E+00   0.387280E+00   0.716325E+04   0.534037E+06   0.536543E+06   0.534037E+06  -0.108485E-01   0.247230E+06   0.247193E+06   0.421526E-01   0.329158E-04   0.460772E+00  -0.849569E+08
   0.296131E+00   0.524823E+06   0.521938E+06   0.365494E+00   0.365494E+00   0.679843E+04   0.521889E+06   0.524338E+06   0.521889E+06  -0.106017E-01   0.241606E+06   0.241571E+06   0.397335E-01   0.310642E-04   0.460772E+00  -0.815886E+08
   0.301252E+00   0.513172E+06   0.510424E+06   0.345341E+00   0.345341E+00   0.645705E+04   0.510315E+06   0.512710E+06   0.510315E+06  -0.103666E-01   0.236248E+06   0.236214E+06   0.375215E-01   0.293514E-04   0.460772E+00  -0.784230E+08
   0.306374E+00   0.501703E+06   0.499068E+06   0.326436E+00   0.326436E+00   0.613277E+04   0.498917E+06   0.501260E+06   0.498917E+06  -0.101351E-01   0.230972E+06   0.230939E+06   0.356249E-01   0.277447E-04   0.460771E+00  -0.753900E+08
   0.311495E+00   0.490151E+06   0.487599E+06   0.308522E+00   0.308522E+00   0.582149E+04   0.487432E+06   0.489722E+06   0.487432E+06  -0.990175E-02   0.225655E+06   0.225623E+06   0.340767E-01   0.262221E-04   0.460771E+00  -0.724436E+08
   0.316616E+00   0.478438E+06   0.475940E+06   0.291485E+00   0.291485E+00   0.552190E+04   0.475782E+06   0.478018E+06   0.475782E+06  -0.966509E-02   0.220262E+06   0.220231E+06   0.328404E-01   0.247742E-04   0.460771E+00  -0.695685E+08
   0.321737E+00   0.466659E+06   0.464192E+06   0.275327E+00   0.275327E+00   0.523477E+04   0.464063E+06   0.466245E+06   0.464063E+06  -0.942702E-02   0.214837E+06   0.214806E+06   0.318303E-01   0.234009E-04   0.460770E+00  -0.667749E+08
   0.326858E+00   0.455013E+06   0.452565E+06   0.260106E+00   0.260106E+00   0.496194E+04   0.452474E+06   0.454602E+06   0.452474E+06  -0.919160E-02   0.209472E+06   0.209442E+06   0.309400E-01   0.221072E-04   0.460770E+00  -0.640873E+08
   0.331979E+00   0.443721E+06   0.441291E+06   0.245882E+00   0.245882E+00   0.470533E+04   0.441238E+06   0.443313E+06   0.441238E+06  -0.896335E-02   0.204270E+06   0.204241E+06   0.300706E-01   0.208982E-04   0.460770E+00  -0.615318E+08
   0.337100E+00   0.432976E+06   0.430572E+06   0.232690E+00   0.232690E+00   0.446623E+04   0.430546E+06   0.432572E+06   0.430546E+06  -0.874616E-02   0.199321E+06   0.199292E+06   0.291518E-01   0.197770E-04   0.460770E+00  -0.591288E+08
   0.342222E+00   0.422896E+06   0.420533E+06   0.220520E+00   0.220520E+00   0.424512E+04   0.420520E+06   0.422499E+06   0.420520E+06  -0.854248E-02   0.194680E+06   0.194651E+06   0.281529E-01   0.187427E-04   0.460769E+00  -0.568877E+08
   0.347343E+00   0.413511E+06   0.411203E+06   0.209315E+00   0.209315E+00   0.404140E+04   0.411188E+06   0.413124E+06   0.411188E+06  -0.835291E-02   0.190359E+06   0.190331E+06   0.270812E-01   0.177904E-04   0.460769E+00  -0.548051E+08
   0.352464E+00   0.404756E+06   0.402513E+06   0.198974E+00   0.198974E+00   0.385361E+04   0.402484E+06   0.404379E+06   0.402484E+06  -0.817609E-02   0.186330E+06   0.186302E+06   0.259721E-01   0.169114E-04   0.460769E+00  -0.528656E+08
   0.357585E+00   0.396499E+06   0.394326E+06   0.189374E+00   0.189374E+00   0.367963E+04   0.394277E+06   0.396134E+06   0.394277E+06  -0.800938E-02   0.182531E+06   0.182504E+06   0.248748E-01   0.160955E-04   0.460769E+00  -0.510460E+08
   0.362706E+00   0.388587E+06   0.386483E+06   0.180394E+00   0.180394E+00   0.351724E+04   0.386413E+06   0.388234E+06   0.386413E+06  -0.784964E-02   0.178890E+06   0.178864E+06   0.238372E-01   0.153322E-04   0.460768E+00  -0.493216E+08
   0.367827E+00   0.380880E+06   0.378838E+06   0.171928E+00   0.171928E+00   0.336441E+04   0.378752E+06   0.380537E+06   0.378752E+06  -0.769401E-02   0.175344E+06   0.175319E+06   0.228944E-01   0.146127E-04   0.460768E+00  -0.476707E+08
   0.372948E+00   0.373272E+06   0.371282E+06   0.163899E+00   0.163899E+00   0.321947E+04   0.371188E+06   0.372938E+06   0.371188E+06  -0.754035E-02   0.171842E+06   0.171817E+06   0.220614E-01   0.139303E-04   0.460768E+00  -0.460772E+08
   0.378070E+00   0.365708E+06   0.363759E+06   0.156257E+00   0.156257E+00   0.308132E+04   0.363666E+06   0.365381E+06   0.363666E+06  -0.738755E-02   0.168360E+06   0.168336E+06   0.213332E-01   0.132808E-04   0.460768E+00  -0.445320E+08
   0.383191E+00   0.358197E+06   0.356280E+06   0.148984E+00   0.148984E+00   0.294944E+04   0.356195E+06   0.357875E+06   0.356195E+06  -0.723579E-02   0.164901E+06   0.164877E+06   0.206895E-01   0.126626E-04   0.460768E+00  -0.430342E+08
   0.388312E+00   0.350800E+06   0.348909E+06   0.142083E+00   0.142083E+00   0.282386E+04   0.348838E+06   0.350483E+06   0.348838E+06  -0.708632E-02   0.161495E+06   0.161472E+06   0.201018E-01   0.120761E-04   0.460767E+00  -0.415895E+08
   0.393433E+00   0.343592E+06   0.341725E+06   0.135564E+00   0.135564E+00   0.270472E+04   0.341667E+06   0.343279E+06   0.341667E+06  -0.694066E-02   0.158176E+06   0.158152E+06   0.195413E-01   0.115220E-04   0.460767E+00  -0.402044E+08
   0.398554E+00   0.336631E+06   0.334790E+06   0.129425E+00   0.129425E+00   0.259209E+04   0.334743E+06   0.336322E+06   0.334743E+06  -0.680000E-02   0.154970E+06   0.154947E+06   0.189845E-01   0.110003E-04   0.460767E+00  -0.388835E+08
   0.403675E+00   0.329958E+06   0.328146E+06   0.123661E+00   0.123661E+00   0.248593E+04   0.328105E+06   0.329654E+06   0.328105E+06  -0.666516E-02   0.151897E+06   0.151875E+06   0.184184E-01   0.105103E-04   0.460767E+00  -0.376290E+08
   0.408796E+00   0.323594E+06   0.321816E+06   0.118256E+00   0.118256E+00   0.238601E+04   0.321777E+06   0.323295E+06   0.321777E+06  -0.653661E-02   0.148967E+06   0.148946E+06   0.178408E-01   0.100510E-04   0.460767E+00  -0.364409E+08
   0.413918E+00   0.317534E+06   0.315793E+06   0.113188E+00   0.113188E+00   0.229199E+04   0.315751E+06   0.317242E+06   0.315751E+06  -0.641420E-02   0.146178E+06   0.146157E+06   0.172587E-01   0.962023E-05   0.460767E+00  -0.353162E+08
   0.419039E+00   0.311738E+06   0.310036E+06   0.108423E+00   0.108423E+00   0.220323E+04   0.309989E+06   0.311452E+06   0.309989E+06  -0.629714E-02   0.143510E+06   0.143489E+06   0.166843E-01   0.921523E-05   0.460767E+00  -0.342479E+08
   0.424160E+00   0.306147E+06   0.304484E+06   0.103923E+00   0.103923E+00   0.211903E+04   0.304431E+06   0.305868E+06   0.304431E+06  -0.618424E-02   0.140937E+06   0.140917E+06   0.161308E-01   0.883280E-05   0.460766E+00  -0.332278E+08
   0.429281E+00   0.300711E+06   0.299085E+06   0.996572E-01   0.996572E-01   0.203878E+04   0.299026E+06   0.300438E+06   0.299026E+06  -0.607444E-02   0.138435E+06   0.138415E+06   0.156090E-01   0.847022E-05   0.460766E+00  -0.322485E+08
   0.434402E+00   0.295392E+06   0.293799E+06   0.956001E-01   0.956001E-01   0.196200E+04   0.293737E+06   0.295124E+06   0.293737E+06  -0.596700E-02   0.135987E+06   0.135967E+06   0.151252E-01   0.812540E-05   0.460766E+00  -0.313047E+08
   0.439523E+00   0.290166E+06   0.288603E+06   0.917333E-01   0.917333E-01   0.188835E+04   0.288540E+06   0.289903E+06   0.288540E+06  -0.586144E-02   0.133581E+06   0.133562E+06   0.146799E-01   0.779675E-05   0.460766E+00  -0.303926E+08
   0.444644E+00   0.285022E+06   0.283486E+06   0.880435E-01   0.880435E-01   0.181758E+04   0.283425E+06   0.284764E+06   0.283425E+06  -0.575753E-02   0.131213E+06   0.131194E+06   0.142689E-01   0.748315E-05   0.460766E+00  -0.295100E+08
   0.449766E+00   0.279967E+06   0.278455E+06   0.845236E-01   0.845236E-01   0.174958E+04   0.278398E+06   0.279713E+06   0.278398E+06  -0.565540E-02   0.128885E+06   0.128867E+06   0.138844E-01   0.718399E-05   0.460766E+00  -0.286565E+08
   0.454887E+00   0.275022E+06   0.273531E+06   0.811715E-01   0.811715E-01   0.168432E+04   0.273480E+06   0.274772E+06   0.273480E+06  -0.555549E-02   0.126609E+06   0.126590E+06   0.135180E-01   0.689908E-05   0.460766E+00  -0.278333E+08
   0.460008E+00   0.270212E+06   0.268743E+06   0.779856E-01   0.779856E-01   0.162183E+04   0.268695E+06   0.269965E+06   0.268695E+06  -0.545830E-02   0.124394E+06   0.124375E+06   0.131622E-01   0.662831E-05   0.460766E+00  -0.270420E+08
   0.465129E+00   0.265553E+06   0.264106E+06   0.749624E-01   0.749624E-01   0.156208E+04   0.264061E+06   0.265310E+06   0.264061E+06  -0.536417E-02   0.122248E+06   0.122231E+06   0.128119E-01   0.637136E-05   0.460765E+00  -0.262830E+08
   0.470250E+00   0.261050E+06   0.259626E+06   0.720950E-01   0.720950E-01   0.150501E+04   0.259583E+06   0.260811E+06   0.259583E+06  -0.527320E-02   0.120175E+06   0.120158E+06   0.124649E-01   0.612764E-05   0.460765E+00  -0.255560E+08
   0.475371E+00   0.256699E+06   0.255299E+06   0.693741E-01   0.693741E-01   0.145053E+04   0.255257E+06   0.256464E+06   0.255257E+06  -0.518532E-02   0.118172E+06   0.118155E+06   0.121216E-01   0.589639E-05   0.460765E+00  -0.248593E+08
   0.480492E+00   0.252491E+06   0.251116E+06   0.667902E-01   0.667902E-01   0.139853E+04   0.251073E+06   0.252260E+06   0.251073E+06  -0.510032E-02   0.116235E+06   0.116218E+06   0.117845E-01   0.567677E-05   0.460765E+00  -0.241912E+08
   0.485614E+00   0.248413E+06   0.247063E+06   0.643329E-01   0.643329E-01   0.134889E+04   0.247018E+06   0.248186E+06   0.247018E+06  -0.501795E-02   0.114358E+06   0.114342E+06   0.114572E-01   0.546792E-05   0.460765E+00  -0.235495E+08
   0.490735E+00   0.244447E+06   0.243122E+06   0.619916E-01   0.619916E-01   0.130145E+04   0.243075E+06   0.244224E+06   0.243075E+06  -0.493785E-02   0.112533E+06   0.112516E+06   0.111430E-01   0.526893E-05   0.460765E+00  -0.229318E+08
   0.495856E+00   0.240573E+06   0.239271E+06   0.597557E-01   0.597557E-01   0.125606E+04   0.239223E+06   0.240355E+06   0.239223E+06  -0.485960E-02   0.110750E+06   0.110734E+06   0.108437E-01   0.507889E-05   0.460765E+00  -0.223353E+08
   0.500977E+00   0.236777E+06   0.235496E+06   0.576166E-01   0.576166E-01   0.121255E+04   0.235448E+06   0.236562E+06   0.235448E+06  -0.478292E-02   0.109002E+06   0.108986E+06   0.105602E-01   0.489708E-05   0.460765E+00  -0.217582E+08
   0.506098E+00   0.233055E+06   0.231794E+06   0.555688E-01   0.555688E-01   0.117087E+04   0.231746E+06   0.232843E+06   0.231746E+06  -0.470772E-02   0.107288E+06   0.107273E+06   0.102917E-01   0.472303E-05   0.460765E+00  -0.211994E+08
   0.511219E+00   0.229408E+06   0.228166E+06   0.536088E-01   0.536088E-01   0.113097E+04   0.228120E+06   0.229199E+06   0.228120E+06  -0.463405E-02   0.105609E+06   0.105594E+06   0.100363E-01   0.455644E-05   0.460765E+00  -0.206586E+08
   0.516340E+00   0.225839E+06   0.224615E+06   0.517331E-01   0.517331E-01   0.109281E+04   0.224571E+06   0.225633E+06   0.224571E+06  -0.456195E-02   0.103966E+06   0.103951E+06   0.979176E-02   0.439702E-05   0.460764E+00  -0.201355E+08
   0.521462E+00   0.222350E+06   0.221144E+06   0.499384E-01   0.499384E-01   0.105637E+04   0.221101E+06   0.222148E+06   0.221101E+06  -0.449148E-02   0.102360E+06   0.102345E+06   0.955544E-02   0.424448E-05   0.460764E+00  -0.196297E+08
   0.526583E+00   0.218946E+06   0.217757E+06   0.482221E-01   0.482221E-01   0.102161E+04   0.217716E+06   0.218747E+06   0.217716E+06  -0.442271E-02   0.100793E+06   0.100778E+06   0.932541E-02   0.409860E-05   0.460764E+00  -0.191412E+08
   0.531704E+00   0.215632E+06   0.214460E+06   0.465817E-01   0.465817E-01   0.988530E+03   0.214421E+06   0.215436E+06   0.214421E+06  -0.435576E-02   0.992675E+05   0.992530E+05   0.910056E-02   0.395918E-05   0.460764E+00  -0.186699E+08
   0.536825E+00   0.212410E+06   0.211255E+06   0.450143E-01   0.450143E-01   0.957061E+03   0.211216E+06   0.212216E+06   0.211216E+06  -0.429067E-02   0.977840E+05   0.977697E+05   0.888052E-02   0.382595E-05   0.460764E+00  -0.182155E+08
   0.541946E+00   0.209274E+06   0.208137E+06   0.435155E-01   0.435155E-01   0.927113E+03   0.208098E+06   0.209083E+06   0.208098E+06  -0.422732E-02   0.963403E+05   0.963262E+05   0.866555E-02   0.369857E-05   0.460764E+00  -0.177769E+08
   0.547067E+00   0.206216E+06   0.205097E+06   0.420807E-01   0.420807E-01   0.898559E+03   0.205058E+06   0.206028E+06   0.205058E+06  -0.416556E-02   0.949328E+05   0.949190E+05   0.845626E-02   0.357662E-05   0.460764E+00  -0.173533E+08
   0.559946E+00   0.198845E+06   0.197768E+06   0.387316E-01   0.387316E-01   0.832152E+03   0.197728E+06   0.198665E+06   0.197728E+06  -0.401667E-02   0.915397E+05   0.915263E+05   0.795999E-02   0.329197E-05   0.460764E+00  -0.163482E+08
   0.593872E+00   0.181189E+06   0.180205E+06   0.313752E-01   0.313752E-01   0.683343E+03   0.180170E+06   0.181024E+06   0.180170E+06  -0.365999E-02   0.834111E+05   0.833989E+05   0.685334E-02   0.266672E-05   0.460763E+00  -0.140455E+08
   0.629853E+00   0.165056E+06   0.164162E+06   0.254095E-01   0.254095E-01   0.555742E+03   0.164128E+06   0.164906E+06   0.164128E+06  -0.333412E-02   0.759846E+05   0.759734E+05   0.589035E-02   0.215967E-05   0.460763E+00  -0.120640E+08
   0.879031E+00   0.964870E+05   0.959639E+05   0.762610E-02   0.762610E-02   0.172680E+03   0.959438E+05   0.963992E+05   0.959438E+05  -0.194901E-02   0.444182E+05   0.444116E+05   0.249621E-02   0.648181E-06   0.460762E+00  -0.505314E+07
   0.122679E+01   0.557223E+05   0.554202E+05   0.226117E-02   0.226117E-02   0.526795E+02   0.554084E+05   0.556716E+05   0.554084E+05  -0.112557E-02   0.256519E+05   0.256480E+05   0.105669E-02   0.192189E-06   0.460761E+00  -0.209101E+07
   0.171212E+01   0.318457E+05   0.316729E+05   0.663475E-03   0.663475E-03   0.157227E+02   0.316662E+05   0.318167E+05   0.316662E+05  -0.643270E-03   0.146602E+05   0.146579E+05   0.451901E-03   0.563925E-07   0.460760E+00  -0.856272E+06
   0.238945E+01   0.180370E+05   0.179389E+05   0.192934E-03   0.192934E-03   0.460545E+01   0.179353E+05   0.180205E+05   0.179353E+05  -0.364339E-03   0.830337E+04   0.830194E+04   0.198642E-03   0.163986E-07   0.460759E+00  -0.347503E+06
