#           k/h    P           
 0.99999997E-04 0.33676132E+03
 0.10202013E-03 0.34424182E+03
 0.10408108E-03 0.35192206E+03
 0.10618366E-03 0.35980893E+03
 0.10832871E-03 0.36790958E+03
 0.11051710E-03 0.37623145E+03
 0.11274968E-03 0.38478232E+03
 0.11502737E-03 0.39357025E+03
 0.11735109E-03 0.40260370E+03
 0.11972173E-03 0.41189139E+03
 0.12214028E-03 0.42144241E+03
 0.12460767E-03 0.43126630E+03
 0.12712492E-03 0.44137286E+03
 0.12969300E-03 0.45177237E+03
 0.13231297E-03 0.46247559E+03
 0.13498588E-03 0.47349353E+03
 0.13771278E-03 0.48483774E+03
 0.14049475E-03 0.49652014E+03
 0.14333293E-03 0.50855322E+03
 0.14622846E-03 0.52095001E+03
 0.14918247E-03 0.53372382E+03
 0.15219615E-03 0.54688855E+03
 0.15527071E-03 0.56045856E+03
 0.15840739E-03 0.57444885E+03
 0.16160744E-03 0.58887512E+03
 0.16487212E-03 0.60375330E+03
 0.16820275E-03 0.61909985E+03
 0.17160067E-03 0.63493188E+03
 0.17506724E-03 0.65126715E+03
 0.17860383E-03 0.66812427E+03
 0.18221186E-03 0.68552191E+03
 0.18589280E-03 0.70347937E+03
 0.18964807E-03 0.72201666E+03
 0.19347922E-03 0.74115448E+03
 0.19738778E-03 0.76091443E+03
 0.20137527E-03 0.78131799E+03
 0.20544330E-03 0.80238721E+03
 0.20959355E-03 0.82414496E+03
 0.21382760E-03 0.84661481E+03
 0.21814722E-03 0.86982104E+03
 0.22255408E-03 0.89378784E+03
 0.22704997E-03 0.91853973E+03
 0.23163669E-03 0.94410193E+03
 0.23631606E-03 0.97050049E+03
 0.24108996E-03 0.99776202E+03
 0.24596031E-03 0.10259126E+04
 0.25092901E-03 0.10549786E+04
 0.25599814E-03 0.10849869E+04
 0.26116965E-03 0.11159650E+04
 0.26644560E-03 0.11479406E+04
 0.27182818E-03 0.11809410E+04
 0.27731949E-03 0.12149930E+04
 0.28292168E-03 0.12501241E+04
 0.28863709E-03 0.12863619E+04
 0.29446793E-03 0.13237339E+04
 0.30041661E-03 0.13622667E+04
 0.30648540E-03 0.14019866E+04
 0.31267683E-03 0.14429194E+04
 0.31899329E-03 0.14850912E+04
 0.32543740E-03 0.15285275E+04
 0.33201167E-03 0.15732526E+04
 0.33871876E-03 0.16192903E+04
 0.34556136E-03 0.16666635E+04
 0.35254212E-03 0.17153944E+04
 0.35966394E-03 0.17655049E+04
 0.36692963E-03 0.18170153E+04
 0.37434211E-03 0.18699451E+04
 0.38190430E-03 0.19243126E+04
 0.38961932E-03 0.19801350E+04
 0.39749016E-03 0.20374283E+04
 0.40552000E-03 0.20962080E+04
 0.41371203E-03 0.21564885E+04
 0.42206954E-03 0.22182825E+04
 0.43059592E-03 0.22816011E+04
 0.43929456E-03 0.23464539E+04
 0.44816890E-03 0.24128513E+04
 0.45722249E-03 0.24808027E+04
 0.46645897E-03 0.25503147E+04
 0.47588209E-03 0.26213926E+04
 0.48549555E-03 0.26940408E+04
 0.49530319E-03 0.27682649E+04
 0.50530903E-03 0.28440701E+04
 0.51551696E-03 0.29214590E+04
 0.52593107E-03 0.30004324E+04
 0.53655554E-03 0.30809910E+04
 0.54739468E-03 0.31631382E+04
 0.55845280E-03 0.32468762E+04
 0.56973431E-03 0.33322061E+04
 0.58124372E-03 0.34191267E+04
 0.59298560E-03 0.35076379E+04
 0.60496473E-03 0.35977427E+04
 0.61718578E-03 0.36894441E+04
 0.62965375E-03 0.37827432E+04
 0.64237369E-03 0.38776406E+04
 0.65535045E-03 0.39741382E+04
 0.66858943E-03 0.40722412E+04
 0.68209582E-03 0.41719551E+04
 0.69587503E-03 0.42732842E+04
 0.70993265E-03 0.43762334E+04
 0.72427420E-03 0.44808091E+04
 0.73890563E-03 0.45870200E+04
 0.75383246E-03 0.46948770E+04
 0.76906086E-03 0.48043892E+04
 0.78459689E-03 0.49155674E+04
 0.80044678E-03 0.50284238E+04
 0.81661687E-03 0.51429731E+04
 0.83311368E-03 0.52592305E+04
 0.84994361E-03 0.53772124E+04
 0.86711359E-03 0.54969355E+04
 0.88463066E-03 0.56184180E+04
 0.90250134E-03 0.57416802E+04
 0.92073303E-03 0.58667432E+04
 0.93933311E-03 0.59936289E+04
 0.95830887E-03 0.61223604E+04
 0.97766798E-03 0.62529609E+04
 0.99741819E-03 0.63854561E+04
 0.10175674E-02 0.65198716E+04
 0.10381236E-02 0.66562334E+04
 0.10590950E-02 0.67945708E+04
 0.10804901E-02 0.69349116E+04
 0.11023175E-02 0.70772837E+04
 0.11245857E-02 0.72217163E+04
 0.11473041E-02 0.73682397E+04
 0.11704812E-02 0.75168853E+04
 0.11941264E-02 0.76676846E+04
 0.12182494E-02 0.78206665E+04
 0.12428596E-02 0.79758628E+04
 0.12679670E-02 0.81333062E+04
 0.12935817E-02 0.82930283E+04
 0.13197137E-02 0.84550625E+04
 0.13463736E-02 0.86194385E+04
 0.13735722E-02 0.87861875E+04
 0.14013201E-02 0.89553408E+04
 0.14296286E-02 0.91269326E+04
 0.14585090E-02 0.93009932E+04
 0.14879731E-02 0.94775518E+04
 0.15180323E-02 0.96566387E+04
 0.15486985E-02 0.98382842E+04
 0.15799842E-02 0.10022519E+05
 0.16119020E-02 0.10209371E+05
 0.16444647E-02 0.10398868E+05
 0.16776850E-02 0.10591038E+05
 0.17115764E-02 0.10785906E+05
 0.17461524E-02 0.10983502E+05
 0.17814270E-02 0.11183848E+05
 0.18174142E-02 0.11386968E+05
 0.18541284E-02 0.11592883E+05
 0.18915841E-02 0.11801616E+05
 0.19297971E-02 0.12013189E+05
 0.19687817E-02 0.12227621E+05
 0.20085536E-02 0.12444929E+05
 0.20491290E-02 0.12665128E+05
 0.20905242E-02 0.12888235E+05
 0.21327557E-02 0.13114267E+05
 0.21758399E-02 0.13343232E+05
 0.22197948E-02 0.13575146E+05
 0.22646377E-02 0.13810014E+05
 0.23103864E-02 0.14047847E+05
 0.23570592E-02 0.14288652E+05
 0.24046749E-02 0.14532433E+05
 0.24532524E-02 0.14779190E+05
 0.25028118E-02 0.15028924E+05
 0.25533722E-02 0.15281630E+05
 0.26049537E-02 0.15537308E+05
 0.26575772E-02 0.15795948E+05
 0.27112637E-02 0.16057544E+05
 0.27660348E-02 0.16322083E+05
 0.28219123E-02 0.16589555E+05
 0.28789188E-02 0.16859943E+05
 0.29370766E-02 0.17133230E+05
 0.29964095E-02 0.17409395E+05
 0.30569409E-02 0.17688412E+05
 0.31186952E-02 0.17970258E+05
 0.31816978E-02 0.18254902E+05
 0.32459723E-02 0.18542314E+05
 0.33115451E-02 0.18832455E+05
 0.33784427E-02 0.19125287E+05
 0.34466919E-02 0.19420766E+05
 0.35163197E-02 0.19718848E+05
 0.35873537E-02 0.20019484E+05
 0.36598232E-02 0.20322619E+05
 0.37337563E-02 0.20628195E+05
 0.38091831E-02 0.20936154E+05
 0.38861334E-02 0.21246432E+05
 0.39646388E-02 0.21558957E+05
 0.40447293E-02 0.21873660E+05
 0.41264393E-02 0.22190465E+05
 0.42097992E-02 0.22509289E+05
 0.42948425E-02 0.22830051E+05
 0.43816040E-02 0.23152650E+05
 0.44701183E-02 0.23476984E+05
 0.45604203E-02 0.23802945E+05
 0.46525472E-02 0.24130420E+05
 0.47465344E-02 0.24459301E+05
 0.48424210E-02 0.24789492E+05
 0.49402444E-02 0.25120902E+05
 0.50400435E-02 0.25453432E+05
 0.51418589E-02 0.25786980E+05
 0.52457317E-02 0.26121422E+05
 0.53517036E-02 0.26456572E+05
 0.54598148E-02 0.26792230E+05
 0.55701104E-02 0.27128193E+05
 0.56826337E-02 0.27464244E+05
 0.57974309E-02 0.27800189E+05
 0.59145465E-02 0.28135871E+05
 0.60340283E-02 0.28471131E+05
 0.61559235E-02 0.28805809E+05
 0.62802811E-02 0.29139740E+05
 0.64071510E-02 0.29472742E+05
 0.65365843E-02 0.29804600E+05
 0.66686315E-02 0.30135086E+05
 0.68033468E-02 0.30463973E+05
 0.69407835E-02 0.30791025E+05
 0.70809964E-02 0.31116002E+05
 0.72240415E-02 0.31438652E+05
 0.73699774E-02 0.31758719E+05
 0.75188605E-02 0.32075943E+05
 0.76707508E-02 0.32390057E+05
 0.78257136E-02 0.32700787E+05
 0.79838037E-02 0.33007852E+05
 0.81450874E-02 0.33310953E+05
 0.83096288E-02 0.33609801E+05
 0.84774951E-02 0.33904102E+05
 0.86487513E-02 0.34193539E+05
 0.88234674E-02 0.34477785E+05
 0.90017123E-02 0.34756512E+05
 0.91835596E-02 0.35029383E+05
 0.93690790E-02 0.35296062E+05
 0.95583471E-02 0.35556203E+05
 0.97514391E-02 0.35809445E+05
 0.99484306E-02 0.36055426E+05
 0.10149402E-01 0.36293781E+05
 0.10354433E-01 0.36524152E+05
 0.10563606E-01 0.36746129E+05
 0.10777006E-01 0.36959281E+05
 0.10994715E-01 0.37163168E+05
 0.11216822E-01 0.37357348E+05
 0.11443418E-01 0.37541395E+05
 0.11674589E-01 0.37714949E+05
 0.11910431E-01 0.37877730E+05
 0.12151038E-01 0.38029465E+05
 0.12396505E-01 0.38169875E+05
 0.12646930E-01 0.38298676E+05
 0.12902415E-01 0.38415199E+05
 0.13163067E-01 0.38518492E+05
 0.13428980E-01 0.38607602E+05
 0.13700262E-01 0.38681582E+05
 0.13977026E-01 0.38739617E+05
 0.14259379E-01 0.38782316E+05
 0.14547437E-01 0.38811238E+05
 0.14841316E-01 0.38827973E+05
 0.15141129E-01 0.38834121E+05
 0.15447001E-01 0.38831016E+05
 0.15759049E-01 0.38817051E+05
 0.16077405E-01 0.38788941E+05
 0.16402189E-01 0.38743402E+05
 0.16733535E-01 0.38677188E+05
 0.17071573E-01 0.38587449E+05
 0.17416442E-01 0.38474504E+05
 0.17768279E-01 0.38340258E+05
 0.18127220E-01 0.38186652E+05
 0.18493414E-01 0.38015637E+05
 0.18867005E-01 0.37828797E+05
 0.19248145E-01 0.37625176E+05
 0.19636983E-01 0.37402695E+05
 0.20033674E-01 0.37159367E+05
 0.20438381E-01 0.36893293E+05
 0.20851264E-01 0.36603098E+05
 0.21272486E-01 0.36290191E+05
 0.21702228E-01 0.35957074E+05
 0.22140643E-01 0.35606203E+05
 0.22587912E-01 0.35239996E+05
 0.23044219E-01 0.34860562E+05
 0.23509743E-01 0.34468539E+05
 0.23984671E-01 0.34064090E+05
 0.24469191E-01 0.33647406E+05
 0.24963502E-01 0.33218707E+05
 0.25467798E-01 0.32778180E+05
 0.25982281E-01 0.32325783E+05
 0.26507158E-01 0.31861439E+05
 0.27042639E-01 0.31385121E+05
 0.27588934E-01 0.30896859E+05
 0.28146267E-01 0.30396959E+05
 0.28714858E-01 0.29886715E+05
 0.29294936E-01 0.29367646E+05
 0.29886734E-01 0.28841225E+05
 0.30490484E-01 0.28308869E+05
 0.31106433E-01 0.27772129E+05
 0.31734824E-01 0.27233170E+05
 0.32375909E-01 0.26694184E+05
 0.33029947E-01 0.26157221E+05
 0.33697195E-01 0.25624189E+05
 0.34377921E-01 0.25096707E+05
 0.35072401E-01 0.24575764E+05
 0.35780910E-01 0.24062176E+05
 0.36503751E-01 0.23556688E+05
 0.37241172E-01 0.23059979E+05
 0.37993494E-01 0.22573039E+05
 0.38761012E-01 0.22097830E+05
 0.39544035E-01 0.21636320E+05
 0.40342879E-01 0.21190297E+05
 0.41157857E-01 0.20761379E+05
 0.41989300E-01 0.20350496E+05
 0.42837542E-01 0.19957119E+05
 0.43702915E-01 0.19580537E+05
 0.44585772E-01 0.19220080E+05
 0.45486465E-01 0.18875111E+05
 0.46405349E-01 0.18545195E+05
 0.47342800E-01 0.18230137E+05
 0.48299186E-01 0.17929758E+05
 0.49274895E-01 0.17643889E+05
 0.50270312E-01 0.17372066E+05
 0.51285837E-01 0.17112809E+05
 0.52321881E-01 0.16864490E+05
 0.53378850E-01 0.16625578E+05
 0.54457176E-01 0.16394500E+05
 0.55557281E-01 0.16169350E+05
 0.56679614E-01 0.15948232E+05
 0.57824615E-01 0.15729347E+05
 0.58992747E-01 0.15510811E+05
 0.60184479E-01 0.15290576E+05
 0.61400317E-01 0.15066696E+05
 0.62640682E-01 0.14837058E+05
 0.63906111E-01 0.14598090E+05
 0.65197095E-01 0.14345925E+05
 0.66514164E-01 0.14077345E+05
 0.67857832E-01 0.13793208E+05
 0.69228657E-01 0.13496864E+05
 0.70627168E-01 0.13191145E+05
 0.72053924E-01 0.12873386E+05
 0.73509507E-01 0.12537527E+05
 0.74994497E-01 0.12179208E+05
 0.76509491E-01 0.11802496E+05
 0.78055084E-01 0.11414961E+05
 0.79631895E-01 0.11022708E+05
 0.81240565E-01 0.10628667E+05
 0.82881734E-01 0.10235041E+05
 0.84556051E-01 0.98449854E+04
 0.86264193E-01 0.94623887E+04
 0.88006847E-01 0.90908828E+04
 0.89784704E-01 0.87343271E+04
 0.91598473E-01 0.83961055E+04
 0.93448877E-01 0.80791992E+04
 0.95336676E-01 0.77865049E+04
 0.97262599E-01 0.75204541E+04
 0.99227436E-01 0.72820889E+04
 0.10123201E+00 0.70711724E+04
 0.10327702E+00 0.68870674E+04
 0.10536335E+00 0.67268560E+04
 0.10749183E+00 0.65870396E+04
 0.10966332E+00 0.64634150E+04
 0.11187866E+00 0.63507598E+04
 0.11413875E+00 0.62439912E+04
 0.11644451E+00 0.61378560E+04
 0.11879683E+00 0.60273804E+04
 0.12119669E+00 0.59082422E+04
 0.12364503E+00 0.57767100E+04
 0.12614281E+00 0.56303540E+04
 0.12869108E+00 0.54678062E+04
 0.13129081E+00 0.52893096E+04
 0.13394305E+00 0.50963682E+04
 0.13664888E+00 0.48919692E+04
 0.13940936E+00 0.46800620E+04
 0.14222562E+00 0.44658638E+04
 0.14509876E+00 0.42550039E+04
 0.14802995E+00 0.40537041E+04
 0.15102035E+00 0.38675002E+04
 0.15407117E+00 0.37007847E+04
 0.15718360E+00 0.35558042E+04
 0.16035892E+00 0.34326355E+04
 0.16359837E+00 0.33291526E+04
 0.16690327E+00 0.32420496E+04
 0.17027503E+00 0.31671536E+04
 0.17371480E+00 0.30997502E+04
 0.17722408E+00 0.30346365E+04
 0.18080424E+00 0.29661306E+04
 0.18445672E+00 0.28892102E+04
 0.18818299E+00 0.28006343E+04
 0.19198453E+00 0.26999856E+04
 0.19586287E+00 0.25896748E+04
 0.19981956E+00 0.24736943E+04
 0.20385619E+00 0.23566775E+04
 0.20797436E+00 0.22433201E+04
 0.21217570E+00 0.21380989E+04
 0.21646193E+00 0.20445724E+04
 0.22083476E+00 0.19644958E+04
 0.22529592E+00 0.18973483E+04
 0.22984719E+00 0.18405701E+04
 0.23449039E+00 0.17902900E+04
 0.23922741E+00 0.17420417E+04
 0.24406013E+00 0.16915648E+04
 0.24899045E+00 0.16358927E+04
 0.25402039E+00 0.15742273E+04
 0.25915194E+00 0.15079092E+04
 0.26438716E+00 0.14396631E+04
 0.26972812E+00 0.13728267E+04
 0.27517700E+00 0.13106542E+04
 0.28073606E+00 0.12553956E+04
 0.28640729E+00 0.12075104E+04
 0.29219311E+00 0.11656938E+04
 0.29809579E+00 0.11275515E+04
 0.30411756E+00 0.10903446E+04
 0.31026131E+00 0.10517673E+04
 0.31652883E+00 0.10108005E+04
 0.32292327E+00 0.96805688E+03
 0.32944661E+00 0.92526099E+03
 0.33610201E+00 0.88436786E+03
 0.34289157E+00 0.84684180E+03
 0.34981859E+00 0.81314166E+03
 0.35688522E+00 0.78257703E+03
 0.36409497E+00 0.75376416E+03
 0.37145033E+00 0.72530853E+03
 0.37895393E+00 0.69635242E+03
 0.38660949E+00 0.66700970E+03
 0.39441931E+00 0.63819397E+03
 0.40238729E+00 0.61079169E+03
 0.41051584E+00 0.58534729E+03
 0.41880903E+00 0.56183691E+03
 0.42726934E+00 0.53958777E+03
 0.43590093E+00 0.51792218E+03
 0.44470647E+00 0.49648730E+03
 0.45369038E+00 0.47535046E+03
 0.46285531E+00 0.45497018E+03
 0.47220579E+00 0.43569485E+03
 0.48174477E+00 0.41753503E+03
 0.49147689E+00 0.40028870E+03
 0.50140512E+00 0.38360568E+03
 0.51153439E+00 0.36734116E+03
 0.52186781E+00 0.35159027E+03
 0.53241050E+00 0.33649524E+03
 0.54316562E+00 0.32216348E+03
 0.55413854E+00 0.30849658E+03
 0.56533259E+00 0.29535260E+03
 0.57675338E+00 0.28264905E+03
 0.58840430E+00 0.27042926E+03
 0.60029107E+00 0.25873080E+03
 0.61241806E+00 0.24754739E+03
 0.62478942E+00 0.23684056E+03
 0.63741130E+00 0.22657507E+03
 0.65028751E+00 0.21672762E+03
 0.66342449E+00 0.20728281E+03
 0.67682624E+00 0.19822589E+03
 0.69049937E+00 0.18954256E+03
 0.70444804E+00 0.18121893E+03
 0.71867913E+00 0.17324152E+03
 0.73319703E+00 0.16559727E+03
 0.74800897E+00 0.15827357E+03
 0.76311934E+00 0.15125815E+03
 0.77853578E+00 0.14453915E+03
 0.79426283E+00 0.13810510E+03
 0.81030840E+00 0.13194492E+03
 0.82667732E+00 0.12604787E+03
 0.84337759E+00 0.12040358E+03
 0.86041462E+00 0.11500204E+03
 0.87779653E+00 0.10983357E+03
 0.89552867E+00 0.10488881E+03
 0.91362000E+00 0.10015856E+03
 0.93207598E+00 0.95633957E+02
 0.95090556E+00 0.91306465E+02
 0.97011465E+00 0.87167885E+02
 0.98971266E+00 0.83210335E+02
 0.10097067E+01 0.79426247E+02
 0.10301036E+01 0.75808342E+02
 0.10509136E+01 0.72349655E+02
 0.10721428E+01 0.69043472E+02
 0.10938021E+01 0.65883347E+02
 0.11158978E+01 0.62863102E+02
 0.11384410E+01 0.59976807E+02
 0.11614385E+01 0.57218758E+02
 0.11849015E+01 0.54583488E+02
 0.12088375E+01 0.52065758E+02
 0.12332582E+01 0.49660526E+02
 0.12581712E+01 0.47362957E+02
 0.12835884E+01 0.45168373E+02
 0.13095180E+01 0.43072311E+02
 0.13359727E+01 0.41070477E+02
 0.13629605E+01 0.39158772E+02
 0.13904947E+01 0.37333256E+02
 0.14185839E+01 0.35590176E+02
 0.14472418E+01 0.33925915E+02
 0.14764773E+01 0.32337025E+02
 0.15063047E+01 0.30820202E+02
 0.15367334E+01 0.29372278E+02
 0.15677782E+01 0.27990221E+02
 0.15994486E+01 0.26671133E+02
 0.16317604E+01 0.25412233E+02
 0.16647232E+01 0.24210865E+02
 0.16983536E+01 0.23064480E+02
 0.17326634E+01 0.21970650E+02
 0.17676648E+01 0.20927099E+02
 0.18033748E+01 0.19931692E+02
 0.18398044E+01 0.18982367E+02
 0.18769718E+01 0.18077137E+02
 0.19148883E+01 0.17214090E+02
 0.19535724E+01 0.16391386E+02
 0.19930363E+01 0.15607258E+02
 0.20332992E+01 0.14860002E+02
 0.20743735E+01 0.14147982E+02
 0.21162796E+01 0.13469626E+02
 0.21590302E+01 0.12823428E+02
 0.22026465E+01 0.12207937E+02
 0.22471418E+01 0.11621764E+02
 0.22925382E+01 0.11063575E+02
 0.23388493E+01 0.10532093E+02
 0.23860984E+01 0.10026092E+02
