#           k/h    P           
 0.99999997E-04 0.15264517E+03
 0.10202013E-03 0.15575032E+03
 0.10408108E-03 0.15892445E+03
 0.10618366E-03 0.16216945E+03
 0.10832871E-03 0.16548721E+03
 0.11051710E-03 0.16887973E+03
 0.11274968E-03 0.17234911E+03
 0.11502737E-03 0.17589749E+03
 0.11735109E-03 0.17952710E+03
 0.11972173E-03 0.18324025E+03
 0.12214028E-03 0.18703934E+03
 0.12460767E-03 0.19092686E+03
 0.12712492E-03 0.19490543E+03
 0.12969300E-03 0.19897769E+03
 0.13231297E-03 0.20314645E+03
 0.13498588E-03 0.20741460E+03
 0.13771278E-03 0.21178517E+03
 0.14049475E-03 0.21626132E+03
 0.14333293E-03 0.22084631E+03
 0.14622846E-03 0.22554352E+03
 0.14918247E-03 0.23035649E+03
 0.15219615E-03 0.23528891E+03
 0.15527071E-03 0.24034465E+03
 0.15840739E-03 0.24552768E+03
 0.16160744E-03 0.25084213E+03
 0.16487212E-03 0.25629239E+03
 0.16820275E-03 0.26188293E+03
 0.17160067E-03 0.26761856E+03
 0.17506724E-03 0.27350412E+03
 0.17860383E-03 0.27954474E+03
 0.18221186E-03 0.28574579E+03
 0.18589280E-03 0.29211282E+03
 0.18964807E-03 0.29865170E+03
 0.19347922E-03 0.30536847E+03
 0.19738778E-03 0.31226944E+03
 0.20137527E-03 0.31936124E+03
 0.20544330E-03 0.32665079E+03
 0.20959355E-03 0.33414526E+03
 0.21382760E-03 0.34185220E+03
 0.21814722E-03 0.34977942E+03
 0.22255408E-03 0.35793515E+03
 0.22704997E-03 0.36632788E+03
 0.23163669E-03 0.37496661E+03
 0.23631606E-03 0.38386060E+03
 0.24108996E-03 0.39301959E+03
 0.24596031E-03 0.40245367E+03
 0.25092901E-03 0.41217349E+03
 0.25599814E-03 0.42219003E+03
 0.26116965E-03 0.43251483E+03
 0.26644560E-03 0.44315991E+03
 0.27182818E-03 0.45413779E+03
 0.27731949E-03 0.46546149E+03
 0.28292168E-03 0.47714462E+03
 0.28863709E-03 0.48920139E+03
 0.29446793E-03 0.50164667E+03
 0.30041661E-03 0.51449573E+03
 0.30648540E-03 0.52776459E+03
 0.31267683E-03 0.54146991E+03
 0.31899329E-03 0.55562909E+03
 0.32543740E-03 0.57026025E+03
 0.33201167E-03 0.58538208E+03
 0.33871876E-03 0.60101392E+03
 0.34556136E-03 0.61717603E+03
 0.35254212E-03 0.63388959E+03
 0.35966394E-03 0.65117657E+03
 0.36692963E-03 0.66905939E+03
 0.37434211E-03 0.68756128E+03
 0.38190430E-03 0.70670654E+03
 0.38961932E-03 0.72652045E+03
 0.39749016E-03 0.74702930E+03
 0.40552000E-03 0.76825964E+03
 0.41371203E-03 0.79023895E+03
 0.42206954E-03 0.81299585E+03
 0.43059592E-03 0.83656024E+03
 0.43929456E-03 0.86096277E+03
 0.44816890E-03 0.88623444E+03
 0.45722249E-03 0.91240710E+03
 0.46645897E-03 0.93951398E+03
 0.47588209E-03 0.96758936E+03
 0.48549555E-03 0.99666846E+03
 0.49530319E-03 0.10267865E+04
 0.50530903E-03 0.10579796E+04
 0.51551696E-03 0.10902852E+04
 0.52593107E-03 0.11237417E+04
 0.53655554E-03 0.11583884E+04
 0.54739468E-03 0.11942643E+04
 0.55845280E-03 0.12314092E+04
 0.56973431E-03 0.12698641E+04
 0.58124372E-03 0.13096710E+04
 0.59298560E-03 0.13508719E+04
 0.60496473E-03 0.13935089E+04
 0.61718578E-03 0.14376244E+04
 0.62965375E-03 0.14832615E+04
 0.64237369E-03 0.15304641E+04
 0.65535045E-03 0.15792759E+04
 0.66858943E-03 0.16297402E+04
 0.68209582E-03 0.16819005E+04
 0.69587503E-03 0.17358004E+04
 0.70993265E-03 0.17914836E+04
 0.72427420E-03 0.18489937E+04
 0.73890563E-03 0.19083730E+04
 0.75383246E-03 0.19696644E+04
 0.76906086E-03 0.20329094E+04
 0.78459689E-03 0.20981497E+04
 0.80044678E-03 0.21654258E+04
 0.81661687E-03 0.22347776E+04
 0.83311368E-03 0.23062444E+04
 0.84994361E-03 0.23798640E+04
 0.86711359E-03 0.24556726E+04
 0.88463066E-03 0.25337065E+04
 0.90250134E-03 0.26140002E+04
 0.92073303E-03 0.26965879E+04
 0.93933311E-03 0.27815005E+04
 0.95830887E-03 0.28687678E+04
 0.97766798E-03 0.29584189E+04
 0.99741819E-03 0.30504822E+04
 0.10175674E-02 0.31449836E+04
 0.10381236E-02 0.32419473E+04
 0.10590950E-02 0.33413943E+04
 0.10804901E-02 0.34433455E+04
 0.11023175E-02 0.35478213E+04
 0.11245857E-02 0.36548398E+04
 0.11473041E-02 0.37644160E+04
 0.11704812E-02 0.38765623E+04
 0.11941264E-02 0.39912910E+04
 0.12182494E-02 0.41086147E+04
 0.12428596E-02 0.42285430E+04
 0.12679670E-02 0.43510830E+04
 0.12935817E-02 0.44762383E+04
 0.13197137E-02 0.46040142E+04
 0.13463736E-02 0.47344155E+04
 0.13735722E-02 0.48674443E+04
 0.14013201E-02 0.50031001E+04
 0.14296286E-02 0.51413799E+04
 0.14585090E-02 0.52822817E+04
 0.14879731E-02 0.54258047E+04
 0.15180323E-02 0.55719448E+04
 0.15486985E-02 0.57206958E+04
 0.15799842E-02 0.58720493E+04
 0.16119020E-02 0.60259985E+04
 0.16444647E-02 0.61825352E+04
 0.16776850E-02 0.63416509E+04
 0.17115764E-02 0.65033330E+04
 0.17461524E-02 0.66675688E+04
 0.17814270E-02 0.68343462E+04
 0.18174142E-02 0.70036548E+04
 0.18541284E-02 0.71754810E+04
 0.18915841E-02 0.73498110E+04
 0.19297971E-02 0.75266294E+04
 0.19687817E-02 0.77059219E+04
 0.20085536E-02 0.78876748E+04
 0.20491290E-02 0.80718735E+04
 0.20905242E-02 0.82585029E+04
 0.21327557E-02 0.84475469E+04
 0.21758399E-02 0.86389932E+04
 0.22197948E-02 0.88328340E+04
 0.22646377E-02 0.90290605E+04
 0.23103864E-02 0.92276641E+04
 0.23570592E-02 0.94286318E+04
 0.24046749E-02 0.96319395E+04
 0.24532524E-02 0.98375566E+04
 0.25028118E-02 0.10045450E+05
 0.25533722E-02 0.10255585E+05
 0.26049537E-02 0.10467928E+05
 0.26575772E-02 0.10682456E+05
 0.27112637E-02 0.10899152E+05
 0.27660348E-02 0.11117998E+05
 0.28219123E-02 0.11338977E+05
 0.28789188E-02 0.11562068E+05
 0.29370766E-02 0.11787244E+05
 0.29964095E-02 0.12014473E+05
 0.30569409E-02 0.12243723E+05
 0.31186952E-02 0.12474959E+05
 0.31816978E-02 0.12708148E+05
 0.32459723E-02 0.12943255E+05
 0.33115451E-02 0.13180242E+05
 0.33784427E-02 0.13419071E+05
 0.34466919E-02 0.13659705E+05
 0.35163197E-02 0.13902102E+05
 0.35873537E-02 0.14146216E+05
 0.36598232E-02 0.14391999E+05
 0.37337563E-02 0.14639403E+05
 0.38091831E-02 0.14888377E+05
 0.38861334E-02 0.15138869E+05
 0.39646388E-02 0.15390822E+05
 0.40447293E-02 0.15644176E+05
 0.41264393E-02 0.15898871E+05
 0.42097992E-02 0.16154845E+05
 0.42948425E-02 0.16412031E+05
 0.43816040E-02 0.16670354E+05
 0.44701183E-02 0.16929734E+05
 0.45604203E-02 0.17190086E+05
 0.46525472E-02 0.17451330E+05
 0.47465344E-02 0.17713379E+05
 0.48424210E-02 0.17976164E+05
 0.49402444E-02 0.18239611E+05
 0.50400435E-02 0.18503646E+05
 0.51418589E-02 0.18768197E+05
 0.52457317E-02 0.19033164E+05
 0.53517036E-02 0.19298414E+05
 0.54598148E-02 0.19563795E+05
 0.55701104E-02 0.19829158E+05
 0.56826337E-02 0.20094344E+05
 0.57974309E-02 0.20359207E+05
 0.59145465E-02 0.20623633E+05
 0.60340283E-02 0.20887500E+05
 0.61559235E-02 0.21150691E+05
 0.62802811E-02 0.21413088E+05
 0.64071510E-02 0.21674551E+05
 0.65365843E-02 0.21934922E+05
 0.66686315E-02 0.22194035E+05
 0.68033468E-02 0.22451717E+05
 0.69407835E-02 0.22707799E+05
 0.70809964E-02 0.22962102E+05
 0.72240415E-02 0.23214436E+05
 0.73699774E-02 0.23464615E+05
 0.75188605E-02 0.23712445E+05
 0.76707508E-02 0.23957729E+05
 0.78257136E-02 0.24200266E+05
 0.79838037E-02 0.24439842E+05
 0.81450874E-02 0.24676244E+05
 0.83096288E-02 0.24909254E+05
 0.84774951E-02 0.25138650E+05
 0.86487513E-02 0.25364203E+05
 0.88234674E-02 0.25585672E+05
 0.90017123E-02 0.25802809E+05
 0.91835596E-02 0.26015365E+05
 0.93690790E-02 0.26223096E+05
 0.95583471E-02 0.26425740E+05
 0.97514391E-02 0.26623031E+05
 0.99484306E-02 0.26814699E+05
 0.10149402E-01 0.27000479E+05
 0.10354433E-01 0.27180098E+05
 0.10563606E-01 0.27353258E+05
 0.10777006E-01 0.27519633E+05
 0.10994715E-01 0.27678898E+05
 0.11216822E-01 0.27830727E+05
 0.11443418E-01 0.27974801E+05
 0.11674589E-01 0.28110854E+05
 0.11910431E-01 0.28238678E+05
 0.12151038E-01 0.28358066E+05
 0.12396505E-01 0.28468818E+05
 0.12646930E-01 0.28570721E+05
 0.12902415E-01 0.28663277E+05
 0.13163067E-01 0.28745777E+05
 0.13428980E-01 0.28817510E+05
 0.13700262E-01 0.28877771E+05
 0.13977026E-01 0.28925953E+05
 0.14259379E-01 0.28962510E+05
 0.14547437E-01 0.28988605E+05
 0.14841316E-01 0.29005430E+05
 0.15141129E-01 0.29014188E+05
 0.15447001E-01 0.29015869E+05
 0.15759049E-01 0.29009283E+05
 0.16077405E-01 0.28991977E+05
 0.16402189E-01 0.28961494E+05
 0.16733535E-01 0.28915410E+05
 0.17071573E-01 0.28851602E+05
 0.17416442E-01 0.28770297E+05
 0.17768279E-01 0.28672930E+05
 0.18127220E-01 0.28560949E+05
 0.18493414E-01 0.28435812E+05
 0.18867005E-01 0.28298715E+05
 0.19248145E-01 0.28148934E+05
 0.19636983E-01 0.27984924E+05
 0.20033674E-01 0.27805195E+05
 0.20438381E-01 0.27608330E+05
 0.20851264E-01 0.27393297E+05
 0.21272486E-01 0.27161160E+05
 0.21702228E-01 0.26913787E+05
 0.22140643E-01 0.26653018E+05
 0.22587912E-01 0.26380668E+05
 0.23044219E-01 0.26098314E+05
 0.23509743E-01 0.25806441E+05
 0.23984671E-01 0.25505176E+05
 0.24469191E-01 0.25194658E+05
 0.24963502E-01 0.24875057E+05
 0.25467798E-01 0.24546516E+05
 0.25982281E-01 0.24209006E+05
 0.26507158E-01 0.23862471E+05
 0.27042639E-01 0.23506893E+05
 0.27588934E-01 0.23142295E+05
 0.28146267E-01 0.22768910E+05
 0.28714858E-01 0.22387709E+05
 0.29294936E-01 0.21999834E+05
 0.29886734E-01 0.21606389E+05
 0.30490484E-01 0.21208438E+05
 0.31106433E-01 0.20807145E+05
 0.31734824E-01 0.20404133E+05
 0.32375909E-01 0.20001051E+05
 0.33029947E-01 0.19599432E+05
 0.33697195E-01 0.19200711E+05
 0.34377921E-01 0.18806098E+05
 0.35072401E-01 0.18416344E+05
 0.35780910E-01 0.18032061E+05
 0.36503751E-01 0.17653812E+05
 0.37241172E-01 0.17282109E+05
 0.37993494E-01 0.16917695E+05
 0.38761012E-01 0.16562037E+05
 0.39544035E-01 0.16216610E+05
 0.40342879E-01 0.15882750E+05
 0.41157857E-01 0.15561672E+05
 0.41989300E-01 0.15254069E+05
 0.42837542E-01 0.14959558E+05
 0.43702915E-01 0.14677613E+05
 0.44585772E-01 0.14407741E+05
 0.45486465E-01 0.14149473E+05
 0.46405349E-01 0.13902485E+05
 0.47342800E-01 0.13666627E+05
 0.48299186E-01 0.13441762E+05
 0.49274895E-01 0.13227759E+05
 0.50270312E-01 0.13024269E+05
 0.51285837E-01 0.12830183E+05
 0.52321881E-01 0.12644285E+05
 0.53378850E-01 0.12465426E+05
 0.54457176E-01 0.12292431E+05
 0.55557281E-01 0.12123871E+05
 0.56679614E-01 0.11958325E+05
 0.57824615E-01 0.11794441E+05
 0.58992747E-01 0.11630810E+05
 0.60184479E-01 0.11465895E+05
 0.61400317E-01 0.11298237E+05
 0.62640682E-01 0.11126254E+05
 0.63906111E-01 0.10947265E+05
 0.65197095E-01 0.10758369E+05
 0.66514164E-01 0.10557155E+05
 0.67857832E-01 0.10344263E+05
 0.69228657E-01 0.10122206E+05
 0.70627168E-01 0.98931074E+04
 0.72053924E-01 0.96549688E+04
 0.73509507E-01 0.94032461E+04
 0.74994497E-01 0.91346650E+04
 0.76509491E-01 0.88522783E+04
 0.78055084E-01 0.85617617E+04
 0.79631895E-01 0.82676953E+04
 0.81240565E-01 0.79722739E+04
 0.82881734E-01 0.76771528E+04
 0.84556051E-01 0.73846992E+04
 0.86264193E-01 0.70978291E+04
 0.88006847E-01 0.68192676E+04
 0.89784704E-01 0.65519102E+04
 0.91598473E-01 0.62982944E+04
 0.93448877E-01 0.60606597E+04
 0.95336676E-01 0.58411787E+04
 0.97262599E-01 0.56416777E+04
 0.99227436E-01 0.54629395E+04
 0.10123201E+00 0.53047861E+04
 0.10327702E+00 0.51667412E+04
 0.10536335E+00 0.50466167E+04
 0.10749183E+00 0.49417871E+04
 0.10966332E+00 0.48491016E+04
 0.11187866E+00 0.47646416E+04
 0.11413875E+00 0.46845952E+04
 0.11644451E+00 0.46050200E+04
 0.11879683E+00 0.45221846E+04
 0.12119669E+00 0.44328457E+04
 0.12364503E+00 0.43342051E+04
 0.12614281E+00 0.42244385E+04
 0.12869108E+00 0.41025190E+04
 0.13129081E+00 0.39686289E+04
 0.13394305E+00 0.38238965E+04
 0.13664888E+00 0.36705632E+04
 0.13940936E+00 0.35115928E+04
 0.14222562E+00 0.33508994E+04
 0.14509876E+00 0.31927080E+04
 0.14802995E+00 0.30416865E+04
 0.15102035E+00 0.29019900E+04
 0.15407117E+00 0.27769138E+04
 0.15718360E+00 0.26681440E+04
 0.16035892E+00 0.25757397E+04
 0.16359837E+00 0.24981055E+04
 0.16690327E+00 0.24327607E+04
 0.17027503E+00 0.23765742E+04
 0.17371480E+00 0.23260093E+04
 0.17722408E+00 0.22771614E+04
 0.18080424E+00 0.22257676E+04
 0.18445672E+00 0.21680581E+04
 0.18818299E+00 0.21016016E+04
 0.19198453E+00 0.20260841E+04
 0.19586287E+00 0.19433151E+04
 0.19981956E+00 0.18562906E+04
 0.20385619E+00 0.17684880E+04
 0.20797436E+00 0.16834297E+04
 0.21217570E+00 0.16044762E+04
 0.21646193E+00 0.15342983E+04
 0.22083476E+00 0.14742130E+04
 0.22529592E+00 0.14238296E+04
 0.22984719E+00 0.13812273E+04
 0.23449039E+00 0.13435015E+04
 0.23922741E+00 0.13072999E+04
 0.24406013E+00 0.12694258E+04
 0.24899045E+00 0.12276525E+04
 0.25402039E+00 0.11813811E+04
 0.25915194E+00 0.11316177E+04
 0.26438716E+00 0.10804067E+04
 0.26972812E+00 0.10302533E+04
 0.27517700E+00 0.98359943E+03
 0.28073606E+00 0.94213373E+03
 0.28640729E+00 0.90620050E+03
 0.29219311E+00 0.87482172E+03
 0.29809579E+00 0.84619965E+03
 0.30411756E+00 0.81827917E+03
 0.31026131E+00 0.78932996E+03
 0.31652883E+00 0.75858710E+03
 0.32292327E+00 0.72651044E+03
 0.32944661E+00 0.69439429E+03
 0.33610201E+00 0.66370599E+03
 0.34289157E+00 0.63554449E+03
 0.34981859E+00 0.61025427E+03
 0.35688522E+00 0.58731708E+03
 0.36409497E+00 0.56569452E+03
 0.37145033E+00 0.54434015E+03
 0.37895393E+00 0.52260999E+03
 0.38660949E+00 0.50058975E+03
 0.39441931E+00 0.47896463E+03
 0.40238729E+00 0.45840036E+03
 0.41051584E+00 0.43930511E+03
 0.41880903E+00 0.42166156E+03
 0.42726934E+00 0.40496423E+03
 0.43590093E+00 0.38870474E+03
 0.44470647E+00 0.37261844E+03
 0.45369038E+00 0.35675574E+03
 0.46285531E+00 0.34146057E+03
 0.47220579E+00 0.32699460E+03
 0.48174477E+00 0.31336584E+03
 0.49147689E+00 0.30042249E+03
 0.50140512E+00 0.28790198E+03
 0.51153439E+00 0.27569553E+03
 0.52186781E+00 0.26387448E+03
 0.53241050E+00 0.25254578E+03
 0.54316562E+00 0.24178987E+03
 0.55413854E+00 0.23153290E+03
 0.56533259E+00 0.22166837E+03
 0.57675338E+00 0.21213438E+03
 0.58840430E+00 0.20296342E+03
 0.60029107E+00 0.19418367E+03
 0.61241806E+00 0.18579039E+03
 0.62478942E+00 0.17775478E+03
 0.63741130E+00 0.17005037E+03
 0.65028751E+00 0.16265971E+03
 0.66342449E+00 0.15557123E+03
 0.67682624E+00 0.14877388E+03
 0.69049937E+00 0.14225690E+03
 0.70444804E+00 0.13600987E+03
 0.71867913E+00 0.13002271E+03
 0.73319703E+00 0.12428557E+03
 0.74800897E+00 0.11878900E+03
 0.76311934E+00 0.11352379E+03
 0.77853578E+00 0.10848106E+03
 0.79426283E+00 0.10365218E+03
 0.81030840E+00 0.99028831E+02
 0.82667732E+00 0.94602966E+02
 0.84337759E+00 0.90366806E+02
 0.86041462E+00 0.86312820E+02
 0.87779653E+00 0.82433762E+02
 0.89552867E+00 0.78722595E+02
 0.91362000E+00 0.75172424E+02
 0.93207598E+00 0.71776588E+02
 0.95090556E+00 0.68528694E+02
 0.97011465E+00 0.65422569E+02
 0.98971266E+00 0.62452312E+02
 0.10097067E+01 0.59612244E+02
 0.10301036E+01 0.56896904E+02
 0.10509136E+01 0.54301052E+02
 0.10721428E+01 0.51819656E+02
 0.10938021E+01 0.49447884E+02
 0.11158978E+01 0.47181095E+02
 0.11384410E+01 0.45014832E+02
 0.11614385E+01 0.42944828E+02
 0.11849015E+01 0.40966972E+02
 0.12088375E+01 0.39077328E+02
 0.12332582E+01 0.37272121E+02
 0.12581712E+01 0.35547714E+02
 0.12835884E+01 0.33900608E+02
 0.13095180E+01 0.32327438E+02
 0.13359727E+01 0.30824991E+02
 0.13629605E+01 0.29390186E+02
 0.13904947E+01 0.28020075E+02
 0.14185839E+01 0.26711828E+02
 0.14472418E+01 0.25462740E+02
 0.14764773E+01 0.24270222E+02
 0.15063047E+01 0.23131788E+02
 0.15367334E+01 0.22045069E+02
 0.15677782E+01 0.21007784E+02
 0.15994486E+01 0.20017757E+02
 0.16317604E+01 0.19072906E+02
 0.16647232E+01 0.18171232E+02
 0.16983536E+01 0.17310827E+02
 0.17326634E+01 0.16489864E+02
 0.17676648E+01 0.15706640E+02
 0.18033748E+01 0.14959548E+02
 0.18398044E+01 0.14247042E+02
 0.18769718E+01 0.13567631E+02
 0.19148883E+01 0.12919880E+02
 0.19535724E+01 0.12302409E+02
 0.19930363E+01 0.11713889E+02
 0.20332992E+01 0.11153043E+02
 0.20743735E+01 0.10618644E+02
 0.21162796E+01 0.10109510E+02
 0.21590302E+01 0.96245127E+01
 0.22026465E+01 0.91625614E+01
 0.22471418E+01 0.87226152E+01
 0.22925382E+01 0.83036718E+01
 0.23388493E+01 0.79047728E+01
 0.23860984E+01 0.75249982E+01
