#           k/h    P           
 0.99999997E-04 0.32646051E+03
 0.10202013E-03 0.33293793E+03
 0.10408108E-03 0.33954974E+03
 0.10618366E-03 0.34629916E+03
 0.10832871E-03 0.35318933E+03
 0.11051710E-03 0.36022357E+03
 0.11274968E-03 0.36740530E+03
 0.11502737E-03 0.37473807E+03
 0.11735109E-03 0.38222540E+03
 0.11972173E-03 0.38987106E+03
 0.12214028E-03 0.39767889E+03
 0.12460767E-03 0.40565283E+03
 0.12712492E-03 0.41379694E+03
 0.12969300E-03 0.42211542E+03
 0.13231297E-03 0.43061258E+03
 0.13498588E-03 0.43929288E+03
 0.13771278E-03 0.44816095E+03
 0.14049475E-03 0.45722156E+03
 0.14333293E-03 0.46647955E+03
 0.14622846E-03 0.47594000E+03
 0.14918247E-03 0.48560812E+03
 0.15219615E-03 0.49548932E+03
 0.15527071E-03 0.50558914E+03
 0.15840739E-03 0.51591339E+03
 0.16160744E-03 0.52646790E+03
 0.16487212E-03 0.53725891E+03
 0.16820275E-03 0.54829266E+03
 0.17160067E-03 0.55957581E+03
 0.17506724E-03 0.57111499E+03
 0.17860383E-03 0.58291730E+03
 0.18221186E-03 0.59498993E+03
 0.18589280E-03 0.60734039E+03
 0.18964807E-03 0.61997638E+03
 0.19347922E-03 0.63290594E+03
 0.19738778E-03 0.64613721E+03
 0.20137527E-03 0.65967883E+03
 0.20544330E-03 0.67353961E+03
 0.20959355E-03 0.68772870E+03
 0.21382760E-03 0.70225549E+03
 0.21814722E-03 0.71712982E+03
 0.22255408E-03 0.73236169E+03
 0.22704997E-03 0.74796155E+03
 0.23163669E-03 0.76394025E+03
 0.23631606E-03 0.78030878E+03
 0.24108996E-03 0.79707880E+03
 0.24596031E-03 0.81426208E+03
 0.25092901E-03 0.83187097E+03
 0.25599814E-03 0.84991803E+03
 0.26116965E-03 0.86841644E+03
 0.26644560E-03 0.88737970E+03
 0.27182818E-03 0.90682172E+03
 0.27731949E-03 0.92675677E+03
 0.28292168E-03 0.94719971E+03
 0.28863709E-03 0.96816577E+03
 0.29446793E-03 0.98967078E+03
 0.30041661E-03 0.10117308E+04
 0.30648540E-03 0.10343624E+04
 0.31267683E-03 0.10575829E+04
 0.31899329E-03 0.10814097E+04
 0.32543740E-03 0.11058611E+04
 0.33201167E-03 0.11309556E+04
 0.33871876E-03 0.11567122E+04
 0.34556136E-03 0.11831501E+04
 0.35254212E-03 0.12102899E+04
 0.35966394E-03 0.12381521E+04
 0.36692963E-03 0.12667573E+04
 0.37434211E-03 0.12961271E+04
 0.38190430E-03 0.13262831E+04
 0.38961932E-03 0.13572479E+04
 0.39749016E-03 0.13890448E+04
 0.40552000E-03 0.14216965E+04
 0.41371203E-03 0.14552266E+04
 0.42206954E-03 0.14896591E+04
 0.43059592E-03 0.15250186E+04
 0.43929456E-03 0.15613303E+04
 0.44816890E-03 0.15986189E+04
 0.45722249E-03 0.16369098E+04
 0.46645897E-03 0.16762284E+04
 0.47588209E-03 0.17166012E+04
 0.48549555E-03 0.17580547E+04
 0.49530319E-03 0.18006147E+04
 0.50530903E-03 0.18443077E+04
 0.51551696E-03 0.18891604E+04
 0.52593107E-03 0.19351998E+04
 0.53655554E-03 0.19824530E+04
 0.54739468E-03 0.20309467E+04
 0.55845280E-03 0.20807073E+04
 0.56973431E-03 0.21317617E+04
 0.58124372E-03 0.21841370E+04
 0.59298560E-03 0.22378601E+04
 0.60496473E-03 0.22929568E+04
 0.61718578E-03 0.23494534E+04
 0.62965375E-03 0.24073755E+04
 0.64237369E-03 0.24667490E+04
 0.65535045E-03 0.25275999E+04
 0.66858943E-03 0.25899526E+04
 0.68209582E-03 0.26538315E+04
 0.69587503E-03 0.27192612E+04
 0.70993265E-03 0.27862651E+04
 0.72427420E-03 0.28548669E+04
 0.73890563E-03 0.29250896E+04
 0.75383246E-03 0.29969551E+04
 0.76906086E-03 0.30704854E+04
 0.78459689E-03 0.31457014E+04
 0.80044678E-03 0.32226240E+04
 0.81661687E-03 0.33012734E+04
 0.83311368E-03 0.33816697E+04
 0.84994361E-03 0.34638313E+04
 0.86711359E-03 0.35477764E+04
 0.88463066E-03 0.36335227E+04
 0.90250134E-03 0.37210881E+04
 0.92073303E-03 0.38104895E+04
 0.93933311E-03 0.39017432E+04
 0.95830887E-03 0.39948640E+04
 0.97766798E-03 0.40898669E+04
 0.99741819E-03 0.41867681E+04
 0.10175674E-02 0.42855811E+04
 0.10381236E-02 0.43863198E+04
 0.10590950E-02 0.44889971E+04
 0.10804901E-02 0.45936255E+04
 0.11023175E-02 0.47002183E+04
 0.11245857E-02 0.48087881E+04
 0.11473041E-02 0.49193462E+04
 0.11704812E-02 0.50319033E+04
 0.11941264E-02 0.51464707E+04
 0.12182494E-02 0.52630596E+04
 0.12428596E-02 0.53816816E+04
 0.12679670E-02 0.55023462E+04
 0.12935817E-02 0.56250635E+04
 0.13197137E-02 0.57498428E+04
 0.13463736E-02 0.58766948E+04
 0.13735722E-02 0.60056294E+04
 0.14013201E-02 0.61366558E+04
 0.14296286E-02 0.62697817E+04
 0.14585090E-02 0.64050171E+04
 0.14879731E-02 0.65423706E+04
 0.15180323E-02 0.66818521E+04
 0.15486985E-02 0.68234688E+04
 0.15799842E-02 0.69672285E+04
 0.16119020E-02 0.71131392E+04
 0.16444647E-02 0.72612090E+04
 0.16776850E-02 0.74114458E+04
 0.17115764E-02 0.75638560E+04
 0.17461524E-02 0.77184458E+04
 0.17814270E-02 0.78752212E+04
 0.18174142E-02 0.80341890E+04
 0.18541284E-02 0.81953545E+04
 0.18915841E-02 0.83587236E+04
 0.19297971E-02 0.85242988E+04
 0.19687817E-02 0.86920859E+04
 0.20085536E-02 0.88620889E+04
 0.20491290E-02 0.90343096E+04
 0.20905242E-02 0.92087520E+04
 0.21327557E-02 0.93854180E+04
 0.21758399E-02 0.95643096E+04
 0.22197948E-02 0.97454268E+04
 0.22646377E-02 0.99287705E+04
 0.23103864E-02 0.10114341E+05
 0.23570592E-02 0.10302136E+05
 0.24046749E-02 0.10492152E+05
 0.24532524E-02 0.10684384E+05
 0.25028118E-02 0.10878822E+05
 0.25533722E-02 0.11075459E+05
 0.26049537E-02 0.11274286E+05
 0.26575772E-02 0.11475293E+05
 0.27112637E-02 0.11678470E+05
 0.27660348E-02 0.11883805E+05
 0.28219123E-02 0.12091285E+05
 0.28789188E-02 0.12300897E+05
 0.29370766E-02 0.12512623E+05
 0.29964095E-02 0.12726443E+05
 0.30569409E-02 0.12942338E+05
 0.31186952E-02 0.13160283E+05
 0.31816978E-02 0.13380256E+05
 0.32459723E-02 0.13602229E+05
 0.33115451E-02 0.13826172E+05
 0.33784427E-02 0.14052055E+05
 0.34466919E-02 0.14279844E+05
 0.35163197E-02 0.14509505E+05
 0.35873537E-02 0.14740998E+05
 0.36598232E-02 0.14974283E+05
 0.37337563E-02 0.15209313E+05
 0.38091831E-02 0.15446046E+05
 0.38861334E-02 0.15684432E+05
 0.39646388E-02 0.15924417E+05
 0.40447293E-02 0.16165948E+05
 0.41264393E-02 0.16408967E+05
 0.42097992E-02 0.16653416E+05
 0.42948425E-02 0.16899227E+05
 0.43816040E-02 0.17146330E+05
 0.44701183E-02 0.17394646E+05
 0.45604203E-02 0.17644094E+05
 0.46525472E-02 0.17894590E+05
 0.47465344E-02 0.18146055E+05
 0.48424210E-02 0.18398416E+05
 0.49402444E-02 0.18651604E+05
 0.50400435E-02 0.18905545E+05
 0.51418589E-02 0.19160164E+05
 0.52457317E-02 0.19415367E+05
 0.53517036E-02 0.19671018E+05
 0.54598148E-02 0.19926965E+05
 0.55701104E-02 0.20183057E+05
 0.56826337E-02 0.20439137E+05
 0.57974309E-02 0.20695057E+05
 0.59145465E-02 0.20950697E+05
 0.60340283E-02 0.21205945E+05
 0.61559235E-02 0.21460678E+05
 0.62802811E-02 0.21714771E+05
 0.64071510E-02 0.21968094E+05
 0.65365843E-02 0.22220479E+05
 0.66686315E-02 0.22471762E+05
 0.68033468E-02 0.22721771E+05
 0.69407835E-02 0.22970336E+05
 0.70809964E-02 0.23217271E+05
 0.72240415E-02 0.23462393E+05
 0.73699774E-02 0.23705508E+05
 0.75188605E-02 0.23946422E+05
 0.76707508E-02 0.24184938E+05
 0.78257136E-02 0.24420848E+05
 0.79838037E-02 0.24653941E+05
 0.81450874E-02 0.24884000E+05
 0.83096288E-02 0.25110807E+05
 0.84774951E-02 0.25334137E+05
 0.86487513E-02 0.25553758E+05
 0.88234674E-02 0.25769430E+05
 0.90017123E-02 0.25980900E+05
 0.91835596E-02 0.26187922E+05
 0.93690790E-02 0.26390246E+05
 0.95583471E-02 0.26587611E+05
 0.97514391E-02 0.26779746E+05
 0.99484306E-02 0.26966385E+05
 0.10149402E-01 0.27147252E+05
 0.10354433E-01 0.27322076E+05
 0.10563606E-01 0.27490561E+05
 0.10777006E-01 0.27652373E+05
 0.10994715E-01 0.27807189E+05
 0.11216822E-01 0.27954680E+05
 0.11443418E-01 0.28094523E+05
 0.11674589E-01 0.28226455E+05
 0.11910431E-01 0.28350264E+05
 0.12151038E-01 0.28465740E+05
 0.12396505E-01 0.28572686E+05
 0.12646930E-01 0.28670881E+05
 0.12902415E-01 0.28759828E+05
 0.13163067E-01 0.28838814E+05
 0.13428980E-01 0.28907129E+05
 0.13700262E-01 0.28964061E+05
 0.13977026E-01 0.29009000E+05
 0.14259379E-01 0.29042406E+05
 0.14547437E-01 0.29065443E+05
 0.14841316E-01 0.29079303E+05
 0.15141129E-01 0.29085188E+05
 0.15447001E-01 0.29084092E+05
 0.15759049E-01 0.29074816E+05
 0.16077405E-01 0.29054902E+05
 0.16402189E-01 0.29021889E+05
 0.16733535E-01 0.28973344E+05
 0.17071573E-01 0.28907141E+05
 0.17416442E-01 0.28823508E+05
 0.17768279E-01 0.28723879E+05
 0.18127220E-01 0.28609709E+05
 0.18493414E-01 0.28482455E+05
 0.18867005E-01 0.28343311E+05
 0.19248145E-01 0.28191551E+05
 0.19636983E-01 0.28025629E+05
 0.20033674E-01 0.27844051E+05
 0.20438381E-01 0.27645395E+05
 0.20851264E-01 0.27428629E+05
 0.21272486E-01 0.27194816E+05
 0.21702228E-01 0.26945826E+05
 0.22140643E-01 0.26683502E+05
 0.22587912E-01 0.26409654E+05
 0.23044219E-01 0.26125865E+05
 0.23509743E-01 0.25832615E+05
 0.23984671E-01 0.25530027E+05
 0.24469191E-01 0.25218244E+05
 0.24963502E-01 0.24897428E+05
 0.25467798E-01 0.24567725E+05
 0.25982281E-01 0.24229102E+05
 0.26507158E-01 0.23881498E+05
 0.27042639E-01 0.23524898E+05
 0.27588934E-01 0.23159324E+05
 0.28146267E-01 0.22785004E+05
 0.28714858E-01 0.22402910E+05
 0.29294936E-01 0.22014184E+05
 0.29886734E-01 0.21619926E+05
 0.30490484E-01 0.21221203E+05
 0.31106433E-01 0.20819176E+05
 0.31734824E-01 0.20415469E+05
 0.32375909E-01 0.20011723E+05
 0.33029947E-01 0.19609479E+05
 0.33697195E-01 0.19210164E+05
 0.34377921E-01 0.18814990E+05
 0.35072401E-01 0.18424707E+05
 0.35780910E-01 0.18039926E+05
 0.36503751E-01 0.17661207E+05
 0.37241172E-01 0.17289062E+05
 0.37993494E-01 0.16924236E+05
 0.38761012E-01 0.16568193E+05
 0.39544035E-01 0.16222402E+05
 0.40342879E-01 0.15888198E+05
 0.41157857E-01 0.15566794E+05
 0.41989300E-01 0.15258881E+05
 0.42837542E-01 0.14964076E+05
 0.43702915E-01 0.14681856E+05
 0.44585772E-01 0.14411729E+05
 0.45486465E-01 0.14153225E+05
 0.46405349E-01 0.13906021E+05
 0.47342800E-01 0.13669963E+05
 0.48299186E-01 0.13444913E+05
 0.49274895E-01 0.13230736E+05
 0.50270312E-01 0.13027083E+05
 0.51285837E-01 0.12832844E+05
 0.52321881E-01 0.12646800E+05
 0.53378850E-01 0.12467805E+05
 0.54457176E-01 0.12294681E+05
 0.55557281E-01 0.12126000E+05
 0.56679614E-01 0.11960339E+05
 0.57824615E-01 0.11796346E+05
 0.58992747E-01 0.11632611E+05
 0.60184479E-01 0.11467599E+05
 0.61400317E-01 0.11299848E+05
 0.62640682E-01 0.11127774E+05
 0.63906111E-01 0.10948700E+05
 0.65197095E-01 0.10759722E+05
 0.66514164E-01 0.10558428E+05
 0.67857832E-01 0.10345459E+05
 0.69228657E-01 0.10123328E+05
 0.70627168E-01 0.98941592E+04
 0.72053924E-01 0.96559531E+04
 0.73509507E-01 0.94041650E+04
 0.74994497E-01 0.91355205E+04
 0.76509491E-01 0.88530713E+04
 0.78055084E-01 0.85624961E+04
 0.79631895E-01 0.82683740E+04
 0.81240565E-01 0.79729019E+04
 0.82881734E-01 0.76777324E+04
 0.84556051E-01 0.73852329E+04
 0.86264193E-01 0.70983198E+04
 0.88006847E-01 0.68197183E+04
 0.89784704E-01 0.65523242E+04
 0.91598473E-01 0.62986758E+04
 0.93448877E-01 0.60610117E+04
 0.95336676E-01 0.58415039E+04
 0.97262599E-01 0.56419780E+04
 0.99227436E-01 0.54632173E+04
 0.10123201E+00 0.53050435E+04
 0.10327702E+00 0.51669810E+04
 0.10536335E+00 0.50468403E+04
 0.10749183E+00 0.49419971E+04
 0.10966332E+00 0.48492983E+04
 0.11187866E+00 0.47648262E+04
 0.11413875E+00 0.46847686E+04
 0.11644451E+00 0.46051826E+04
 0.11879683E+00 0.45223369E+04
 0.12119669E+00 0.44329883E+04
 0.12364503E+00 0.43343374E+04
 0.12614281E+00 0.42245620E+04
 0.12869108E+00 0.41026333E+04
 0.13129081E+00 0.39687341E+04
 0.13394305E+00 0.38239929E+04
 0.13664888E+00 0.36706516E+04
 0.13940936E+00 0.35116733E+04
 0.14222562E+00 0.33509722E+04
 0.14509876E+00 0.31927732E+04
 0.14802995E+00 0.30417451E+04
 0.15102035E+00 0.29020432E+04
 0.15407117E+00 0.27769626E+04
 0.15718360E+00 0.26681887E+04
 0.16035892E+00 0.25757800E+04
 0.16359837E+00 0.24981421E+04
 0.16690327E+00 0.24327949E+04
 0.17027503E+00 0.23766057E+04
 0.17371480E+00 0.23260378E+04
 0.17722408E+00 0.22771882E+04
 0.18080424E+00 0.22257922E+04
 0.18445672E+00 0.21680806E+04
 0.18818299E+00 0.21016221E+04
 0.19198453E+00 0.20261025E+04
 0.19586287E+00 0.19433314E+04
 0.19981956E+00 0.18563053E+04
 0.20385619E+00 0.17685009E+04
 0.20797436E+00 0.16834413E+04
 0.21217570E+00 0.16044865E+04
 0.21646193E+00 0.15343071E+04
 0.22083476E+00 0.14742209E+04
 0.22529592E+00 0.14238365E+04
 0.22984719E+00 0.13812335E+04
 0.23449039E+00 0.13435068E+04
 0.23922741E+00 0.13073048E+04
 0.24406013E+00 0.12694299E+04
 0.24899045E+00 0.12276560E+04
 0.25402039E+00 0.11813842E+04
 0.25915194E+00 0.11316202E+04
 0.26438716E+00 0.10804088E+04
 0.26972812E+00 0.10302550E+04
 0.27517700E+00 0.98360095E+03
 0.28073606E+00 0.94213470E+03
 0.28640729E+00 0.90620129E+03
 0.29219311E+00 0.87482196E+03
 0.29809579E+00 0.84619983E+03
 0.30411756E+00 0.81827930E+03
 0.31026131E+00 0.78932971E+03
 0.31652883E+00 0.75858667E+03
 0.32292327E+00 0.72650989E+03
 0.32944661E+00 0.69439374E+03
 0.33610201E+00 0.66370520E+03
 0.34289157E+00 0.63554358E+03
 0.34981859E+00 0.61025330E+03
 0.35688522E+00 0.58731604E+03
 0.36409497E+00 0.56569348E+03
 0.37145033E+00 0.54433899E+03
 0.37895393E+00 0.52260889E+03
 0.38660949E+00 0.50058850E+03
 0.39441931E+00 0.47896344E+03
 0.40238729E+00 0.45839911E+03
 0.41051584E+00 0.43930402E+03
 0.41880903E+00 0.42166034E+03
 0.42726934E+00 0.40496298E+03
 0.43590093E+00 0.38870355E+03
 0.44470647E+00 0.37261719E+03
 0.45369038E+00 0.35675452E+03
 0.46285531E+00 0.34145938E+03
 0.47220579E+00 0.32699341E+03
 0.48174477E+00 0.31336465E+03
 0.49147689E+00 0.30042136E+03
 0.50140512E+00 0.28790091E+03
 0.51153439E+00 0.27569446E+03
 0.52186781E+00 0.26387344E+03
 0.53241050E+00 0.25254474E+03
 0.54316562E+00 0.24178883E+03
 0.55413854E+00 0.23153191E+03
 0.56533259E+00 0.22166742E+03
 0.57675338E+00 0.21213345E+03
 0.58840430E+00 0.20296251E+03
 0.60029107E+00 0.19418277E+03
 0.61241806E+00 0.18578954E+03
 0.62478942E+00 0.17775394E+03
 0.63741130E+00 0.17004958E+03
 0.65028751E+00 0.16265895E+03
 0.66342449E+00 0.15557051E+03
 0.67682624E+00 0.14877318E+03
 0.69049937E+00 0.14225623E+03
 0.70444804E+00 0.13600923E+03
 0.71867913E+00 0.13002206E+03
 0.73319703E+00 0.12428496E+03
 0.74800897E+00 0.11878841E+03
 0.76311934E+00 0.11352322E+03
 0.77853578E+00 0.10848050E+03
 0.79426283E+00 0.10365164E+03
 0.81030840E+00 0.99028313E+02
 0.82667732E+00 0.94602463E+02
 0.84337759E+00 0.90366318E+02
 0.86041462E+00 0.86312347E+02
 0.87779653E+00 0.82433311E+02
 0.89552867E+00 0.78722160E+02
 0.91362000E+00 0.75172005E+02
 0.93207598E+00 0.71776184E+02
 0.95090556E+00 0.68528305E+02
 0.97011465E+00 0.65422195E+02
 0.98971266E+00 0.62451954E+02
 0.10097067E+01 0.59611900E+02
 0.10301036E+01 0.56896576E+02
 0.10509136E+01 0.54300735E+02
 0.10721428E+01 0.51819355E+02
 0.10938021E+01 0.49447598E+02
 0.11158978E+01 0.47180820E+02
 0.11384410E+01 0.45014572E+02
 0.11614385E+01 0.42944576E+02
 0.11849015E+01 0.40966732E+02
 0.12088375E+01 0.39077099E+02
 0.12332582E+01 0.37271904E+02
 0.12581712E+01 0.35547508E+02
 0.12835884E+01 0.33900410E+02
 0.13095180E+01 0.32327248E+02
 0.13359727E+01 0.30824810E+02
 0.13629605E+01 0.29390015E+02
 0.13904947E+01 0.28019909E+02
 0.14185839E+01 0.26711670E+02
 0.14472418E+01 0.25462589E+02
 0.14764773E+01 0.24270077E+02
 0.15063047E+01 0.23131651E+02
 0.15367334E+01 0.22044937E+02
 0.15677782E+01 0.21007658E+02
 0.15994486E+01 0.20017637E+02
 0.16317604E+01 0.19072792E+02
 0.16647232E+01 0.18171124E+02
 0.16983536E+01 0.17310722E+02
 0.17326634E+01 0.16489765E+02
 0.17676648E+01 0.15706546E+02
 0.18033748E+01 0.14959458E+02
 0.18398044E+01 0.14246956E+02
 0.18769718E+01 0.13567549E+02
 0.19148883E+01 0.12919803E+02
 0.19535724E+01 0.12302335E+02
 0.19930363E+01 0.11713819E+02
 0.20332992E+01 0.11152976E+02
 0.20743735E+01 0.10618580E+02
 0.21162796E+01 0.10109450E+02
 0.21590302E+01 0.96244545E+01
 0.22026465E+01 0.91625071E+01
 0.22471418E+01 0.87225628E+01
 0.22925382E+01 0.83036222E+01
 0.23388493E+01 0.79047251E+01
 0.23860984E+01 0.75249529E+01
