#          k/h    CDM            baryon         photon         nu             mass_nu        total          no_nu          total_de       Weyl           v_CDM          v_b            v_b-v_c        ISW            log_grow       pert_vel    
   0.994668E-05   0.599046E+08   0.599046E+08   0.798520E+08   0.798516E+08   0.599083E+08   0.599046E+08   0.599046E+08   0.599260E+08  -0.405939E+00   0.591956E+07   0.591956E+07   0.751912E+01   0.121238E+05   0.996741E+00  -0.595151E+14
   0.109829E-04   0.598935E+08   0.598935E+08   0.798326E+08   0.798321E+08   0.598972E+08   0.598935E+08   0.598935E+08   0.599148E+08  -0.405863E+00   0.591916E+07   0.591916E+07   0.830203E+01   0.106312E+05   0.996483E+00  -0.538960E+14
   0.121272E-04   0.598800E+08   0.598800E+08   0.798090E+08   0.798084E+08   0.598837E+08   0.598800E+08   0.598800E+08   0.599013E+08  -0.405772E+00   0.591867E+07   0.591867E+07   0.916635E+01   0.940628E+04   0.996169E+00  -0.488068E+14
   0.133906E-04   0.598635E+08   0.598635E+08   0.797803E+08   0.797795E+08   0.598672E+08   0.598635E+08   0.598635E+08   0.598848E+08  -0.405660E+00   0.591807E+07   0.591807E+07   0.101205E+02   0.840065E+04   0.995786E+00  -0.441973E+14
   0.147857E-04   0.598434E+08   0.598434E+08   0.797452E+08   0.797443E+08   0.598471E+08   0.598434E+08   0.598434E+08   0.598647E+08  -0.405524E+00   0.591735E+07   0.591735E+07   0.111738E+02   0.757471E+04   0.995320E+00  -0.400223E+14
   0.163261E-04   0.598189E+08   0.598189E+08   0.797026E+08   0.797014E+08   0.598226E+08   0.598190E+08   0.598189E+08   0.598403E+08  -0.405358E+00   0.591647E+07   0.591647E+07   0.123364E+02   0.689589E+04   0.994752E+00  -0.362407E+14
   0.180270E-04   0.597892E+08   0.597892E+08   0.796506E+08   0.796492E+08   0.597928E+08   0.597892E+08   0.597892E+08   0.598105E+08  -0.405156E+00   0.591539E+07   0.591539E+07   0.136197E+02   0.633746E+04   0.994061E+00  -0.328153E+14
   0.199051E-04   0.597529E+08   0.597529E+08   0.795873E+08   0.795856E+08   0.597565E+08   0.597529E+08   0.597529E+08   0.597742E+08  -0.404911E+00   0.591409E+07   0.591408E+07   0.150360E+02   0.587739E+04   0.993219E+00  -0.297125E+14
   0.219788E-04   0.597088E+08   0.597088E+08   0.795103E+08   0.795081E+08   0.597124E+08   0.597088E+08   0.597088E+08   0.597301E+08  -0.404612E+00   0.591249E+07   0.591249E+07   0.165988E+02   0.549758E+04   0.992196E+00  -0.269018E+14
   0.242687E-04   0.596551E+08   0.596551E+08   0.794166E+08   0.794140E+08   0.596587E+08   0.596552E+08   0.596551E+08   0.596764E+08  -0.404248E+00   0.591055E+07   0.591055E+07   0.183233E+02   0.518306E+04   0.990952E+00  -0.243556E+14
   0.267970E-04   0.595899E+08   0.595899E+08   0.793026E+08   0.792994E+08   0.595934E+08   0.595899E+08   0.595899E+08   0.596111E+08  -0.403806E+00   0.590819E+07   0.590819E+07   0.202258E+02   0.492146E+04   0.989441E+00  -0.220488E+14
   0.295888E-04   0.595107E+08   0.595107E+08   0.791641E+08   0.791602E+08   0.595141E+08   0.595107E+08   0.595107E+08   0.595318E+08  -0.403269E+00   0.590532E+07   0.590532E+07   0.223242E+02   0.470250E+04   0.987605E+00  -0.199587E+14
   0.326714E-04   0.594145E+08   0.594145E+08   0.789958E+08   0.789910E+08   0.594178E+08   0.594145E+08   0.594145E+08   0.594356E+08  -0.402617E+00   0.590183E+07   0.590183E+07   0.246383E+02   0.451759E+04   0.985379E+00  -0.180649E+14
   0.360752E-04   0.592978E+08   0.592978E+08   0.787915E+08   0.787857E+08   0.593010E+08   0.592978E+08   0.592978E+08   0.593189E+08  -0.401827E+00   0.589760E+07   0.589759E+07   0.271894E+02   0.435953E+04   0.982680E+00  -0.163487E+14
   0.398336E-04   0.591564E+08   0.591564E+08   0.785437E+08   0.785366E+08   0.591595E+08   0.591564E+08   0.591564E+08   0.591774E+08  -0.400869E+00   0.589245E+07   0.589245E+07   0.300009E+02   0.422218E+04   0.979415E+00  -0.147932E+14
   0.439836E-04   0.589854E+08   0.589854E+08   0.782436E+08   0.782350E+08   0.589883E+08   0.589854E+08   0.589854E+08   0.590063E+08  -0.399710E+00   0.588621E+07   0.588620E+07   0.330980E+02   0.410028E+04   0.975470E+00  -0.133832E+14
   0.485659E-04   0.587788E+08   0.587788E+08   0.778806E+08   0.778701E+08   0.587815E+08   0.587788E+08   0.587788E+08   0.587996E+08  -0.398310E+00   0.587865E+07   0.587864E+07   0.365081E+02   0.398925E+04   0.970712E+00  -0.121049E+14
   0.536256E-04   0.585297E+08   0.585297E+08   0.774422E+08   0.774295E+08   0.585322E+08   0.585297E+08   0.585297E+08   0.585504E+08  -0.396622E+00   0.586950E+07   0.586950E+07   0.402604E+02   0.388503E+04   0.964987E+00  -0.109457E+14
   0.592125E-04   0.582302E+08   0.582302E+08   0.769139E+08   0.768984E+08   0.582323E+08   0.582302E+08   0.582302E+08   0.582507E+08  -0.394592E+00   0.585846E+07   0.585845E+07   0.443864E+02   0.378396E+04   0.958119E+00  -0.989432E+13
   0.653814E-04   0.578710E+08   0.578709E+08   0.762787E+08   0.762599E+08   0.578728E+08   0.578710E+08   0.578710E+08   0.578914E+08  -0.392158E+00   0.584514E+07   0.584513E+07   0.489190E+02   0.368272E+04   0.949906E+00  -0.894040E+13
   0.721930E-04   0.574417E+08   0.574416E+08   0.755171E+08   0.754943E+08   0.574430E+08   0.574417E+08   0.574417E+08   0.574618E+08  -0.389249E+00   0.582913E+07   0.582912E+07   0.538930E+02   0.357824E+04   0.940124E+00  -0.807467E+13
   0.797142E-04   0.569307E+08   0.569306E+08   0.746073E+08   0.745796E+08   0.569315E+08   0.569306E+08   0.569306E+08   0.569506E+08  -0.385786E+00   0.580994E+07   0.580992E+07   0.593443E+02   0.346771E+04   0.928530E+00  -0.728872E+13
   0.880190E-04   0.563253E+08   0.563253E+08   0.735246E+08   0.734910E+08   0.563255E+08   0.563253E+08   0.563253E+08   0.563449E+08  -0.381684E+00   0.578700E+07   0.578698E+07   0.653093E+02   0.334857E+04   0.914864E+00  -0.657495E+13
   0.971891E-04   0.556123E+08   0.556122E+08   0.722423E+08   0.722017E+08   0.556117E+08   0.556123E+08   0.556123E+08   0.556316E+08  -0.376852E+00   0.575970E+07   0.575968E+07   0.718241E+02   0.321859E+04   0.898864E+00  -0.592650E+13
   0.107314E-03   0.547781E+08   0.547780E+08   0.707320E+08   0.706829E+08   0.547765E+08   0.547780E+08   0.547780E+08   0.547969E+08  -0.371199E+00   0.572738E+07   0.572736E+07   0.789236E+02   0.307598E+04   0.880278E+00  -0.533720E+13
   0.118495E-03   0.538095E+08   0.538094E+08   0.689645E+08   0.689053E+08   0.538068E+08   0.538095E+08   0.538095E+08   0.538279E+08  -0.364635E+00   0.568933E+07   0.568930E+07   0.866393E+02   0.291948E+04   0.858883E+00  -0.480151E+13
   0.130840E-03   0.526950E+08   0.526948E+08   0.669113E+08   0.668400E+08   0.526909E+08   0.526949E+08   0.526949E+08   0.527128E+08  -0.357082E+00   0.564484E+07   0.564480E+07   0.949981E+02   0.274861E+04   0.834512E+00  -0.431446E+13
   0.144471E-03   0.514255E+08   0.514254E+08   0.645458E+08   0.644603E+08   0.514197E+08   0.514255E+08   0.514255E+08   0.514427E+08  -0.348479E+00   0.559321E+07   0.559316E+07   0.104019E+03   0.256374E+04   0.807082E+00  -0.387165E+13
   0.159522E-03   0.499962E+08   0.499960E+08   0.618461E+08   0.617439E+08   0.499883E+08   0.499961E+08   0.499961E+08   0.500126E+08  -0.338792E+00   0.553385E+07   0.553379E+07   0.113712E+03   0.236630E+04   0.776626E+00  -0.346913E+13
   0.176142E-03   0.484073E+08   0.484071E+08   0.587969E+08   0.586752E+08   0.483970E+08   0.484073E+08   0.484073E+08   0.484230E+08  -0.328024E+00   0.546630E+07   0.546624E+07   0.124072E+03   0.215879E+04   0.743316E+00  -0.310346E+13
   0.194493E-03   0.466661E+08   0.466658E+08   0.553921E+08   0.552479E+08   0.466527E+08   0.466660E+08   0.466661E+08   0.466808E+08  -0.316223E+00   0.539035E+07   0.539027E+07   0.135076E+03   0.194478E+04   0.707487E+00  -0.277159E+13
   0.214755E-03   0.447869E+08   0.447866E+08   0.516371E+08   0.514674E+08   0.447699E+08   0.447868E+08   0.447869E+08   0.448006E+08  -0.303487E+00   0.530605E+07   0.530596E+07   0.146678E+03   0.172865E+04   0.669636E+00  -0.247082E+13
   0.237129E-03   0.427919E+08   0.427915E+08   0.475505E+08   0.473522E+08   0.427705E+08   0.427918E+08   0.427919E+08   0.428044E+08  -0.289965E+00   0.521384E+07   0.521373E+07   0.158803E+03   0.151530E+04   0.630410E+00  -0.219881E+13
   0.261834E-03   0.407103E+08   0.407098E+08   0.431659E+08   0.429364E+08   0.406834E+08   0.407101E+08   0.407102E+08   0.407216E+08  -0.275855E+00   0.511456E+07   0.511442E+07   0.171343E+03   0.130966E+04   0.590575E+00  -0.195342E+13
   0.289112E-03   0.385768E+08   0.385762E+08   0.385326E+08   0.382701E+08   0.385434E+08   0.385765E+08   0.385767E+08   0.385868E+08  -0.261392E+00   0.500946E+07   0.500930E+07   0.184147E+03   0.111627E+04   0.550954E+00  -0.173276E+13
   0.319233E-03   0.364296E+08   0.364289E+08   0.337163E+08   0.334201E+08   0.363885E+08   0.364293E+08   0.364295E+08   0.364383E+08  -0.246837E+00   0.490016E+07   0.489997E+07   0.197015E+03   0.938793E+03   0.512375E+00  -0.153503E+13
   0.352491E-03   0.343079E+08   0.343071E+08   0.287996E+08   0.284709E+08   0.342573E+08   0.343075E+08   0.343078E+08   0.343152E+08  -0.232453E+00   0.478856E+07   0.478834E+07   0.209689E+03   0.779776E+03   0.475596E+00  -0.135853E+13
   0.389215E-03   0.322488E+08   0.322478E+08   0.238823E+08   0.235253E+08   0.321867E+08   0.322483E+08   0.322486E+08   0.322547E+08  -0.218492E+00   0.467673E+07   0.467647E+07   0.221851E+03   0.640497E+03   0.441257E+00  -0.120161E+13
   0.429764E-03   0.302850E+08   0.302839E+08   0.190822E+08   0.187041E+08   0.302091E+08   0.302844E+08   0.302848E+08   0.302895E+08  -0.205176E+00   0.456671E+07   0.456641E+07   0.233116E+03   0.521042E+03   0.409837E+00  -0.106264E+13
   0.474538E-03   0.284431E+08   0.284418E+08   0.145329E+08   0.141447E+08   0.283505E+08   0.284424E+08   0.284429E+08   0.284463E+08  -0.192686E+00   0.446040E+07   0.446006E+07   0.243040E+03   0.420508E+03   0.381636E+00  -0.939969E+12
   0.523976E-03   0.267424E+08   0.267408E+08   0.103793E+08   0.999528E+07   0.266297E+08   0.267416E+08   0.267421E+08   0.267443E+08  -0.181152E+00   0.435940E+07   0.435901E+07   0.251135E+03   0.337278E+03   0.356779E+00  -0.832002E+12
   0.578566E-03   0.251945E+08   0.251927E+08   0.676534E+07   0.640167E+07   0.250575E+08   0.251935E+08   0.251942E+08   0.251953E+08  -0.170653E+00   0.426494E+07   0.426449E+07   0.256903E+03   0.269322E+03   0.335233E+00  -0.737172E+12
   0.638842E-03   0.238039E+08   0.238019E+08   0.381391E+07   0.348519E+07   0.236376E+08   0.238028E+08   0.238036E+08   0.238038E+08  -0.161222E+00   0.417781E+07   0.417731E+07   0.259884E+03   0.214453E+03   0.316837E+00  -0.653977E+12
   0.705398E-03   0.225690E+08   0.225667E+08   0.159714E+07   0.131160E+07   0.223676E+08   0.225677E+08   0.225686E+08   0.225681E+08  -0.152846E+00   0.409840E+07   0.409785E+07   0.259715E+03   0.170527E+03   0.301343E+00  -0.581013E+12
   0.778888E-03   0.214833E+08   0.214806E+08   0.106267E+06  -0.140168E+06   0.212397E+08   0.214817E+08   0.214828E+08   0.214817E+08  -0.145483E+00   0.402670E+07   0.402611E+07   0.256200E+03   0.135576E+03   0.288444E+00  -0.516987E+12
   0.860035E-03   0.205364E+08   0.205334E+08  -0.764042E+06  -0.992445E+06   0.202425E+08   0.205345E+08   0.205359E+08   0.205343E+08  -0.139062E+00   0.396242E+07   0.396178E+07   0.249349E+03   0.107871E+03   0.277810E+00  -0.460733E+12
   0.949635E-03   0.197160E+08   0.197127E+08  -0.119477E+07  -0.144329E+07   0.193621E+08   0.197138E+08   0.197155E+08   0.197135E+08  -0.133499E+00   0.390500E+07   0.390432E+07   0.239380E+03   0.859533E+02   0.269113E+00  -0.411214E+12
   0.104857E-02   0.190085E+08   0.190049E+08  -0.137424E+07  -0.169066E+07   0.185834E+08   0.190059E+08   0.190079E+08   0.190055E+08  -0.128702E+00   0.385374E+07   0.385303E+07   0.226670E+03   0.686185E+02   0.262042E+00  -0.367525E+12
   0.115781E-02   0.183997E+08   0.183959E+08  -0.140881E+07  -0.183636E+07   0.178907E+08   0.183967E+08   0.183991E+08   0.183963E+08  -0.124574E+00   0.380783E+07   0.380709E+07   0.211684E+03   0.548955E+02   0.256318E+00  -0.328883E+12
   0.127844E-02   0.178761E+08   0.178722E+08  -0.128838E+07  -0.185157E+07   0.172690E+08   0.178726E+08   0.178755E+08   0.178722E+08  -0.121024E+00   0.376641E+07   0.376567E+07   0.194939E+03   0.440114E+02   0.251696E+00  -0.294612E+12
   0.141163E-02   0.174247E+08   0.174206E+08  -0.976470E+06  -0.167626E+07   0.167045E+08   0.174206E+08   0.174241E+08   0.174203E+08  -0.117962E+00   0.372865E+07   0.372790E+07   0.177049E+03   0.353583E+02   0.247971E+00  -0.264139E+12
   0.155869E-02   0.170336E+08   0.170295E+08  -0.561584E+06   0.428553E+06   0.161841E+08   0.170289E+08   0.170329E+08   0.170288E+08  -0.115311E+00   0.369362E+07   0.369288E+07   0.158801E+03   0.284624E+02   0.244966E+00  -0.236969E+12
   0.172108E-02   0.166919E+08   0.166877E+08  -0.246883E+06   0.344446E+06   0.156963E+08   0.166865E+08   0.166912E+08   0.166865E+08  -0.112992E+00   0.366065E+07   0.365992E+07   0.141100E+03   0.229484E+02   0.242544E+00  -0.212695E+12
   0.190039E-02   0.163899E+08   0.163858E+08  -0.113863E+06   0.277403E+06   0.152313E+08   0.163838E+08   0.163892E+08   0.163838E+08  -0.110942E+00   0.362895E+07   0.362824E+07   0.124767E+03   0.185283E+02   0.240591E+00  -0.190959E+12
   0.209838E-02   0.161191E+08   0.161150E+08  -0.572577E+05   0.223766E+06   0.147810E+08   0.161121E+08   0.161184E+08   0.161121E+08  -0.109103E+00   0.359781E+07   0.359712E+07   0.110362E+03   0.149760E+02   0.239011E+00  -0.171458E+12
   0.231699E-02   0.158719E+08   0.158677E+08  -0.662301E+05   0.180717E+06   0.143387E+08   0.158640E+08   0.158712E+08   0.158640E+08  -0.107422E+00   0.356656E+07   0.356588E+07   0.981771E+02   0.121144E+02   0.237732E+00  -0.153931E+12
   0.255838E-02   0.156417E+08   0.156374E+08  -0.163834E+06   0.146073E+06   0.138991E+08   0.156327E+08   0.156410E+08   0.156327E+08  -0.105856E+00   0.353461E+07   0.353394E+07   0.881316E+02   0.980475E+01   0.236694E+00  -0.138159E+12
   0.282492E-02   0.154225E+08   0.154181E+08  -0.188033E+06   0.118130E+06   0.134579E+08   0.154125E+08   0.154218E+08   0.154125E+08  -0.104365E+00   0.350138E+07   0.350071E+07   0.797123E+02   0.793728E+01   0.235849E+00  -0.123947E+12
   0.311923E-02   0.152095E+08   0.152048E+08  -0.152390E+06   0.955511E+05   0.130108E+08   0.151983E+08   0.152087E+08   0.151983E+08  -0.102914E+00   0.346638E+07   0.346570E+07   0.722552E+02   0.642540E+01   0.235160E+00  -0.111130E+12
   0.344419E-02   0.149982E+08   0.149932E+08  -0.820439E+05   0.772816E+05   0.125543E+08   0.149858E+08   0.149973E+08   0.149858E+08  -0.101475E+00   0.342914E+07   0.342846E+07   0.652299E+02   0.520019E+01   0.234598E+00  -0.995632E+11
   0.380302E-02   0.147847E+08   0.147794E+08  -0.497703E+05   0.624837E+05   0.120848E+08   0.147710E+08   0.147838E+08   0.147710E+08  -0.100021E+00   0.338923E+07   0.338856E+07   0.585154E+02   0.420660E+01   0.234137E+00  -0.891197E+11
   0.419923E-02   0.145657E+08   0.145601E+08  -0.525006E+05   0.504896E+05   0.115996E+08   0.145507E+08   0.145648E+08   0.145507E+08  -0.985289E-01   0.334624E+07   0.334559E+07   0.523553E+02   0.340048E+01   0.233760E+00  -0.796875E+11
   0.463671E-02   0.143382E+08   0.143322E+08  -0.621916E+05   0.407645E+05   0.110967E+08   0.143219E+08   0.143372E+08   0.143219E+08  -0.969792E-01   0.329982E+07   0.329916E+07   0.469952E+02   0.274633E+01   0.233449E+00  -0.711674E+11
   0.511978E-02   0.140996E+08   0.140931E+08  -0.371875E+05   0.328782E+05   0.105765E+08   0.140818E+08   0.140985E+08   0.140818E+08  -0.953537E-01   0.324960E+07   0.324895E+07   0.423457E+02   0.221553E+01   0.233192E+00  -0.634716E+11
   0.565317E-02   0.138479E+08   0.138408E+08  -0.152913E+05   0.264850E+05   0.100142E+08   0.138286E+08   0.138467E+08   0.138286E+08  -0.936388E-01   0.319533E+07   0.319468E+07   0.381144E+02   0.178499E+01   0.232979E+00  -0.565230E+11
   0.624213E-02   0.135801E+08   0.135723E+08  -0.823812E+04   0.213027E+05   0.944257E+07   0.135592E+08   0.135788E+08   0.135592E+08  -0.918150E-01   0.313652E+07   0.313588E+07   0.342081E+02   0.143587E+01   0.232803E+00  -0.502478E+11
   0.689245E-02   0.132947E+08   0.132860E+08   0.217868E+05   0.171050E+05   0.884873E+07   0.132722E+08   0.132933E+08   0.132722E+08  -0.898715E-01   0.307296E+07   0.307232E+07   0.307545E+02   0.115300E+01   0.232655E+00  -0.445845E+11
   0.761052E-02   0.129899E+08   0.129801E+08   0.174313E+05   0.137076E+05   0.824143E+07   0.129658E+08   0.129883E+08   0.129658E+08  -0.877966E-01   0.300437E+07   0.300374E+07   0.277100E+02   0.923997E+00   0.232533E+00  -0.394766E+11
   0.840340E-02   0.126641E+08   0.126530E+08  -0.301555E+04   0.109607E+05   0.762929E+07   0.126384E+08   0.126622E+08   0.126384E+08  -0.855795E-01   0.293053E+07   0.292990E+07   0.249538E+02   0.738766E+00   0.232438E+00  -0.348731E+11
   0.927889E-02   0.123159E+08   0.123033E+08   0.110224E+05   0.874251E+04   0.701230E+07   0.122887E+08   0.123138E+08   0.122887E+08  -0.832113E-01   0.285142E+07   0.285080E+07   0.225060E+02   0.589070E+00   0.232381E+00  -0.307302E+11
   0.102456E-01   0.119444E+08   0.119302E+08   0.566568E+03   0.695412E+04   0.639075E+07   0.119158E+08   0.119420E+08   0.119158E+08  -0.806862E-01   0.276780E+07   0.276718E+07   0.203297E+02   0.467984E+00   0.232437E+00  -0.270145E+11
   0.113130E-01   0.115508E+08   0.115344E+08   0.391684E+04   0.551556E+04   0.577376E+07   0.115207E+08   0.115480E+08   0.115207E+08  -0.780110E-01   0.268416E+07   0.268354E+07   0.183924E+02   0.369094E+00   0.232977E+00  -0.237263E+11
   0.124916E-01   0.111452E+08   0.111265E+08   0.627490E+03   0.436481E+04   0.518060E+07   0.111138E+08   0.111420E+08   0.111138E+08  -0.752559E-01   0.262439E+07   0.262376E+07   0.166746E+02   0.283915E+00   0.235965E+00  -0.210091E+11
   0.137930E-01   0.107698E+08   0.107484E+08   0.372649E+04   0.345924E+04   0.465930E+07   0.107373E+08   0.107662E+08   0.107373E+08  -0.727063E-01   0.267847E+07   0.267784E+07   0.151540E+02   0.197490E+00   0.249071E+00  -0.194190E+11
   0.152300E-01   0.104156E+08   0.103911E+08  -0.388123E+04   0.274378E+04   0.420400E+07   0.103821E+08   0.104115E+08   0.103821E+08  -0.703010E-01   0.282964E+07   0.282901E+07   0.138024E+02   0.119916E+00   0.271928E+00  -0.185794E+11
   0.168167E-01   0.995867E+07   0.993080E+07   0.803933E+03   0.215155E+04   0.369608E+07   0.992437E+07   0.995399E+07   0.992437E+07  -0.672016E-01   0.279610E+07   0.279547E+07   0.125903E+02   0.829460E-01   0.280993E+00  -0.166269E+11
   0.185687E-01   0.941971E+07   0.938818E+07   0.141809E+04   0.166904E+04   0.317192E+07   0.938488E+07   0.941442E+07   0.938488E+07  -0.635485E-01   0.265660E+07   0.265596E+07   0.114801E+02   0.631446E-01   0.282252E+00  -0.143068E+11
   0.205033E-01   0.884923E+07   0.881386E+07  -0.289457E+04   0.128590E+04   0.267992E+07   0.881412E+07   0.884329E+07   0.881412E+07  -0.596837E-01   0.249647E+07   0.249583E+07   0.104599E+02   0.485598E-01   0.282354E+00  -0.121759E+11
   0.226393E-01   0.824839E+07   0.820919E+07  -0.887642E+03   0.982953E+03   0.222784E+07   0.821335E+07   0.824181E+07   0.821335E+07  -0.556156E-01   0.232672E+07   0.232608E+07   0.949932E+01   0.371106E-01   0.282348E+00  -0.102773E+11
   0.249980E-01   0.763912E+07   0.759632E+07  -0.579824E+03   0.746557E+03   0.182495E+07   0.760445E+07   0.763193E+07   0.760445E+07  -0.514925E-01   0.215453E+07   0.215388E+07   0.858243E+01   0.281820E-01   0.282334E+00  -0.861870E+10
   0.276023E-01   0.702857E+07   0.698275E+07  -0.662269E+03   0.563298E+03   0.147238E+07   0.699462E+07   0.702088E+07   0.699462E+07  -0.473632E-01   0.198199E+07   0.198135E+07   0.768575E+01   0.212616E-01   0.282320E+00  -0.718040E+10
   0.304780E-01   0.641937E+07   0.637150E+07  -0.544118E+03   0.421904E+03   0.116900E+07   0.638652E+07   0.641133E+07   0.638652E+07  -0.432455E-01   0.180988E+07   0.180926E+07   0.678538E+01   0.159229E-01   0.282306E+00  -0.593818E+10
   0.336533E-01   0.582795E+07   0.577949E+07  -0.217527E+03   0.314118E+03   0.914591E+06   0.579660E+07   0.581982E+07   0.579660E+07  -0.392509E-01   0.164286E+07   0.164226E+07   0.587161E+01   0.118538E-01   0.282293E+00  -0.488160E+10
   0.371593E-01   0.527562E+07   0.522841E+07  -0.169893E+02   0.233197E+03   0.707483E+06   0.524611E+07   0.526769E+07   0.524611E+07  -0.355234E-01   0.148696E+07   0.148641E+07   0.494708E+01   0.879921E-02   0.282281E+00  -0.400148E+10
   0.410307E-01   0.477586E+07   0.473206E+07  -0.105120E+03   0.173142E+03   0.542910E+06   0.474851E+07   0.476850E+07   0.474851E+07  -0.321539E-01   0.134601E+07   0.134552E+07   0.402613E+01   0.653258E-02   0.282270E+00  -0.328042E+10
   0.451338E-01   0.435868E+07   0.432013E+07   0.130600E+03   0.130600E+03   0.419873E+06   0.433360E+07   0.435221E+07   0.433360E+07  -0.293444E-01   0.122843E+07   0.122799E+07   0.322650E+01   0.492758E-02   0.282251E+00  -0.272169E+10
   0.492368E-01   0.402875E+07   0.399631E+07   0.101447E+03   0.101447E+03   0.332239E+06   0.400584E+07   0.402330E+07   0.400584E+07  -0.271250E-01   0.113557E+07   0.113520E+07   0.250575E+01   0.382738E-02   0.282243E+00  -0.230629E+10
   0.533399E-01   0.376288E+07   0.373654E+07   0.807500E+02   0.807500E+02   0.268521E+06   0.374194E+07   0.375845E+07   0.374194E+07  -0.253380E-01   0.106079E+07   0.106048E+07   0.193160E+01   0.304634E-02   0.282236E+00  -0.198871E+10
   0.574430E-01   0.353901E+07   0.351803E+07   0.654958E+02   0.654958E+02   0.221081E+06   0.351980E+07   0.353549E+07   0.351980E+07  -0.238339E-01   0.997837E+06   0.997579E+06   0.150028E+01   0.247075E-02   0.282230E+00  -0.173708E+10
   0.615460E-01   0.333995E+07   0.332308E+07   0.538529E+02   0.538529E+02   0.184924E+06   0.332220E+07   0.333712E+07   0.332220E+07  -0.224958E-01   0.941833E+06   0.941612E+06   0.119858E+01   0.203145E-02   0.282226E+00  -0.153029E+10
   0.656491E-01   0.315241E+07   0.313815E+07   0.446780E+02   0.446780E+02   0.156680E+06   0.313585E+07   0.315002E+07   0.313585E+07  -0.212340E-01   0.889016E+06   0.888819E+06   0.100539E+01   0.168529E-02   0.282222E+00  -0.135419E+10
   0.697522E-01   0.296698E+07   0.295387E+07   0.372490E+02   0.372490E+02   0.134047E+06   0.295138E+07   0.296478E+07   0.295138E+07  -0.199849E-01   0.836728E+06   0.836541E+06   0.894663E+00   0.140502E-02   0.282218E+00  -0.119957E+10
   0.738552E-01   0.278520E+07   0.277204E+07   0.311880E+02   0.311880E+02   0.115755E+06   0.277037E+07   0.278299E+07   0.277037E+07  -0.187592E-01   0.785420E+06   0.785234E+06   0.840404E+00   0.117637E-02   0.282215E+00  -0.106346E+10
   0.779583E-01   0.260121E+07   0.258719E+07   0.261394E+02   0.261394E+02   0.100498E+06   0.258703E+07   0.259885E+07   0.258703E+07  -0.175177E-01   0.733450E+06   0.733260E+06   0.815736E+00   0.985925E-03   0.282213E+00  -0.940817E+09
   0.820614E-01   0.242397E+07   0.240875E+07   0.219801E+02   0.219801E+02   0.878445E+05   0.241037E+07   0.242142E+07   0.241037E+07  -0.163215E-01   0.683373E+06   0.683176E+06   0.800981E+00   0.829035E-03   0.282211E+00  -0.832748E+09
   0.861644E-01   0.225836E+07   0.224204E+07   0.185715E+02   0.185715E+02   0.773392E+05   0.224531E+07   0.225562E+07   0.224531E+07  -0.152038E-01   0.636582E+06   0.636380E+06   0.781211E+00   0.700465E-03   0.282209E+00  -0.738787E+09
   0.912856E-01   0.207418E+07   0.205710E+07   0.151943E+02   0.151943E+02   0.667369E+05   0.206183E+07   0.207132E+07   0.206183E+07  -0.139614E-01   0.584566E+06   0.584365E+06   0.737009E+00   0.573080E-03   0.282207E+00  -0.640358E+09
   0.964067E-01   0.192056E+07   0.190374E+07   0.126128E+02   0.126128E+02   0.584725E+05   0.190894E+07   0.191774E+07   0.190894E+07  -0.129261E-01   0.541222E+06   0.541029E+06   0.668055E+00   0.475714E-03   0.282205E+00  -0.561382E+09
   0.101528E+00   0.179939E+07   0.178383E+07   0.106552E+02   0.106552E+02   0.521098E+05   0.178852E+07   0.179678E+07   0.178852E+07  -0.121107E-01   0.507082E+06   0.506905E+06   0.580923E+00   0.401878E-03   0.282204E+00  -0.499440E+09
   0.106649E+00   0.170626E+07   0.169267E+07   0.915773E+01   0.915773E+01   0.471612E+05   0.169614E+07   0.170398E+07   0.169614E+07  -0.114852E-01   0.480889E+06   0.480733E+06   0.487551E+00   0.345399E-03   0.282202E+00  -0.450900E+09
   0.111770E+00   0.163202E+07   0.162067E+07   0.797633E+01   0.797633E+01   0.431113E+05   0.162260E+07   0.163011E+07   0.162260E+07  -0.109872E-01   0.460038E+06   0.459904E+06   0.400478E+00   0.300842E-03   0.282201E+00  -0.411588E+09
   0.116891E+00   0.156678E+07   0.155746E+07   0.700241E+01   0.700241E+01   0.395238E+05   0.155800E+07   0.156522E+07   0.155800E+07  -0.105498E-01   0.441721E+06   0.441606E+06   0.329375E+00   0.264111E-03   0.282200E+00  -0.377888E+09
   0.122012E+00   0.150284E+07   0.149500E+07   0.616540E+01   0.616540E+01   0.361019E+05   0.149459E+07   0.150152E+07   0.149459E+07  -0.101204E-01   0.423743E+06   0.423641E+06   0.279117E+00   0.232544E-03   0.282200E+00  -0.347294E+09
   0.127134E+00   0.143566E+07   0.142860E+07   0.542512E+01   0.542512E+01   0.327039E+05   0.142784E+07   0.143447E+07   0.142784E+07  -0.966842E-02   0.404820E+06   0.404725E+06   0.249444E+00   0.204624E-03   0.282199E+00  -0.318420E+09
   0.132255E+00   0.136399E+07   0.135704E+07   0.476272E+01   0.476272E+01   0.293222E+05   0.135651E+07   0.136283E+07   0.135651E+07  -0.918546E-02   0.384600E+06   0.384507E+06   0.236006E+00   0.179642E-03   0.282198E+00  -0.290802E+09
   0.137376E+00   0.128930E+07   0.128198E+07   0.417211E+01   0.417211E+01   0.260386E+05   0.128210E+07   0.128807E+07   0.128210E+07  -0.868154E-02   0.363504E+06   0.363408E+06   0.232223E+00   0.157366E-03   0.282198E+00  -0.264603E+09
   0.142497E+00   0.121477E+07   0.120690E+07   0.365299E+01   0.365299E+01   0.229701E+05   0.120782E+07   0.121345E+07   0.120782E+07  -0.817858E-02   0.342448E+06   0.342349E+06   0.231312E+00   0.137786E-03   0.282197E+00  -0.240316E+09
   0.147618E+00   0.114451E+07   0.113617E+07   0.320662E+01   0.320662E+01   0.202223E+05   0.113780E+07   0.114311E+07   0.113780E+07  -0.770446E-02   0.322598E+06   0.322497E+06   0.227932E+00   0.120949E-03   0.282196E+00  -0.218532E+09
   0.152739E+00   0.108239E+07   0.107386E+07   0.283233E+01   0.283233E+01   0.178598E+05   0.107593E+07   0.108096E+07   0.107593E+07  -0.728549E-02   0.305057E+06   0.304957E+06   0.219111E+00   0.106832E-03   0.282196E+00  -0.199720E+09
   0.157860E+00   0.103054E+07   0.102220E+07   0.252444E+01   0.252444E+01   0.158834E+05   0.102434E+07   0.102914E+07   0.102434E+07  -0.693621E-02   0.290434E+06   0.290337E+06   0.204344E+00   0.952183E-04   0.282195E+00  -0.183978E+09
   0.162982E+00   0.988586E+06   0.980786E+06   0.227195E+01   0.227195E+01   0.142387E+05   0.982672E+06   0.987277E+06   0.982672E+06  -0.665403E-02   0.278619E+06   0.278528E+06   0.185089E+00   0.856946E-04   0.282195E+00  -0.170948E+09
   0.168103E+00   0.954358E+06   0.947321E+06   0.206187E+01   0.206187E+01   0.128458E+05   0.948726E+06   0.953176E+06   0.948726E+06  -0.642417E-02   0.268994E+06   0.268911E+06   0.163951E+00   0.777705E-04   0.282194E+00  -0.160015E+09
   0.173224E+00   0.925118E+06   0.918911E+06   0.188248E+01   0.188248E+01   0.116290E+05   0.919758E+06   0.924076E+06   0.919758E+06  -0.622802E-02   0.260780E+06   0.260706E+06   0.143780E+00   0.710040E-04   0.282194E+00  -0.150544E+09
   0.178345E+00   0.898089E+06   0.892621E+06   0.172421E+01   0.172421E+01   0.105282E+05   0.892974E+06   0.897170E+06   0.892974E+06  -0.604666E-02   0.253186E+06   0.253119E+06   0.126854E+00   0.650345E-04   0.282194E+00  -0.141963E+09
   0.183466E+00   0.870692E+06   0.865760E+06   0.157971E+01   0.157971E+01   0.950027E+04   0.865792E+06   0.869864E+06   0.865792E+06  -0.586260E-02   0.245480E+06   0.245417E+06   0.114386E+00   0.595841E-04   0.282193E+00  -0.133800E+09
   0.188587E+00   0.841263E+06   0.836616E+06   0.144458E+01   0.144458E+01   0.852485E+04   0.836546E+06   0.840483E+06   0.836546E+06  -0.566456E-02   0.237188E+06   0.237128E+06   0.106434E+00   0.544872E-04   0.282193E+00  -0.125770E+09
   0.193708E+00   0.809634E+06   0.805041E+06   0.131770E+01   0.131770E+01   0.760255E+04   0.805070E+06   0.808862E+06   0.805070E+06  -0.545143E-02   0.228264E+06   0.228205E+06   0.102122E+00   0.497013E-04   0.282193E+00  -0.117838E+09
   0.198830E+00   0.776840E+06   0.772144E+06   0.119996E+01   0.119996E+01   0.674638E+04   0.772410E+06   0.776051E+06   0.772410E+06  -0.523027E-02   0.219005E+06   0.218946E+06   0.100032E+00   0.452603E-04   0.282192E+00  -0.110146E+09
   0.203951E+00   0.744321E+06   0.739461E+06   0.109262E+01   0.109262E+01   0.596997E+04   0.740014E+06   0.743505E+06   0.740014E+06  -0.501091E-02   0.209821E+06   0.209760E+06   0.986235E-01   0.412118E-04   0.282192E+00  -0.102877E+09
   0.209072E+00   0.713478E+06   0.708489E+06   0.996590E+00   0.996590E+00   0.528388E+04   0.709292E+06   0.712640E+06   0.709292E+06  -0.480288E-02   0.201111E+06   0.201050E+06   0.966279E-01   0.375895E-04   0.282192E+00  -0.961909E+08
   0.214193E+00   0.685506E+06   0.680490E+06   0.912230E+00   0.912230E+00   0.469485E+04   0.681446E+06   0.684664E+06   0.681446E+06  -0.461432E-02   0.193216E+06   0.193156E+06   0.932991E-01   0.344074E-04   0.282191E+00  -0.902051E+08
   0.219314E+00   0.661130E+06   0.656218E+06   0.839168E+00   0.839168E+00   0.420449E+04   0.657200E+06   0.660305E+06   0.657200E+06  -0.445014E-02   0.186342E+06   0.186284E+06   0.884809E-01   0.316515E-04   0.282191E+00  -0.849644E+08
   0.224435E+00   0.640343E+06   0.635657E+06   0.776129E+00   0.776129E+00   0.380853E+04   0.636548E+06   0.639556E+06   0.636548E+06  -0.431030E-02   0.180486E+06   0.180431E+06   0.825081E-01   0.292735E-04   0.282191E+00  -0.804167E+08
   0.229556E+00   0.622483E+06   0.618104E+06   0.721228E+00   0.721228E+00   0.349722E+04   0.618822E+06   0.621748E+06   0.618822E+06  -0.419027E-02   0.175460E+06   0.175408E+06   0.760141E-01   0.272026E-04   0.282191E+00  -0.764333E+08
   0.234678E+00   0.606540E+06   0.602493E+06   0.672461E+00   0.672461E+00   0.325759E+04   0.603009E+06   0.605861E+06   0.603009E+06  -0.408319E-02   0.170976E+06   0.170927E+06   0.697115E-01   0.253630E-04   0.282191E+00  -0.728549E+08
   0.239799E+00   0.591442E+06   0.587696E+06   0.628049E+00   0.628049E+00   0.307428E+04   0.588031E+06   0.590813E+06   0.588031E+06  -0.398178E-02   0.166729E+06   0.166683E+06   0.641952E-01   0.236878E-04   0.282190E+00  -0.695281E+08
   0.244920E+00   0.576276E+06   0.572762E+06   0.586645E+00   0.586645E+00   0.293142E+04   0.572976E+06   0.575686E+06   0.572976E+06  -0.387983E-02   0.162460E+06   0.162416E+06   0.598137E-01   0.221260E-04   0.282190E+00  -0.663314E+08
   0.250041E+00   0.560513E+06   0.557143E+06   0.547472E+00   0.547472E+00   0.281458E+04   0.557310E+06   0.559947E+06   0.557310E+06  -0.377375E-02   0.158018E+06   0.157976E+06   0.566283E-01   0.206485E-04   0.282190E+00  -0.631965E+08
   0.255162E+00   0.544092E+06   0.540784E+06   0.510310E+00   0.510310E+00   0.271274E+04   0.540977E+06   0.543537E+06   0.540977E+06  -0.366316E-02   0.153387E+06   0.153346E+06   0.544511E-01   0.192469E-04   0.282190E+00  -0.601132E+08
   0.260283E+00   0.527318E+06   0.524012E+06   0.475292E+00   0.475292E+00   0.261898E+04   0.524282E+06   0.526763E+06   0.524282E+06  -0.355011E-02   0.148654E+06   0.148613E+06   0.529344E-01   0.179261E-04   0.282190E+00  -0.571118E+08
   0.265404E+00   0.510670E+06   0.507342E+06   0.442676E+00   0.442676E+00   0.252962E+04   0.507709E+06   0.510111E+06   0.507709E+06  -0.343788E-02   0.143955E+06   0.143914E+06   0.516812E-01   0.166960E-04   0.282190E+00  -0.542392E+08
   0.270526E+00   0.494671E+06   0.491327E+06   0.412709E+00   0.412709E+00   0.244355E+04   0.491782E+06   0.494109E+06   0.491782E+06  -0.333004E-02   0.139439E+06   0.139398E+06   0.503484E-01   0.155658E-04   0.282190E+00  -0.515432E+08
   0.275647E+00   0.479780E+06   0.476453E+06   0.385539E+00   0.385539E+00   0.236048E+04   0.476964E+06   0.479221E+06   0.476964E+06  -0.322970E-02   0.135238E+06   0.135197E+06   0.487174E-01   0.145411E-04   0.282189E+00  -0.490613E+08
   0.280768E+00   0.466270E+06   0.463005E+06   0.361135E+00   0.361135E+00   0.227983E+04   0.463528E+06   0.465722E+06   0.463528E+06  -0.313872E-02   0.131428E+06   0.131389E+06   0.467188E-01   0.136207E-04   0.282189E+00  -0.468096E+08
   0.285889E+00   0.454153E+06   0.450991E+06   0.339263E+00   0.339263E+00   0.219984E+04   0.451486E+06   0.453622E+06   0.451486E+06  -0.305718E-02   0.128014E+06   0.127975E+06   0.444169E-01   0.127958E-04   0.282189E+00  -0.447768E+08
   0.291010E+00   0.443216E+06   0.440187E+06   0.319549E+00   0.319549E+00   0.211787E+04   0.440622E+06   0.442707E+06   0.440622E+06  -0.298361E-02   0.124933E+06   0.124897E+06   0.419658E-01   0.120523E-04   0.282189E+00  -0.429303E+08
   0.296131E+00   0.433122E+06   0.430237E+06   0.301573E+00   0.301573E+00   0.203129E+04   0.430600E+06   0.432637E+06   0.430600E+06  -0.291575E-02   0.122091E+06   0.122056E+06   0.395539E-01   0.113744E-04   0.282189E+00  -0.412283E+08
   0.301252E+00   0.423505E+06   0.420756E+06   0.284945E+00   0.284945E+00   0.193814E+04   0.421050E+06   0.423043E+06   0.421050E+06  -0.285109E-02   0.119384E+06   0.119350E+06   0.373488E-01   0.107473E-04   0.282189E+00  -0.396287E+08
   0.306374E+00   0.414038E+06   0.411403E+06   0.269346E+00   0.269346E+00   0.183784E+04   0.411647E+06   0.413596E+06   0.411647E+06  -0.278741E-02   0.116717E+06   0.116685E+06   0.354587E-01   0.101590E-04   0.282189E+00  -0.380961E+08
   0.311495E+00   0.404504E+06   0.401953E+06   0.254565E+00   0.254565E+00   0.173118E+04   0.402171E+06   0.404075E+06   0.402171E+06  -0.272325E-02   0.114031E+06   0.113999E+06   0.339168E-01   0.960154E-05   0.282189E+00  -0.366073E+08
   0.316616E+00   0.394838E+06   0.392340E+06   0.240508E+00   0.240508E+00   0.162034E+04   0.392559E+06   0.394418E+06   0.392559E+06  -0.265816E-02   0.111306E+06   0.111275E+06   0.326866E-01   0.907137E-05   0.282189E+00  -0.351544E+08
   0.321737E+00   0.385118E+06   0.382651E+06   0.227176E+00   0.227176E+00   0.150827E+04   0.382890E+06   0.384704E+06   0.382890E+06  -0.259269E-02   0.108564E+06   0.108534E+06   0.316825E-01   0.856854E-05   0.282189E+00  -0.337428E+08
   0.326858E+00   0.375508E+06   0.373060E+06   0.214616E+00   0.214616E+00   0.139818E+04   0.373328E+06   0.375097E+06   0.373328E+06  -0.252794E-02   0.105853E+06   0.105823E+06   0.307981E-01   0.809483E-05   0.282189E+00  -0.323847E+08
   0.331979E+00   0.366191E+06   0.363761E+06   0.202880E+00   0.202880E+00   0.129312E+04   0.364058E+06   0.365783E+06   0.364058E+06  -0.246517E-02   0.103225E+06   0.103195E+06   0.299341E-01   0.765217E-05   0.282189E+00  -0.310934E+08
   0.337100E+00   0.357324E+06   0.354921E+06   0.191995E+00   0.191995E+00   0.119567E+04   0.355237E+06   0.356920E+06   0.355237E+06  -0.240544E-02   0.100724E+06   0.100694E+06   0.290205E-01   0.724161E-05   0.282189E+00  -0.298791E+08
   0.342222E+00   0.349006E+06   0.346643E+06   0.181954E+00   0.181954E+00   0.110800E+04   0.346965E+06   0.348609E+06   0.346965E+06  -0.234943E-02   0.983783E+05   0.983495E+05   0.280265E-01   0.686287E-05   0.282189E+00  -0.287466E+08
   0.347343E+00   0.341261E+06   0.338953E+06   0.172709E+00   0.172709E+00   0.103154E+04   0.339265E+06   0.340873E+06   0.339265E+06  -0.229729E-02   0.961951E+05   0.961671E+05   0.269592E-01   0.651413E-05   0.282189E+00  -0.276942E+08
   0.352464E+00   0.334035E+06   0.331792E+06   0.164176E+00   0.164176E+00   0.967006E+03   0.332084E+06   0.333658E+06   0.332084E+06  -0.224866E-02   0.941590E+05   0.941316E+05   0.258543E-01   0.619228E-05   0.282188E+00  -0.267142E+08
   0.357585E+00   0.327220E+06   0.325047E+06   0.156255E+00   0.156255E+00   0.914200E+03   0.325312E+06   0.326855E+06   0.325312E+06  -0.220281E-02   0.922391E+05   0.922125E+05   0.247609E-01   0.589349E-05   0.282188E+00  -0.257947E+08
   0.362706E+00   0.320690E+06   0.318586E+06   0.148845E+00   0.148845E+00   0.872085E+03   0.318825E+06   0.320336E+06   0.318825E+06  -0.215888E-02   0.903995E+05   0.903737E+05   0.237270E-01   0.561398E-05   0.282188E+00  -0.249233E+08
   0.367827E+00   0.314329E+06   0.312287E+06   0.141860E+00   0.141860E+00   0.838941E+03   0.312504E+06   0.313986E+06   0.312504E+06  -0.211608E-02   0.886073E+05   0.885822E+05   0.227877E-01   0.535050E-05   0.282188E+00  -0.240891E+08
   0.372948E+00   0.308050E+06   0.306060E+06   0.135235E+00   0.135235E+00   0.812588E+03   0.306263E+06   0.307716E+06   0.306263E+06  -0.207382E-02   0.868378E+05   0.868132E+05   0.219582E-01   0.510062E-05   0.282188E+00  -0.232839E+08
   0.378070E+00   0.301808E+06   0.299858E+06   0.128930E+00   0.128930E+00   0.790902E+03   0.300057E+06   0.301480E+06   0.300057E+06  -0.203180E-02   0.850781E+05   0.850541E+05   0.212334E-01   0.486279E-05   0.282188E+00  -0.225031E+08
   0.383191E+00   0.295609E+06   0.293692E+06   0.122928E+00   0.122928E+00   0.772053E+03   0.293893E+06   0.295287E+06   0.293893E+06  -0.199006E-02   0.833304E+05   0.833068E+05   0.205928E-01   0.463644E-05   0.282188E+00  -0.217462E+08
   0.388312E+00   0.289505E+06   0.287614E+06   0.117235E+00   0.117235E+00   0.754839E+03   0.287823E+06   0.289188E+06   0.287823E+06  -0.194895E-02   0.816092E+05   0.815859E+05   0.200083E-01   0.442169E-05   0.282188E+00  -0.210162E+08
   0.393433E+00   0.283557E+06   0.281690E+06   0.111855E+00   0.111855E+00   0.738570E+03   0.281907E+06   0.283244E+06   0.281907E+06  -0.190889E-02   0.799318E+05   0.799089E+05   0.194508E-01   0.421880E-05   0.282188E+00  -0.203163E+08
   0.398554E+00   0.277813E+06   0.275972E+06   0.106790E+00   0.106790E+00   0.722965E+03   0.276194E+06   0.277504E+06   0.276194E+06  -0.187021E-02   0.783120E+05   0.782894E+05   0.188969E-01   0.402777E-05   0.282188E+00  -0.196488E+08
   0.403675E+00   0.272306E+06   0.270494E+06   0.102034E+00   0.102034E+00   0.707967E+03   0.270718E+06   0.272001E+06   0.270718E+06  -0.183313E-02   0.767592E+05   0.767370E+05   0.183334E-01   0.384837E-05   0.282188E+00  -0.190149E+08
   0.408796E+00   0.267054E+06   0.265275E+06   0.975745E-01   0.975745E-01   0.693533E+03   0.265496E+06   0.266755E+06   0.265496E+06  -0.179777E-02   0.752787E+05   0.752570E+05   0.177584E-01   0.368018E-05   0.282188E+00  -0.184145E+08
   0.413918E+00   0.262053E+06   0.260311E+06   0.933928E-01   0.933928E-01   0.679579E+03   0.260525E+06   0.261760E+06   0.260525E+06  -0.176411E-02   0.738691E+05   0.738478E+05   0.171788E-01   0.352247E-05   0.282188E+00  -0.178461E+08
   0.419039E+00   0.257269E+06   0.255567E+06   0.894611E-01   0.894611E-01   0.665839E+03   0.255770E+06   0.256983E+06   0.255770E+06  -0.173191E-02   0.725210E+05   0.725002E+05   0.166067E-01   0.337418E-05   0.282188E+00  -0.173063E+08
   0.424160E+00   0.252655E+06   0.250992E+06   0.857484E-01   0.857484E-01   0.652009E+03   0.251185E+06   0.252376E+06   0.251185E+06  -0.170086E-02   0.712208E+05   0.712004E+05   0.160553E-01   0.323415E-05   0.282188E+00  -0.167908E+08
   0.429281E+00   0.248168E+06   0.246542E+06   0.822284E-01   0.822284E-01   0.637770E+03   0.246725E+06   0.247895E+06   0.246725E+06  -0.167066E-02   0.699563E+05   0.699363E+05   0.155357E-01   0.310139E-05   0.282188E+00  -0.162960E+08
   0.434402E+00   0.243778E+06   0.242186E+06   0.788809E-01   0.788809E-01   0.622864E+03   0.242361E+06   0.243511E+06   0.242361E+06  -0.164112E-02   0.687190E+05   0.686994E+05   0.150539E-01   0.297514E-05   0.282188E+00  -0.158190E+08
   0.439523E+00   0.239465E+06   0.237903E+06   0.756903E-01   0.756903E-01   0.607082E+03   0.238074E+06   0.239203E+06   0.238074E+06  -0.161209E-02   0.675034E+05   0.674841E+05   0.146106E-01   0.285481E-05   0.282188E+00  -0.153582E+08
   0.444644E+00   0.235221E+06   0.233684E+06   0.726458E-01   0.726458E-01   0.590233E+03   0.233854E+06   0.234963E+06   0.233854E+06  -0.158351E-02   0.663068E+05   0.662878E+05   0.142015E-01   0.273998E-05   0.282188E+00  -0.149121E+08
   0.449766E+00   0.231049E+06   0.229536E+06   0.697416E-01   0.697416E-01   0.572212E+03   0.229706E+06   0.230795E+06   0.229706E+06  -0.155542E-02   0.651307E+05   0.651120E+05   0.138188E-01   0.263045E-05   0.282188E+00  -0.144809E+08
   0.454887E+00   0.226968E+06   0.225478E+06   0.669757E-01   0.669757E-01   0.552962E+03   0.225648E+06   0.226718E+06   0.225648E+06  -0.152794E-02   0.639801E+05   0.639618E+05   0.134542E-01   0.252613E-05   0.282188E+00  -0.140649E+08
   0.460008E+00   0.222998E+06   0.221529E+06   0.643470E-01   0.643470E-01   0.532559E+03   0.221700E+06   0.222752E+06   0.221700E+06  -0.150121E-02   0.628608E+05   0.628428E+05   0.131001E-01   0.242699E-05   0.282188E+00  -0.136650E+08
   0.465129E+00   0.219153E+06   0.217706E+06   0.618525E-01   0.618525E-01   0.511178E+03   0.217877E+06   0.218910E+06   0.217877E+06  -0.147532E-02   0.617768E+05   0.617590E+05   0.127515E-01   0.233291E-05   0.282188E+00  -0.132815E+08
   0.470250E+00   0.215437E+06   0.214014E+06   0.594865E-01   0.594865E-01   0.489125E+03   0.214182E+06   0.215198E+06   0.214182E+06  -0.145031E-02   0.607292E+05   0.607118E+05   0.124061E-01   0.224368E-05   0.282188E+00  -0.129141E+08
   0.475371E+00   0.211847E+06   0.210447E+06   0.572415E-01   0.572415E-01   0.466800E+03   0.210612E+06   0.211612E+06   0.210612E+06  -0.142613E-02   0.597171E+05   0.596999E+05   0.120643E-01   0.215901E-05   0.282188E+00  -0.125621E+08
   0.480492E+00   0.208374E+06   0.206999E+06   0.551095E-01   0.551095E-01   0.444627E+03   0.207160E+06   0.208143E+06   0.207160E+06  -0.140276E-02   0.587382E+05   0.587213E+05   0.117287E-01   0.207859E-05   0.282188E+00  -0.122244E+08
   0.485614E+00   0.205008E+06   0.203659E+06   0.530820E-01   0.530820E-01   0.423005E+03   0.203815E+06   0.204782E+06   0.203815E+06  -0.138010E-02   0.577896E+05   0.577730E+05   0.114028E-01   0.200212E-05   0.282188E+00  -0.119002E+08
   0.490735E+00   0.201735E+06   0.200410E+06   0.511501E-01   0.511501E-01   0.402216E+03   0.200561E+06   0.201513E+06   0.200561E+06  -0.135807E-02   0.568672E+05   0.568509E+05   0.110899E-01   0.192926E-05   0.282188E+00  -0.115880E+08
   0.495856E+00   0.198539E+06   0.197236E+06   0.493052E-01   0.493052E-01   0.382455E+03   0.197383E+06   0.198320E+06   0.197383E+06  -0.133655E-02   0.559661E+05   0.559501E+05   0.107919E-01   0.185967E-05   0.282188E+00  -0.112866E+08
   0.500977E+00   0.195406E+06   0.194125E+06   0.475402E-01   0.475402E-01   0.363824E+03   0.194269E+06   0.195191E+06   0.194269E+06  -0.131546E-02   0.550830E+05   0.550672E+05   0.105096E-01   0.179310E-05   0.282188E+00  -0.109950E+08
   0.506098E+00   0.192333E+06   0.191073E+06   0.458506E-01   0.458506E-01   0.346424E+03   0.191214E+06   0.192122E+06   0.191214E+06  -0.129478E-02   0.542170E+05   0.542014E+05   0.102423E-01   0.172937E-05   0.282188E+00  -0.107126E+08
   0.511219E+00   0.189324E+06   0.188082E+06   0.442333E-01   0.442333E-01   0.330366E+03   0.188222E+06   0.189115E+06   0.188222E+06  -0.127452E-02   0.533685E+05   0.533532E+05   0.998817E-02   0.166837E-05   0.282188E+00  -0.104393E+08
   0.516340E+00   0.186379E+06   0.185155E+06   0.426857E-01   0.426857E-01   0.315791E+03   0.185294E+06   0.186173E+06   0.185294E+06  -0.125469E-02   0.525383E+05   0.525232E+05   0.974473E-02   0.160999E-05   0.282188E+00  -0.101750E+08
   0.521462E+00   0.183500E+06   0.182293E+06   0.412049E-01   0.412049E-01   0.302869E+03   0.182431E+06   0.183297E+06   0.182431E+06  -0.123531E-02   0.517266E+05   0.517118E+05   0.950951E-02   0.155414E-05   0.282188E+00  -0.991944E+07
   0.526583E+00   0.180691E+06   0.179501E+06   0.397887E-01   0.397887E-01   0.291741E+03   0.179638E+06   0.180491E+06   0.179638E+06  -0.121640E-02   0.509347E+05   0.509201E+05   0.928055E-02   0.150072E-05   0.282188E+00  -0.967258E+07
   0.531704E+00   0.177956E+06   0.176784E+06   0.384352E-01   0.384352E-01   0.282502E+03   0.176919E+06   0.177759E+06   0.176919E+06  -0.119798E-02   0.501637E+05   0.501493E+05   0.905672E-02   0.144966E-05   0.282188E+00  -0.943442E+07
   0.536825E+00   0.175296E+06   0.174142E+06   0.371419E-01   0.371419E-01   0.275124E+03   0.174275E+06   0.175102E+06   0.174275E+06  -0.118008E-02   0.494141E+05   0.493999E+05   0.883768E-02   0.140088E-05   0.282187E+00  -0.920477E+07
   0.541946E+00   0.172708E+06   0.171571E+06   0.359052E-01   0.359052E-01   0.269465E+03   0.171702E+06   0.172517E+06   0.171702E+06  -0.116266E-02   0.486845E+05   0.486705E+05   0.862366E-02   0.135423E-05   0.282187E+00  -0.898318E+07
   0.547067E+00   0.170185E+06   0.169065E+06   0.347214E-01   0.347214E-01   0.265263E+03   0.169194E+06   0.169997E+06   0.169194E+06  -0.114567E-02   0.479733E+05   0.479595E+05   0.841530E-02   0.130958E-05   0.282187E+00  -0.876908E+07
   0.559946E+00   0.164102E+06   0.163024E+06   0.319580E-01   0.319580E-01   0.258766E+03   0.163146E+06   0.163921E+06   0.163146E+06  -0.110472E-02   0.462586E+05   0.462453E+05   0.792121E-02   0.120535E-05   0.282187E+00  -0.826117E+07
   0.593872E+00   0.149530E+06   0.148547E+06   0.258882E-01   0.258882E-01   0.232568E+03   0.148659E+06   0.149365E+06   0.148659E+06  -0.100663E-02   0.421509E+05   0.421388E+05   0.681961E-02   0.976430E-06   0.282187E+00  -0.709757E+07
   0.629853E+00   0.136217E+06   0.135322E+06   0.209657E-01   0.209657E-01   0.172590E+03   0.135423E+06   0.136066E+06   0.135423E+06  -0.917001E-03   0.383981E+05   0.383870E+05   0.586098E-02   0.790775E-06   0.282187E+00  -0.609628E+07
   0.879031E+00   0.796282E+05   0.791052E+05   0.629241E-02   0.629241E-02   0.479292E+02   0.791642E+05   0.795404E+05   0.791642E+05  -0.536050E-03   0.224464E+05   0.224398E+05   0.248247E-02   0.237331E-06   0.282187E+00  -0.255350E+07
   0.122679E+01   0.459862E+05   0.456840E+05   0.186572E-02   0.186572E-02   0.154053E+02   0.457181E+05   0.459355E+05   0.457181E+05  -0.309574E-03   0.129630E+05   0.129592E+05   0.104985E-02   0.703702E-07   0.282187E+00  -0.105665E+07
   0.171212E+01   0.262814E+05   0.261086E+05   0.547443E-03   0.547443E-03   0.463771E+01   0.261282E+05   0.262524E+05   0.261282E+05  -0.176924E-03   0.740846E+04   0.740616E+04   0.448174E-03   0.206481E-07   0.282186E+00  -0.432700E+06
   0.238945E+01   0.148855E+05   0.147874E+05   0.159192E-03   0.159192E-03   0.127367E+01   0.147986E+05   0.148690E+05   0.147986E+05  -0.100207E-03   0.419605E+04   0.419465E+04   0.196399E-03   0.600431E-08   0.282185E+00  -0.175604E+06
