#          k/h    CDM            baryon         photon         nu             mass_nu        total          no_nu          total_de       Weyl           v_CDM          v_b            v_b-v_c        ISW            log_grow       pert_vel    
   0.994668E-05   0.789088E+08   0.789088E+08   0.105182E+09   0.105182E+09   0.789132E+08   0.789088E+08   0.789088E+08   0.789369E+08  -0.356489E+00   0.851634E+07   0.851634E+07   0.919713E+01  -0.620692E+05   0.102463E+01  -0.856231E+14
   0.109829E-04   0.788909E+08   0.788909E+08   0.105152E+09   0.105152E+09   0.788953E+08   0.788910E+08   0.788909E+08   0.789191E+08  -0.356408E+00   0.851488E+07   0.851488E+07   0.101540E+02  -0.499299E+05   0.102417E+01  -0.775311E+14
   0.121272E-04   0.788692E+08   0.788692E+08   0.105115E+09   0.105115E+09   0.788736E+08   0.788692E+08   0.788692E+08   0.788973E+08  -0.356310E+00   0.851310E+07   0.851310E+07   0.112102E+02  -0.399749E+05   0.102361E+01  -0.702011E+14
   0.133906E-04   0.788427E+08   0.788427E+08   0.105071E+09   0.105070E+09   0.788471E+08   0.788427E+08   0.788427E+08   0.788708E+08  -0.356190E+00   0.851094E+07   0.851094E+07   0.123757E+02  -0.318117E+05   0.102293E+01  -0.635613E+14
   0.147857E-04   0.788104E+08   0.788104E+08   0.105016E+09   0.105015E+09   0.788148E+08   0.788105E+08   0.788104E+08   0.788385E+08  -0.356045E+00   0.850830E+07   0.850830E+07   0.136619E+02  -0.251188E+05   0.102210E+01  -0.575463E+14
   0.163261E-04   0.787712E+08   0.787712E+08   0.104949E+09   0.104948E+09   0.787755E+08   0.787712E+08   0.787712E+08   0.787992E+08  -0.355867E+00   0.850509E+07   0.850509E+07   0.150810E+02  -0.196322E+05   0.102110E+01  -0.520970E+14
   0.180270E-04   0.787233E+08   0.787233E+08   0.104868E+09   0.104867E+09   0.787276E+08   0.787233E+08   0.787233E+08   0.787514E+08  -0.355651E+00   0.850118E+07   0.850118E+07   0.166465E+02  -0.151356E+05   0.101987E+01  -0.471598E+14
   0.199051E-04   0.786651E+08   0.786651E+08   0.104770E+09   0.104768E+09   0.786693E+08   0.786651E+08   0.786651E+08   0.786931E+08  -0.355388E+00   0.849642E+07   0.849642E+07   0.183731E+02  -0.114518E+05   0.101839E+01  -0.426862E+14
   0.219788E-04   0.785942E+08   0.785942E+08   0.104650E+09   0.104647E+09   0.785984E+08   0.785942E+08   0.785942E+08   0.786222E+08  -0.355068E+00   0.849062E+07   0.849062E+07   0.202770E+02  -0.843559E+04   0.101658E+01  -0.386323E+14
   0.242687E-04   0.785080E+08   0.785080E+08   0.104504E+09   0.104501E+09   0.785122E+08   0.785080E+08   0.785080E+08   0.785359E+08  -0.354678E+00   0.848358E+07   0.848358E+07   0.223757E+02  -0.596800E+04   0.101439E+01  -0.349582E+14
   0.267970E-04   0.784032E+08   0.784032E+08   0.104326E+09   0.104323E+09   0.784073E+08   0.784032E+08   0.784032E+08   0.784311E+08  -0.354205E+00   0.847502E+07   0.847501E+07   0.246884E+02  -0.395172E+04   0.101173E+01  -0.316279E+14
   0.295888E-04   0.782759E+08   0.782759E+08   0.104110E+09   0.104106E+09   0.782799E+08   0.782759E+08   0.782759E+08   0.783038E+08  -0.353630E+00   0.846461E+07   0.846461E+07   0.272357E+02  -0.230716E+04   0.100851E+01  -0.286085E+14
   0.326714E-04   0.781214E+08   0.781214E+08   0.103849E+09   0.103843E+09   0.781253E+08   0.781214E+08   0.781214E+08   0.781491E+08  -0.352931E+00   0.845198E+07   0.845198E+07   0.300399E+02  -0.969365E+03   0.100462E+01  -0.258706E+14
   0.360752E-04   0.779340E+08   0.779339E+08   0.103531E+09   0.103524E+09   0.779377E+08   0.779340E+08   0.779340E+08   0.779616E+08  -0.352085E+00   0.843667E+07   0.843667E+07   0.331249E+02   0.114617E+03   0.999927E+00  -0.233872E+14
   0.398336E-04   0.777069E+08   0.777069E+08   0.103145E+09   0.103138E+09   0.777105E+08   0.777069E+08   0.777069E+08   0.777345E+08  -0.351059E+00   0.841813E+07   0.841812E+07   0.365164E+02   0.987819E+03   0.994272E+00  -0.211340E+14
   0.439836E-04   0.774322E+08   0.774322E+08   0.102679E+09   0.102670E+09   0.774356E+08   0.774322E+08   0.774322E+08   0.774596E+08  -0.349818E+00   0.839570E+07   0.839570E+07   0.402411E+02   0.168511E+04   0.987479E+00  -0.190890E+14
   0.485659E-04   0.771004E+08   0.771004E+08   0.102116E+09   0.102105E+09   0.771036E+08   0.771004E+08   0.771004E+08   0.771277E+08  -0.348319E+00   0.836862E+07   0.836862E+07   0.443274E+02   0.223461E+04   0.979344E+00  -0.172321E+14
   0.536256E-04   0.767005E+08   0.767004E+08   0.101436E+09   0.101422E+09   0.767034E+08   0.767005E+08   0.767005E+08   0.767276E+08  -0.346512E+00   0.833600E+07   0.833599E+07   0.488042E+02   0.265890E+04   0.969639E+00  -0.155454E+14
   0.592125E-04   0.762196E+08   0.762195E+08   0.100618E+09   0.100601E+09   0.762222E+08   0.762196E+08   0.762196E+08   0.762465E+08  -0.344339E+00   0.829680E+07   0.829679E+07   0.537012E+02   0.297603E+04   0.958113E+00  -0.140124E+14
   0.653814E-04   0.756430E+08   0.756429E+08   0.996359E+08   0.996159E+08   0.756452E+08   0.756430E+08   0.756429E+08   0.756696E+08  -0.341734E+00   0.824984E+07   0.824983E+07   0.590475E+02   0.320031E+04   0.944497E+00  -0.126185E+14
   0.721930E-04   0.749540E+08   0.749540E+08   0.984609E+08   0.984367E+08   0.749558E+08   0.749540E+08   0.749540E+08   0.749803E+08  -0.338622E+00   0.819379E+07   0.819378E+07   0.648716E+02   0.334316E+04   0.928511E+00  -0.113503E+14
   0.797142E-04   0.741342E+08   0.741342E+08   0.970605E+08   0.970311E+08   0.741354E+08   0.741342E+08   0.741342E+08   0.741602E+08  -0.334918E+00   0.812720E+07   0.812718E+07   0.711995E+02   0.341370E+04   0.909881E+00  -0.101958E+14
   0.880190E-04   0.731636E+08   0.731636E+08   0.953990E+08   0.953635E+08   0.731641E+08   0.731636E+08   0.731636E+08   0.731891E+08  -0.330533E+00   0.804849E+07   0.804847E+07   0.780541E+02   0.341944E+04   0.888357E+00  -0.914437E+13
   0.971891E-04   0.720212E+08   0.720212E+08   0.934384E+08   0.933955E+08   0.720209E+08   0.720212E+08   0.720212E+08   0.720462E+08  -0.325371E+00   0.795607E+07   0.795605E+07   0.854534E+02   0.336685E+04   0.863736E+00  -0.818648E+13
   0.107314E-03   0.706859E+08   0.706859E+08   0.911396E+08   0.910878E+08   0.706846E+08   0.706859E+08   0.706859E+08   0.707103E+08  -0.319339E+00   0.784836E+07   0.784833E+07   0.934095E+02   0.326198E+04   0.835893E+00  -0.731369E+13
   0.118495E-03   0.691379E+08   0.691378E+08   0.884642E+08   0.884019E+08   0.691353E+08   0.691379E+08   0.691379E+08   0.691615E+08  -0.312345E+00   0.772392E+07   0.772389E+07   0.101926E+03   0.311093E+04   0.804813E+00  -0.651860E+13
   0.130840E-03   0.673604E+08   0.673603E+08   0.853775E+08   0.853026E+08   0.673563E+08   0.673604E+08   0.673604E+08   0.673832E+08  -0.304314E+00   0.758164E+07   0.758160E+07   0.110999E+03   0.292031E+04   0.770620E+00  -0.579480E+13
   0.144471E-03   0.653418E+08   0.653417E+08   0.818512E+08   0.817616E+08   0.653359E+08   0.653418E+08   0.653418E+08   0.653636E+08  -0.295193E+00   0.742085E+07   0.742080E+07   0.120612E+03   0.269755E+04   0.733604E+00  -0.513675E+13
   0.159522E-03   0.630783E+08   0.630781E+08   0.778679E+08   0.777611E+08   0.630702E+08   0.630783E+08   0.630783E+08   0.630991E+08  -0.284967E+00   0.724156E+07   0.724150E+07   0.130741E+03   0.245097E+04   0.694229E+00  -0.453969E+13
   0.176142E-03   0.605763E+08   0.605760E+08   0.734245E+08   0.732977E+08   0.605656E+08   0.605762E+08   0.605762E+08   0.605958E+08  -0.273662E+00   0.704459E+07   0.704452E+07   0.141346E+03   0.218961E+04   0.653126E+00  -0.399953E+13
   0.194493E-03   0.578542E+08   0.578539E+08   0.685359E+08   0.683862E+08   0.578403E+08   0.578541E+08   0.578541E+08   0.578724E+08  -0.261362E+00   0.683172E+07   0.683163E+07   0.152380E+03   0.192289E+04   0.611065E+00  -0.351271E+13
   0.214755E-03   0.549438E+08   0.549435E+08   0.632372E+08   0.630615E+08   0.549262E+08   0.549437E+08   0.549437E+08   0.549605E+08  -0.248212E+00   0.660566E+07   0.660556E+07   0.163780E+03   0.165996E+04   0.568902E+00  -0.307601E+13
   0.237129E-03   0.518896E+08   0.518892E+08   0.575843E+08   0.573796E+08   0.518674E+08   0.518894E+08   0.518895E+08   0.519048E+08  -0.234412E+00   0.637004E+07   0.636992E+07   0.175466E+03   0.140908E+04   0.527522E+00  -0.268641E+13
   0.261834E-03   0.487466E+08   0.487461E+08   0.516524E+08   0.514162E+08   0.487189E+08   0.487464E+08   0.487465E+08   0.487601E+08  -0.220209E+00   0.612914E+07   0.612899E+07   0.187342E+03   0.117697E+04   0.487767E+00  -0.234093E+13
   0.289112E-03   0.455765E+08   0.455760E+08   0.455333E+08   0.452638E+08   0.455423E+08   0.455763E+08   0.455764E+08   0.455884E+08  -0.205885E+00   0.588761E+07   0.588744E+07   0.199282E+03   0.968390E+03   0.450374E+00  -0.203651E+13
   0.319233E-03   0.424432E+08   0.424425E+08   0.393316E+08   0.390281E+08   0.424011E+08   0.424429E+08   0.424431E+08   0.424534E+08  -0.191725E+00   0.565013E+07   0.564993E+07   0.211121E+03   0.785968E+03   0.415929E+00  -0.176996E+13
   0.352491E-03   0.394071E+08   0.394063E+08   0.331613E+08   0.328252E+08   0.393554E+08   0.394067E+08   0.394069E+08   0.394155E+08  -0.178004E+00   0.542101E+07   0.542078E+07   0.222650E+03   0.630353E+03   0.384842E+00  -0.153796E+13
   0.389215E-03   0.365207E+08   0.365198E+08   0.271436E+08   0.267788E+08   0.364576E+08   0.365203E+08   0.365206E+08   0.365275E+08  -0.164959E+00   0.520392E+07   0.520365E+07   0.233597E+03   0.500540E+03   0.357335E+00  -0.133707E+13
   0.429764E-03   0.338258E+08   0.338247E+08   0.214067E+08   0.210204E+08   0.337488E+08   0.338253E+08   0.338256E+08   0.338310E+08  -0.152778E+00   0.500168E+07   0.500137E+07   0.243624E+03   0.394348E+03   0.333460E+00  -0.116385E+13
   0.474538E-03   0.313513E+08   0.313500E+08   0.160845E+08   0.156874E+08   0.312576E+08   0.313506E+08   0.313511E+08   0.313549E+08  -0.141593E+00   0.481617E+07   0.481581E+07   0.252329E+03   0.308907E+03   0.313119E+00  -0.101494E+13
   0.523976E-03   0.291132E+08   0.291117E+08   0.113135E+08   0.109196E+08   0.289994E+08   0.291124E+08   0.291130E+08   0.291154E+08  -0.131476E+00   0.464835E+07   0.464794E+07   0.259257E+03   0.241088E+03   0.296096E+00  -0.887149E+12
   0.578566E-03   0.271162E+08   0.271144E+08   0.722411E+07   0.684898E+07   0.269781E+08   0.271153E+08   0.271159E+08   0.271172E+08  -0.122448E+00   0.449835E+07   0.449789E+07   0.263931E+03   0.187820E+03   0.282093E+00  -0.777515E+12
   0.638842E-03   0.253552E+08   0.253531E+08   0.392211E+07   0.357952E+07   0.251878E+08   0.253540E+08   0.253548E+08   0.253551E+08  -0.114487E+00   0.436564E+07   0.436513E+07   0.265906E+03   0.146301E+03   0.270763E+00  -0.683380E+12
   0.705398E-03   0.238179E+08   0.238155E+08   0.146170E+07   0.115878E+07   0.236154E+08   0.238166E+08   0.238175E+08   0.238169E+08  -0.107537E+00   0.424919E+07   0.424863E+07   0.264827E+03   0.114100E+03   0.261737E+00  -0.602391E+12
   0.778888E-03   0.224872E+08   0.224845E+08  -0.183404E+06  -0.452207E+06   0.222426E+08   0.224856E+08   0.224868E+08   0.224855E+08  -0.101522E+00   0.414762E+07   0.414701E+07   0.260497E+03   0.891918E+02   0.254650E+00  -0.532511E+12
   0.860035E-03   0.213431E+08   0.213401E+08  -0.113480E+07  -0.139242E+07   0.210481E+08   0.213412E+08   0.213426E+08   0.213409E+08  -0.963500E-01   0.405936E+07   0.405871E+07   0.252923E+03   0.699349E+02   0.249157E+00  -0.472004E+12
   0.949635E-03   0.203645E+08   0.203612E+08  -0.158836E+07  -0.187523E+07   0.200095E+08   0.203622E+08   0.203639E+08   0.203618E+08  -0.919266E-01   0.398276E+07   0.398207E+07   0.242319E+03   0.550297E+02   0.244949E+00  -0.419402E+12
   0.104857E-02   0.195301E+08   0.195265E+08  -0.174611E+07  -0.211264E+07   0.191040E+08   0.195275E+08   0.195295E+08   0.195270E+08  -0.881556E-01   0.391617E+07   0.391545E+07   0.229057E+03   0.434639E+02   0.241758E+00  -0.373480E+12
   0.115781E-02   0.188198E+08   0.188160E+08  -0.172748E+07  -0.221959E+07   0.183098E+08   0.188167E+08   0.188192E+08   0.188162E+08  -0.849454E-01   0.385802E+07   0.385728E+07   0.213595E+03   0.344577E+02   0.239356E+00  -0.333218E+12
   0.127844E-02   0.182148E+08   0.182108E+08  -0.153514E+07  -0.217965E+07   0.176067E+08   0.182113E+08   0.182142E+08   0.182108E+08  -0.822109E-01   0.380683E+07   0.380608E+07   0.196445E+03   0.274154E+02   0.237559E+00  -0.297773E+12
   0.141163E-02   0.176982E+08   0.176941E+08  -0.114523E+07  -0.194416E+07   0.169769E+08   0.176941E+08   0.176975E+08   0.176937E+08  -0.798754E-01   0.376124E+07   0.376048E+07   0.178219E+03   0.218845E+02   0.236220E+00  -0.266448E+12
   0.155869E-02   0.172546E+08   0.172504E+08  -0.658266E+06   0.434113E+06   0.164041E+08   0.172499E+08   0.172539E+08   0.172498E+08  -0.778713E-01   0.371996E+07   0.371921E+07   0.159695E+03   0.175223E+02   0.235222E+00  -0.238659E+12
   0.172108E-02   0.168707E+08   0.168665E+08  -0.287551E+06   0.348136E+06   0.158741E+08   0.168653E+08   0.168700E+08   0.168653E+08  -0.761351E-01   0.368195E+07   0.368122E+07   0.141777E+03   0.140647E+02   0.234480E+00  -0.213933E+12
   0.190039E-02   0.165348E+08   0.165306E+08  -0.120973E+06   0.279854E+06   0.153751E+08   0.165286E+08   0.165341E+08   0.165286E+08  -0.746150E-01   0.364620E+07   0.364549E+07   0.125278E+03   0.113136E+02   0.233927E+00  -0.191867E+12
   0.209838E-02   0.162365E+08   0.162323E+08  -0.538003E+05   0.225395E+06   0.148974E+08   0.162294E+08   0.162358E+08   0.162295E+08  -0.732646E-01   0.361178E+07   0.361109E+07   0.110750E+03   0.911644E+01   0.233512E+00  -0.172124E+12
   0.231699E-02   0.159670E+08   0.159629E+08  -0.689190E+05   0.181800E+06   0.144329E+08   0.159591E+08   0.159663E+08   0.159591E+08  -0.720441E-01   0.357789E+07   0.357721E+07   0.984743E+02   0.735576E+01   0.233199E+00  -0.154421E+12
   0.255838E-02   0.157188E+08   0.157145E+08  -0.177945E+06   0.146794E+06   0.139753E+08   0.157098E+08   0.157181E+08   0.157098E+08  -0.709189E-01   0.354382E+07   0.354314E+07   0.883613E+02   0.594082E+01   0.232961E+00  -0.138519E+12
   0.282492E-02   0.154851E+08   0.154806E+08  -0.207469E+06   0.118609E+06   0.135195E+08   0.154750E+08   0.154843E+08   0.154750E+08  -0.698587E-01   0.350885E+07   0.350818E+07   0.798893E+02   0.480092E+01   0.232778E+00  -0.124211E+12
   0.311923E-02   0.152602E+08   0.152555E+08  -0.166647E+06   0.958697E+05   0.130607E+08   0.152490E+08   0.152594E+08   0.152490E+08  -0.688382E-01   0.347244E+07   0.347176E+07   0.723892E+02   0.388088E+01   0.232635E+00  -0.111324E+12
   0.344419E-02   0.150392E+08   0.150343E+08  -0.863880E+05   0.774932E+05   0.125945E+08   0.150268E+08   0.150384E+08   0.150268E+08  -0.678352E-01   0.343406E+07   0.343338E+07   0.653297E+02   0.313715E+01   0.232522E+00  -0.997061E+11
   0.380302E-02   0.148179E+08   0.148127E+08  -0.494095E+05   0.626243E+05   0.121172E+08   0.148043E+08   0.148171E+08   0.148043E+08  -0.668306E-01   0.339322E+07   0.339255E+07   0.585897E+02   0.253528E+01   0.232432E+00  -0.892247E+11
   0.419923E-02   0.145926E+08   0.145870E+08  -0.548460E+05   0.505829E+05   0.116257E+08   0.145776E+08   0.145917E+08   0.145776E+08  -0.658074E-01   0.334948E+07   0.334882E+07   0.524113E+02   0.204780E+01   0.232360E+00  -0.797646E+11
   0.463671E-02   0.143600E+08   0.143540E+08  -0.664926E+05   0.408263E+05   0.111177E+08   0.143436E+08   0.143590E+08   0.143436E+08  -0.647510E-01   0.330244E+07   0.330179E+07   0.470375E+02   0.165277E+01   0.232300E+00  -0.712241E+11
   0.511978E-02   0.141172E+08   0.141107E+08  -0.382076E+05   0.329192E+05   0.105932E+08   0.140994E+08   0.141161E+08   0.140994E+08  -0.636484E-01   0.325172E+07   0.325107E+07   0.423769E+02   0.133261E+01   0.232250E+00  -0.635132E+11
   0.565317E-02   0.138621E+08   0.138550E+08  -0.141179E+05   0.265121E+05   0.100276E+08   0.138427E+08   0.138609E+08   0.138427E+08  -0.624898E-01   0.319706E+07   0.319641E+07   0.381373E+02   0.107317E+01   0.232206E+00  -0.565535E+11
   0.624213E-02   0.135915E+08   0.135837E+08  -0.655706E+04   0.213206E+05   0.945318E+07   0.135706E+08   0.135902E+08   0.135706E+08  -0.612615E-01   0.313792E+07   0.313728E+07   0.342249E+02   0.862960E+00   0.232168E+00  -0.502702E+11
   0.689245E-02   0.133039E+08   0.132952E+08   0.271824E+05   0.171168E+05   0.885712E+07   0.132814E+08   0.133024E+08   0.132814E+08  -0.599557E-01   0.307409E+07   0.307346E+07   0.307664E+02   0.692740E+00   0.232136E+00  -0.446010E+11
   0.761052E-02   0.129973E+08   0.129875E+08   0.218499E+05   0.137153E+05   0.824803E+07   0.129732E+08   0.129956E+08   0.129732E+08  -0.585643E-01   0.300528E+07   0.300465E+07   0.277186E+02   0.555008E+00   0.232108E+00  -0.394886E+11
   0.840340E-02   0.126700E+08   0.126589E+08  -0.179104E+04   0.109658E+05   0.763445E+07   0.126443E+08   0.126681E+08   0.126443E+08  -0.570796E-01   0.293127E+07   0.293064E+07   0.249605E+02   0.443637E+00   0.232089E+00  -0.348820E+11
   0.927889E-02   0.123206E+08   0.123080E+08   0.138727E+05   0.874585E+04   0.701631E+07   0.122934E+08   0.123185E+08   0.122934E+08  -0.554954E-01   0.285202E+07   0.285140E+07   0.225107E+02   0.353624E+00   0.232096E+00  -0.307367E+11
   0.102456E-01   0.119482E+08   0.119339E+08   0.168973E+04   0.695630E+04   0.639384E+07   0.119195E+08   0.119458E+08   0.119195E+08  -0.538077E-01   0.276829E+07   0.276766E+07   0.203332E+02   0.280703E+00   0.232203E+00  -0.270193E+11
   0.113130E-01   0.115537E+08   0.115374E+08   0.535822E+04   0.551698E+04   0.577612E+07   0.115237E+08   0.115510E+08   0.115237E+08  -0.520208E-01   0.268456E+07   0.268394E+07   0.183949E+02   0.220657E+00   0.232786E+00  -0.237298E+11
   0.124916E-01   0.111475E+08   0.111288E+08   0.137185E+04   0.436573E+04   0.518239E+07   0.111162E+08   0.111444E+08   0.111162E+08  -0.501813E-01   0.262472E+07   0.262410E+07   0.166764E+02   0.166904E+00   0.235809E+00  -0.210118E+11
   0.137930E-01   0.107717E+08   0.107503E+08   0.480145E+04   0.345985E+04   0.466066E+07   0.107392E+08   0.107681E+08   0.107392E+08  -0.484794E-01   0.267878E+07   0.267815E+07   0.151553E+02   0.106346E+00   0.248947E+00  -0.194212E+11
   0.152300E-01   0.104171E+08   0.103926E+08  -0.405597E+04   0.274418E+04   0.420504E+07   0.103836E+08   0.104130E+08   0.103836E+08  -0.468743E-01   0.282994E+07   0.282931E+07   0.138034E+02   0.498236E-01   0.271830E+00  -0.185813E+11
   0.168167E-01   0.995988E+07   0.993202E+07   0.120702E+04   0.215182E+04   0.369684E+07   0.992558E+07   0.995520E+07   0.992559E+07  -0.448066E-01   0.279636E+07   0.279572E+07   0.125910E+02   0.286723E-01   0.280914E+00  -0.166284E+11
   0.185687E-01   0.942066E+07   0.938913E+07   0.186107E+04   0.166921E+04   0.317246E+07   0.938582E+07   0.941537E+07   0.938582E+07  -0.423699E-01   0.265680E+07   0.265616E+07   0.114805E+02   0.211218E-01   0.282188E+00  -0.143079E+11
   0.205033E-01   0.884996E+07   0.881460E+07  -0.314728E+04   0.128600E+04   0.268028E+07   0.881486E+07   0.884402E+07   0.881485E+07  -0.397924E-01   0.249663E+07   0.249599E+07   0.104602E+02   0.161927E-01   0.282302E+00  -0.121767E+11
   0.226393E-01   0.824896E+07   0.820976E+07  -0.881665E+03   0.983021E+03   0.222808E+07   0.821391E+07   0.824238E+07   0.821391E+07  -0.370796E-01   0.232685E+07   0.232621E+07   0.949956E+01   0.123719E-01   0.282305E+00  -0.102778E+11
   0.249980E-01   0.763955E+07   0.759676E+07  -0.561576E+03   0.746599E+03   0.182510E+07   0.760488E+07   0.763236E+07   0.760488E+07  -0.343303E-01   0.215463E+07   0.215399E+07   0.858259E+01   0.939500E-02   0.282300E+00  -0.861911E+10
   0.276023E-01   0.702890E+07   0.698308E+07  -0.682914E+03   0.563325E+03   0.147247E+07   0.699495E+07   0.702121E+07   0.699495E+07  -0.315769E-01   0.198207E+07   0.198144E+07   0.768586E+01   0.708781E-02   0.282292E+00  -0.718070E+10
   0.304780E-01   0.641962E+07   0.637176E+07  -0.561992E+03   0.421920E+03   0.116905E+07   0.638677E+07   0.641158E+07   0.638677E+07  -0.288315E-01   0.180994E+07   0.180932E+07   0.678545E+01   0.530800E-02   0.282284E+00  -0.593840E+10
   0.336533E-01   0.582814E+07   0.577968E+07  -0.206196E+03   0.314128E+03   0.914622E+06   0.579679E+07   0.582001E+07   0.579679E+07  -0.261681E-01   0.164291E+07   0.164232E+07   0.587167E+01   0.395148E-02   0.282276E+00  -0.488175E+10
   0.371593E-01   0.527576E+07   0.522856E+07   0.123167E+02   0.233203E+03   0.707499E+06   0.524625E+07   0.526784E+07   0.524625E+07  -0.236829E-01   0.148700E+07   0.148645E+07   0.494711E+01   0.293321E-02   0.282267E+00  -0.400159E+10
   0.410307E-01   0.477597E+07   0.473217E+07  -0.943130E+02   0.173146E+03   0.542918E+06   0.474861E+07   0.476861E+07   0.474861E+07  -0.214364E-01   0.134605E+07   0.134555E+07   0.402615E+01   0.217761E-02   0.282259E+00  -0.328050E+10
   0.451338E-01   0.435879E+07   0.432024E+07   0.130604E+03   0.130604E+03   0.419895E+06   0.433371E+07   0.435232E+07   0.433371E+07  -0.195634E-01   0.122849E+07   0.122806E+07   0.322651E+01   0.164257E-02   0.282248E+00  -0.272183E+10
   0.492368E-01   0.402884E+07   0.399641E+07   0.101450E+03   0.101450E+03   0.332255E+06   0.400593E+07   0.402340E+07   0.400593E+07  -0.180837E-01   0.113562E+07   0.113525E+07   0.250575E+01   0.127582E-02   0.282242E+00  -0.230641E+10
   0.533399E-01   0.376295E+07   0.373662E+07   0.807517E+02   0.807517E+02   0.268535E+06   0.374201E+07   0.375853E+07   0.374201E+07  -0.168924E-01   0.106084E+07   0.106053E+07   0.193161E+01   0.101547E-02   0.282237E+00  -0.198880E+10
   0.574430E-01   0.353908E+07   0.351810E+07   0.654971E+02   0.654971E+02   0.221092E+06   0.351987E+07   0.353556E+07   0.351987E+07  -0.158896E-01   0.997883E+06   0.997625E+06   0.150028E+01   0.823596E-03   0.282232E+00  -0.173716E+10
   0.615460E-01   0.334001E+07   0.332313E+07   0.538539E+02   0.538539E+02   0.184934E+06   0.332226E+07   0.333718E+07   0.332226E+07  -0.149975E-01   0.941876E+06   0.941655E+06   0.119858E+01   0.677159E-03   0.282228E+00  -0.153036E+10
   0.656491E-01   0.315247E+07   0.313820E+07   0.446787E+02   0.446787E+02   0.156688E+06   0.313591E+07   0.315007E+07   0.313591E+07  -0.141562E-01   0.889056E+06   0.888858E+06   0.100540E+01   0.561769E-03   0.282225E+00  -0.135425E+10
   0.697522E-01   0.296702E+07   0.295391E+07   0.372495E+02   0.372495E+02   0.134054E+06   0.295143E+07   0.296482E+07   0.295143E+07  -0.133235E-01   0.836765E+06   0.836578E+06   0.894664E+00   0.468344E-03   0.282222E+00  -0.119963E+10
   0.738552E-01   0.278524E+07   0.277208E+07   0.311884E+02   0.311884E+02   0.115762E+06   0.277041E+07   0.278303E+07   0.277041E+07  -0.125063E-01   0.785454E+06   0.785268E+06   0.840405E+00   0.392127E-03   0.282220E+00  -0.106350E+10
   0.779583E-01   0.260125E+07   0.258722E+07   0.261397E+02   0.261397E+02   0.100504E+06   0.258707E+07   0.259889E+07   0.258707E+07  -0.116787E-01   0.733482E+06   0.733291E+06   0.815737E+00   0.328644E-03   0.282218E+00  -0.940858E+09
   0.820614E-01   0.242401E+07   0.240879E+07   0.219804E+02   0.219804E+02   0.878501E+05   0.241041E+07   0.242145E+07   0.241041E+07  -0.108812E-01   0.683402E+06   0.683205E+06   0.800982E+00   0.276347E-03   0.282216E+00  -0.832784E+09
   0.861644E-01   0.225839E+07   0.224207E+07   0.185718E+02   0.185718E+02   0.773443E+05   0.224534E+07   0.225565E+07   0.224534E+07  -0.101360E-01   0.636609E+06   0.636407E+06   0.781211E+00   0.233490E-03   0.282214E+00  -0.738818E+09
   0.912856E-01   0.207421E+07   0.205713E+07   0.151945E+02   0.151945E+02   0.667415E+05   0.206186E+07   0.207134E+07   0.206186E+07  -0.930772E-02   0.584591E+06   0.584389E+06   0.737009E+00   0.191028E-03   0.282213E+00  -0.640385E+09
   0.964067E-01   0.192059E+07   0.190376E+07   0.126130E+02   0.126130E+02   0.584768E+05   0.190896E+07   0.191776E+07   0.190896E+07  -0.861753E-02   0.541245E+06   0.541052E+06   0.668056E+00   0.158572E-03   0.282211E+00  -0.561405E+09
   0.101528E+00   0.179941E+07   0.178385E+07   0.106553E+02   0.106553E+02   0.521139E+05   0.178854E+07   0.179680E+07   0.178854E+07  -0.807392E-02   0.507103E+06   0.506926E+06   0.580923E+00   0.133960E-03   0.282210E+00  -0.499461E+09
   0.106649E+00   0.170628E+07   0.169269E+07   0.915784E+01   0.915784E+01   0.471653E+05   0.169616E+07   0.170400E+07   0.169616E+07  -0.765687E-02   0.480909E+06   0.480753E+06   0.487551E+00   0.115133E-03   0.282209E+00  -0.450919E+09
   0.111770E+00   0.163204E+07   0.162068E+07   0.797642E+01   0.797642E+01   0.431154E+05   0.162262E+07   0.163013E+07   0.162262E+07  -0.732490E-02   0.460057E+06   0.459923E+06   0.400478E+00   0.100281E-03   0.282208E+00  -0.411605E+09
   0.116891E+00   0.156680E+07   0.155748E+07   0.700249E+01   0.700249E+01   0.395279E+05   0.155801E+07   0.156523E+07   0.155801E+07  -0.703326E-02   0.441739E+06   0.441624E+06   0.329376E+00   0.880372E-04   0.282207E+00  -0.377903E+09
   0.122012E+00   0.150285E+07   0.149502E+07   0.616547E+01   0.616547E+01   0.361059E+05   0.149460E+07   0.150154E+07   0.149460E+07  -0.674701E-02   0.423761E+06   0.423659E+06   0.279117E+00   0.775146E-04   0.282207E+00  -0.347308E+09
   0.127134E+00   0.143567E+07   0.142861E+07   0.542518E+01   0.542518E+01   0.327076E+05   0.142785E+07   0.143449E+07   0.142785E+07  -0.644569E-02   0.404837E+06   0.404742E+06   0.249444E+00   0.682081E-04   0.282206E+00  -0.318433E+09
   0.132255E+00   0.136401E+07   0.135705E+07   0.476278E+01   0.476278E+01   0.293255E+05   0.135653E+07   0.136284E+07   0.135653E+07  -0.612371E-02   0.384616E+06   0.384523E+06   0.236006E+00   0.598806E-04   0.282205E+00  -0.290814E+09
   0.137376E+00   0.128931E+07   0.128199E+07   0.417215E+01   0.417215E+01   0.260415E+05   0.128211E+07   0.128808E+07   0.128211E+07  -0.578775E-02   0.363519E+06   0.363423E+06   0.232224E+00   0.524552E-04   0.282205E+00  -0.264614E+09
   0.142497E+00   0.121479E+07   0.120692E+07   0.365303E+01   0.365303E+01   0.229725E+05   0.120783E+07   0.121347E+07   0.120783E+07  -0.545245E-02   0.342461E+06   0.342363E+06   0.231312E+00   0.459287E-04   0.282204E+00  -0.240326E+09
   0.147618E+00   0.114453E+07   0.113619E+07   0.320665E+01   0.320665E+01   0.202243E+05   0.113781E+07   0.114313E+07   0.113781E+07  -0.513636E-02   0.322611E+06   0.322510E+06   0.227932E+00   0.403165E-04   0.282204E+00  -0.218541E+09
   0.152739E+00   0.108240E+07   0.107388E+07   0.283236E+01   0.283236E+01   0.178615E+05   0.107594E+07   0.108097E+07   0.107594E+07  -0.485704E-02   0.305069E+06   0.304969E+06   0.219111E+00   0.356106E-04   0.282203E+00  -0.199728E+09
   0.157860E+00   0.103055E+07   0.102222E+07   0.252447E+01   0.252447E+01   0.158849E+05   0.102436E+07   0.102915E+07   0.102436E+07  -0.462419E-02   0.290445E+06   0.290349E+06   0.204344E+00   0.317394E-04   0.282203E+00  -0.183985E+09
   0.162982E+00   0.988596E+06   0.980796E+06   0.227198E+01   0.227198E+01   0.142401E+05   0.982682E+06   0.987287E+06   0.982682E+06  -0.443606E-02   0.278630E+06   0.278539E+06   0.185089E+00   0.285648E-04   0.282203E+00  -0.170955E+09
   0.168103E+00   0.954367E+06   0.947330E+06   0.206189E+01   0.206189E+01   0.128470E+05   0.948735E+06   0.953186E+06   0.948735E+06  -0.428282E-02   0.269005E+06   0.268922E+06   0.163951E+00   0.259235E-04   0.282202E+00  -0.160022E+09
   0.173224E+00   0.925128E+06   0.918920E+06   0.188250E+01   0.188250E+01   0.116302E+05   0.919767E+06   0.924085E+06   0.919767E+06  -0.415205E-02   0.260791E+06   0.260716E+06   0.143780E+00   0.236680E-04   0.282202E+00  -0.150550E+09
   0.178345E+00   0.898098E+06   0.892630E+06   0.172423E+01   0.172423E+01   0.105292E+05   0.892983E+06   0.897179E+06   0.892983E+06  -0.403115E-02   0.253197E+06   0.253129E+06   0.126854E+00   0.216781E-04   0.282202E+00  -0.141969E+09
   0.183466E+00   0.870701E+06   0.865768E+06   0.157972E+01   0.157972E+01   0.950119E+04   0.865801E+06   0.869873E+06   0.865801E+06  -0.390844E-02   0.245490E+06   0.245427E+06   0.114386E+00   0.198613E-04   0.282201E+00  -0.133806E+09
   0.188587E+00   0.841271E+06   0.836624E+06   0.144459E+01   0.144459E+01   0.852568E+04   0.836554E+06   0.840491E+06   0.836554E+06  -0.377641E-02   0.237197E+06   0.237137E+06   0.106434E+00   0.181624E-04   0.282201E+00  -0.125775E+09
   0.193708E+00   0.809641E+06   0.805048E+06   0.131771E+01   0.131771E+01   0.760329E+04   0.805078E+06   0.808870E+06   0.805078E+06  -0.363432E-02   0.228274E+06   0.228214E+06   0.102122E+00   0.165671E-04   0.282201E+00  -0.117843E+09
   0.198830E+00   0.776847E+06   0.772151E+06   0.119997E+01   0.119997E+01   0.674702E+04   0.772418E+06   0.776059E+06   0.772418E+06  -0.348688E-02   0.219014E+06   0.218954E+06   0.100032E+00   0.150868E-04   0.282200E+00  -0.110151E+09
   0.203951E+00   0.744328E+06   0.739469E+06   0.109263E+01   0.109263E+01   0.597052E+04   0.740022E+06   0.743512E+06   0.740022E+06  -0.334064E-02   0.209829E+06   0.209769E+06   0.986235E-01   0.137373E-04   0.282200E+00  -0.102881E+09
   0.209072E+00   0.713484E+06   0.708496E+06   0.996599E+00   0.996599E+00   0.528434E+04   0.709299E+06   0.712647E+06   0.709299E+06  -0.320195E-02   0.201119E+06   0.201058E+06   0.966279E-01   0.125298E-04   0.282200E+00  -0.961947E+08
   0.214193E+00   0.685513E+06   0.680497E+06   0.912239E+00   0.912239E+00   0.469524E+04   0.681452E+06   0.684670E+06   0.681452E+06  -0.307624E-02   0.193224E+06   0.193164E+06   0.932991E-01   0.114691E-04   0.282200E+00  -0.902087E+08
   0.219314E+00   0.661136E+06   0.656225E+06   0.839176E+00   0.839176E+00   0.420481E+04   0.657207E+06   0.660312E+06   0.657207E+06  -0.296679E-02   0.186349E+06   0.186291E+06   0.884809E-01   0.105505E-04   0.282199E+00  -0.849678E+08
   0.224435E+00   0.640349E+06   0.635663E+06   0.776137E+00   0.776137E+00   0.380881E+04   0.636554E+06   0.639562E+06   0.636554E+06  -0.287356E-02   0.180493E+06   0.180438E+06   0.825081E-01   0.975783E-05   0.282199E+00  -0.804199E+08
   0.229556E+00   0.622489E+06   0.618110E+06   0.721235E+00   0.721235E+00   0.349748E+04   0.618828E+06   0.621754E+06   0.618828E+06  -0.279354E-02   0.175467E+06   0.175415E+06   0.760141E-01   0.906751E-05   0.282199E+00  -0.764364E+08
   0.234678E+00   0.606546E+06   0.602499E+06   0.672467E+00   0.672467E+00   0.325786E+04   0.603015E+06   0.605866E+06   0.603015E+06  -0.272216E-02   0.170983E+06   0.170934E+06   0.697115E-01   0.845433E-05   0.282199E+00  -0.728578E+08
   0.239799E+00   0.591447E+06   0.587702E+06   0.628055E+00   0.628055E+00   0.307456E+04   0.588037E+06   0.590818E+06   0.588037E+06  -0.265454E-02   0.166736E+06   0.166690E+06   0.641952E-01   0.789591E-05   0.282199E+00  -0.695309E+08
   0.244920E+00   0.576282E+06   0.572768E+06   0.586651E+00   0.586651E+00   0.293171E+04   0.572981E+06   0.575692E+06   0.572981E+06  -0.258658E-02   0.162467E+06   0.162423E+06   0.598137E-01   0.737533E-05   0.282198E+00  -0.663340E+08
   0.250041E+00   0.560518E+06   0.557148E+06   0.547477E+00   0.547477E+00   0.281489E+04   0.557316E+06   0.559952E+06   0.557316E+06  -0.251586E-02   0.158025E+06   0.157982E+06   0.566283E-01   0.688282E-05   0.282198E+00  -0.631990E+08
   0.255162E+00   0.544097E+06   0.540789E+06   0.510315E+00   0.510315E+00   0.271306E+04   0.540982E+06   0.543542E+06   0.540982E+06  -0.244213E-02   0.153393E+06   0.153352E+06   0.544511E-01   0.641561E-05   0.282198E+00  -0.601155E+08
   0.260283E+00   0.527323E+06   0.524017E+06   0.475296E+00   0.475296E+00   0.261930E+04   0.524287E+06   0.526768E+06   0.524287E+06  -0.236676E-02   0.148660E+06   0.148618E+06   0.529344E-01   0.597536E-05   0.282198E+00  -0.571140E+08
   0.265404E+00   0.510675E+06   0.507346E+06   0.442680E+00   0.442680E+00   0.252993E+04   0.507714E+06   0.510116E+06   0.507714E+06  -0.229194E-02   0.143960E+06   0.143919E+06   0.516812E-01   0.556532E-05   0.282198E+00  -0.542413E+08
   0.270526E+00   0.494675E+06   0.491332E+06   0.412713E+00   0.412713E+00   0.244386E+04   0.491787E+06   0.494114E+06   0.491787E+06  -0.222005E-02   0.139445E+06   0.139404E+06   0.503484E-01   0.518859E-05   0.282198E+00  -0.515452E+08
   0.275647E+00   0.479784E+06   0.476458E+06   0.385542E+00   0.385542E+00   0.236077E+04   0.476969E+06   0.479226E+06   0.476969E+06  -0.215315E-02   0.135243E+06   0.135203E+06   0.487174E-01   0.484701E-05   0.282198E+00  -0.490633E+08
   0.280768E+00   0.466274E+06   0.463009E+06   0.361138E+00   0.361138E+00   0.228011E+04   0.463533E+06   0.465726E+06   0.463533E+06  -0.209250E-02   0.131433E+06   0.131394E+06   0.467189E-01   0.454022E-05   0.282198E+00  -0.468115E+08
   0.285889E+00   0.454157E+06   0.450995E+06   0.339266E+00   0.339266E+00   0.220011E+04   0.451490E+06   0.453626E+06   0.451490E+06  -0.203814E-02   0.128019E+06   0.127981E+06   0.444169E-01   0.426527E-05   0.282198E+00  -0.447785E+08
   0.291010E+00   0.443220E+06   0.440191E+06   0.319552E+00   0.319552E+00   0.211813E+04   0.440626E+06   0.442711E+06   0.440626E+06  -0.198909E-02   0.124938E+06   0.124902E+06   0.419659E-01   0.401744E-05   0.282198E+00  -0.429320E+08
   0.296131E+00   0.433126E+06   0.430241E+06   0.301576E+00   0.301576E+00   0.203155E+04   0.430604E+06   0.432641E+06   0.430604E+06  -0.194385E-02   0.122096E+06   0.122061E+06   0.395540E-01   0.379146E-05   0.282198E+00  -0.412300E+08
   0.301252E+00   0.423508E+06   0.420760E+06   0.284948E+00   0.284948E+00   0.193838E+04   0.421054E+06   0.423047E+06   0.421054E+06  -0.190074E-02   0.119388E+06   0.119355E+06   0.373488E-01   0.358242E-05   0.282197E+00  -0.396303E+08
   0.306374E+00   0.414042E+06   0.411407E+06   0.269349E+00   0.269349E+00   0.183807E+04   0.411651E+06   0.413599E+06   0.411651E+06  -0.185829E-02   0.116722E+06   0.116690E+06   0.354587E-01   0.338633E-05   0.282197E+00  -0.380976E+08
   0.311495E+00   0.404507E+06   0.401956E+06   0.254567E+00   0.254567E+00   0.173139E+04   0.402175E+06   0.404079E+06   0.402175E+06  -0.181552E-02   0.114035E+06   0.114004E+06   0.339168E-01   0.320050E-05   0.282197E+00  -0.366087E+08
   0.316616E+00   0.394841E+06   0.392344E+06   0.240510E+00   0.240510E+00   0.162054E+04   0.392563E+06   0.394422E+06   0.392563E+06  -0.177213E-02   0.111310E+06   0.111279E+06   0.326866E-01   0.302378E-05   0.282197E+00  -0.351558E+08
   0.321737E+00   0.385122E+06   0.382655E+06   0.227178E+00   0.227178E+00   0.150845E+04   0.382894E+06   0.384707E+06   0.382894E+06  -0.172848E-02   0.108568E+06   0.108538E+06   0.316825E-01   0.285617E-05   0.282197E+00  -0.337441E+08
   0.326858E+00   0.375511E+06   0.373064E+06   0.214618E+00   0.214618E+00   0.139834E+04   0.373332E+06   0.375100E+06   0.373332E+06  -0.168531E-02   0.105857E+06   0.105827E+06   0.307981E-01   0.269827E-05   0.282197E+00  -0.323860E+08
   0.331979E+00   0.366194E+06   0.363765E+06   0.202882E+00   0.202882E+00   0.129327E+04   0.364061E+06   0.365786E+06   0.364061E+06  -0.164346E-02   0.103229E+06   0.103199E+06   0.299342E-01   0.255072E-05   0.282197E+00  -0.310946E+08
   0.337100E+00   0.357327E+06   0.354924E+06   0.191997E+00   0.191997E+00   0.119580E+04   0.355240E+06   0.356924E+06   0.355240E+06  -0.160364E-02   0.100728E+06   0.100698E+06   0.290206E-01   0.241386E-05   0.282197E+00  -0.298803E+08
   0.342222E+00   0.349009E+06   0.346646E+06   0.181956E+00   0.181956E+00   0.110811E+04   0.346968E+06   0.348612E+06   0.346968E+06  -0.156630E-02   0.983822E+05   0.983534E+05   0.280265E-01   0.228762E-05   0.282197E+00  -0.287477E+08
   0.347343E+00   0.341264E+06   0.338956E+06   0.172710E+00   0.172710E+00   0.103163E+04   0.339268E+06   0.340876E+06   0.339268E+06  -0.153154E-02   0.961989E+05   0.961709E+05   0.269592E-01   0.217137E-05   0.282197E+00  -0.276953E+08
   0.352464E+00   0.334038E+06   0.331795E+06   0.164178E+00   0.164178E+00   0.967088E+03   0.332087E+06   0.333661E+06   0.332087E+06  -0.149912E-02   0.941627E+05   0.941354E+05   0.258543E-01   0.206409E-05   0.282197E+00  -0.267152E+08
   0.357585E+00   0.327223E+06   0.325050E+06   0.156256E+00   0.156256E+00   0.914275E+03   0.325315E+06   0.326858E+06   0.325315E+06  -0.146855E-02   0.922427E+05   0.922162E+05   0.247609E-01   0.196449E-05   0.282197E+00  -0.257957E+08
   0.362706E+00   0.320693E+06   0.318589E+06   0.148846E+00   0.148846E+00   0.872157E+03   0.318828E+06   0.320339E+06   0.318828E+06  -0.143927E-02   0.904031E+05   0.903773E+05   0.237270E-01   0.187132E-05   0.282197E+00  -0.249243E+08
   0.367827E+00   0.314332E+06   0.312290E+06   0.141861E+00   0.141861E+00   0.839012E+03   0.312507E+06   0.313989E+06   0.312507E+06  -0.141073E-02   0.886109E+05   0.885857E+05   0.227877E-01   0.178350E-05   0.282197E+00  -0.240901E+08
   0.372948E+00   0.308052E+06   0.306062E+06   0.135236E+00   0.135236E+00   0.812661E+03   0.306266E+06   0.307718E+06   0.306266E+06  -0.138256E-02   0.868412E+05   0.868167E+05   0.219582E-01   0.170020E-05   0.282197E+00  -0.232848E+08
   0.378070E+00   0.301810E+06   0.299861E+06   0.128931E+00   0.128931E+00   0.790977E+03   0.300060E+06   0.301483E+06   0.300060E+06  -0.135454E-02   0.850815E+05   0.850575E+05   0.212334E-01   0.162093E-05   0.282197E+00  -0.225040E+08
   0.383191E+00   0.295612E+06   0.293694E+06   0.122929E+00   0.122929E+00   0.772128E+03   0.293896E+06   0.295290E+06   0.293896E+06  -0.132672E-02   0.833337E+05   0.833101E+05   0.205929E-01   0.154547E-05   0.282197E+00  -0.217471E+08
   0.388312E+00   0.289508E+06   0.287617E+06   0.117236E+00   0.117236E+00   0.754914E+03   0.287825E+06   0.289190E+06   0.287825E+06  -0.129931E-02   0.816125E+05   0.815892E+05   0.200083E-01   0.147389E-05   0.282197E+00  -0.210170E+08
   0.393433E+00   0.283560E+06   0.281693E+06   0.111856E+00   0.111856E+00   0.738643E+03   0.281909E+06   0.283246E+06   0.281909E+06  -0.127261E-02   0.799350E+05   0.799120E+05   0.194508E-01   0.140626E-05   0.282197E+00  -0.203171E+08
   0.398554E+00   0.277815E+06   0.275974E+06   0.106791E+00   0.106791E+00   0.723036E+03   0.276196E+06   0.277506E+06   0.276196E+06  -0.124682E-02   0.783151E+05   0.782925E+05   0.188969E-01   0.134259E-05   0.282197E+00  -0.196496E+08
   0.403675E+00   0.272308E+06   0.270496E+06   0.102035E+00   0.102035E+00   0.708036E+03   0.270720E+06   0.272004E+06   0.270720E+06  -0.122210E-02   0.767623E+05   0.767401E+05   0.183335E-01   0.128279E-05   0.282197E+00  -0.190156E+08
   0.408796E+00   0.267056E+06   0.265278E+06   0.975754E-01   0.975754E-01   0.693601E+03   0.265498E+06   0.266758E+06   0.265498E+06  -0.119853E-02   0.752817E+05   0.752599E+05   0.177584E-01   0.122672E-05   0.282196E+00  -0.184152E+08
   0.413918E+00   0.262055E+06   0.260314E+06   0.933937E-01   0.933937E-01   0.679645E+03   0.260527E+06   0.261763E+06   0.260527E+06  -0.117608E-02   0.738721E+05   0.738508E+05   0.171788E-01   0.117415E-05   0.282196E+00  -0.178468E+08
   0.419039E+00   0.257271E+06   0.255569E+06   0.894619E-01   0.894619E-01   0.665904E+03   0.255773E+06   0.256986E+06   0.255773E+06  -0.115462E-02   0.725239E+05   0.725030E+05   0.166067E-01   0.112472E-05   0.282196E+00  -0.173070E+08
   0.424160E+00   0.252657E+06   0.250994E+06   0.857492E-01   0.857492E-01   0.652074E+03   0.251187E+06   0.252378E+06   0.251187E+06  -0.113392E-02   0.712236E+05   0.712032E+05   0.160553E-01   0.107805E-05   0.282196E+00  -0.167915E+08
   0.429281E+00   0.248170E+06   0.246544E+06   0.822292E-01   0.822292E-01   0.637835E+03   0.246727E+06   0.247897E+06   0.246727E+06  -0.111379E-02   0.699591E+05   0.699391E+05   0.155357E-01   0.103379E-05   0.282196E+00  -0.162966E+08
   0.434402E+00   0.243780E+06   0.242188E+06   0.788816E-01   0.788816E-01   0.622928E+03   0.242364E+06   0.243513E+06   0.242364E+06  -0.109409E-02   0.687218E+05   0.687022E+05   0.150539E-01   0.991710E-06   0.282196E+00  -0.158197E+08
   0.439523E+00   0.239468E+06   0.237905E+06   0.756910E-01   0.756910E-01   0.607145E+03   0.238076E+06   0.239205E+06   0.238076E+06  -0.107473E-02   0.675061E+05   0.674868E+05   0.146106E-01   0.951599E-06   0.282196E+00  -0.153588E+08
   0.444644E+00   0.235223E+06   0.233687E+06   0.726465E-01   0.726465E-01   0.590295E+03   0.233856E+06   0.234965E+06   0.233856E+06  -0.105568E-02   0.663094E+05   0.662905E+05   0.142015E-01   0.913325E-06   0.282196E+00  -0.149127E+08
   0.449766E+00   0.231051E+06   0.229538E+06   0.697422E-01   0.697422E-01   0.572272E+03   0.229708E+06   0.230797E+06   0.229708E+06  -0.103696E-02   0.651332E+05   0.651146E+05   0.138188E-01   0.876814E-06   0.282196E+00  -0.144814E+08
   0.454887E+00   0.226970E+06   0.225480E+06   0.669763E-01   0.669763E-01   0.553020E+03   0.225650E+06   0.226720E+06   0.225650E+06  -0.101864E-02   0.639826E+05   0.639643E+05   0.134542E-01   0.842042E-06   0.282196E+00  -0.140655E+08
   0.460008E+00   0.223000E+06   0.221531E+06   0.643475E-01   0.643475E-01   0.532614E+03   0.221702E+06   0.222754E+06   0.221702E+06  -0.100082E-02   0.628633E+05   0.628452E+05   0.131001E-01   0.808995E-06   0.282196E+00  -0.136655E+08
   0.465129E+00   0.219155E+06   0.217708E+06   0.618530E-01   0.618530E-01   0.511228E+03   0.217879E+06   0.218912E+06   0.217879E+06  -0.983558E-03   0.617792E+05   0.617615E+05   0.127515E-01   0.777635E-06   0.282196E+00  -0.132820E+08
   0.470250E+00   0.215439E+06   0.214016E+06   0.594871E-01   0.594871E-01   0.489172E+03   0.214184E+06   0.215200E+06   0.214184E+06  -0.966880E-03   0.607316E+05   0.607142E+05   0.124061E-01   0.747891E-06   0.282196E+00  -0.129146E+08
   0.475371E+00   0.211849E+06   0.210449E+06   0.572421E-01   0.572421E-01   0.466843E+03   0.210614E+06   0.211614E+06   0.210614E+06  -0.950765E-03   0.597194E+05   0.597022E+05   0.120643E-01   0.719667E-06   0.282196E+00  -0.125626E+08
   0.480492E+00   0.208376E+06   0.207001E+06   0.551100E-01   0.551100E-01   0.444665E+03   0.207162E+06   0.208145E+06   0.207162E+06  -0.935180E-03   0.587405E+05   0.587236E+05   0.117287E-01   0.692862E-06   0.282196E+00  -0.122249E+08
   0.485614E+00   0.205010E+06   0.203660E+06   0.530824E-01   0.530824E-01   0.423040E+03   0.203816E+06   0.204784E+06   0.203816E+06  -0.920077E-03   0.577919E+05   0.577753E+05   0.114028E-01   0.667371E-06   0.282196E+00  -0.119007E+08
   0.490735E+00   0.201737E+06   0.200412E+06   0.511506E-01   0.511506E-01   0.402248E+03   0.200563E+06   0.201515E+06   0.200563E+06  -0.905390E-03   0.568694E+05   0.568531E+05   0.110899E-01   0.643083E-06   0.282196E+00  -0.115885E+08
   0.495856E+00   0.198540E+06   0.197238E+06   0.493057E-01   0.493057E-01   0.382485E+03   0.197385E+06   0.198322E+06   0.197385E+06  -0.891044E-03   0.559683E+05   0.559523E+05   0.107919E-01   0.619888E-06   0.282196E+00  -0.112871E+08
   0.500977E+00   0.195408E+06   0.194127E+06   0.475406E-01   0.475406E-01   0.363852E+03   0.194270E+06   0.195192E+06   0.194270E+06  -0.876984E-03   0.550852E+05   0.550694E+05   0.105097E-01   0.597697E-06   0.282196E+00  -0.109954E+08
   0.506098E+00   0.192335E+06   0.191075E+06   0.458510E-01   0.458510E-01   0.346451E+03   0.191216E+06   0.192124E+06   0.191216E+06  -0.863196E-03   0.542191E+05   0.542036E+05   0.102423E-01   0.576454E-06   0.282196E+00  -0.107130E+08
   0.511219E+00   0.189325E+06   0.188084E+06   0.442337E-01   0.442337E-01   0.330391E+03   0.188224E+06   0.189117E+06   0.188224E+06  -0.849687E-03   0.533706E+05   0.533553E+05   0.998817E-02   0.556120E-06   0.282196E+00  -0.104398E+08
   0.516340E+00   0.186380E+06   0.185156E+06   0.426861E-01   0.426861E-01   0.315814E+03   0.185295E+06   0.186175E+06   0.185295E+06  -0.836468E-03   0.525403E+05   0.525252E+05   0.974473E-02   0.536662E-06   0.282196E+00  -0.101754E+08
   0.521462E+00   0.183501E+06   0.182295E+06   0.412052E-01   0.412052E-01   0.302890E+03   0.182433E+06   0.183299E+06   0.182433E+06  -0.823546E-03   0.517287E+05   0.517138E+05   0.950951E-02   0.518044E-06   0.282196E+00  -0.991983E+07
   0.526583E+00   0.180692E+06   0.179503E+06   0.397890E-01   0.397890E-01   0.291761E+03   0.179640E+06   0.180492E+06   0.179640E+06  -0.810937E-03   0.509367E+05   0.509221E+05   0.928055E-02   0.500237E-06   0.282196E+00  -0.967296E+07
   0.531704E+00   0.177957E+06   0.176785E+06   0.384355E-01   0.384355E-01   0.282521E+03   0.176921E+06   0.177760E+06   0.176921E+06  -0.798663E-03   0.501657E+05   0.501513E+05   0.905672E-02   0.483220E-06   0.282196E+00  -0.943479E+07
   0.536825E+00   0.175298E+06   0.174143E+06   0.371422E-01   0.371422E-01   0.275142E+03   0.174277E+06   0.175104E+06   0.174277E+06  -0.786727E-03   0.494160E+05   0.494018E+05   0.883768E-02   0.466959E-06   0.282196E+00  -0.920514E+07
   0.541946E+00   0.172710E+06   0.171573E+06   0.359056E-01   0.359056E-01   0.269484E+03   0.171704E+06   0.172519E+06   0.171704E+06  -0.775112E-03   0.486865E+05   0.486725E+05   0.862366E-02   0.451410E-06   0.282196E+00  -0.898353E+07
   0.547067E+00   0.170186E+06   0.169067E+06   0.347217E-01   0.347217E-01   0.265282E+03   0.169195E+06   0.169998E+06   0.169195E+06  -0.763788E-03   0.479752E+05   0.479614E+05   0.841530E-02   0.436526E-06   0.282196E+00  -0.876942E+07
   0.559946E+00   0.164103E+06   0.163026E+06   0.319583E-01   0.319583E-01   0.258786E+03   0.163148E+06   0.163922E+06   0.163148E+06  -0.736489E-03   0.462604E+05   0.462472E+05   0.792121E-02   0.401783E-06   0.282196E+00  -0.826150E+07
   0.593872E+00   0.149531E+06   0.148548E+06   0.258884E-01   0.258884E-01   0.232589E+03   0.148661E+06   0.149366E+06   0.148661E+06  -0.671090E-03   0.421526E+05   0.421405E+05   0.681961E-02   0.325476E-06   0.282196E+00  -0.709785E+07
   0.629853E+00   0.136218E+06   0.135323E+06   0.209659E-01   0.209659E-01   0.172603E+03   0.135425E+06   0.136068E+06   0.135425E+06  -0.611339E-03   0.383996E+05   0.383885E+05   0.586098E-02   0.263591E-06   0.282196E+00  -0.609652E+07
   0.879031E+00   0.796289E+05   0.791059E+05   0.629246E-02   0.629246E-02   0.479339E+02   0.791649E+05   0.795411E+05   0.791649E+05  -0.357370E-03   0.224472E+05   0.224407E+05   0.248247E-02   0.791101E-07   0.282195E+00  -0.255360E+07
   0.122679E+01   0.459866E+05   0.456845E+05   0.186574E-02   0.186574E-02   0.154065E+02   0.457185E+05   0.459359E+05   0.457185E+05  -0.206385E-03   0.129635E+05   0.129597E+05   0.104985E-02   0.234567E-07   0.282195E+00  -0.105669E+07
   0.171212E+01   0.262817E+05   0.261088E+05   0.547448E-03   0.547448E-03   0.463802E+01   0.261284E+05   0.262527E+05   0.261284E+05  -0.117950E-03   0.740875E+04   0.740645E+04   0.448174E-03   0.688267E-08   0.282195E+00  -0.432717E+06
   0.238945E+01   0.148856E+05   0.147875E+05   0.159194E-03   0.159194E-03   0.127378E+01   0.147988E+05   0.148691E+05   0.147988E+05  -0.668053E-04   0.419622E+04   0.419481E+04   0.196399E-03   0.200143E-08   0.282194E+00  -0.175611E+06
