#          k/h    CDM            baryon         photon         nu             mass_nu        total          no_nu          total_de       Weyl           v_CDM          v_b            v_b-v_c        ISW            log_grow       pert_vel    
   0.994668E-05   0.101316E+09   0.101316E+09   0.135060E+09   0.135059E+09   0.101321E+09   0.101316E+09   0.101316E+09   0.101352E+09  -0.457698E+00   0.992185E+07   0.992185E+07   0.873285E+01   0.112851E+07   0.488415E+00  -0.997541E+14
   0.109829E-04   0.101278E+09   0.101278E+09   0.135002E+09   0.135002E+09   0.101283E+09   0.101278E+09   0.101278E+09   0.101314E+09  -0.457525E+00   0.991978E+07   0.991978E+07   0.964162E+01   0.925655E+06   0.488193E+00  -0.903231E+14
   0.121272E-04   0.101231E+09   0.101231E+09   0.134932E+09   0.134931E+09   0.101236E+09   0.101231E+09   0.101231E+09   0.101267E+09  -0.457314E+00   0.991725E+07   0.991725E+07   0.106447E+02   0.759270E+06   0.487922E+00  -0.817801E+14
   0.133906E-04   0.101174E+09   0.101174E+09   0.134847E+09   0.134846E+09   0.101179E+09   0.101174E+09   0.101174E+09   0.101210E+09  -0.457057E+00   0.991417E+07   0.991417E+07   0.117519E+02   0.622800E+06   0.487593E+00  -0.740409E+14
   0.147857E-04   0.101105E+09   0.101105E+09   0.134743E+09   0.134742E+09   0.101110E+09   0.101105E+09   0.101105E+09   0.101141E+09  -0.456744E+00   0.991041E+07   0.991041E+07   0.129737E+02   0.510868E+06   0.487193E+00  -0.670296E+14
   0.163261E-04   0.101021E+09   0.101021E+09   0.134617E+09   0.134616E+09   0.101026E+09   0.101021E+09   0.101021E+09   0.101057E+09  -0.456363E+00   0.990585E+07   0.990585E+07   0.143219E+02   0.419060E+06   0.486707E+00  -0.606772E+14
   0.180270E-04   0.100918E+09   0.100918E+09   0.134463E+09   0.134462E+09   0.100923E+09   0.100918E+09   0.100918E+09   0.100954E+09  -0.455900E+00   0.990029E+07   0.990029E+07   0.158095E+02   0.343758E+06   0.486116E+00  -0.549213E+14
   0.199051E-04   0.100793E+09   0.100793E+09   0.134277E+09   0.134275E+09   0.100798E+09   0.100793E+09   0.100793E+09   0.100829E+09  -0.455337E+00   0.989353E+07   0.989352E+07   0.174504E+02   0.281994E+06   0.485398E+00  -0.497054E+14
   0.219788E-04   0.100642E+09   0.100642E+09   0.134050E+09   0.134047E+09   0.100647E+09   0.100642E+09   0.100642E+09   0.100678E+09  -0.454653E+00   0.988530E+07   0.988530E+07   0.192603E+02   0.231334E+06   0.484528E+00  -0.449781E+14
   0.242687E-04   0.100458E+09   0.100458E+09   0.133774E+09   0.133771E+09   0.100463E+09   0.100458E+09   0.100458E+09   0.100494E+09  -0.453822E+00   0.987531E+07   0.987531E+07   0.212558E+02   0.189780E+06   0.483474E+00  -0.406931E+14
   0.267970E-04   0.100235E+09   0.100235E+09   0.133440E+09   0.133437E+09   0.100240E+09   0.100235E+09   0.100235E+09   0.100271E+09  -0.452816E+00   0.986318E+07   0.986318E+07   0.234555E+02   0.155695E+06   0.482199E+00  -0.368084E+14
   0.295888E-04   0.999654E+08   0.999654E+08   0.133035E+09   0.133031E+09   0.999702E+08   0.999655E+08   0.999654E+08   0.100001E+09  -0.451596E+00   0.984847E+07   0.984846E+07   0.258793E+02   0.127735E+06   0.480659E+00  -0.332857E+14
   0.326714E-04   0.996389E+08   0.996389E+08   0.132545E+09   0.132540E+09   0.996436E+08   0.996390E+08   0.996389E+08   0.996744E+08  -0.450121E+00   0.983063E+07   0.983063E+07   0.285489E+02   0.104799E+06   0.478803E+00  -0.300905E+14
   0.360752E-04   0.992447E+08   0.992446E+08   0.131953E+09   0.131947E+09   0.992492E+08   0.992447E+08   0.992447E+08   0.992799E+08  -0.448340E+00   0.980904E+07   0.980904E+07   0.314875E+02   0.859817E+05   0.476572E+00  -0.271915E+14
   0.398336E-04   0.987695E+08   0.987695E+08   0.131238E+09   0.131231E+09   0.987739E+08   0.987696E+08   0.987695E+08   0.988046E+08  -0.446194E+00   0.978296E+07   0.978295E+07   0.347202E+02   0.705428E+05   0.473897E+00  -0.245604E+14
   0.439836E-04   0.981984E+08   0.981984E+08   0.130379E+09   0.130370E+09   0.982026E+08   0.981984E+08   0.981984E+08   0.982332E+08  -0.443614E+00   0.975149E+07   0.975149E+07   0.382737E+02   0.578736E+05   0.470701E+00  -0.221716E+14
   0.485659E-04   0.975138E+08   0.975137E+08   0.129347E+09   0.129337E+09   0.975177E+08   0.975138E+08   0.975138E+08   0.975483E+08  -0.440522E+00   0.971362E+07   0.971362E+07   0.421760E+02   0.474751E+05   0.466900E+00  -0.200016E+14
   0.536256E-04   0.966960E+08   0.966960E+08   0.128114E+09   0.128101E+09   0.966997E+08   0.966960E+08   0.966960E+08   0.967303E+08  -0.436827E+00   0.966818E+07   0.966817E+07   0.464565E+02   0.389381E+05   0.462401E+00  -0.180297E+14
   0.592125E-04   0.957233E+08   0.957232E+08   0.126644E+09   0.126628E+09   0.957266E+08   0.957233E+08   0.957233E+08   0.957571E+08  -0.432433E+00   0.961380E+07   0.961379E+07   0.511457E+02   0.319268E+05   0.457107E+00  -0.162367E+14
   0.653814E-04   0.945718E+08   0.945718E+08   0.124900E+09   0.124880E+09   0.945747E+08   0.945718E+08   0.945718E+08   0.946052E+08  -0.427232E+00   0.954900E+07   0.954899E+07   0.562741E+02   0.261659E+05   0.450921E+00  -0.146056E+14
   0.721930E-04   0.932165E+08   0.932165E+08   0.122842E+09   0.122818E+09   0.932190E+08   0.932165E+08   0.932165E+08   0.932494E+08  -0.421110E+00   0.947212E+07   0.947211E+07   0.618725E+02   0.214297E+05   0.443751E+00  -0.131210E+14
   0.797142E-04   0.916321E+08   0.916320E+08   0.120428E+09   0.120399E+09   0.916339E+08   0.916321E+08   0.916320E+08   0.916642E+08  -0.413952E+00   0.938141E+07   0.938139E+07   0.679702E+02   0.175334E+05   0.435518E+00  -0.117692E+14
   0.880190E-04   0.897939E+08   0.897938E+08   0.117618E+09   0.117583E+09   0.897950E+08   0.897939E+08   0.897939E+08   0.898253E+08  -0.405648E+00   0.927503E+07   0.927501E+07   0.745945E+02   0.143256E+05   0.426168E+00  -0.105379E+14
   0.971891E-04   0.876802E+08   0.876801E+08   0.114371E+09   0.114329E+09   0.876805E+08   0.876802E+08   0.876802E+08   0.877107E+08  -0.396100E+00   0.915120E+07   0.915117E+07   0.817693E+02   0.116829E+05   0.415678E+00  -0.941621E+13
   0.107314E-03   0.852740E+08   0.852739E+08   0.110655E+09   0.110605E+09   0.852733E+08   0.852740E+08   0.852740E+08   0.853036E+08  -0.385230E+00   0.900824E+07   0.900821E+07   0.895134E+02   0.950432E+04   0.404072E+00  -0.839455E+13
   0.118495E-03   0.825657E+08   0.825656E+08   0.106446E+09   0.106385E+09   0.825637E+08   0.825657E+08   0.825657E+08   0.825941E+08  -0.372995E+00   0.884479E+07   0.884476E+07   0.978394E+02   0.770789E+04   0.391429E+00  -0.746456E+13
   0.130840E-03   0.795553E+08   0.795551E+08   0.101729E+09   0.101656E+09   0.795517E+08   0.795552E+08   0.795553E+08   0.795824E+08  -0.359396E+00   0.865993E+07   0.865989E+07   0.106752E+03   0.622696E+04   0.377888E+00  -0.661897E+13
   0.144471E-03   0.762546E+08   0.762545E+08   0.965099E+08   0.964220E+08   0.762493E+08   0.762546E+08   0.762546E+08   0.762804E+08  -0.344485E+00   0.845337E+07   0.845332E+07   0.116244E+03   0.500742E+04   0.363651E+00  -0.585147E+13
   0.159522E-03   0.726891E+08   0.726889E+08   0.908082E+08   0.907032E+08   0.726816E+08   0.726890E+08   0.726891E+08   0.727133E+08  -0.328377E+00   0.822565E+07   0.822559E+07   0.126300E+03   0.400529E+04   0.348976E+00  -0.515661E+13
   0.176142E-03   0.688978E+08   0.688976E+08   0.846646E+08   0.845398E+08   0.688876E+08   0.688977E+08   0.688978E+08   0.689203E+08  -0.311249E+00   0.797824E+07   0.797817E+07   0.136890E+03   0.318460E+04   0.334164E+00  -0.452960E+13
   0.194493E-03   0.649330E+08   0.649327E+08   0.781382E+08   0.779906E+08   0.649196E+08   0.649328E+08   0.649329E+08   0.649537E+08  -0.293336E+00   0.771366E+07   0.771357E+07   0.147969E+03   0.251573E+04   0.319541E+00  -0.396618E+13
   0.214755E-03   0.608573E+08   0.608570E+08   0.713048E+08   0.711314E+08   0.608402E+08   0.608572E+08   0.608573E+08   0.608762E+08  -0.274923E+00   0.743540E+07   0.743530E+07   0.159476E+03   0.197396E+04   0.305434E+00  -0.346238E+13
   0.237129E-03   0.567409E+08   0.567405E+08   0.642536E+08   0.640512E+08   0.567192E+08   0.567407E+08   0.567409E+08   0.567579E+08  -0.256325E+00   0.714784E+07   0.714772E+07   0.171330E+03   0.153838E+04   0.292150E+00  -0.301442E+13
   0.261834E-03   0.526563E+08   0.526558E+08   0.570823E+08   0.568484E+08   0.526291E+08   0.526561E+08   0.526562E+08   0.526713E+08  -0.237869E+00   0.685597E+07   0.685583E+07   0.183425E+03   0.119112E+04   0.279952E+00  -0.261853E+13
   0.289112E-03   0.486739E+08   0.486734E+08   0.498936E+08   0.496263E+08   0.486402E+08   0.486737E+08   0.486738E+08   0.486870E+08  -0.219875E+00   0.656509E+07   0.656492E+07   0.195625E+03   0.916728E+03   0.269049E+00  -0.227085E+13
   0.319233E-03   0.448575E+08   0.448569E+08   0.427916E+08   0.424902E+08   0.448158E+08   0.448572E+08   0.448574E+08   0.448686E+08  -0.202631E+00   0.628040E+07   0.628020E+07   0.207754E+03   0.701907E+03   0.259584E+00  -0.196740E+13
   0.352491E-03   0.412605E+08   0.412597E+08   0.358804E+08   0.355462E+08   0.412092E+08   0.412601E+08   0.412603E+08   0.412696E+08  -0.186376E+00   0.600669E+07   0.600646E+07   0.219588E+03   0.535215E+03   0.251629E+00  -0.170412E+13
   0.389215E-03   0.379232E+08   0.379223E+08   0.292654E+08   0.289023E+08   0.378605E+08   0.379228E+08   0.379231E+08   0.379306E+08  -0.171294E+00   0.574797E+07   0.574770E+07   0.230842E+03   0.406934E+03   0.245192E+00  -0.147686E+13
   0.429764E-03   0.348726E+08   0.348715E+08   0.230549E+08   0.226700E+08   0.347960E+08   0.348720E+08   0.348724E+08   0.348782E+08  -0.157507E+00   0.550734E+07   0.550703E+07   0.241170E+03   0.308924E+03   0.240223E+00  -0.128151E+13
   0.474538E-03   0.321217E+08   0.321203E+08   0.173623E+08   0.169663E+08   0.320283E+08   0.321210E+08   0.321214E+08   0.321256E+08  -0.145073E+00   0.528682E+07   0.528647E+07   0.250158E+03   0.234484E+03   0.236618E+00  -0.111413E+13
   0.523976E-03   0.296716E+08   0.296700E+08   0.123047E+08   0.119115E+08   0.295581E+08   0.296708E+08   0.296713E+08   0.296740E+08  -0.133999E+00   0.508744E+07   0.508704E+07   0.257348E+03   0.178194E+03   0.234237E+00  -0.970952E+12
   0.578566E-03   0.275135E+08   0.275117E+08   0.799504E+07   0.762019E+07   0.273757E+08   0.275125E+08   0.275132E+08   0.275146E+08  -0.124243E+00   0.490930E+07   0.490884E+07   0.262259E+03   0.135745E+03   0.232912E+00  -0.848547E+12
   0.638842E-03   0.256309E+08   0.256289E+08   0.452437E+07   0.418164E+07   0.254639E+08   0.256298E+08   0.256306E+08   0.256310E+08  -0.115733E+00   0.475174E+07   0.475123E+07   0.264444E+03   0.103768E+03   0.232461E+00  -0.743819E+12
   0.705398E-03   0.240023E+08   0.240000E+08   0.193490E+07   0.163139E+07   0.238002E+08   0.240010E+08   0.240020E+08   0.240015E+08  -0.108371E+00   0.461353E+07   0.461297E+07   0.263550E+03   0.796665E+02   0.232699E+00  -0.654043E+12
   0.778888E-03   0.226032E+08   0.226005E+08   0.190794E+06  -0.790472E+05   0.223589E+08   0.226016E+08   0.226027E+08   0.226016E+08  -0.102046E+00   0.449307E+07   0.449246E+07   0.259382E+03   0.614643E+02   0.233449E+00  -0.576865E+12
   0.860035E-03   0.214077E+08   0.214048E+08  -0.836933E+06  -0.109606E+07   0.211131E+08   0.214058E+08   0.214072E+08   0.214056E+08  -0.966422E-01   0.438851E+07   0.438786E+07   0.251950E+03   0.476713E+02   0.234551E+00  -0.510278E+12
   0.949635E-03   0.203905E+08   0.203872E+08  -0.134979E+07  -0.163863E+07   0.200359E+08   0.203882E+08   0.203899E+08   0.203879E+08  -0.920445E-01   0.429792E+07   0.429723E+07   0.241468E+03   0.371732E+02   0.235867E+00  -0.452591E+12
   0.104857E-02   0.195270E+08   0.195235E+08  -0.155408E+07  -0.192300E+07   0.191013E+08   0.195244E+08   0.195264E+08   0.195240E+08  -0.881421E-01   0.421936E+07   0.421864E+07   0.228311E+03   0.291409E+02   0.237284E+00  -0.402395E+12
   0.115781E-02   0.187947E+08   0.187909E+08  -0.157238E+07  -0.206726E+07   0.182851E+08   0.187917E+08   0.187941E+08   0.187912E+08  -0.848325E-01   0.415097E+07   0.415024E+07   0.212940E+03   0.229594E+02   0.238716E+00  -0.358521E+12
   0.127844E-02   0.181731E+08   0.181691E+08  -0.140970E+07  -0.205726E+07   0.175654E+08   0.181695E+08   0.181724E+08   0.181691E+08  -0.820226E-01   0.409103E+07   0.409028E+07   0.195869E+03   0.181735E+02   0.240098E+00  -0.320004E+12
   0.141163E-02   0.176437E+08   0.176396E+08  -0.104388E+07  -0.184600E+07   0.169229E+08   0.176396E+08   0.176430E+08   0.176392E+08  -0.796295E-01   0.403793E+07   0.403718E+07   0.177711E+03   0.144457E+02   0.241391E+00  -0.286049E+12
   0.155869E-02   0.171904E+08   0.171862E+08  -0.576635E+06   0.432497E+06   0.163404E+08   0.171856E+08   0.171897E+08   0.171856E+08  -0.775814E-01   0.399019E+07   0.398945E+07   0.159247E+03   0.115259E+02   0.242569E+00  -0.255997E+12
   0.172108E-02   0.167990E+08   0.167948E+08  -0.222113E+06   0.346657E+06   0.158030E+08   0.167936E+08   0.167983E+08   0.167936E+08  -0.758115E-01   0.394656E+07   0.394583E+07   0.141382E+03   0.922502E+01   0.243622E+00  -0.229308E+12
   0.190039E-02   0.164574E+08   0.164532E+08  -0.687951E+05   0.278544E+06   0.152984E+08   0.164512E+08   0.164567E+08   0.164512E+08  -0.742657E-01   0.390585E+07   0.390514E+07   0.124927E+03   0.740303E+01   0.244548E+00  -0.205530E+12
   0.209838E-02   0.161548E+08   0.161506E+08  -0.123566E+05   0.224260E+06   0.148164E+08   0.161477E+08   0.161541E+08   0.161478E+08  -0.728958E-01   0.386701E+07   0.386631E+07   0.110439E+03   0.595364E+01   0.245352E+00  -0.184287E+12
   0.231699E-02   0.158821E+08   0.158779E+08  -0.360135E+05   0.180833E+06   0.143488E+08   0.158741E+08   0.158814E+08   0.158741E+08  -0.716606E-01   0.382908E+07   0.382840E+07   0.981982E+02   0.479607E+01   0.246041E+00  -0.165262E+12
   0.255838E-02   0.156314E+08   0.156272E+08  -0.151712E+06   0.145978E+06   0.138890E+08   0.156225E+08   0.156307E+08   0.156225E+08  -0.705245E-01   0.379126E+07   0.379058E+07   0.881157E+02   0.386835E+01   0.246626E+00  -0.148191E+12
   0.282492E-02   0.153960E+08   0.153915E+08  -0.186393E+06   0.117927E+06   0.134316E+08   0.153860E+08   0.153953E+08   0.153859E+08  -0.694567E-01   0.375274E+07   0.375207E+07   0.796706E+02   0.312267E+01   0.247120E+00  -0.132845E+12
   0.311923E-02   0.151700E+08   0.151653E+08  -0.149583E+06   0.953031E+05   0.129718E+08   0.151588E+08   0.151692E+08   0.151588E+08  -0.684311E-01   0.371289E+07   0.371222E+07   0.721943E+02   0.252197E+01   0.247532E+00  -0.119033E+12
   0.344419E-02   0.149484E+08   0.149434E+08  -0.725258E+05   0.770252E+05   0.125053E+08   0.149360E+08   0.149476E+08   0.149360E+08  -0.674253E-01   0.367110E+07   0.367043E+07   0.651559E+02   0.203716E+01   0.247876E+00  -0.106589E+12
   0.380302E-02   0.147269E+08   0.147216E+08  -0.381671E+05   0.622394E+05   0.120280E+08   0.147132E+08   0.147260E+08   0.147132E+08  -0.664196E-01   0.362683E+07   0.362617E+07   0.584348E+02   0.164534E+01   0.248160E+00  -0.953678E+11
   0.419923E-02   0.145017E+08   0.144961E+08  -0.457549E+05   0.502677E+05   0.115370E+08   0.144867E+08   0.145007E+08   0.144867E+08  -0.653969E-01   0.357959E+07   0.357893E+07   0.522733E+02   0.132832E+01   0.248394E+00  -0.852444E+11
   0.463671E-02   0.142695E+08   0.142635E+08  -0.591464E+05   0.405690E+05   0.110298E+08   0.142531E+08   0.142685E+08   0.142531E+08  -0.643424E-01   0.352891E+07   0.352825E+07   0.469146E+02   0.107164E+01   0.248586E+00  -0.761084E+11
   0.511978E-02   0.140274E+08   0.140209E+08  -0.322749E+05   0.327098E+05   0.105065E+08   0.140096E+08   0.140263E+08   0.140096E+08  -0.632431E-01   0.347437E+07   0.347372E+07   0.422676E+02   0.863763E+00   0.248741E+00  -0.678621E+11
   0.565317E-02   0.137732E+08   0.137661E+08  -0.933739E+04   0.263422E+05   0.994248E+07   0.137539E+08   0.137720E+08   0.137539E+08  -0.620888E-01   0.341568E+07   0.341504E+07   0.380401E+02   0.695417E+00   0.248866E+00  -0.604209E+11
   0.624213E-02   0.135039E+08   0.134961E+08  -0.270222E+04   0.211831E+05   0.936994E+07   0.134830E+08   0.135026E+08   0.134830E+08  -0.608659E-01   0.335227E+07   0.335163E+07   0.341386E+02   0.559074E+00   0.248965E+00  -0.537042E+11
   0.689245E-02   0.132177E+08   0.132090E+08   0.302993E+05   0.170058E+05   0.877612E+07   0.131952E+08   0.132162E+08   0.131952E+08  -0.595666E-01   0.328388E+07   0.328324E+07   0.306899E+02   0.448718E+00   0.249044E+00  -0.476448E+11
   0.761052E-02   0.129127E+08   0.129029E+08   0.243626E+05   0.136261E+05   0.816962E+07   0.128886E+08   0.129111E+08   0.128886E+08  -0.581826E-01   0.321018E+07   0.320954E+07   0.276510E+02   0.359463E+00   0.249104E+00  -0.421809E+11
   0.840340E-02   0.125872E+08   0.125761E+08   0.194487E+03   0.108941E+05   0.755897E+07   0.125615E+08   0.125853E+08   0.125615E+08  -0.567060E-01   0.313085E+07   0.313022E+07   0.249008E+02   0.287331E+00   0.249151E+00  -0.372570E+11
   0.927889E-02   0.122396E+08   0.122271E+08   0.154630E+05   0.868839E+04   0.694399E+07   0.122125E+08   0.122375E+08   0.122125E+08  -0.551303E-01   0.304561E+07   0.304499E+07   0.224581E+02   0.229112E+00   0.249186E+00  -0.328231E+11
   0.102456E-01   0.118687E+08   0.118544E+08   0.295856E+04   0.691001E+04   0.632443E+07   0.118401E+08   0.118663E+08   0.118401E+08  -0.534491E-01   0.295420E+07   0.295358E+07   0.202868E+02   0.182183E+00   0.249211E+00  -0.288339E+11
   0.113130E-01   0.114730E+08   0.114566E+08   0.634446E+04   0.547841E+04   0.570710E+07   0.114430E+08   0.114702E+08   0.114430E+08  -0.516564E-01   0.285634E+07   0.285572E+07   0.183538E+02   0.144412E+00   0.249228E+00  -0.252483E+11
   0.124916E-01   0.110513E+08   0.110326E+08   0.210587E+04   0.432803E+04   0.509991E+07   0.110200E+08   0.110482E+08   0.110200E+08  -0.497471E-01   0.275178E+07   0.275116E+07   0.166380E+02   0.114069E+00   0.249239E+00  -0.220290E+11
   0.137930E-01   0.106027E+08   0.105813E+08   0.520443E+04   0.340556E+04   0.450874E+07   0.105703E+08   0.105991E+08   0.105703E+08  -0.477170E-01   0.264034E+07   0.263972E+07   0.151124E+02   0.897411E-01   0.249244E+00  -0.191425E+11
   0.152300E-01   0.101267E+08   0.101022E+08  -0.398557E+04   0.266765E+04   0.393669E+07   0.100933E+08   0.101226E+08   0.100933E+08  -0.455638E-01   0.252192E+07   0.252129E+07   0.137518E+02   0.702849E-01   0.249246E+00  -0.165588E+11
   0.168167E-01   0.963435E+07   0.960648E+07   0.118066E+04   0.208145E+04   0.339754E+07   0.960018E+07   0.962967E+07   0.960018E+07  -0.433376E-01   0.239930E+07   0.239867E+07   0.125415E+02   0.548317E-01   0.249244E+00  -0.142673E+11
   0.185687E-01   0.910649E+07   0.907496E+07   0.183120E+04   0.161351E+04   0.288804E+07   0.907179E+07   0.910120E+07   0.907179E+07  -0.409523E-01   0.226776E+07   0.226712E+07   0.114376E+02   0.424982E-01   0.249240E+00  -0.122127E+11
   0.205033E-01   0.855436E+07   0.851900E+07  -0.317029E+04   0.124302E+04   0.241794E+07   0.851941E+07   0.854842E+07   0.851941E+07  -0.384587E-01   0.213010E+07   0.212946E+07   0.104236E+02   0.327350E-01   0.249234E+00  -0.103889E+11
   0.226393E-01   0.797347E+07   0.793428E+07  -0.899154E+03   0.950165E+03   0.198935E+07   0.793860E+07   0.796689E+07   0.793860E+07  -0.358368E-01   0.198524E+07   0.198460E+07   0.946868E+01   0.250192E-01   0.249226E+00  -0.876882E+10
   0.249980E-01   0.738448E+07   0.734169E+07  -0.574846E+03   0.721649E+03   0.161019E+07   0.735001E+07   0.737730E+07   0.735001E+07  -0.331797E-01   0.183834E+07   0.183770E+07   0.855673E+01   0.189995E-01   0.249218E+00  -0.735380E+10
   0.276023E-01   0.679429E+07   0.674847E+07  -0.692965E+03   0.544501E+03   0.128120E+07   0.676054E+07   0.678660E+07   0.676054E+07  -0.305188E-01   0.169115E+07   0.169051E+07   0.766429E+01   0.143337E-01   0.249210E+00  -0.612667E+10
   0.304780E-01   0.620540E+07   0.615754E+07  -0.569557E+03   0.407824E+03   0.100096E+07   0.617277E+07   0.619736E+07   0.617277E+07  -0.278654E-01   0.154431E+07   0.154369E+07   0.676762E+01   0.107344E-01   0.249201E+00  -0.506682E+10
   0.336533E-01   0.563371E+07   0.558525E+07  -0.211862E+03   0.303634E+03   0.768651E+06   0.560259E+07   0.562557E+07   0.560259E+07  -0.252915E-01   0.140182E+07   0.140122E+07   0.585700E+01   0.799112E-02   0.249193E+00  -0.416533E+10
   0.371593E-01   0.509979E+07   0.505259E+07   0.816159E+01   0.225413E+03   0.581906E+06   0.507052E+07   0.509187E+07   0.507052E+07  -0.228896E-01   0.126881E+07   0.126826E+07   0.493510E+01   0.593185E-02   0.249185E+00  -0.341438E+10
   0.410307E-01   0.461669E+07   0.457289E+07  -0.973816E+02   0.167363E+03   0.435592E+06   0.458958E+07   0.460933E+07   0.458958E+07  -0.207185E-01   0.114855E+07   0.114805E+07   0.401630E+01   0.440380E-02   0.249177E+00  -0.279914E+10
   0.451338E-01   0.421341E+07   0.417486E+07   0.126241E+03   0.126241E+03   0.327864E+06   0.418858E+07   0.420694E+07   0.418858E+07  -0.189083E-01   0.104823E+07   0.104779E+07   0.322464E+01   0.332182E-02   0.249163E+00  -0.232242E+10
   0.492368E-01   0.389446E+07   0.386202E+07   0.980612E+02   0.980612E+02   0.252440E+06   0.387180E+07   0.388901E+07   0.387180E+07  -0.174783E-01   0.968994E+06   0.968625E+06   0.250417E+01   0.258012E-02   0.249157E+00  -0.196797E+10
   0.533399E-01   0.363742E+07   0.361109E+07   0.780547E+02   0.780547E+02   0.198673E+06   0.361675E+07   0.363300E+07   0.361675E+07  -0.163269E-01   0.905189E+06   0.904880E+06   0.193024E+01   0.205360E-02   0.249153E+00  -0.169699E+10
   0.574430E-01   0.342100E+07   0.340002E+07   0.633097E+02   0.633097E+02   0.159601E+06   0.340206E+07   0.341748E+07   0.340206E+07  -0.153577E-01   0.851476E+06   0.851217E+06   0.149909E+01   0.166557E-02   0.249149E+00  -0.148228E+10
   0.615460E-01   0.322856E+07   0.321169E+07   0.520554E+02   0.520554E+02   0.130704E+06   0.321108E+07   0.322573E+07   0.321108E+07  -0.144956E-01   0.803689E+06   0.803468E+06   0.119753E+01   0.136943E-02   0.249145E+00  -0.130582E+10
   0.656491E-01   0.304727E+07   0.303301E+07   0.431867E+02   0.431867E+02   0.108927E+06   0.303098E+07   0.304488E+07   0.303098E+07  -0.136826E-01   0.758622E+06   0.758424E+06   0.100447E+01   0.113607E-02   0.249143E+00  -0.115556E+10
   0.697522E-01   0.286802E+07   0.285491E+07   0.360056E+02   0.360056E+02   0.921650E+05   0.285269E+07   0.286582E+07   0.285269E+07  -0.128777E-01   0.714005E+06   0.713818E+06   0.893841E+00   0.947136E-03   0.249140E+00  -0.102362E+10
   0.738552E-01   0.269231E+07   0.267914E+07   0.301469E+02   0.301469E+02   0.791561E+05   0.267774E+07   0.269010E+07   0.267774E+07  -0.120880E-01   0.670224E+06   0.670038E+06   0.839676E+00   0.793001E-03   0.249138E+00  -0.907474E+09
   0.779583E-01   0.251446E+07   0.250044E+07   0.252669E+02   0.252669E+02   0.686994E+05   0.250055E+07   0.251211E+07   0.250055E+07  -0.112881E-01   0.625878E+06   0.625688E+06   0.815091E+00   0.664620E-03   0.249136E+00  -0.802826E+09
   0.820614E-01   0.234315E+07   0.232793E+07   0.212464E+02   0.212464E+02   0.602833E+05   0.232980E+07   0.234059E+07   0.232980E+07  -0.105173E-01   0.583147E+06   0.582950E+06   0.800410E+00   0.558858E-03   0.249135E+00  -0.710609E+09
   0.861644E-01   0.218307E+07   0.216675E+07   0.179516E+02   0.179516E+02   0.534500E+05   0.217027E+07   0.218033E+07   0.217027E+07  -0.979712E-02   0.543220E+06   0.543018E+06   0.780704E+00   0.472188E-03   0.249134E+00  -0.630430E+09
   0.912856E-01   0.200505E+07   0.198797E+07   0.146871E+02   0.146871E+02   0.466700E+05   0.199292E+07   0.200218E+07   0.199292E+07  -0.899655E-02   0.498835E+06   0.498633E+06   0.736570E+00   0.386317E-03   0.249132E+00  -0.546438E+09
   0.964067E-01   0.185655E+07   0.183973E+07   0.121918E+02   0.121918E+02   0.414549E+05   0.184515E+07   0.185373E+07   0.184515E+07  -0.832947E-02   0.461848E+06   0.461655E+06   0.667670E+00   0.320682E-03   0.249131E+00  -0.479046E+09
   0.101528E+00   0.173942E+07   0.172386E+07   0.102995E+02   0.102995E+02   0.374804E+05   0.172876E+07   0.173680E+07   0.172876E+07  -0.780406E-02   0.432716E+06   0.432539E+06   0.580580E+00   0.270909E-03   0.249130E+00  -0.426190E+09
   0.106649E+00   0.164938E+07   0.163580E+07   0.885207E+01   0.885207E+01   0.344033E+05   0.163947E+07   0.164710E+07   0.163947E+07  -0.740097E-02   0.410364E+06   0.410208E+06   0.487241E+00   0.232837E-03   0.249129E+00  -0.384770E+09
   0.111770E+00   0.157761E+07   0.156626E+07   0.771010E+01   0.771010E+01   0.318554E+05   0.156839E+07   0.157570E+07   0.156839E+07  -0.708012E-02   0.392571E+06   0.392437E+06   0.400195E+00   0.202800E-03   0.249129E+00  -0.351224E+09
   0.116891E+00   0.151454E+07   0.150522E+07   0.676869E+01   0.676869E+01   0.295177E+05   0.150595E+07   0.151297E+07   0.150595E+07  -0.679824E-02   0.376940E+06   0.376825E+06   0.329116E+00   0.178040E-03   0.249128E+00  -0.322466E+09
   0.122012E+00   0.145272E+07   0.144489E+07   0.595961E+01   0.595961E+01   0.271716E+05   0.144467E+07   0.145141E+07   0.144467E+07  -0.652157E-02   0.361599E+06   0.361497E+06   0.278878E+00   0.156760E-03   0.249127E+00  -0.296360E+09
   0.127134E+00   0.138778E+07   0.138072E+07   0.524404E+01   0.524404E+01   0.247217E+05   0.138015E+07   0.138659E+07   0.138015E+07  -0.623033E-02   0.345452E+06   0.345357E+06   0.249225E+00   0.137940E-03   0.249127E+00  -0.271721E+09
   0.132255E+00   0.131851E+07   0.131155E+07   0.460376E+01   0.460376E+01   0.221849E+05   0.131121E+07   0.131734E+07   0.131121E+07  -0.591912E-02   0.328197E+06   0.328104E+06   0.235805E+00   0.121099E-03   0.249126E+00  -0.248153E+09
   0.137376E+00   0.124630E+07   0.123899E+07   0.403285E+01   0.403285E+01   0.196544E+05   0.123928E+07   0.124508E+07   0.123928E+07  -0.559440E-02   0.310195E+06   0.310099E+06   0.232041E+00   0.106082E-03   0.249126E+00  -0.225797E+09
   0.142497E+00   0.117427E+07   0.116640E+07   0.353107E+01   0.353107E+01   0.172514E+05   0.116748E+07   0.117295E+07   0.116748E+07  -0.527030E-02   0.292227E+06   0.292128E+06   0.231146E+00   0.928835E-04   0.249126E+00  -0.205072E+09
   0.147618E+00   0.110636E+07   0.109802E+07   0.309959E+01   0.309959E+01   0.150817E+05   0.109980E+07   0.110496E+07   0.109980E+07  -0.496477E-02   0.275289E+06   0.275188E+06   0.227781E+00   0.815338E-04   0.249125E+00  -0.186483E+09
   0.152739E+00   0.104631E+07   0.103778E+07   0.273780E+01   0.273780E+01   0.132091E+05   0.104000E+07   0.104488E+07   0.104000E+07  -0.469479E-02   0.260321E+06   0.260220E+06   0.218973E+00   0.720168E-04   0.249125E+00  -0.170430E+09
   0.157860E+00   0.996190E+06   0.987855E+06   0.244018E+01   0.244018E+01   0.116393E+05   0.990137E+06   0.994790E+06   0.990137E+06  -0.446972E-02   0.247842E+06   0.247745E+06   0.204217E+00   0.641880E-04   0.249125E+00  -0.156996E+09
   0.162982E+00   0.955634E+06   0.947834E+06   0.219612E+01   0.219612E+01   0.103297E+05   0.949857E+06   0.954324E+06   0.949857E+06  -0.428789E-02   0.237759E+06   0.237669E+06   0.184971E+00   0.577679E-04   0.249124E+00  -0.145877E+09
   0.168103E+00   0.922543E+06   0.915507E+06   0.199305E+01   0.199305E+01   0.921617E+04   0.917045E+06   0.921362E+06   0.917045E+06  -0.413977E-02   0.229546E+06   0.229464E+06   0.163841E+00   0.524262E-04   0.249124E+00  -0.136548E+09
   0.173224E+00   0.894275E+06   0.888068E+06   0.181965E+01   0.181965E+01   0.823852E+04   0.889045E+06   0.893233E+06   0.889045E+06  -0.401337E-02   0.222537E+06   0.222463E+06   0.143676E+00   0.478648E-04   0.249124E+00  -0.128466E+09
   0.178345E+00   0.868144E+06   0.862676E+06   0.166666E+01   0.166666E+01   0.734993E+04   0.863156E+06   0.867226E+06   0.863156E+06  -0.389650E-02   0.216057E+06   0.215989E+06   0.126755E+00   0.438407E-04   0.249123E+00  -0.121144E+09
   0.183466E+00   0.841659E+06   0.836726E+06   0.152698E+01   0.152698E+01   0.651888E+04   0.836882E+06   0.840831E+06   0.836882E+06  -0.377789E-02   0.209480E+06   0.209417E+06   0.114294E+00   0.401665E-04   0.249123E+00  -0.114178E+09
   0.188587E+00   0.813210E+06   0.808563E+06   0.139636E+01   0.139636E+01   0.573230E+04   0.808612E+06   0.812430E+06   0.808612E+06  -0.365027E-02   0.202404E+06   0.202344E+06   0.106346E+00   0.367306E-04   0.249123E+00  -0.107325E+09
   0.193708E+00   0.782636E+06   0.778043E+06   0.127372E+01   0.127372E+01   0.499275E+04   0.778188E+06   0.781865E+06   0.778188E+06  -0.351293E-02   0.194790E+06   0.194730E+06   0.102040E+00   0.335043E-04   0.249123E+00  -0.100557E+09
   0.198830E+00   0.750937E+06   0.746242E+06   0.115991E+01   0.115991E+01   0.431136E+04   0.746619E+06   0.750149E+06   0.746619E+06  -0.337042E-02   0.186888E+06   0.186829E+06   0.999552E-01   0.305106E-04   0.249122E+00  -0.939927E+08
   0.203951E+00   0.719505E+06   0.714646E+06   0.105616E+01   0.105616E+01   0.369894E+04   0.715305E+06   0.718689E+06   0.715305E+06  -0.322906E-02   0.179051E+06   0.178991E+06   0.985521E-01   0.277815E-04   0.249122E+00  -0.877896E+08
   0.209072E+00   0.689692E+06   0.684703E+06   0.963327E+00   0.963327E+00   0.316380E+04   0.685609E+06   0.688854E+06   0.685609E+06  -0.309501E-02   0.171618E+06   0.171558E+06   0.965611E-01   0.253396E-04   0.249122E+00  -0.820841E+08
   0.214193E+00   0.662654E+06   0.657638E+06   0.881783E+00   0.881783E+00   0.271138E+04   0.658693E+06   0.661812E+06   0.658693E+06  -0.297350E-02   0.164882E+06   0.164822E+06   0.932364E-01   0.231945E-04   0.249122E+00  -0.769761E+08
   0.219314E+00   0.639091E+06   0.634180E+06   0.811159E+00   0.811159E+00   0.234348E+04   0.635257E+06   0.638266E+06   0.635257E+06  -0.286771E-02   0.159015E+06   0.158957E+06   0.884218E-01   0.213366E-04   0.249122E+00  -0.725040E+08
   0.224435E+00   0.618997E+06   0.614311E+06   0.750225E+00   0.750225E+00   0.205798E+04   0.615294E+06   0.618210E+06   0.615294E+06  -0.277759E-02   0.154018E+06   0.153963E+06   0.824521E-01   0.197336E-04   0.249122E+00  -0.686232E+08
   0.229556E+00   0.601731E+06   0.597352E+06   0.697156E+00   0.697156E+00   0.184846E+04   0.598160E+06   0.600996E+06   0.598160E+06  -0.270024E-02   0.149729E+06   0.149677E+06   0.759609E-01   0.183376E-04   0.249121E+00  -0.652241E+08
   0.234678E+00   0.586319E+06   0.582271E+06   0.650016E+00   0.650016E+00   0.170543E+04   0.582876E+06   0.585639E+06   0.582876E+06  -0.263124E-02   0.145903E+06   0.145854E+06   0.696607E-01   0.170975E-04   0.249121E+00  -0.621705E+08
   0.239799E+00   0.571722E+06   0.567977E+06   0.607087E+00   0.607087E+00   0.161616E+04   0.568398E+06   0.571093E+06   0.568398E+06  -0.256589E-02   0.142279E+06   0.142233E+06   0.641467E-01   0.159682E-04   0.249121E+00  -0.593316E+08
   0.244920E+00   0.557062E+06   0.553548E+06   0.567065E+00   0.567065E+00   0.156621E+04   0.553846E+06   0.556472E+06   0.553846E+06  -0.250020E-02   0.138636E+06   0.138592E+06   0.597674E-01   0.149154E-04   0.249121E+00  -0.566037E+08
   0.250041E+00   0.541824E+06   0.538454E+06   0.529199E+00   0.529199E+00   0.154121E+04   0.538704E+06   0.541258E+06   0.538704E+06  -0.243184E-02   0.134846E+06   0.134803E+06   0.565841E-01   0.139193E-04   0.249121E+00  -0.539285E+08
   0.255162E+00   0.525951E+06   0.522642E+06   0.493277E+00   0.493277E+00   0.152900E+04   0.522916E+06   0.525395E+06   0.522916E+06  -0.236057E-02   0.130894E+06   0.130852E+06   0.544090E-01   0.129745E-04   0.249121E+00  -0.512974E+08
   0.260283E+00   0.509736E+06   0.506431E+06   0.459428E+00   0.459428E+00   0.152105E+04   0.506779E+06   0.509181E+06   0.506779E+06  -0.228772E-02   0.126854E+06   0.126813E+06   0.528944E-01   0.120841E-04   0.249121E+00  -0.487362E+08
   0.265404E+00   0.493644E+06   0.490316E+06   0.427901E+00   0.427901E+00   0.151218E+04   0.490759E+06   0.493085E+06   0.490759E+06  -0.221541E-02   0.122844E+06   0.122803E+06   0.516431E-01   0.112549E-04   0.249121E+00  -0.462848E+08
   0.270526E+00   0.478179E+06   0.474836E+06   0.398934E+00   0.398934E+00   0.150013E+04   0.475364E+06   0.477618E+06   0.475364E+06  -0.214591E-02   0.118991E+06   0.118950E+06   0.503123E-01   0.104930E-04   0.249120E+00  -0.439842E+08
   0.275647E+00   0.463785E+06   0.460459E+06   0.372671E+00   0.372671E+00   0.148393E+04   0.461041E+06   0.463226E+06   0.461041E+06  -0.208125E-02   0.115406E+06   0.115366E+06   0.486830E-01   0.980226E-05   0.249120E+00  -0.418664E+08
   0.280768E+00   0.450726E+06   0.447460E+06   0.349081E+00   0.349081E+00   0.146280E+04   0.448054E+06   0.450178E+06   0.448054E+06  -0.202263E-02   0.112155E+06   0.112116E+06   0.466859E-01   0.918183E-05   0.249120E+00  -0.399449E+08
   0.285889E+00   0.439013E+06   0.435851E+06   0.327940E+00   0.327940E+00   0.143533E+04   0.436413E+06   0.438482E+06   0.436413E+06  -0.197008E-02   0.109241E+06   0.109203E+06   0.443853E-01   0.862579E-05   0.249120E+00  -0.382101E+08
   0.291010E+00   0.428440E+06   0.425411E+06   0.308884E+00   0.308884E+00   0.139951E+04   0.425912E+06   0.427931E+06   0.425912E+06  -0.192267E-02   0.106612E+06   0.106576E+06   0.419356E-01   0.812460E-05   0.249120E+00  -0.366345E+08
   0.296131E+00   0.418682E+06   0.415797E+06   0.291508E+00   0.291508E+00   0.135357E+04   0.416225E+06   0.418197E+06   0.416225E+06  -0.187894E-02   0.104187E+06   0.104152E+06   0.395249E-01   0.766761E-05   0.249120E+00  -0.351821E+08
   0.301252E+00   0.409385E+06   0.406637E+06   0.275434E+00   0.275434E+00   0.129641E+04   0.406994E+06   0.408923E+06   0.406994E+06  -0.183727E-02   0.101877E+06   0.101843E+06   0.373208E-01   0.724487E-05   0.249120E+00  -0.338171E+08
   0.306374E+00   0.400234E+06   0.397599E+06   0.260356E+00   0.260356E+00   0.122833E+04   0.397905E+06   0.399791E+06   0.397905E+06  -0.179624E-02   0.996014E+05   0.995688E+05   0.354318E-01   0.684830E-05   0.249120E+00  -0.325092E+08
   0.311495E+00   0.391017E+06   0.388466E+06   0.246068E+00   0.246068E+00   0.115085E+04   0.388746E+06   0.390589E+06   0.388746E+06  -0.175489E-02   0.973087E+05   0.972771E+05   0.338909E-01   0.647251E-05   0.249120E+00  -0.312387E+08
   0.316616E+00   0.381673E+06   0.379176E+06   0.232481E+00   0.232481E+00   0.106672E+04   0.379455E+06   0.381254E+06   0.379455E+06  -0.171295E-02   0.949831E+05   0.949521E+05   0.326617E-01   0.611512E-05   0.249120E+00  -0.299990E+08
   0.321737E+00   0.372278E+06   0.369811E+06   0.219593E+00   0.219593E+00   0.979256E+03   0.370109E+06   0.371864E+06   0.370109E+06  -0.167076E-02   0.926438E+05   0.926132E+05   0.316586E-01   0.577616E-05   0.249120E+00  -0.287943E+08
   0.326858E+00   0.362989E+06   0.360541E+06   0.207453E+00   0.207453E+00   0.891926E+03   0.360866E+06   0.362578E+06   0.360866E+06  -0.162904E-02   0.903303E+05   0.903001E+05   0.307751E-01   0.545682E-05   0.249120E+00  -0.276354E+08
   0.331979E+00   0.353982E+06   0.351553E+06   0.196109E+00   0.196109E+00   0.808004E+03   0.351905E+06   0.353574E+06   0.351905E+06  -0.158859E-02   0.880874E+05   0.880576E+05   0.299120E-01   0.515842E-05   0.249120E+00  -0.265335E+08
   0.337100E+00   0.345411E+06   0.343008E+06   0.185587E+00   0.185587E+00   0.730308E+03   0.343378E+06   0.345008E+06   0.343378E+06  -0.155009E-02   0.859531E+05   0.859238E+05   0.289993E-01   0.488166E-05   0.249120E+00  -0.254972E+08
   0.342222E+00   0.337371E+06   0.335008E+06   0.175881E+00   0.175881E+00   0.661293E+03   0.335382E+06   0.336974E+06   0.335382E+06  -0.151400E-02   0.839516E+05   0.839229E+05   0.280060E-01   0.462634E-05   0.249120E+00  -0.245309E+08
   0.347343E+00   0.329884E+06   0.327575E+06   0.166944E+00   0.166944E+00   0.602716E+03   0.327940E+06   0.329496E+06   0.327940E+06  -0.148040E-02   0.820886E+05   0.820606E+05   0.269395E-01   0.439125E-05   0.249120E+00  -0.236328E+08
   0.352464E+00   0.322898E+06   0.320655E+06   0.158696E+00   0.158696E+00   0.555640E+03   0.320998E+06   0.322522E+06   0.320998E+06  -0.144906E-02   0.803510E+05   0.803237E+05   0.258352E-01   0.417428E-05   0.249120E+00  -0.227965E+08
   0.357585E+00   0.316310E+06   0.314138E+06   0.151040E+00   0.151040E+00   0.520145E+03   0.314453E+06   0.315946E+06   0.314453E+06  -0.141952E-02   0.787127E+05   0.786862E+05   0.247424E-01   0.397286E-05   0.249120E+00  -0.220119E+08
   0.362706E+00   0.309998E+06   0.307894E+06   0.143877E+00   0.143877E+00   0.495357E+03   0.308182E+06   0.309645E+06   0.308182E+06  -0.139121E-02   0.771429E+05   0.771171E+05   0.237092E-01   0.378444E-05   0.249120E+00  -0.212683E+08
   0.367827E+00   0.303849E+06   0.301807E+06   0.137125E+00   0.137125E+00   0.479575E+03   0.302072E+06   0.303506E+06   0.302072E+06  -0.136363E-02   0.756135E+05   0.755884E+05   0.227705E-01   0.360683E-05   0.249120E+00  -0.205564E+08
   0.372948E+00   0.297779E+06   0.295789E+06   0.130721E+00   0.130721E+00   0.470512E+03   0.296040E+06   0.297445E+06   0.296040E+06  -0.133640E-02   0.741035E+05   0.740789E+05   0.219415E-01   0.343838E-05   0.249120E+00  -0.198693E+08
   0.378070E+00   0.291745E+06   0.289796E+06   0.124626E+00   0.124626E+00   0.465857E+03   0.290041E+06   0.291418E+06   0.290041E+06  -0.130932E-02   0.726019E+05   0.725778E+05   0.212172E-01   0.327805E-05   0.249120E+00  -0.192030E+08
   0.383191E+00   0.285753E+06   0.283836E+06   0.118825E+00   0.118825E+00   0.463559E+03   0.284083E+06   0.285431E+06   0.284083E+06  -0.128242E-02   0.711105E+05   0.710868E+05   0.205772E-01   0.312546E-05   0.249120E+00  -0.185571E+08
   0.388312E+00   0.279853E+06   0.277962E+06   0.113322E+00   0.113322E+00   0.462216E+03   0.278215E+06   0.279536E+06   0.278215E+06  -0.125593E-02   0.696417E+05   0.696184E+05   0.199932E-01   0.298070E-05   0.249120E+00  -0.179341E+08
   0.393433E+00   0.274104E+06   0.272237E+06   0.108122E+00   0.108122E+00   0.461005E+03   0.272496E+06   0.273790E+06   0.272496E+06  -0.123012E-02   0.682102E+05   0.681873E+05   0.194361E-01   0.284393E-05   0.249119E+00  -0.173369E+08
   0.398554E+00   0.268551E+06   0.266710E+06   0.103226E+00   0.103226E+00   0.459591E+03   0.266974E+06   0.268242E+06   0.266974E+06  -0.120519E-02   0.668280E+05   0.668054E+05   0.188827E-01   0.271515E-05   0.249119E+00  -0.167673E+08
   0.403675E+00   0.263227E+06   0.261415E+06   0.986283E-01   0.986283E-01   0.457917E+03   0.261681E+06   0.262923E+06   0.261681E+06  -0.118129E-02   0.655029E+05   0.654807E+05   0.183197E-01   0.259422E-05   0.249119E+00  -0.162263E+08
   0.408796E+00   0.258150E+06   0.256372E+06   0.943178E-01   0.943178E-01   0.455964E+03   0.256634E+06   0.257852E+06   0.256634E+06  -0.115851E-02   0.642395E+05   0.642178E+05   0.177450E-01   0.248085E-05   0.249119E+00  -0.157140E+08
   0.413918E+00   0.253316E+06   0.251575E+06   0.902757E-01   0.902757E-01   0.453687E+03   0.251828E+06   0.253024E+06   0.251828E+06  -0.113682E-02   0.630367E+05   0.630153E+05   0.171658E-01   0.237453E-05   0.249119E+00  -0.152290E+08
   0.419039E+00   0.248692E+06   0.246990E+06   0.864752E-01   0.864752E-01   0.450874E+03   0.247233E+06   0.248406E+06   0.247233E+06  -0.111607E-02   0.618862E+05   0.618654E+05   0.165941E-01   0.227456E-05   0.249119E+00  -0.147683E+08
   0.424160E+00   0.244232E+06   0.242569E+06   0.828864E-01   0.828864E-01   0.447273E+03   0.242800E+06   0.243952E+06   0.242800E+06  -0.109606E-02   0.607767E+05   0.607563E+05   0.160431E-01   0.218017E-05   0.249119E+00  -0.143284E+08
   0.429281E+00   0.239894E+06   0.238268E+06   0.794839E-01   0.794839E-01   0.442604E+03   0.238489E+06   0.239621E+06   0.238489E+06  -0.107660E-02   0.596976E+05   0.596776E+05   0.155238E-01   0.209068E-05   0.249119E+00  -0.139061E+08
   0.434402E+00   0.235651E+06   0.234058E+06   0.762481E-01   0.762481E-01   0.436638E+03   0.234271E+06   0.235383E+06   0.234271E+06  -0.105756E-02   0.586418E+05   0.586222E+05   0.150423E-01   0.200557E-05   0.249119E+00  -0.134992E+08
   0.439523E+00   0.231482E+06   0.229919E+06   0.731641E-01   0.731641E-01   0.429181E+03   0.230127E+06   0.231219E+06   0.230127E+06  -0.103885E-02   0.576044E+05   0.575852E+05   0.145994E-01   0.192445E-05   0.249119E+00  -0.131059E+08
   0.444644E+00   0.227378E+06   0.225842E+06   0.702212E-01   0.702212E-01   0.420051E+03   0.226048E+06   0.227121E+06   0.226048E+06  -0.102043E-02   0.565833E+05   0.565643E+05   0.141906E-01   0.184705E-05   0.249119E+00  -0.127253E+08
   0.449766E+00   0.223346E+06   0.221833E+06   0.674139E-01   0.674139E-01   0.409142E+03   0.222038E+06   0.223092E+06   0.222038E+06  -0.100233E-02   0.555796E+05   0.555610E+05   0.138082E-01   0.177321E-05   0.249119E+00  -0.123572E+08
   0.454887E+00   0.219401E+06   0.217911E+06   0.647403E-01   0.647403E-01   0.396392E+03   0.218116E+06   0.219151E+06   0.218116E+06  -0.984628E-03   0.545978E+05   0.545795E+05   0.134439E-01   0.170289E-05   0.249119E+00  -0.120023E+08
   0.460008E+00   0.215564E+06   0.214095E+06   0.621993E-01   0.621993E-01   0.381887E+03   0.214300E+06   0.215317E+06   0.214300E+06  -0.967402E-03   0.536426E+05   0.536246E+05   0.130901E-01   0.163606E-05   0.249119E+00  -0.116610E+08
   0.465129E+00   0.211847E+06   0.210400E+06   0.597881E-01   0.597881E-01   0.365833E+03   0.210604E+06   0.211604E+06   0.210604E+06  -0.950720E-03   0.527176E+05   0.526998E+05   0.127418E-01   0.157264E-05   0.249119E+00  -0.113337E+08
   0.470250E+00   0.208255E+06   0.206831E+06   0.575011E-01   0.575011E-01   0.348598E+03   0.207033E+06   0.208016E+06   0.207033E+06  -0.934598E-03   0.518237E+05   0.518062E+05   0.123966E-01   0.151249E-05   0.249119E+00  -0.110202E+08
   0.475371E+00   0.204784E+06   0.203384E+06   0.553310E-01   0.553310E-01   0.330661E+03   0.203582E+06   0.204549E+06   0.203582E+06  -0.919021E-03   0.509599E+05   0.509427E+05   0.120550E-01   0.145541E-05   0.249119E+00  -0.107198E+08
   0.480492E+00   0.201427E+06   0.200052E+06   0.532701E-01   0.532701E-01   0.312530E+03   0.200245E+06   0.201196E+06   0.200245E+06  -0.903956E-03   0.501246E+05   0.501077E+05   0.117196E-01   0.140120E-05   0.249119E+00  -0.104317E+08
   0.485614E+00   0.198173E+06   0.196824E+06   0.513103E-01   0.513103E-01   0.294691E+03   0.197011E+06   0.197947E+06   0.197011E+06  -0.889358E-03   0.493151E+05   0.492985E+05   0.113940E-01   0.134965E-05   0.249119E+00  -0.101550E+08
   0.490735E+00   0.195010E+06   0.193684E+06   0.494429E-01   0.494429E-01   0.277495E+03   0.193867E+06   0.194787E+06   0.193867E+06  -0.875161E-03   0.485279E+05   0.485116E+05   0.110813E-01   0.130053E-05   0.249119E+00  -0.988864E+07
   0.495856E+00   0.191919E+06   0.190617E+06   0.476596E-01   0.476596E-01   0.261191E+03   0.190795E+06   0.191701E+06   0.190795E+06  -0.861294E-03   0.477590E+05   0.477430E+05   0.107835E-01   0.125362E-05   0.249119E+00  -0.963144E+07
   0.500977E+00   0.188891E+06   0.187610E+06   0.459535E-01   0.459535E-01   0.245921E+03   0.187784E+06   0.188676E+06   0.187784E+06  -0.847704E-03   0.470054E+05   0.469897E+05   0.105015E-01   0.120875E-05   0.249119E+00  -0.938257E+07
   0.506098E+00   0.185921E+06   0.184661E+06   0.443202E-01   0.443202E-01   0.231813E+03   0.184832E+06   0.185710E+06   0.184832E+06  -0.834376E-03   0.462664E+05   0.462509E+05   0.102343E-01   0.116578E-05   0.249119E+00  -0.914160E+07
   0.511219E+00   0.183012E+06   0.181770E+06   0.427570E-01   0.427570E-01   0.219003E+03   0.181939E+06   0.182803E+06   0.181939E+06  -0.821318E-03   0.455424E+05   0.455271E+05   0.998036E-02   0.112466E-05   0.249119E+00  -0.890840E+07
   0.516340E+00   0.180165E+06   0.178941E+06   0.412610E-01   0.412610E-01   0.207660E+03   0.179109E+06   0.179959E+06   0.179109E+06  -0.808540E-03   0.448338E+05   0.448188E+05   0.973711E-02   0.108531E-05   0.249119E+00  -0.868283E+07
   0.521462E+00   0.177382E+06   0.176176E+06   0.398296E-01   0.398296E-01   0.197987E+03   0.176342E+06   0.177179E+06   0.176342E+06  -0.796050E-03   0.441412E+05   0.441264E+05   0.950207E-02   0.104766E-05   0.249119E+00  -0.846474E+07
   0.526583E+00   0.174666E+06   0.173477E+06   0.384607E-01   0.384607E-01   0.190152E+03   0.173642E+06   0.174467E+06   0.173642E+06  -0.783862E-03   0.434654E+05   0.434508E+05   0.927328E-02   0.101165E-05   0.249119E+00  -0.825408E+07
   0.531704E+00   0.172023E+06   0.170851E+06   0.371524E-01   0.371524E-01   0.184268E+03   0.171014E+06   0.171826E+06   0.171014E+06  -0.771997E-03   0.428075E+05   0.427931E+05   0.904962E-02   0.977233E-06   0.249119E+00  -0.805085E+07
   0.536825E+00   0.169452E+06   0.168298E+06   0.359022E-01   0.359022E-01   0.180311E+03   0.168458E+06   0.169258E+06   0.168458E+06  -0.760461E-03   0.421678E+05   0.421536E+05   0.883074E-02   0.944348E-06   0.249119E+00  -0.785488E+07
   0.541946E+00   0.166950E+06   0.165813E+06   0.347068E-01   0.347068E-01   0.178131E+03   0.165971E+06   0.166759E+06   0.165971E+06  -0.749233E-03   0.415453E+05   0.415313E+05   0.861688E-02   0.912903E-06   0.249119E+00  -0.766579E+07
   0.547067E+00   0.164511E+06   0.163391E+06   0.335625E-01   0.335625E-01   0.177439E+03   0.163546E+06   0.164323E+06   0.163546E+06  -0.738288E-03   0.409383E+05   0.409245E+05   0.840867E-02   0.882801E-06   0.249119E+00  -0.748308E+07
   0.559946E+00   0.158631E+06   0.157553E+06   0.308914E-01   0.308914E-01   0.179638E+03   0.157701E+06   0.158450E+06   0.157701E+06  -0.711900E-03   0.394751E+05   0.394618E+05   0.791493E-02   0.812539E-06   0.249119E+00  -0.704967E+07
   0.593872E+00   0.144545E+06   0.143562E+06   0.250241E-01   0.250241E-01   0.170992E+03   0.143697E+06   0.144380E+06   0.143697E+06  -0.648685E-03   0.359698E+05   0.359576E+05   0.681415E-02   0.658222E-06   0.249119E+00  -0.605671E+07
   0.629853E+00   0.131675E+06   0.130781E+06   0.202660E-01   0.202660E-01   0.119886E+03   0.130903E+06   0.131525E+06   0.130903E+06  -0.590929E-03   0.327672E+05   0.327562E+05   0.585622E-02   0.533070E-06   0.249119E+00  -0.520226E+07
   0.879031E+00   0.769735E+05   0.764504E+05   0.608239E-02   0.608239E-02   0.307359E+02   0.765219E+05   0.768856E+05   0.765219E+05  -0.345439E-03   0.191547E+05   0.191482E+05   0.248024E-02   0.159987E-06   0.249119E+00  -0.217903E+07
   0.122679E+01   0.444530E+05   0.441509E+05   0.180345E-02   0.180345E-02   0.103145E+02   0.441922E+05   0.444023E+05   0.441922E+05  -0.199494E-03   0.110621E+05   0.110582E+05   0.104874E-02   0.474373E-07   0.249118E+00  -0.901692E+06
   0.171212E+01   0.254052E+05   0.252324E+05   0.529172E-03   0.529172E-03   0.312952E+01   0.252561E+05   0.253762E+05   0.252561E+05  -0.114012E-03   0.632206E+04   0.631976E+04   0.447572E-03   0.139191E-07   0.249118E+00  -0.369244E+06
   0.238945E+01   0.143892E+05   0.142911E+05   0.153879E-03   0.153879E-03   0.818834E+00   0.143047E+05   0.143727E+05   0.143047E+05  -0.645750E-04   0.358073E+04   0.357933E+04   0.196037E-03   0.404756E-08   0.249117E+00  -0.149851E+06
