#          k/h    CDM            baryon         photon         nu             mass_nu        total          no_nu          total_de       Weyl           v_CDM          v_b            v_b-v_c        ISW            log_grow       pert_vel    
   0.994668E-05   0.919883E+08   0.919883E+08   0.122597E+09   0.122596E+09   0.919931E+08   0.919883E+08   0.919883E+08   0.920210E+08  -0.207868E+00   0.183211E+08   0.183211E+08   0.121321E+02   0.124736E+03  -0.115745E+01  -0.184200E+15
   0.109829E-04   0.920644E+08   0.920644E+08   0.122687E+09   0.122686E+09   0.920692E+08   0.920644E+08   0.920644E+08   0.920972E+08  -0.208040E+00   0.183169E+08   0.183169E+08   0.133904E+02   0.102255E+03  -0.115487E+01  -0.166782E+15
   0.121272E-04   0.921566E+08   0.921566E+08   0.122795E+09   0.122794E+09   0.921615E+08   0.921567E+08   0.921566E+08   0.921895E+08  -0.208249E+00   0.183117E+08   0.183117E+08   0.147777E+02   0.838159E+02  -0.115161E+01  -0.151003E+15
   0.133906E-04   0.922685E+08   0.922685E+08   0.122927E+09   0.122926E+09   0.922733E+08   0.922685E+08   0.922685E+08   0.923013E+08  -0.208501E+00   0.183054E+08   0.183054E+08   0.163068E+02   0.686923E+02  -0.114752E+01  -0.136708E+15
   0.147857E-04   0.924038E+08   0.924038E+08   0.123086E+09   0.123085E+09   0.924086E+08   0.924038E+08   0.924038E+08   0.924367E+08  -0.208806E+00   0.182976E+08   0.182976E+08   0.179916E+02   0.562877E+02  -0.114247E+01  -0.123757E+15
   0.163261E-04   0.925672E+08   0.925672E+08   0.123278E+09   0.123276E+09   0.925720E+08   0.925672E+08   0.925672E+08   0.926002E+08  -0.209175E+00   0.182881E+08   0.182881E+08   0.198468E+02   0.461133E+02  -0.113626E+01  -0.112022E+15
   0.180270E-04   0.927641E+08   0.927641E+08   0.123509E+09   0.123507E+09   0.927689E+08   0.927642E+08   0.927641E+08   0.927972E+08  -0.209620E+00   0.182765E+08   0.182765E+08   0.218885E+02   0.377681E+02  -0.112866E+01  -0.101388E+15
   0.199051E-04   0.930008E+08   0.930008E+08   0.123786E+09   0.123784E+09   0.930055E+08   0.930008E+08   0.930008E+08   0.930339E+08  -0.210154E+00   0.182622E+08   0.182622E+08   0.241336E+02   0.309231E+02  -0.111941E+01  -0.917496E+14
   0.219788E-04   0.932843E+08   0.932843E+08   0.124117E+09   0.124115E+09   0.932890E+08   0.932843E+08   0.932843E+08   0.933175E+08  -0.210794E+00   0.182446E+08   0.182446E+08   0.266000E+02   0.253085E+02  -0.110816E+01  -0.830128E+14
   0.242687E-04   0.936223E+08   0.936223E+08   0.124512E+09   0.124509E+09   0.936269E+08   0.936223E+08   0.936223E+08   0.936556E+08  -0.211557E+00   0.182229E+08   0.182229E+08   0.293060E+02   0.207031E+02  -0.109456E+01  -0.750911E+14
   0.267970E-04   0.940231E+08   0.940231E+08   0.124978E+09   0.124974E+09   0.940277E+08   0.940232E+08   0.940231E+08   0.940565E+08  -0.212462E+00   0.181962E+08   0.181962E+08   0.322704E+02   0.169255E+02  -0.107814E+01  -0.679063E+14
   0.295888E-04   0.944950E+08   0.944950E+08   0.125524E+09   0.125520E+09   0.944995E+08   0.944951E+08   0.944950E+08   0.945286E+08  -0.213527E+00   0.181632E+08   0.181632E+08   0.355117E+02   0.138268E+02  -0.105841E+01  -0.613877E+14
   0.326714E-04   0.950457E+08   0.950457E+08   0.126158E+09   0.126153E+09   0.950501E+08   0.950457E+08   0.950457E+08   0.950794E+08  -0.214769E+00   0.181224E+08   0.181224E+08   0.390473E+02   0.112851E+02  -0.103481E+01  -0.554706E+14
   0.360752E-04   0.956806E+08   0.956806E+08   0.126884E+09   0.126878E+09   0.956849E+08   0.956806E+08   0.956806E+08   0.957145E+08  -0.216202E+00   0.180717E+08   0.180717E+08   0.428928E+02   0.920033E+01  -0.100676E+01  -0.500963E+14
   0.398336E-04   0.964019E+08   0.964019E+08   0.127702E+09   0.127694E+09   0.964061E+08   0.964019E+08   0.964019E+08   0.964360E+08  -0.217830E+00   0.180088E+08   0.180088E+08   0.470605E+02   0.749054E+01  -0.973708E+00  -0.452117E+14
   0.439836E-04   0.972075E+08   0.972075E+08   0.128603E+09   0.128594E+09   0.972115E+08   0.972075E+08   0.972075E+08   0.972419E+08  -0.219648E+00   0.179305E+08   0.179305E+08   0.515581E+02   0.608855E+01  -0.935435E+00  -0.407679E+14
   0.485659E-04   0.980989E+08   0.980989E+08   0.129586E+09   0.129574E+09   0.981028E+08   0.980989E+08   0.980989E+08   0.981336E+08  -0.221660E+00   0.178330E+08   0.178330E+08   0.563869E+02   0.493938E+01  -0.893122E+00  -0.367206E+14
   0.536256E-04   0.991110E+08   0.991110E+08   0.130692E+09   0.130678E+09   0.991146E+08   0.991110E+08   0.991110E+08   0.991459E+08  -0.223944E+00   0.177111E+08   0.177111E+08   0.615403E+02   0.399804E+01  -0.851216E+00  -0.330285E+14
   0.592125E-04   0.100360E+09   0.100360E+09   0.132072E+09   0.132055E+09   0.100364E+09   0.100360E+09   0.100360E+09   0.100396E+09  -0.226763E+00   0.175570E+08   0.175570E+08   0.670026E+02   0.322785E+01  -0.817918E+00  -0.296520E+14
   0.653814E-04   0.102059E+09   0.102059E+09   0.134003E+09   0.133983E+09   0.102062E+09   0.102059E+09   0.102059E+09   0.102094E+09  -0.230595E+00   0.173592E+08   0.173592E+08   0.727496E+02   0.259894E+01  -0.800955E+00  -0.265516E+14
   0.721930E-04   0.104418E+09   0.104418E+09   0.136767E+09   0.136742E+09   0.104421E+09   0.104418E+09   0.104418E+09   0.104455E+09  -0.235921E+00   0.171010E+08   0.171010E+08   0.787513E+02   0.208697E+01  -0.800093E+00  -0.236888E+14
   0.797142E-04   0.107467E+09   0.107467E+09   0.140395E+09   0.140366E+09   0.107470E+09   0.107467E+09   0.107467E+09   0.107505E+09  -0.242802E+00   0.167625E+08   0.167625E+08   0.849783E+02   0.167190E+01  -0.804062E+00  -0.210291E+14
   0.880190E-04   0.110899E+09   0.110899E+09   0.144478E+09   0.144442E+09   0.110900E+09   0.110899E+09   0.110899E+09   0.110937E+09  -0.250545E+00   0.163250E+08   0.163250E+08   0.914090E+02   0.133692E+01  -0.796613E+00  -0.185478E+14
   0.971891E-04   0.114088E+09   0.114088E+09   0.148180E+09   0.148138E+09   0.114089E+09   0.114088E+09   0.114088E+09   0.114127E+09  -0.257739E+00   0.157770E+08   0.157770E+08   0.980378E+02   0.106767E+01  -0.766252E+00  -0.162339E+14
   0.107314E-03   0.116275E+09   0.116275E+09   0.150488E+09   0.150436E+09   0.116275E+09   0.116275E+09   0.116275E+09   0.116316E+09  -0.262672E+00   0.151189E+08   0.151189E+08   0.104880E+03   0.851900E+00  -0.710966E+00  -0.140889E+14
   0.118495E-03   0.116810E+09   0.116810E+09   0.150527E+09   0.150465E+09   0.116809E+09   0.116810E+09   0.116810E+09   0.116850E+09  -0.263871E+00   0.143642E+08   0.143642E+08   0.111971E+03   0.679174E+00  -0.636216E+00  -0.121227E+14
   0.130840E-03   0.115324E+09   0.115323E+09   0.147802E+09   0.147728E+09   0.115321E+09   0.115323E+09   0.115324E+09   0.115363E+09  -0.260506E+00   0.135371E+08   0.135371E+08   0.119365E+03   0.540818E+00  -0.550376E+00  -0.103467E+14
   0.144471E-03   0.111786E+09   0.111786E+09   0.142263E+09   0.142175E+09   0.111781E+09   0.111786E+09   0.111786E+09   0.111824E+09  -0.252509E+00   0.126676E+08   0.126675E+08   0.127127E+03   0.429766E+00  -0.461262E+00  -0.876855E+13
   0.159522E-03   0.106452E+09   0.106452E+09   0.134241E+09   0.134136E+09   0.106445E+09   0.106452E+09   0.106452E+09   0.106488E+09  -0.240456E+00   0.117865E+08   0.117864E+08   0.135323E+03   0.340376E+00  -0.374645E+00  -0.738889E+13
   0.176142E-03   0.997541E+08   0.997539E+08   0.124298E+09   0.124174E+09   0.997447E+08   0.997540E+08   0.997540E+08   0.997872E+08  -0.225323E+00   0.109218E+08   0.109217E+08   0.144011E+03   0.268215E+00  -0.294095E+00  -0.620079E+13
   0.194493E-03   0.921901E+08   0.921899E+08   0.113085E+09   0.112938E+09   0.921776E+08   0.921900E+08   0.921901E+08   0.922202E+08  -0.208235E+00   0.100957E+08   0.100956E+08   0.153231E+03   0.209821E+00  -0.221417E+00  -0.519096E+13
   0.214755E-03   0.842343E+08   0.842340E+08   0.101220E+09   0.101048E+09   0.842179E+08   0.842342E+08   0.842342E+08   0.842612E+08  -0.190263E+00   0.932399E+07   0.932388E+07   0.163000E+03   0.162501E+00  -0.157185E+00  -0.434183E+13
   0.237129E-03   0.762850E+08   0.762846E+08   0.892215E+08   0.890207E+08   0.762639E+08   0.762848E+08   0.762849E+08   0.763087E+08  -0.172305E+00   0.861632E+07   0.861619E+07   0.173299E+03   0.124149E+00  -0.101206E+00  -0.363372E+13
   0.261834E-03   0.686433E+08   0.686428E+08   0.774829E+08   0.772510E+08   0.686167E+08   0.686431E+08   0.686432E+08   0.686637E+08  -0.155043E+00   0.797705E+07   0.797690E+07   0.184066E+03   0.931134E-01  -0.528580E-01  -0.304671E+13
   0.289112E-03   0.615128E+08   0.615123E+08   0.662749E+08   0.660099E+08   0.614796E+08   0.615126E+08   0.615128E+08   0.615303E+08  -0.138935E+00   0.740653E+07   0.740636E+07   0.195190E+03   0.680867E-01  -0.113189E-01  -0.256190E+13
   0.319233E-03   0.550131E+08   0.550125E+08   0.557664E+08   0.554678E+08   0.549720E+08   0.550128E+08   0.550130E+08   0.550277E+08  -0.124252E+00   0.690230E+07   0.690210E+07   0.206500E+03   0.480303E-01   0.242940E-01  -0.216222E+13
   0.352491E-03   0.491970E+08   0.491962E+08   0.460532E+08   0.457222E+08   0.491463E+08   0.491966E+08   0.491969E+08   0.492089E+08  -0.111113E+00   0.646011E+07   0.645988E+07   0.217760E+03   0.321151E-01   0.548365E-01  -0.183276E+13
   0.389215E-03   0.440690E+08   0.440681E+08   0.371863E+08   0.368268E+08   0.440068E+08   0.440686E+08   0.440689E+08   0.440785E+08  -0.995273E-01   0.607477E+07   0.607450E+07   0.228660E+03   0.196774E-01   0.810905E-01  -0.156082E+13
   0.429764E-03   0.396012E+08   0.396001E+08   0.291970E+08   0.288163E+08   0.395252E+08   0.396007E+08   0.396011E+08   0.396085E+08  -0.894330E-01   0.574070E+07   0.574039E+07   0.238820E+03   0.101840E-01   0.103741E+00  -0.133582E+13
   0.474538E-03   0.357460E+08   0.357447E+08   0.221154E+08   0.217244E+08   0.356532E+08   0.357453E+08   0.357457E+08   0.357512E+08  -0.807220E-01   0.545232E+07   0.545197E+07   0.247789E+03   0.320237E-02   0.123370E+00  -0.114900E+13
   0.523976E-03   0.324451E+08   0.324436E+08   0.159796E+08   0.155924E+08   0.323322E+08   0.324443E+08   0.324449E+08   0.324486E+08  -0.732633E-01   0.520431E+07   0.520391E+07   0.255070E+03  -0.162818E-02   0.140455E+00  -0.993258E+12
   0.578566E-03   0.296369E+08   0.296351E+08   0.108327E+08   0.104653E+08   0.294997E+08   0.296359E+08   0.296366E+08   0.296388E+08  -0.669172E-01   0.499169E+07   0.499123E+07   0.260150E+03  -0.462521E-02   0.155384E+00  -0.862788E+12
   0.638842E-03   0.272600E+08   0.272579E+08   0.670831E+07   0.637504E+07   0.270935E+08   0.272588E+08   0.272596E+08   0.272606E+08  -0.615456E-01   0.480986E+07   0.480936E+07   0.262554E+03  -0.609354E-02   0.168464E+00  -0.752917E+12
   0.705398E-03   0.252563E+08   0.252540E+08   0.360264E+07   0.331147E+07   0.250547E+08   0.252550E+08   0.252559E+08   0.252559E+08  -0.570175E-01   0.465466E+07   0.465410E+07   0.261903E+03  -0.635380E-02   0.179936E+00  -0.659874E+12
   0.778888E-03   0.235726E+08   0.235699E+08   0.144475E+07   0.119125E+07   0.233289E+08   0.235710E+08   0.235722E+08   0.235714E+08  -0.532124E-01   0.452232E+07   0.452172E+07   0.257987E+03  -0.576133E-02   0.189993E+00  -0.580621E+12
   0.860035E-03   0.221608E+08   0.221578E+08   0.797189E+05  -0.157660E+06   0.218667E+08   0.221589E+08   0.221603E+08   0.221589E+08  -0.500220E-01   0.440945E+07   0.440881E+07   0.250801E+03  -0.470212E-02   0.198791E+00  -0.512713E+12
   0.949635E-03   0.209785E+08   0.209752E+08  -0.712192E+06  -0.972193E+06   0.206244E+08   0.209763E+08   0.209779E+08   0.209760E+08  -0.473503E-01   0.431304E+07   0.431235E+07   0.240551E+03  -0.355156E-02   0.206459E+00  -0.454183E+12
   0.104857E-02   0.199885E+08   0.199849E+08  -0.114911E+07  -0.148030E+07   0.195633E+08   0.199859E+08   0.199879E+08   0.199855E+08  -0.451133E-01   0.423037E+07   0.422966E+07   0.227605E+03  -0.259422E-02   0.213113E+00  -0.403445E+12
   0.115781E-02   0.191586E+08   0.191549E+08  -0.136018E+07  -0.180678E+07   0.186496E+08   0.191556E+08   0.191580E+08   0.191552E+08  -0.432382E-01   0.415908E+07   0.415834E+07   0.212419E+03  -0.193644E-02   0.218857E+00  -0.359221E+12
   0.127844E-02   0.184614E+08   0.184574E+08  -0.135275E+07  -0.194052E+07   0.178542E+08   0.184578E+08   0.184607E+08   0.184574E+08  -0.416624E-01   0.409705E+07   0.409630E+07   0.195503E+03  -0.148416E-02   0.223789E+00  -0.320476E+12
   0.141163E-02   0.178730E+08   0.178689E+08  -0.110397E+07  -0.183542E+07   0.171528E+08   0.178689E+08   0.178723E+08   0.178685E+08  -0.403326E-01   0.404245E+07   0.404170E+07   0.177469E+03  -0.105516E-02   0.228001E+00  -0.286369E+12
   0.155869E-02   0.173735E+08   0.173693E+08  -0.713447E+06   0.437104E+06   0.165240E+08   0.173687E+08   0.173728E+08   0.173686E+08  -0.392040E-01   0.399364E+07   0.399290E+07   0.159097E+03  -0.455328E-03   0.231579E+00  -0.256219E+12
   0.172108E-02   0.169456E+08   0.169415E+08  -0.393932E+06   0.349683E+06   0.159502E+08   0.169402E+08   0.169449E+08   0.169402E+08  -0.382368E-01   0.394921E+07   0.394848E+07   0.141292E+03  -0.178446E-03   0.234603E+00  -0.229462E+12
   0.190039E-02   0.165751E+08   0.165709E+08  -0.235854E+06   0.280537E+06   0.154166E+08   0.165689E+08   0.165744E+08   0.165689E+08  -0.373986E-01   0.390791E+07   0.390719E+07   0.124873E+03  -0.391257E-04   0.237147E+00  -0.205638E+12
   0.209838E-02   0.162495E+08   0.162453E+08  -0.142597E+06   0.225575E+06   0.149116E+08   0.162425E+08   0.162488E+08   0.162425E+08  -0.366617E-01   0.386862E+07   0.386792E+07   0.110399E+03   0.158908E-04   0.239280E+00  -0.184364E+12
   0.231699E-02   0.159584E+08   0.159542E+08  -0.111848E+06   0.181702E+06   0.144256E+08   0.159505E+08   0.159577E+08   0.159505E+08  -0.360026E-01   0.383035E+07   0.382966E+07   0.981597E+02   0.483205E-04   0.241059E+00  -0.165317E+12
   0.255838E-02   0.156930E+08   0.156887E+08  -0.174574E+06   0.146553E+06   0.139510E+08   0.156841E+08   0.156923E+08   0.156840E+08  -0.354012E-01   0.379225E+07   0.379157E+07   0.880755E+02   0.264504E-04   0.242539E+00  -0.148229E+12
   0.282492E-02   0.154457E+08   0.154413E+08  -0.174961E+06   0.118308E+06   0.134818E+08   0.154357E+08   0.154450E+08   0.154357E+08  -0.348405E-01   0.375353E+07   0.375285E+07   0.796314E+02  -0.760056E-05   0.243767E+00  -0.132873E+12
   0.311923E-02   0.152102E+08   0.152055E+08  -0.129664E+06   0.955554E+05   0.130125E+08   0.151990E+08   0.152094E+08   0.151990E+08  -0.343062E-01   0.371352E+07   0.371284E+07   0.721610E+02  -0.123844E-04   0.244783E+00  -0.119053E+12
   0.344419E-02   0.149809E+08   0.149759E+08  -0.625193E+05   0.771924E+05   0.125382E+08   0.149685E+08   0.149800E+08   0.149685E+08  -0.337859E-01   0.367161E+07   0.367093E+07   0.651313E+02  -0.438806E-05   0.245621E+00  -0.106603E+12
   0.380302E-02   0.147531E+08   0.147478E+08  -0.405639E+05   0.623502E+05   0.120547E+08   0.147394E+08   0.147522E+08   0.147394E+08  -0.332690E-01   0.362724E+07   0.362657E+07   0.584180E+02   0.111527E-04   0.246311E+00  -0.953785E+11
   0.419923E-02   0.145228E+08   0.145173E+08  -0.527706E+05   0.503410E+05   0.115586E+08   0.145079E+08   0.145219E+08   0.145079E+08  -0.327463E-01   0.357992E+07   0.357926E+07   0.522615E+02   0.106371E-04   0.246878E+00  -0.852523E+11
   0.463671E-02   0.142865E+08   0.142806E+08  -0.652568E+05   0.406175E+05   0.110473E+08   0.142702E+08   0.142855E+08   0.142702E+08  -0.322098E-01   0.352917E+07   0.352852E+07   0.469058E+02   0.146698E-05   0.247342E+00  -0.761141E+11
   0.511978E-02   0.140411E+08   0.140346E+08  -0.366424E+05   0.327419E+05   0.105208E+08   0.140234E+08   0.140400E+08   0.140234E+08  -0.316528E-01   0.347459E+07   0.347394E+07   0.422609E+02   0.220802E-05   0.247722E+00  -0.678664E+11
   0.565317E-02   0.137843E+08   0.137772E+08  -0.106141E+05   0.263634E+05   0.995399E+07   0.137650E+08   0.137831E+08   0.137650E+08  -0.310698E-01   0.341586E+07   0.341521E+07   0.380349E+02   0.101343E-04   0.248030E+00  -0.604241E+11
   0.624213E-02   0.135128E+08   0.135050E+08  -0.395566E+04   0.211970E+05   0.937928E+07   0.134919E+08   0.135115E+08   0.134919E+08  -0.304539E-01   0.335242E+07   0.335178E+07   0.341348E+02   0.159137E-04   0.248280E+00  -0.537066E+11
   0.689245E-02   0.132248E+08   0.132161E+08   0.230396E+05   0.170150E+05   0.878369E+07   0.132024E+08   0.132234E+08   0.132024E+08  -0.298013E-01   0.328400E+07   0.328336E+07   0.306878E+02   0.283664E-04   0.248482E+00  -0.476465E+11
   0.761052E-02   0.129184E+08   0.129086E+08   0.182753E+05   0.136321E+05   0.817576E+07   0.128943E+08   0.129168E+08   0.128943E+08  -0.291093E-01   0.321028E+07   0.320965E+07   0.276496E+02   0.629384E-04   0.248644E+00  -0.421822E+11
   0.840340E-02   0.125918E+08   0.125807E+08  -0.103301E+04   0.108981E+05   0.756394E+07   0.125661E+08   0.125899E+08   0.125661E+08  -0.283784E-01   0.313093E+07   0.313030E+07   0.248993E+02   0.152295E-03   0.248774E+00  -0.372580E+11
   0.927889E-02   0.122433E+08   0.122307E+08   0.123008E+05   0.869097E+04   0.694800E+07   0.122161E+08   0.122412E+08   0.122161E+08  -0.276231E-01   0.304568E+07   0.304506E+07   0.224572E+02   0.414038E-03   0.248877E+00  -0.328239E+11
   0.102456E-01   0.118716E+08   0.118573E+08   0.121030E+04   0.691169E+04   0.632765E+07   0.118429E+08   0.118692E+08   0.118429E+08  -0.269173E-01   0.295426E+07   0.295364E+07   0.202862E+02   0.126982E-02   0.248960E+00  -0.288345E+11
   0.113130E-01   0.114752E+08   0.114589E+08   0.492612E+04   0.547947E+04   0.570964E+07   0.114452E+08   0.114725E+08   0.114452E+08  -0.266258E-01   0.285638E+07   0.285576E+07   0.183532E+02   0.443284E-02   0.249027E+00  -0.252487E+11
   0.124916E-01   0.110528E+08   0.110341E+08   0.108021E+04   0.432862E+04   0.510172E+07   0.110215E+08   0.110497E+08   0.110215E+08  -0.286104E-01   0.275179E+07   0.275117E+07   0.166376E+02   0.171250E-01   0.249093E+00  -0.220291E+11
   0.137930E-01   0.106031E+08   0.105817E+08   0.411149E+04   0.340567E+04   0.450944E+07   0.105707E+08   0.105995E+08   0.105707E+08  -0.398014E-01   0.264028E+07   0.263965E+07   0.151118E+02   0.599683E-01   0.249194E+00  -0.191420E+11
   0.152300E-01   0.101258E+08   0.101013E+08  -0.383974E+04   0.266742E+04   0.393624E+07   0.100924E+08   0.101217E+08   0.100924E+08  -0.587502E-01   0.252175E+07   0.252112E+07   0.137510E+02   0.110964E+00   0.249302E+00  -0.165577E+11
   0.168167E-01   0.963329E+07   0.960542E+07   0.778297E+03   0.208122E+04   0.339692E+07   0.959912E+07   0.962861E+07   0.959912E+07  -0.637815E-01   0.239913E+07   0.239849E+07   0.125408E+02   0.106559E+00   0.249322E+00  -0.142662E+11
   0.185687E-01   0.910562E+07   0.907409E+07   0.138872E+04   0.161336E+04   0.288758E+07   0.907093E+07   0.910033E+07   0.907093E+07  -0.613210E-01   0.226761E+07   0.226697E+07   0.114371E+02   0.847697E-01   0.249307E+00  -0.122119E+11
   0.205033E-01   0.855369E+07   0.851833E+07  -0.291675E+04   0.124292E+04   0.241763E+07   0.851874E+07   0.854775E+07   0.851874E+07  -0.576772E-01   0.212998E+07   0.212934E+07   0.104233E+02   0.654493E-01   0.249288E+00  -0.103884E+11
   0.226393E-01   0.797295E+07   0.793375E+07  -0.904381E+03   0.950103E+03   0.198914E+07   0.793808E+07   0.796637E+07   0.793808E+07  -0.537514E-01   0.198514E+07   0.198450E+07   0.946845E+01   0.500318E-01   0.249271E+00  -0.876839E+10
   0.249980E-01   0.738408E+07   0.734129E+07  -0.592510E+03   0.721610E+03   0.161006E+07   0.734961E+07   0.737690E+07   0.734961E+07  -0.497669E-01   0.183826E+07   0.183762E+07   0.855657E+01   0.379951E-01   0.249254E+00  -0.735348E+10
   0.276023E-01   0.679398E+07   0.674817E+07  -0.671894E+03   0.544477E+03   0.128112E+07   0.676024E+07   0.678629E+07   0.676024E+07  -0.457761E-01   0.169108E+07   0.169045E+07   0.766418E+01   0.286650E-01   0.249239E+00  -0.612644E+10
   0.304780E-01   0.620517E+07   0.615731E+07  -0.551387E+03   0.407808E+03   0.100092E+07   0.617254E+07   0.619713E+07   0.617254E+07  -0.417966E-01   0.154426E+07   0.154364E+07   0.676754E+01   0.214674E-01   0.249224E+00  -0.506664E+10
   0.336533E-01   0.563354E+07   0.558507E+07  -0.222989E+03   0.303624E+03   0.768629E+06   0.560241E+07   0.562540E+07   0.560241E+07  -0.379360E-01   0.140177E+07   0.140118E+07   0.585695E+01   0.159813E-01   0.249211E+00  -0.416520E+10
   0.371593E-01   0.509966E+07   0.505246E+07  -0.209803E+02   0.225407E+03   0.581897E+06   0.507039E+07   0.509173E+07   0.507039E+07  -0.343335E-01   0.126877E+07   0.126822E+07   0.493506E+01   0.118632E-01   0.249199E+00  -0.341428E+10
   0.410307E-01   0.461659E+07   0.457279E+07  -0.108054E+03   0.167359E+03   0.435588E+06   0.458948E+07   0.460923E+07   0.458948E+07  -0.310771E-01   0.114852E+07   0.114802E+07   0.401627E+01   0.880727E-02   0.249188E+00  -0.279907E+10
   0.451338E-01   0.421330E+07   0.417475E+07   0.126238E+03   0.126238E+03   0.327843E+06   0.418847E+07   0.420683E+07   0.418847E+07  -0.283617E-01   0.104817E+07   0.104773E+07   0.322463E+01   0.664345E-02   0.249165E+00  -0.232228E+10
   0.492368E-01   0.389437E+07   0.386193E+07   0.980589E+02   0.980589E+02   0.252423E+06   0.387171E+07   0.388892E+07   0.387171E+07  -0.262168E-01   0.968938E+06   0.968568E+06   0.250417E+01   0.516013E-02   0.249157E+00  -0.196786E+10
   0.533399E-01   0.363734E+07   0.361101E+07   0.780530E+02   0.780530E+02   0.198660E+06   0.361667E+07   0.363292E+07   0.361667E+07  -0.244898E-01   0.905137E+06   0.904828E+06   0.193024E+01   0.410712E-02   0.249151E+00  -0.169689E+10
   0.574430E-01   0.342094E+07   0.339996E+07   0.633084E+02   0.633084E+02   0.159589E+06   0.340199E+07   0.341741E+07   0.340199E+07  -0.230362E-01   0.851428E+06   0.851170E+06   0.149909E+01   0.333109E-02   0.249146E+00  -0.148219E+10
   0.615460E-01   0.322850E+07   0.321163E+07   0.520544E+02   0.520544E+02   0.130694E+06   0.321102E+07   0.322567E+07   0.321102E+07  -0.217430E-01   0.803645E+06   0.803424E+06   0.119753E+01   0.273882E-02   0.249142E+00  -0.130575E+10
   0.656491E-01   0.304722E+07   0.303295E+07   0.431859E+02   0.431859E+02   0.108918E+06   0.303093E+07   0.304482E+07   0.303093E+07  -0.205235E-01   0.758580E+06   0.758382E+06   0.100447E+01   0.227212E-02   0.249138E+00  -0.115550E+10
   0.697522E-01   0.286797E+07   0.285486E+07   0.360050E+02   0.360050E+02   0.921570E+05   0.285264E+07   0.286577E+07   0.285264E+07  -0.193163E-01   0.713966E+06   0.713779E+06   0.893840E+00   0.189425E-02   0.249135E+00  -0.102357E+10
   0.738552E-01   0.269227E+07   0.267910E+07   0.301465E+02   0.301465E+02   0.791488E+05   0.267770E+07   0.269006E+07   0.267770E+07  -0.181317E-01   0.670187E+06   0.670001E+06   0.839675E+00   0.158599E-02   0.249132E+00  -0.907425E+09
   0.779583E-01   0.251442E+07   0.250040E+07   0.252665E+02   0.252665E+02   0.686927E+05   0.250051E+07   0.251207E+07   0.250051E+07  -0.169319E-01   0.625845E+06   0.625654E+06   0.815091E+00   0.132923E-02   0.249130E+00  -0.802783E+09
   0.820614E-01   0.234311E+07   0.232789E+07   0.212461E+02   0.212461E+02   0.602771E+05   0.232977E+07   0.234056E+07   0.232977E+07  -0.157757E-01   0.583116E+06   0.582919E+06   0.800410E+00   0.111771E-02   0.249128E+00  -0.710571E+09
   0.861644E-01   0.218304E+07   0.216672E+07   0.179514E+02   0.179514E+02   0.534444E+05   0.217024E+07   0.218030E+07   0.217024E+07  -0.146955E-01   0.543191E+06   0.542989E+06   0.780704E+00   0.944372E-03   0.249127E+00  -0.630396E+09
   0.912856E-01   0.200502E+07   0.198794E+07   0.146869E+02   0.146869E+02   0.466649E+05   0.199290E+07   0.200215E+07   0.199290E+07  -0.134946E-01   0.498808E+06   0.498607E+06   0.736569E+00   0.772631E-03   0.249125E+00  -0.546409E+09
   0.964067E-01   0.185653E+07   0.183970E+07   0.121917E+02   0.121917E+02   0.414502E+05   0.184513E+07   0.185370E+07   0.184513E+07  -0.124940E-01   0.461824E+06   0.461631E+06   0.667670E+00   0.641362E-03   0.249124E+00  -0.479021E+09
   0.101528E+00   0.173939E+07   0.172383E+07   0.102994E+02   0.102994E+02   0.374759E+05   0.172874E+07   0.173678E+07   0.172874E+07  -0.117059E-01   0.432693E+06   0.432516E+06   0.580579E+00   0.541817E-03   0.249122E+00  -0.426168E+09
   0.106649E+00   0.164936E+07   0.163578E+07   0.885195E+01   0.885195E+01   0.343989E+05   0.163945E+07   0.164708E+07   0.163945E+07  -0.111013E-01   0.410342E+06   0.410186E+06   0.487241E+00   0.465672E-03   0.249121E+00  -0.384749E+09
   0.111770E+00   0.157759E+07   0.156624E+07   0.771000E+01   0.771000E+01   0.318510E+05   0.156837E+07   0.157568E+07   0.156837E+07  -0.106200E-01   0.392551E+06   0.392417E+06   0.400195E+00   0.405600E-03   0.249120E+00  -0.351205E+09
   0.116891E+00   0.151452E+07   0.150520E+07   0.676860E+01   0.676860E+01   0.295134E+05   0.150593E+07   0.151295E+07   0.150593E+07  -0.101972E-01   0.376921E+06   0.376805E+06   0.329116E+00   0.356079E-03   0.249120E+00  -0.322449E+09
   0.122012E+00   0.145270E+07   0.144487E+07   0.595954E+01   0.595954E+01   0.271674E+05   0.144465E+07   0.145139E+07   0.144465E+07  -0.978224E-02   0.361580E+06   0.361478E+06   0.278878E+00   0.313520E-03   0.249119E+00  -0.296344E+09
   0.127134E+00   0.138776E+07   0.138070E+07   0.524398E+01   0.524398E+01   0.247178E+05   0.138013E+07   0.138658E+07   0.138013E+07  -0.934538E-02   0.345434E+06   0.345338E+06   0.249224E+00   0.275879E-03   0.249118E+00  -0.271707E+09
   0.132255E+00   0.131849E+07   0.131154E+07   0.460370E+01   0.460370E+01   0.221814E+05   0.131119E+07   0.131732E+07   0.131119E+07  -0.887857E-02   0.328180E+06   0.328087E+06   0.235805E+00   0.242197E-03   0.249118E+00  -0.248140E+09
   0.137376E+00   0.124629E+07   0.123897E+07   0.403281E+01   0.403281E+01   0.196514E+05   0.123926E+07   0.124506E+07   0.123926E+07  -0.839150E-02   0.310179E+06   0.310083E+06   0.232041E+00   0.212165E-03   0.249117E+00  -0.225785E+09
   0.142497E+00   0.117426E+07   0.116639E+07   0.353102E+01   0.353102E+01   0.172488E+05   0.116747E+07   0.117294E+07   0.116747E+07  -0.790535E-02   0.292212E+06   0.292113E+06   0.231146E+00   0.185767E-03   0.249117E+00  -0.205061E+09
   0.147618E+00   0.110635E+07   0.109801E+07   0.309956E+01   0.309956E+01   0.150795E+05   0.109979E+07   0.110495E+07   0.109979E+07  -0.744707E-02   0.275275E+06   0.275174E+06   0.227781E+00   0.163068E-03   0.249116E+00  -0.186473E+09
   0.152739E+00   0.104630E+07   0.103777E+07   0.273777E+01   0.273777E+01   0.132073E+05   0.103998E+07   0.104487E+07   0.103998E+07  -0.704211E-02   0.260307E+06   0.260207E+06   0.218973E+00   0.144034E-03   0.249116E+00  -0.170421E+09
   0.157860E+00   0.996178E+06   0.987843E+06   0.244015E+01   0.244015E+01   0.116377E+05   0.990126E+06   0.994779E+06   0.990126E+06  -0.670451E-02   0.247829E+06   0.247732E+06   0.204217E+00   0.128376E-03   0.249115E+00  -0.156988E+09
   0.162982E+00   0.955623E+06   0.947823E+06   0.219610E+01   0.219610E+01   0.103283E+05   0.949846E+06   0.954313E+06   0.949846E+06  -0.643175E-02   0.237747E+06   0.237657E+06   0.184971E+00   0.115536E-03   0.249115E+00  -0.145870E+09
   0.168103E+00   0.922533E+06   0.915496E+06   0.199303E+01   0.199303E+01   0.921490E+04   0.917035E+06   0.921351E+06   0.917035E+06  -0.620958E-02   0.229534E+06   0.229452E+06   0.163841E+00   0.104852E-03   0.249115E+00  -0.136541E+09
   0.173224E+00   0.894265E+06   0.888058E+06   0.181963E+01   0.181963E+01   0.823735E+04   0.889035E+06   0.893223E+06   0.889035E+06  -0.601998E-02   0.222526E+06   0.222451E+06   0.143676E+00   0.957298E-04   0.249114E+00  -0.128459E+09
   0.178345E+00   0.868134E+06   0.862666E+06   0.166664E+01   0.166664E+01   0.734885E+04   0.863147E+06   0.867216E+06   0.863147E+06  -0.584468E-02   0.216046E+06   0.215978E+06   0.126755E+00   0.876815E-04   0.249114E+00  -0.121137E+09
   0.183466E+00   0.841650E+06   0.836717E+06   0.152697E+01   0.152697E+01   0.651790E+04   0.836873E+06   0.840821E+06   0.836873E+06  -0.566677E-02   0.209469E+06   0.209407E+06   0.114293E+00   0.803330E-04   0.249114E+00  -0.114172E+09
   0.188587E+00   0.813201E+06   0.808554E+06   0.139635E+01   0.139635E+01   0.573142E+04   0.808603E+06   0.812421E+06   0.808603E+06  -0.547535E-02   0.202394E+06   0.202334E+06   0.106346E+00   0.734613E-04   0.249113E+00  -0.107320E+09
   0.193708E+00   0.782628E+06   0.778035E+06   0.127370E+01   0.127370E+01   0.499197E+04   0.778180E+06   0.781856E+06   0.778180E+06  -0.526934E-02   0.194780E+06   0.194720E+06   0.102040E+00   0.670088E-04   0.249113E+00  -0.100552E+09
   0.198830E+00   0.750929E+06   0.746233E+06   0.115989E+01   0.115989E+01   0.431067E+04   0.746611E+06   0.750141E+06   0.746611E+06  -0.505558E-02   0.186879E+06   0.186819E+06   0.999551E-01   0.610214E-04   0.249113E+00  -0.939879E+08
   0.203951E+00   0.719497E+06   0.714638E+06   0.105614E+01   0.105614E+01   0.369835E+04   0.715297E+06   0.718681E+06   0.715297E+06  -0.484354E-02   0.179042E+06   0.178982E+06   0.985520E-01   0.555630E-04   0.249113E+00  -0.877851E+08
   0.209072E+00   0.689684E+06   0.684696E+06   0.963316E+00   0.963316E+00   0.316330E+04   0.685602E+06   0.688847E+06   0.685602E+06  -0.464246E-02   0.171610E+06   0.171549E+06   0.965611E-01   0.506792E-04   0.249112E+00  -0.820798E+08
   0.214193E+00   0.662647E+06   0.657631E+06   0.881773E+00   0.881773E+00   0.271095E+04   0.658686E+06   0.661805E+06   0.658686E+06  -0.446020E-02   0.164873E+06   0.164813E+06   0.932363E-01   0.463890E-04   0.249112E+00  -0.769722E+08
   0.219314E+00   0.639084E+06   0.634172E+06   0.811151E+00   0.811151E+00   0.234312E+04   0.635250E+06   0.638260E+06   0.635250E+06  -0.430151E-02   0.159007E+06   0.158949E+06   0.884218E-01   0.426734E-04   0.249112E+00  -0.725003E+08
   0.224435E+00   0.618990E+06   0.614304E+06   0.750216E+00   0.750216E+00   0.205766E+04   0.615287E+06   0.618203E+06   0.615287E+06  -0.416634E-02   0.154010E+06   0.153955E+06   0.824521E-01   0.394674E-04   0.249112E+00  -0.686197E+08
   0.229556E+00   0.601724E+06   0.597346E+06   0.697148E+00   0.697148E+00   0.184817E+04   0.598154E+06   0.600989E+06   0.598154E+06  -0.405032E-02   0.149722E+06   0.149669E+06   0.759608E-01   0.366752E-04   0.249112E+00  -0.652207E+08
   0.234678E+00   0.586312E+06   0.582265E+06   0.650009E+00   0.650009E+00   0.170514E+04   0.582869E+06   0.585633E+06   0.582869E+06  -0.394682E-02   0.145896E+06   0.145847E+06   0.696606E-01   0.341950E-04   0.249111E+00  -0.621673E+08
   0.239799E+00   0.571716E+06   0.567971E+06   0.607080E+00   0.607080E+00   0.161585E+04   0.568392E+06   0.571087E+06   0.568392E+06  -0.384879E-02   0.142272E+06   0.142225E+06   0.641467E-01   0.319364E-04   0.249111E+00  -0.593285E+08
   0.244920E+00   0.557056E+06   0.553542E+06   0.567059E+00   0.567059E+00   0.156589E+04   0.553840E+06   0.556466E+06   0.553840E+06  -0.375025E-02   0.138629E+06   0.138585E+06   0.597674E-01   0.298308E-04   0.249111E+00  -0.566008E+08
   0.250041E+00   0.541818E+06   0.538448E+06   0.529194E+00   0.529194E+00   0.154087E+04   0.538698E+06   0.541252E+06   0.538698E+06  -0.364772E-02   0.134839E+06   0.134796E+06   0.565841E-01   0.278387E-04   0.249111E+00  -0.539257E+08
   0.255162E+00   0.525945E+06   0.522637E+06   0.493272E+00   0.493272E+00   0.152866E+04   0.522911E+06   0.525390E+06   0.522911E+06  -0.354082E-02   0.130887E+06   0.130845E+06   0.544090E-01   0.259490E-04   0.249111E+00  -0.512947E+08
   0.260283E+00   0.509731E+06   0.506425E+06   0.459423E+00   0.459423E+00   0.152070E+04   0.506773E+06   0.509176E+06   0.506773E+06  -0.343155E-02   0.126848E+06   0.126807E+06   0.528944E-01   0.241683E-04   0.249111E+00  -0.487336E+08
   0.265404E+00   0.493639E+06   0.490311E+06   0.427896E+00   0.427896E+00   0.151184E+04   0.490754E+06   0.493080E+06   0.490754E+06  -0.332307E-02   0.122838E+06   0.122797E+06   0.516431E-01   0.225099E-04   0.249111E+00  -0.462825E+08
   0.270526E+00   0.478174E+06   0.474831E+06   0.398930E+00   0.398930E+00   0.149981E+04   0.475359E+06   0.477613E+06   0.475359E+06  -0.321883E-02   0.118985E+06   0.118944E+06   0.503122E-01   0.209861E-04   0.249111E+00  -0.439820E+08
   0.275647E+00   0.463780E+06   0.460454E+06   0.372667E+00   0.372667E+00   0.148362E+04   0.461036E+06   0.463221E+06   0.461036E+06  -0.312185E-02   0.115400E+06   0.115360E+06   0.486830E-01   0.196046E-04   0.249111E+00  -0.418642E+08
   0.280768E+00   0.450721E+06   0.447456E+06   0.349078E+00   0.349078E+00   0.146251E+04   0.448049E+06   0.450173E+06   0.448049E+06  -0.303391E-02   0.112149E+06   0.112110E+06   0.466859E-01   0.183637E-04   0.249110E+00  -0.399428E+08
   0.285889E+00   0.439008E+06   0.435846E+06   0.327936E+00   0.327936E+00   0.143504E+04   0.436409E+06   0.438477E+06   0.436409E+06  -0.295508E-02   0.109235E+06   0.109197E+06   0.443853E-01   0.172516E-04   0.249110E+00  -0.382082E+08
   0.291010E+00   0.428435E+06   0.425406E+06   0.308880E+00   0.308880E+00   0.139923E+04   0.425908E+06   0.427927E+06   0.425908E+06  -0.288398E-02   0.106607E+06   0.106570E+06   0.419356E-01   0.162492E-04   0.249110E+00  -0.366326E+08
   0.296131E+00   0.418677E+06   0.415793E+06   0.291505E+00   0.291505E+00   0.135330E+04   0.416220E+06   0.418193E+06   0.416220E+06  -0.281838E-02   0.104182E+06   0.104147E+06   0.395249E-01   0.153353E-04   0.249110E+00  -0.351803E+08
   0.301252E+00   0.409381E+06   0.406632E+06   0.275432E+00   0.275432E+00   0.129615E+04   0.406990E+06   0.408919E+06   0.406990E+06  -0.275588E-02   0.101871E+06   0.101838E+06   0.373208E-01   0.144898E-04   0.249110E+00  -0.338153E+08
   0.306374E+00   0.400229E+06   0.397595E+06   0.260354E+00   0.260354E+00   0.122809E+04   0.397901E+06   0.399787E+06   0.397901E+06  -0.269433E-02   0.995962E+05   0.995637E+05   0.354318E-01   0.136966E-04   0.249110E+00  -0.325075E+08
   0.311495E+00   0.391013E+06   0.388462E+06   0.246066E+00   0.246066E+00   0.115062E+04   0.388742E+06   0.390585E+06   0.388742E+06  -0.263231E-02   0.973037E+05   0.972721E+05   0.338909E-01   0.129450E-04   0.249110E+00  -0.312371E+08
   0.316616E+00   0.381669E+06   0.379172E+06   0.232478E+00   0.232478E+00   0.106651E+04   0.379451E+06   0.381250E+06   0.379451E+06  -0.256940E-02   0.949783E+05   0.949473E+05   0.326617E-01   0.122303E-04   0.249110E+00  -0.299974E+08
   0.321737E+00   0.372274E+06   0.369807E+06   0.219591E+00   0.219591E+00   0.979063E+03   0.370105E+06   0.371860E+06   0.370105E+06  -0.250612E-02   0.926390E+05   0.926085E+05   0.316586E-01   0.115523E-04   0.249110E+00  -0.287929E+08
   0.326858E+00   0.362985E+06   0.360537E+06   0.207451E+00   0.207451E+00   0.891753E+03   0.360862E+06   0.362574E+06   0.360862E+06  -0.244353E-02   0.903256E+05   0.902955E+05   0.307751E-01   0.109137E-04   0.249110E+00  -0.276340E+08
   0.331979E+00   0.353979E+06   0.351549E+06   0.196106E+00   0.196106E+00   0.807851E+03   0.351901E+06   0.353571E+06   0.351901E+06  -0.238285E-02   0.880828E+05   0.880531E+05   0.299120E-01   0.103169E-04   0.249110E+00  -0.265321E+08
   0.337100E+00   0.345407E+06   0.343004E+06   0.185585E+00   0.185585E+00   0.730174E+03   0.343375E+06   0.345004E+06   0.343375E+06  -0.232512E-02   0.859487E+05   0.859194E+05   0.289993E-01   0.976334E-05   0.249110E+00  -0.254959E+08
   0.342222E+00   0.337367E+06   0.335004E+06   0.175879E+00   0.175879E+00   0.661176E+03   0.335379E+06   0.336970E+06   0.335379E+06  -0.227097E-02   0.839473E+05   0.839186E+05   0.280060E-01   0.925270E-05   0.249110E+00  -0.245296E+08
   0.347343E+00   0.329880E+06   0.327572E+06   0.166942E+00   0.166942E+00   0.602615E+03   0.327936E+06   0.329493E+06   0.327936E+06  -0.222058E-02   0.820844E+05   0.820564E+05   0.269395E-01   0.878252E-05   0.249110E+00  -0.236316E+08
   0.352464E+00   0.322895E+06   0.320652E+06   0.158695E+00   0.158695E+00   0.555550E+03   0.320995E+06   0.322518E+06   0.320995E+06  -0.217357E-02   0.803469E+05   0.803196E+05   0.258352E-01   0.834859E-05   0.249110E+00  -0.227953E+08
   0.357585E+00   0.316307E+06   0.314135E+06   0.151038E+00   0.151038E+00   0.520063E+03   0.314450E+06   0.315942E+06   0.314450E+06  -0.212925E-02   0.787086E+05   0.786821E+05   0.247424E-01   0.794575E-05   0.249110E+00  -0.220107E+08
   0.362706E+00   0.309995E+06   0.307891E+06   0.143876E+00   0.143876E+00   0.495278E+03   0.308179E+06   0.309642E+06   0.308179E+06  -0.208679E-02   0.771389E+05   0.771131E+05   0.237092E-01   0.756890E-05   0.249110E+00  -0.212672E+08
   0.367827E+00   0.303846E+06   0.301804E+06   0.137124E+00   0.137124E+00   0.479496E+03   0.302069E+06   0.303503E+06   0.302069E+06  -0.204542E-02   0.756097E+05   0.755846E+05   0.227705E-01   0.721367E-05   0.249110E+00  -0.205554E+08
   0.372948E+00   0.297776E+06   0.295786E+06   0.130720E+00   0.130720E+00   0.470432E+03   0.296037E+06   0.297442E+06   0.296037E+06  -0.200457E-02   0.740997E+05   0.740751E+05   0.219415E-01   0.687677E-05   0.249110E+00  -0.198682E+08
   0.378070E+00   0.291742E+06   0.289793E+06   0.124625E+00   0.124625E+00   0.465776E+03   0.290038E+06   0.291415E+06   0.290038E+06  -0.196395E-02   0.725982E+05   0.725741E+05   0.212172E-01   0.655612E-05   0.249110E+00  -0.192020E+08
   0.383191E+00   0.285750E+06   0.283833E+06   0.118824E+00   0.118824E+00   0.463477E+03   0.284080E+06   0.285428E+06   0.284080E+06  -0.192361E-02   0.711068E+05   0.710832E+05   0.205772E-01   0.625095E-05   0.249110E+00  -0.185562E+08
   0.388312E+00   0.279850E+06   0.277959E+06   0.113321E+00   0.113321E+00   0.462135E+03   0.278212E+06   0.279533E+06   0.278212E+06  -0.188388E-02   0.696381E+05   0.696148E+05   0.199932E-01   0.596142E-05   0.249110E+00  -0.179332E+08
   0.393433E+00   0.274101E+06   0.272234E+06   0.108121E+00   0.108121E+00   0.460926E+03   0.272494E+06   0.273787E+06   0.272494E+06  -0.184515E-02   0.682067E+05   0.681838E+05   0.194361E-01   0.568788E-05   0.249109E+00  -0.173360E+08
   0.398554E+00   0.268548E+06   0.266707E+06   0.103225E+00   0.103225E+00   0.459514E+03   0.266972E+06   0.268239E+06   0.266972E+06  -0.180776E-02   0.668245E+05   0.668020E+05   0.188827E-01   0.543033E-05   0.249109E+00  -0.167664E+08
   0.403675E+00   0.263224E+06   0.261412E+06   0.986273E-01   0.986273E-01   0.457843E+03   0.261678E+06   0.262920E+06   0.261678E+06  -0.177192E-02   0.654996E+05   0.654774E+05   0.183197E-01   0.518846E-05   0.249109E+00  -0.162255E+08
   0.408796E+00   0.258148E+06   0.256369E+06   0.943168E-01   0.943168E-01   0.455892E+03   0.256631E+06   0.257849E+06   0.256631E+06  -0.173774E-02   0.642362E+05   0.642145E+05   0.177450E-01   0.496170E-05   0.249109E+00  -0.157132E+08
   0.413918E+00   0.253313E+06   0.251572E+06   0.902748E-01   0.902748E-01   0.453616E+03   0.251826E+06   0.253021E+06   0.251826E+06  -0.170520E-02   0.630334E+05   0.630121E+05   0.171658E-01   0.474907E-05   0.249109E+00  -0.152282E+08
   0.419039E+00   0.248689E+06   0.246987E+06   0.864743E-01   0.864743E-01   0.450804E+03   0.247230E+06   0.248403E+06   0.247230E+06  -0.167409E-02   0.618831E+05   0.618622E+05   0.165941E-01   0.454914E-05   0.249109E+00  -0.147676E+08
   0.424160E+00   0.244229E+06   0.242566E+06   0.828856E-01   0.828856E-01   0.447204E+03   0.242798E+06   0.243950E+06   0.242798E+06  -0.164407E-02   0.607736E+05   0.607532E+05   0.160431E-01   0.436036E-05   0.249109E+00  -0.143277E+08
   0.429281E+00   0.239892E+06   0.238266E+06   0.794831E-01   0.794831E-01   0.442536E+03   0.238487E+06   0.239619E+06   0.238487E+06  -0.161488E-02   0.596946E+05   0.596746E+05   0.155238E-01   0.418137E-05   0.249109E+00  -0.139054E+08
   0.434402E+00   0.235648E+06   0.234056E+06   0.762473E-01   0.762473E-01   0.436570E+03   0.234269E+06   0.235381E+06   0.234269E+06  -0.158632E-02   0.586388E+05   0.586192E+05   0.150423E-01   0.401115E-05   0.249109E+00  -0.134985E+08
   0.439523E+00   0.231479E+06   0.229917E+06   0.731633E-01   0.731633E-01   0.429114E+03   0.230125E+06   0.231217E+06   0.230125E+06  -0.155826E-02   0.576015E+05   0.575822E+05   0.145994E-01   0.384892E-05   0.249109E+00  -0.131052E+08
   0.444644E+00   0.227376E+06   0.225840E+06   0.702204E-01   0.702204E-01   0.419986E+03   0.226045E+06   0.227118E+06   0.226045E+06  -0.153064E-02   0.565804E+05   0.565614E+05   0.141906E-01   0.369411E-05   0.249109E+00  -0.127246E+08
   0.449766E+00   0.223344E+06   0.221831E+06   0.674132E-01   0.674132E-01   0.409078E+03   0.222036E+06   0.223090E+06   0.222036E+06  -0.150349E-02   0.555768E+05   0.555582E+05   0.138082E-01   0.354644E-05   0.249109E+00  -0.123566E+08
   0.454887E+00   0.219399E+06   0.217908E+06   0.647396E-01   0.647396E-01   0.396332E+03   0.218113E+06   0.219149E+06   0.218113E+06  -0.147693E-02   0.545950E+05   0.545767E+05   0.134439E-01   0.340580E-05   0.249109E+00  -0.120017E+08
   0.460008E+00   0.215562E+06   0.214092E+06   0.621987E-01   0.621987E-01   0.381830E+03   0.214298E+06   0.215315E+06   0.214298E+06  -0.145109E-02   0.536399E+05   0.536218E+05   0.130901E-01   0.327213E-05   0.249109E+00  -0.116604E+08
   0.465129E+00   0.211845E+06   0.210398E+06   0.597875E-01   0.597875E-01   0.365780E+03   0.210602E+06   0.211602E+06   0.210602E+06  -0.142606E-02   0.527149E+05   0.526971E+05   0.127418E-01   0.314529E-05   0.249109E+00  -0.113332E+08
   0.470250E+00   0.208253E+06   0.206829E+06   0.575005E-01   0.575005E-01   0.348549E+03   0.207031E+06   0.208014E+06   0.207031E+06  -0.140188E-02   0.518210E+05   0.518035E+05   0.123966E-01   0.302499E-05   0.249109E+00  -0.110197E+08
   0.475371E+00   0.204782E+06   0.203382E+06   0.553304E-01   0.553304E-01   0.330616E+03   0.203580E+06   0.204547E+06   0.203580E+06  -0.137852E-02   0.509573E+05   0.509401E+05   0.120550E-01   0.291083E-05   0.249109E+00  -0.107193E+08
   0.480492E+00   0.201425E+06   0.200050E+06   0.532696E-01   0.532696E-01   0.312490E+03   0.200243E+06   0.201194E+06   0.200243E+06  -0.135592E-02   0.501220E+05   0.501052E+05   0.117196E-01   0.280241E-05   0.249109E+00  -0.104312E+08
   0.485614E+00   0.198171E+06   0.196822E+06   0.513098E-01   0.513098E-01   0.294654E+03   0.197009E+06   0.197945E+06   0.197009E+06  -0.133402E-02   0.493126E+05   0.492960E+05   0.113940E-01   0.269931E-05   0.249109E+00  -0.101545E+08
   0.490735E+00   0.195008E+06   0.193682E+06   0.494424E-01   0.494424E-01   0.277461E+03   0.193865E+06   0.194785E+06   0.193865E+06  -0.131273E-02   0.485255E+05   0.485092E+05   0.110813E-01   0.260107E-05   0.249109E+00  -0.988813E+07
   0.495856E+00   0.191917E+06   0.190615E+06   0.476591E-01   0.476591E-01   0.261159E+03   0.190793E+06   0.191699E+06   0.190793E+06  -0.129193E-02   0.477566E+05   0.477405E+05   0.107835E-01   0.250726E-05   0.249109E+00  -0.963095E+07
   0.500977E+00   0.188889E+06   0.187608E+06   0.459530E-01   0.459530E-01   0.245891E+03   0.187782E+06   0.188674E+06   0.187782E+06  -0.127154E-02   0.470030E+05   0.469873E+05   0.105015E-01   0.241750E-05   0.249109E+00  -0.938209E+07
   0.506098E+00   0.185919E+06   0.184659E+06   0.443198E-01   0.443198E-01   0.231785E+03   0.184830E+06   0.185708E+06   0.184830E+06  -0.125155E-02   0.462640E+05   0.462485E+05   0.102343E-01   0.233158E-05   0.249109E+00  -0.914113E+07
   0.511219E+00   0.183010E+06   0.181768E+06   0.427565E-01   0.427565E-01   0.218976E+03   0.181937E+06   0.182801E+06   0.181937E+06  -0.123196E-02   0.455400E+05   0.455247E+05   0.998036E-02   0.224933E-05   0.249109E+00  -0.890794E+07
   0.516340E+00   0.180163E+06   0.178939E+06   0.412606E-01   0.412606E-01   0.207635E+03   0.179107E+06   0.179957E+06   0.179107E+06  -0.121280E-02   0.448315E+05   0.448165E+05   0.973711E-02   0.217063E-05   0.249109E+00  -0.868238E+07
   0.521462E+00   0.177380E+06   0.176174E+06   0.398292E-01   0.398292E-01   0.197963E+03   0.176340E+06   0.177178E+06   0.176340E+06  -0.119406E-02   0.441390E+05   0.441241E+05   0.950207E-02   0.209532E-05   0.249109E+00  -0.846431E+07
   0.526583E+00   0.174665E+06   0.173475E+06   0.384603E-01   0.384603E-01   0.190130E+03   0.173640E+06   0.174465E+06   0.173640E+06  -0.117578E-02   0.434632E+05   0.434486E+05   0.927328E-02   0.202330E-05   0.249109E+00  -0.825366E+07
   0.531704E+00   0.172021E+06   0.170849E+06   0.371520E-01   0.371520E-01   0.184247E+03   0.171012E+06   0.171824E+06   0.171012E+06  -0.115798E-02   0.428053E+05   0.427909E+05   0.904962E-02   0.195447E-05   0.249109E+00  -0.805044E+07
   0.536825E+00   0.169450E+06   0.168296E+06   0.359019E-01   0.359019E-01   0.180291E+03   0.168456E+06   0.169256E+06   0.168456E+06  -0.114068E-02   0.421657E+05   0.421514E+05   0.883074E-02   0.188870E-05   0.249109E+00  -0.785448E+07
   0.541946E+00   0.166948E+06   0.165811E+06   0.347065E-01   0.347065E-01   0.178111E+03   0.165969E+06   0.166758E+06   0.165969E+06  -0.112384E-02   0.415431E+05   0.415291E+05   0.861688E-02   0.182581E-05   0.249109E+00  -0.766539E+07
   0.547067E+00   0.164509E+06   0.163390E+06   0.335622E-01   0.335622E-01   0.177419E+03   0.163545E+06   0.164321E+06   0.163545E+06  -0.110742E-02   0.409362E+05   0.409224E+05   0.840866E-02   0.176561E-05   0.249109E+00  -0.748270E+07
   0.559946E+00   0.158629E+06   0.157551E+06   0.308911E-01   0.308911E-01   0.179616E+03   0.157699E+06   0.158448E+06   0.157699E+06  -0.106784E-02   0.394731E+05   0.394598E+05   0.791493E-02   0.162508E-05   0.249109E+00  -0.704930E+07
   0.593872E+00   0.144543E+06   0.143560E+06   0.250238E-01   0.250238E-01   0.170969E+03   0.143696E+06   0.144378E+06   0.143696E+06  -0.973017E-03   0.359679E+05   0.359558E+05   0.681415E-02   0.131645E-05   0.249109E+00  -0.605640E+07
   0.629853E+00   0.131674E+06   0.130779E+06   0.202658E-01   0.202658E-01   0.119872E+03   0.130902E+06   0.131524E+06   0.130902E+06  -0.886384E-03   0.327656E+05   0.327545E+05   0.585622E-02   0.106614E-05   0.249109E+00  -0.520199E+07
   0.879031E+00   0.769727E+05   0.764496E+05   0.608233E-02   0.608233E-02   0.307309E+02   0.765211E+05   0.768849E+05   0.765211E+05  -0.518153E-03   0.191538E+05   0.191472E+05   0.248024E-02   0.319975E-06   0.249108E+00  -0.217892E+07
   0.122679E+01   0.444526E+05   0.441504E+05   0.180343E-02   0.180343E-02   0.103133E+02   0.441918E+05   0.444018E+05   0.441918E+05  -0.299239E-03   0.110615E+05   0.110577E+05   0.104874E-02   0.948749E-07   0.249108E+00  -0.901646E+06
   0.171212E+01   0.254050E+05   0.252321E+05   0.529166E-03   0.529166E-03   0.312919E+01   0.252559E+05   0.253760E+05   0.252559E+05  -0.171017E-03   0.632173E+04   0.631944E+04   0.447572E-03   0.278382E-07   0.249108E+00  -0.369226E+06
   0.238945E+01   0.143891E+05   0.142910E+05   0.153878E-03   0.153878E-03   0.818726E+00   0.143046E+05   0.143726E+05   0.143046E+05  -0.968615E-04   0.358055E+04   0.357914E+04   0.196037E-03   0.809515E-08   0.249107E+00  -0.149844E+06
