#           k/h    P           
 0.99999997E-04 0.66469473E+04
 0.10202013E-03 0.67258232E+04
 0.10408108E-03 0.68038657E+04
 0.10618366E-03 0.68809722E+04
 0.10832871E-03 0.69570386E+04
 0.11051710E-03 0.70319585E+04
 0.11274968E-03 0.71056201E+04
 0.11502737E-03 0.71779116E+04
 0.11735109E-03 0.72487188E+04
 0.11972173E-03 0.73179258E+04
 0.12214028E-03 0.73854160E+04
 0.12460767E-03 0.74510703E+04
 0.12712492E-03 0.75147700E+04
 0.12969300E-03 0.75763950E+04
 0.13231297E-03 0.76358252E+04
 0.13498588E-03 0.76929424E+04
 0.13771278E-03 0.77476299E+04
 0.14049475E-03 0.77997705E+04
 0.14333293E-03 0.78492495E+04
 0.14622846E-03 0.78959531E+04
 0.14918247E-03 0.79397725E+04
 0.15219615E-03 0.79806045E+04
 0.15527071E-03 0.80183491E+04
 0.15840739E-03 0.80529077E+04
 0.16160744E-03 0.80841855E+04
 0.16487212E-03 0.81120986E+04
 0.16820275E-03 0.81365728E+04
 0.17160067E-03 0.81575366E+04
 0.17506724E-03 0.81749238E+04
 0.17860383E-03 0.81886729E+04
 0.18221186E-03 0.81987383E+04
 0.18589280E-03 0.82050889E+04
 0.18964807E-03 0.82076953E+04
 0.19347922E-03 0.82065361E+04
 0.19738778E-03 0.82015957E+04
 0.20137527E-03 0.81928799E+04
 0.20544330E-03 0.81804062E+04
 0.20959355E-03 0.81642002E+04
 0.21382760E-03 0.81442905E+04
 0.21814722E-03 0.81207148E+04
 0.22255408E-03 0.80935337E+04
 0.22704997E-03 0.80628213E+04
 0.23163669E-03 0.80286562E+04
 0.23631606E-03 0.79911211E+04
 0.24108996E-03 0.79503042E+04
 0.24596031E-03 0.79063188E+04
 0.25092901E-03 0.78592886E+04
 0.25599814E-03 0.78093394E+04
 0.26116965E-03 0.77565977E+04
 0.26644560E-03 0.77011963E+04
 0.27182818E-03 0.76432871E+04
 0.27731949E-03 0.75830298E+04
 0.28292168E-03 0.75205835E+04
 0.28863709E-03 0.74561060E+04
 0.29446793E-03 0.73897559E+04
 0.30041661E-03 0.73217080E+04
 0.30648540E-03 0.72521387E+04
 0.31267683E-03 0.71812212E+04
 0.31899329E-03 0.71091250E+04
 0.32543740E-03 0.70360171E+04
 0.33201167E-03 0.69620737E+04
 0.33871876E-03 0.68874688E+04
 0.34556136E-03 0.68123711E+04
 0.35254212E-03 0.67369438E+04
 0.35966394E-03 0.66613442E+04
 0.36692963E-03 0.65857334E+04
 0.37434211E-03 0.65102666E+04
 0.38190430E-03 0.64350918E+04
 0.38961932E-03 0.63603516E+04
 0.39749016E-03 0.62861831E+04
 0.40552000E-03 0.62127168E+04
 0.41371203E-03 0.61400786E+04
 0.42206954E-03 0.60683877E+04
 0.43059592E-03 0.59977583E+04
 0.43929456E-03 0.59282969E+04
 0.44816890E-03 0.58601016E+04
 0.45722249E-03 0.57932637E+04
 0.46645897E-03 0.57278716E+04
 0.47588209E-03 0.56640078E+04
 0.48549555E-03 0.56017485E+04
 0.49530319E-03 0.55411577E+04
 0.50530903E-03 0.54822959E+04
 0.51551696E-03 0.54252197E+04
 0.52593107E-03 0.53699844E+04
 0.53655554E-03 0.53166367E+04
 0.54739468E-03 0.52652124E+04
 0.55845280E-03 0.52157451E+04
 0.56973431E-03 0.51682666E+04
 0.58124372E-03 0.51228086E+04
 0.59298560E-03 0.50793950E+04
 0.60496473E-03 0.50380400E+04
 0.61718578E-03 0.49987563E+04
 0.62965375E-03 0.49615566E+04
 0.64237369E-03 0.49264551E+04
 0.65535045E-03 0.48934600E+04
 0.66858943E-03 0.48625693E+04
 0.68209582E-03 0.48337822E+04
 0.69587503E-03 0.48070991E+04
 0.70993265E-03 0.47825225E+04
 0.72427420E-03 0.47600493E+04
 0.73890563E-03 0.47396694E+04
 0.75383246E-03 0.47213726E+04
 0.76906086E-03 0.47051528E+04
 0.78459689E-03 0.46910054E+04
 0.80044678E-03 0.46789214E+04
 0.81661687E-03 0.46688857E+04
 0.83311368E-03 0.46608853E+04
 0.84994361E-03 0.46549102E+04
 0.86711359E-03 0.46509517E+04
 0.88463066E-03 0.46489985E+04
 0.90250134E-03 0.46490356E+04
 0.92073303E-03 0.46510483E+04
 0.93933311E-03 0.46550254E+04
 0.95830887E-03 0.46609575E+04
 0.97766798E-03 0.46688340E+04
 0.99741819E-03 0.46786396E+04
 0.10175674E-02 0.46903618E+04
 0.10381236E-02 0.47039897E+04
 0.10590950E-02 0.47195151E+04
 0.10804901E-02 0.47369268E+04
 0.11023175E-02 0.47562129E+04
 0.11245857E-02 0.47773628E+04
 0.11473041E-02 0.48003677E+04
 0.11704812E-02 0.48252188E+04
 0.11941264E-02 0.48519087E+04
 0.12182494E-02 0.48804268E+04
 0.12428596E-02 0.49107656E+04
 0.12679670E-02 0.49429180E+04
 0.12935817E-02 0.49768770E+04
 0.13197137E-02 0.50126357E+04
 0.13463736E-02 0.50501880E+04
 0.13735722E-02 0.50895269E+04
 0.14013201E-02 0.51306470E+04
 0.14296286E-02 0.51735425E+04
 0.14585090E-02 0.52182085E+04
 0.14879731E-02 0.52646406E+04
 0.15180323E-02 0.53128330E+04
 0.15486985E-02 0.53627817E+04
 0.15799842E-02 0.54144824E+04
 0.16119020E-02 0.54679302E+04
 0.16444647E-02 0.55231226E+04
 0.16776850E-02 0.55800557E+04
 0.17115764E-02 0.56387256E+04
 0.17461524E-02 0.56991279E+04
 0.17814270E-02 0.57612598E+04
 0.18174142E-02 0.58251177E+04
 0.18541284E-02 0.58906978E+04
 0.18915841E-02 0.59579956E+04
 0.19297971E-02 0.60270054E+04
 0.19687817E-02 0.60977241E+04
 0.20085536E-02 0.61701479E+04
 0.20491290E-02 0.62442715E+04
 0.20905242E-02 0.63200903E+04
 0.21327557E-02 0.63975972E+04
 0.21758399E-02 0.64767886E+04
 0.22197948E-02 0.65576597E+04
 0.22646377E-02 0.66402056E+04
 0.23103864E-02 0.67244204E+04
 0.23570592E-02 0.68102959E+04
 0.24046749E-02 0.68978242E+04
 0.24532524E-02 0.69869971E+04
 0.25028118E-02 0.70778027E+04
 0.25533722E-02 0.71702305E+04
 0.26049537E-02 0.72642666E+04
 0.26575772E-02 0.73599019E+04
 0.27112637E-02 0.74571270E+04
 0.27660348E-02 0.75559312E+04
 0.28219123E-02 0.76563018E+04
 0.28789188E-02 0.77582256E+04
 0.29370766E-02 0.78616885E+04
 0.29964095E-02 0.79666743E+04
 0.30569409E-02 0.80731675E+04
 0.31186952E-02 0.81811479E+04
 0.31816978E-02 0.82905967E+04
 0.32459723E-02 0.84014932E+04
 0.33115451E-02 0.85138184E+04
 0.33784427E-02 0.86275488E+04
 0.34466919E-02 0.87426621E+04
 0.35163197E-02 0.88591309E+04
 0.35873537E-02 0.89769297E+04
 0.36598232E-02 0.90960312E+04
 0.37337563E-02 0.92164053E+04
 0.38091831E-02 0.93380215E+04
 0.38861334E-02 0.94608467E+04
 0.39646388E-02 0.95848467E+04
 0.40447293E-02 0.97099873E+04
 0.41264393E-02 0.98362324E+04
 0.42097992E-02 0.99635420E+04
 0.42948425E-02 0.10091875E+05
 0.43816040E-02 0.10221186E+05
 0.44701183E-02 0.10351427E+05
 0.45604203E-02 0.10482549E+05
 0.46525472E-02 0.10614499E+05
 0.47465344E-02 0.10747226E+05
 0.48424210E-02 0.10880687E+05
 0.49402444E-02 0.11014839E+05
 0.50400435E-02 0.11149639E+05
 0.51418589E-02 0.11285037E+05
 0.52457317E-02 0.11420977E+05
 0.53517036E-02 0.11557376E+05
 0.54598148E-02 0.11694146E+05
 0.55701104E-02 0.11831196E+05
 0.56826337E-02 0.11968432E+05
 0.57974309E-02 0.12105764E+05
 0.59145465E-02 0.12243124E+05
 0.60340283E-02 0.12380442E+05
 0.61559235E-02 0.12517647E+05
 0.62802811E-02 0.12654668E+05
 0.64071510E-02 0.12791422E+05
 0.65365843E-02 0.12927814E+05
 0.66686315E-02 0.13063748E+05
 0.68033468E-02 0.13199122E+05
 0.69407835E-02 0.13333835E+05
 0.70809964E-02 0.13467780E+05
 0.72240415E-02 0.13600849E+05
 0.73699774E-02 0.13732928E+05
 0.75188605E-02 0.13863905E+05
 0.76707508E-02 0.13993664E+05
 0.78257136E-02 0.14122086E+05
 0.79838037E-02 0.14249052E+05
 0.81450874E-02 0.14374438E+05
 0.83096288E-02 0.14498119E+05
 0.84774951E-02 0.14619972E+05
 0.86487513E-02 0.14739861E+05
 0.88234674E-02 0.14857647E+05
 0.90017123E-02 0.14973187E+05
 0.91835596E-02 0.15086334E+05
 0.93690790E-02 0.15196944E+05
 0.95583471E-02 0.15304897E+05
 0.97514391E-02 0.15410100E+05
 0.99484306E-02 0.15512457E+05
 0.10149402E-01 0.15611879E+05
 0.10354433E-01 0.15708274E+05
 0.10563606E-01 0.15801538E+05
 0.10777006E-01 0.15891553E+05
 0.10994715E-01 0.15978202E+05
 0.11216822E-01 0.16061370E+05
 0.11443418E-01 0.16140984E+05
 0.11674589E-01 0.16217691E+05
 0.11910431E-01 0.16292748E+05
 0.12151038E-01 0.16367453E+05
 0.12396505E-01 0.16443131E+05
 0.12646930E-01 0.16521107E+05
 0.12902415E-01 0.16602424E+05
 0.13163067E-01 0.16687906E+05
 0.13428980E-01 0.16778400E+05
 0.13700262E-01 0.16874773E+05
 0.13977026E-01 0.16977598E+05
 0.14259379E-01 0.17083754E+05
 0.14547437E-01 0.17187611E+05
 0.14841316E-01 0.17283357E+05
 0.15141129E-01 0.17365061E+05
 0.15447001E-01 0.17427129E+05
 0.15759049E-01 0.17468189E+05
 0.16077405E-01 0.17489385E+05
 0.16402189E-01 0.17491967E+05
 0.16733535E-01 0.17477250E+05
 0.17071573E-01 0.17446619E+05
 0.17416442E-01 0.17401693E+05
 0.17768279E-01 0.17344213E+05
 0.18127220E-01 0.17275924E+05
 0.18493414E-01 0.17198574E+05
 0.18867005E-01 0.17113670E+05
 0.19248145E-01 0.17021041E+05
 0.19636983E-01 0.16919779E+05
 0.20033674E-01 0.16809014E+05
 0.20438381E-01 0.16687916E+05
 0.20851264E-01 0.16555889E+05
 0.21272486E-01 0.16413594E+05
 0.21702228E-01 0.16262174E+05
 0.22140643E-01 0.16102759E+05
 0.22587912E-01 0.15936455E+05
 0.23044219E-01 0.15764229E+05
 0.23509743E-01 0.15586369E+05
 0.23984671E-01 0.15402945E+05
 0.24469191E-01 0.15214039E+05
 0.24963502E-01 0.15019744E+05
 0.25467798E-01 0.14820146E+05
 0.25982281E-01 0.14615220E+05
 0.26507158E-01 0.14404931E+05
 0.27042639E-01 0.14189266E+05
 0.27588934E-01 0.13968236E+05
 0.28146267E-01 0.13741980E+05
 0.28714858E-01 0.13511082E+05
 0.29294936E-01 0.13276227E+05
 0.29886734E-01 0.13038076E+05
 0.30490484E-01 0.12797271E+05
 0.31106433E-01 0.12554513E+05
 0.31734824E-01 0.12310774E+05
 0.32375909E-01 0.12067046E+05
 0.33029947E-01 0.11824254E+05
 0.33697195E-01 0.11583257E+05
 0.34377921E-01 0.11344783E+05
 0.35072401E-01 0.11109283E+05
 0.35780910E-01 0.10877125E+05
 0.36503751E-01 0.10648647E+05
 0.37241172E-01 0.10424156E+05
 0.37993494E-01 0.10204099E+05
 0.38761012E-01 0.99893525E+04
 0.39544035E-01 0.97808008E+04
 0.40342879E-01 0.95792441E+04
 0.41157857E-01 0.93854092E+04
 0.41989300E-01 0.91997119E+04
 0.42837542E-01 0.90219248E+04
 0.43702915E-01 0.88517354E+04
 0.44585772E-01 0.86888506E+04
 0.45486465E-01 0.85329902E+04
 0.46405349E-01 0.83839609E+04
 0.47342800E-01 0.82416650E+04
 0.48299186E-01 0.81060151E+04
 0.49274895E-01 0.79769277E+04
 0.50270312E-01 0.78541885E+04
 0.51285837E-01 0.77371284E+04
 0.52321881E-01 0.76250142E+04
 0.53378850E-01 0.75171533E+04
 0.54457176E-01 0.74128364E+04
 0.55557281E-01 0.73112031E+04
 0.56679614E-01 0.72113936E+04
 0.57824615E-01 0.71125933E+04
 0.58992747E-01 0.70139507E+04
 0.60184479E-01 0.69145400E+04
 0.61400317E-01 0.68134800E+04
 0.62640682E-01 0.67098149E+04
 0.63906111E-01 0.66019292E+04
 0.65197095E-01 0.64880723E+04
 0.66514164E-01 0.63667881E+04
 0.67857832E-01 0.62384634E+04
 0.69228657E-01 0.61046128E+04
 0.70627168E-01 0.59665161E+04
 0.72053924E-01 0.58229673E+04
 0.73509507E-01 0.56712246E+04
 0.74994497E-01 0.55093135E+04
 0.76509491E-01 0.53390728E+04
 0.78055084E-01 0.51639253E+04
 0.79631895E-01 0.49866338E+04
 0.81240565E-01 0.48085220E+04
 0.82881734E-01 0.46305864E+04
 0.84556051E-01 0.44542549E+04
 0.86264193E-01 0.42812866E+04
 0.88006847E-01 0.41133247E+04
 0.89784704E-01 0.39521167E+04
 0.91598473E-01 0.37991931E+04
 0.93448877E-01 0.36559048E+04
 0.95336676E-01 0.35235627E+04
 0.97262599E-01 0.34032686E+04
 0.99227436E-01 0.32954951E+04
 0.10123201E+00 0.32001360E+04
 0.10327702E+00 0.31169045E+04
 0.10536335E+00 0.30444807E+04
 0.10749183E+00 0.29812817E+04
 0.10966332E+00 0.29254058E+04
 0.11187866E+00 0.28744900E+04
 0.11413875E+00 0.28262346E+04
 0.11644451E+00 0.27782607E+04
 0.11879683E+00 0.27283176E+04
 0.12119669E+00 0.26744482E+04
 0.12364503E+00 0.26149634E+04
 0.12614281E+00 0.25487637E+04
 0.12869108E+00 0.24752285E+04
 0.13129081E+00 0.23944685E+04
 0.13394305E+00 0.23071641E+04
 0.13664888E+00 0.22146675E+04
 0.13940936E+00 0.21187668E+04
 0.14222562E+00 0.20218243E+04
 0.14509876E+00 0.19263898E+04
 0.14802995E+00 0.18352798E+04
 0.15102035E+00 0.17510011E+04
 0.15407117E+00 0.16755430E+04
 0.15718360E+00 0.16099230E+04
 0.16035892E+00 0.15541764E+04
 0.16359837E+00 0.15073411E+04
 0.16690327E+00 0.14679205E+04
 0.17027503E+00 0.14340255E+04
 0.17371480E+00 0.14035219E+04
 0.17722408E+00 0.13740540E+04
 0.18080424E+00 0.13430486E+04
 0.18445672E+00 0.13082321E+04
 0.18818299E+00 0.12681370E+04
 0.19198453E+00 0.12225737E+04
 0.19586287E+00 0.11726340E+04
 0.19981956E+00 0.11201261E+04
 0.20385619E+00 0.10671481E+04
 0.20797436E+00 0.10158257E+04
 0.21217570E+00 0.96818665E+03
 0.21646193E+00 0.92584283E+03
 0.22083476E+00 0.88958911E+03
 0.22529592E+00 0.85918982E+03
 0.22984719E+00 0.83348627E+03
 0.23449039E+00 0.81072522E+03
 0.23922741E+00 0.78888416E+03
 0.24406013E+00 0.76603369E+03
 0.24899045E+00 0.74083020E+03
 0.25402039E+00 0.71291223E+03
 0.25915194E+00 0.68288635E+03
 0.26438716E+00 0.65198669E+03
 0.26972812E+00 0.62172473E+03
 0.27517700E+00 0.59357416E+03
 0.28073606E+00 0.56855383E+03
 0.28640729E+00 0.54687195E+03
 0.29219311E+00 0.52793787E+03
 0.29809579E+00 0.51066724E+03
 0.30411756E+00 0.49381955E+03
 0.31026131E+00 0.47635046E+03
 0.31652883E+00 0.45779892E+03
 0.32292327E+00 0.43844189E+03
 0.32944661E+00 0.41906097E+03
 0.33610201E+00 0.40054156E+03
 0.34289157E+00 0.38354715E+03
 0.34981859E+00 0.36828534E+03
 0.35688522E+00 0.35444382E+03
 0.36409497E+00 0.34139560E+03
 0.37145033E+00 0.32850928E+03
 0.37895393E+00 0.31539633E+03
 0.38660949E+00 0.30210800E+03
 0.39441931E+00 0.28905823E+03
 0.40238729E+00 0.27664841E+03
 0.41051584E+00 0.26512521E+03
 0.41880903E+00 0.25447784E+03
 0.42726934E+00 0.24440155E+03
 0.43590093E+00 0.23458940E+03
 0.44470647E+00 0.22488156E+03
 0.45369038E+00 0.21530858E+03
 0.46285531E+00 0.20607805E+03
 0.47220579E+00 0.19734784E+03
 0.48174477E+00 0.18912280E+03
 0.49147689E+00 0.18131143E+03
 0.50140512E+00 0.17375523E+03
 0.51153439E+00 0.16638850E+03
 0.52186781E+00 0.15925446E+03
 0.53241050E+00 0.15241753E+03
 0.54316562E+00 0.14592633E+03
 0.55413854E+00 0.13973627E+03
 0.56533259E+00 0.13378305E+03
 0.57675338E+00 0.12802927E+03
 0.58840430E+00 0.12249451E+03
 0.60029107E+00 0.11719579E+03
 0.61241806E+00 0.11213027E+03
 0.62478942E+00 0.10728058E+03
 0.63741130E+00 0.10263078E+03
 0.65028751E+00 0.98170334E+02
 0.66342449E+00 0.93892273E+02
 0.67682624E+00 0.89789909E+02
 0.69049937E+00 0.85856758E+02
 0.70444804E+00 0.82086533E+02
 0.71867913E+00 0.78473129E+02
 0.73319703E+00 0.75010635E+02
 0.74800897E+00 0.71693321E+02
 0.76311934E+00 0.68515648E+02
 0.77853578E+00 0.65472229E+02
 0.79426283E+00 0.62557877E+02
 0.81030840E+00 0.59767570E+02
 0.82667732E+00 0.57096443E+02
 0.84337759E+00 0.54539803E+02
 0.86041462E+00 0.52093109E+02
 0.87779653E+00 0.49751984E+02
 0.89552867E+00 0.47512184E+02
 0.91362000E+00 0.45369545E+02
 0.93207598E+00 0.43320053E+02
 0.95090556E+00 0.41359837E+02
 0.97011465E+00 0.39485188E+02
 0.98971266E+00 0.37692539E+02
 0.10097067E+01 0.35978458E+02
 0.10301036E+01 0.34339653E+02
 0.10509136E+01 0.32772961E+02
 0.10721428E+01 0.31275349E+02
 0.10938021E+01 0.29843897E+02
 0.11158978E+01 0.28475803E+02
 0.11384410E+01 0.27168383E+02
 0.11614385E+01 0.25919054E+02
 0.11849015E+01 0.24725340E+02
 0.12088375E+01 0.23584867E+02
 0.12332582E+01 0.22495354E+02
 0.12581712E+01 0.21454605E+02
 0.12835884E+01 0.20460508E+02
 0.13095180E+01 0.19511038E+02
 0.13359727E+01 0.18604250E+02
 0.13629605E+01 0.17738287E+02
 0.13904947E+01 0.16911367E+02
 0.14185839E+01 0.16121786E+02
 0.14472418E+01 0.15367909E+02
 0.14764773E+01 0.14648174E+02
 0.15063047E+01 0.13961082E+02
 0.15367334E+01 0.13305200E+02
 0.15677782E+01 0.12679153E+02
 0.15994486E+01 0.12081631E+02
 0.16317604E+01 0.11511372E+02
 0.16647232E+01 0.10967172E+02
 0.16983536E+01 0.10447880E+02
 0.17326634E+01 0.99523926E+01
 0.17676648E+01 0.94796820E+01
 0.18033748E+01 0.90287790E+01
 0.18398044E+01 0.85987501E+01
 0.18769718E+01 0.81886950E+01
 0.19148883E+01 0.77977481E+01
 0.19535724E+01 0.74250765E+01
 0.19930363E+01 0.70698781E+01
 0.20332992E+01 0.67313824E+01
 0.20743735E+01 0.64088478E+01
 0.21162796E+01 0.61015630E+01
 0.21590302E+01 0.58088446E+01
 0.22026465E+01 0.55300364E+01
 0.22471418E+01 0.52645082E+01
 0.22925382E+01 0.50116568E+01
 0.23388493E+01 0.47709026E+01
 0.23860984E+01 0.45416913E+01
