#          k/h    CDM            baryon         photon         nu             mass_nu        total          no_nu          total_de       Weyl           v_CDM          v_b            v_b-v_c        ISW            log_grow       pert_vel    
   0.994668E-05   0.126850E+08   0.126850E+08   0.169005E+08   0.169001E+08   0.126871E+08   0.126850E+08   0.126850E+08   0.126895E+08  -0.458631E+00   0.992937E+07   0.992937E+07   0.613411E+01   0.112839E+07   0.489782E+00  -0.998297E+14
   0.109829E-04   0.126854E+08   0.126854E+08   0.168983E+08   0.168978E+08   0.126875E+08   0.126854E+08   0.126854E+08   0.126899E+08  -0.458647E+00   0.992956E+07   0.992956E+07   0.677297E+01   0.925494E+06   0.489803E+00  -0.904123E+14
   0.121272E-04   0.126860E+08   0.126860E+08   0.168957E+08   0.168950E+08   0.126880E+08   0.126860E+08   0.126860E+08   0.126905E+08  -0.458667E+00   0.992980E+07   0.992980E+07   0.747833E+01   0.759082E+06   0.489828E+00  -0.818836E+14
   0.133906E-04   0.126866E+08   0.126866E+08   0.168924E+08   0.168916E+08   0.126887E+08   0.126866E+08   0.126866E+08   0.126911E+08  -0.458690E+00   0.993008E+07   0.993008E+07   0.825707E+01   0.622592E+06   0.489859E+00  -0.741598E+14
   0.147857E-04   0.126874E+08   0.126874E+08   0.168884E+08   0.168875E+08   0.126895E+08   0.126874E+08   0.126874E+08   0.126920E+08  -0.458720E+00   0.993043E+07   0.993043E+07   0.911683E+01   0.510642E+06   0.489897E+00  -0.671650E+14
   0.163261E-04   0.126884E+08   0.126884E+08   0.168836E+08   0.168824E+08   0.126905E+08   0.126884E+08   0.126884E+08   0.126929E+08  -0.458755E+00   0.993086E+07   0.993086E+07   0.100660E+02   0.418822E+06   0.489944E+00  -0.608304E+14
   0.180270E-04   0.126896E+08   0.126896E+08   0.168776E+08   0.168763E+08   0.126916E+08   0.126896E+08   0.126896E+08   0.126941E+08  -0.458799E+00   0.993138E+07   0.993138E+07   0.111138E+02   0.343511E+06   0.490000E+00  -0.550938E+14
   0.199051E-04   0.126911E+08   0.126911E+08   0.168704E+08   0.168688E+08   0.126931E+08   0.126911E+08   0.126911E+08   0.126956E+08  -0.458851E+00   0.993201E+07   0.993201E+07   0.122705E+02   0.281742E+06   0.490069E+00  -0.498987E+14
   0.219788E-04   0.126929E+08   0.126929E+08   0.168617E+08   0.168596E+08   0.126948E+08   0.126929E+08   0.126929E+08   0.126974E+08  -0.458916E+00   0.993278E+07   0.993278E+07   0.135472E+02   0.231078E+06   0.490152E+00  -0.451941E+14
   0.242687E-04   0.126951E+08   0.126951E+08   0.168509E+08   0.168484E+08   0.126970E+08   0.126951E+08   0.126951E+08   0.126996E+08  -0.458994E+00   0.993372E+07   0.993372E+07   0.149565E+02   0.189524E+06   0.490254E+00  -0.409338E+14
   0.267970E-04   0.126977E+08   0.126977E+08   0.168379E+08   0.168348E+08   0.126996E+08   0.126977E+08   0.126977E+08   0.127022E+08  -0.459090E+00   0.993486E+07   0.993486E+07   0.165117E+02   0.155442E+06   0.490378E+00  -0.370759E+14
   0.295888E-04   0.127010E+08   0.127010E+08   0.168220E+08   0.168183E+08   0.127028E+08   0.127010E+08   0.127010E+08   0.127055E+08  -0.459207E+00   0.993626E+07   0.993626E+07   0.182281E+02   0.127488E+06   0.490529E+00  -0.335824E+14
   0.326714E-04   0.127049E+08   0.127049E+08   0.168026E+08   0.167981E+08   0.127066E+08   0.127049E+08   0.127049E+08   0.127094E+08  -0.459349E+00   0.993796E+07   0.993796E+07   0.201219E+02   0.104560E+06   0.490713E+00  -0.304190E+14
   0.360752E-04   0.127097E+08   0.127097E+08   0.167791E+08   0.167735E+08   0.127113E+08   0.127097E+08   0.127097E+08   0.127142E+08  -0.459522E+00   0.994003E+07   0.994002E+07   0.222111E+02   0.857545E+05   0.490936E+00  -0.275546E+14
   0.398336E-04   0.127156E+08   0.127156E+08   0.167503E+08   0.167436E+08   0.127171E+08   0.127156E+08   0.127156E+08   0.127200E+08  -0.459733E+00   0.994255E+07   0.994254E+07   0.245156E+02   0.703304E+05   0.491208E+00  -0.249611E+14
   0.439836E-04   0.127227E+08   0.127227E+08   0.167154E+08   0.167072E+08   0.127240E+08   0.127227E+08   0.127227E+08   0.127272E+08  -0.459989E+00   0.994562E+07   0.994561E+07   0.270569E+02   0.576796E+05   0.491537E+00  -0.226129E+14
   0.485659E-04   0.127314E+08   0.127314E+08   0.166729E+08   0.166629E+08   0.127325E+08   0.127314E+08   0.127314E+08   0.127358E+08  -0.460302E+00   0.994936E+07   0.994935E+07   0.298584E+02   0.473036E+05   0.491938E+00  -0.204871E+14
   0.536256E-04   0.127419E+08   0.127419E+08   0.166211E+08   0.166090E+08   0.127429E+08   0.127419E+08   0.127419E+08   0.127464E+08  -0.460682E+00   0.995391E+07   0.995390E+07   0.329460E+02   0.387932E+05   0.492424E+00  -0.185625E+14
   0.592125E-04   0.127548E+08   0.127547E+08   0.165582E+08   0.165435E+08   0.127555E+08   0.127548E+08   0.127548E+08   0.127592E+08  -0.461144E+00   0.995944E+07   0.995944E+07   0.363472E+02   0.318132E+05   0.493012E+00  -0.168205E+14
   0.653814E-04   0.127704E+08   0.127703E+08   0.164818E+08   0.164639E+08   0.127708E+08   0.127704E+08   0.127704E+08   0.127748E+08  -0.461707E+00   0.996618E+07   0.996617E+07   0.400919E+02   0.260882E+05   0.493724E+00  -0.152437E+14
   0.721930E-04   0.127893E+08   0.127893E+08   0.163891E+08   0.163673E+08   0.127893E+08   0.127893E+08   0.127893E+08   0.127937E+08  -0.462389E+00   0.997436E+07   0.997435E+07   0.442124E+02   0.213928E+05   0.494583E+00  -0.138168E+14
   0.797142E-04   0.128124E+08   0.128123E+08   0.162766E+08   0.162502E+08   0.128119E+08   0.128124E+08   0.128124E+08   0.128167E+08  -0.463219E+00   0.998431E+07   0.998429E+07   0.487428E+02   0.175418E+05   0.495619E+00  -0.125256E+14
   0.880190E-04   0.128403E+08   0.128402E+08   0.161403E+08   0.161083E+08   0.128392E+08   0.128403E+08   0.128403E+08   0.128446E+08  -0.464224E+00   0.999638E+07   0.999636E+07   0.537192E+02   0.143834E+05   0.496865E+00  -0.113575E+14
   0.971891E-04   0.128741E+08   0.128741E+08   0.159754E+08   0.159366E+08   0.128724E+08   0.128741E+08   0.128741E+08   0.128784E+08  -0.465442E+00   0.100110E+08   0.100110E+08   0.591792E+02   0.117931E+05   0.498358E+00  -0.103009E+14
   0.107314E-03   0.129151E+08   0.129150E+08   0.157762E+08   0.157294E+08   0.129124E+08   0.129150E+08   0.129150E+08   0.129192E+08  -0.466917E+00   0.100287E+08   0.100287E+08   0.651615E+02   0.966888E+04   0.500142E+00  -0.934553E+13
   0.118495E-03   0.129645E+08   0.129644E+08   0.155363E+08   0.154798E+08   0.129608E+08   0.129645E+08   0.129645E+08   0.129686E+08  -0.468697E+00   0.100502E+08   0.100502E+08   0.717046E+02   0.792688E+04   0.502263E+00  -0.848185E+13
   0.130840E-03   0.130241E+08   0.130240E+08   0.152479E+08   0.151799E+08   0.130192E+08   0.130241E+08   0.130241E+08   0.130281E+08  -0.470844E+00   0.100761E+08   0.100760E+08   0.788462E+02   0.649848E+04   0.504773E+00  -0.770136E+13
   0.144471E-03   0.130958E+08   0.130957E+08   0.149024E+08   0.148207E+08   0.130893E+08   0.130958E+08   0.130958E+08   0.130997E+08  -0.473425E+00   0.101073E+08   0.101072E+08   0.866208E+02   0.532734E+04   0.507726E+00  -0.699631E+13
   0.159522E-03   0.131818E+08   0.131816E+08   0.144901E+08   0.143924E+08   0.131734E+08   0.131817E+08   0.131818E+08   0.131856E+08  -0.476522E+00   0.101448E+08   0.101447E+08   0.950579E+02   0.436727E+04   0.511174E+00  -0.635971E+13
   0.176142E-03   0.132846E+08   0.132844E+08   0.140005E+08   0.138842E+08   0.132739E+08   0.132845E+08   0.132846E+08   0.132882E+08  -0.480223E+00   0.101897E+08   0.101897E+08   0.104178E+03   0.358038E+04   0.515167E+00  -0.578517E+13
   0.194493E-03   0.134070E+08   0.134067E+08   0.134225E+08   0.132847E+08   0.133935E+08   0.134069E+08   0.134069E+08   0.134105E+08  -0.484631E+00   0.102434E+08   0.102434E+08   0.113990E+03   0.293559E+04   0.519745E+00  -0.526694E+13
   0.214755E-03   0.135520E+08   0.135517E+08   0.127455E+08   0.125833E+08   0.135351E+08   0.135519E+08   0.135520E+08   0.135553E+08  -0.489854E+00   0.103073E+08   0.103072E+08   0.124484E+03   0.240742E+04   0.524935E+00  -0.479973E+13
   0.237129E-03   0.137230E+08   0.137226E+08   0.119597E+08   0.117702E+08   0.137019E+08   0.137229E+08   0.137230E+08   0.137260E+08  -0.496011E+00   0.103829E+08   0.103828E+08   0.135625E+03   0.197493E+04   0.530743E+00  -0.437873E+13
   0.261834E-03   0.139233E+08   0.139228E+08   0.110583E+08   0.108391E+08   0.138971E+08   0.139231E+08   0.139232E+08   0.139260E+08  -0.503221E+00   0.104718E+08   0.104717E+08   0.147345E+03   0.162095E+04   0.537146E+00  -0.399955E+13
   0.289112E-03   0.141560E+08   0.141555E+08   0.100392E+08   0.978873E+07   0.141237E+08   0.141558E+08   0.141559E+08   0.141584E+08  -0.511604E+00   0.105757E+08   0.105756E+08   0.159536E+03   0.133135E+04   0.544087E+00  -0.365813E+13
   0.319233E-03   0.144243E+08   0.144237E+08   0.890837E+07   0.862637E+07   0.143845E+08   0.144241E+08   0.144242E+08   0.144264E+08  -0.521266E+00   0.106962E+08   0.106960E+08   0.172036E+03   0.109454E+04   0.551477E+00  -0.335071E+13
   0.352491E-03   0.147306E+08   0.147299E+08   0.768285E+07   0.737128E+07   0.146817E+08   0.147303E+08   0.147305E+08   0.147323E+08  -0.532296E+00   0.108346E+08   0.108344E+08   0.184621E+03   0.900937E+03   0.559186E+00  -0.307381E+13
   0.389215E-03   0.150765E+08   0.150755E+08   0.639479E+07   0.605855E+07   0.150164E+08   0.150760E+08   0.150763E+08   0.150777E+08  -0.544751E+00   0.109918E+08   0.109916E+08   0.196997E+03   0.742684E+03   0.567060E+00  -0.282419E+13
   0.429764E-03   0.154621E+08   0.154611E+08   0.509438E+07   0.474224E+07   0.153886E+08   0.154616E+08   0.154620E+08   0.154629E+08  -0.558641E+00   0.111683E+08   0.111680E+08   0.208795E+03   0.613285E+03   0.574924E+00  -0.259879E+13
   0.474538E-03   0.158864E+08   0.158851E+08   0.385084E+07   0.349608E+07   0.157965E+08   0.158858E+08   0.158862E+08   0.158868E+08  -0.573924E+00   0.113638E+08   0.113635E+08   0.219578E+03   0.507393E+03   0.582599E+00  -0.239480E+13
   0.523976E-03   0.163462E+08   0.163447E+08   0.274890E+07   0.240931E+07   0.162365E+08   0.163454E+08   0.163460E+08   0.163462E+08  -0.590489E+00   0.115772E+08   0.115768E+08   0.228855E+03   0.420612E+03   0.589918E+00  -0.220955E+13
   0.578566E-03   0.168364E+08   0.168346E+08   0.187800E+07   0.157496E+07   0.167026E+08   0.168355E+08   0.168361E+08   0.168360E+08  -0.608152E+00   0.118061E+08   0.118056E+08   0.236113E+03   0.349342E+03   0.596742E+00  -0.204064E+13
   0.638842E-03   0.173499E+08   0.173478E+08   0.131243E+07   0.106841E+07   0.171870E+08   0.173487E+08   0.173495E+08   0.173491E+08  -0.626658E+00   0.120472E+08   0.120468E+08   0.240868E+03   0.290645E+03   0.602968E+00  -0.188585E+13
   0.705398E-03   0.178777E+08   0.178753E+08   0.108339E+07   0.917993E+06   0.176799E+08   0.178763E+08   0.178773E+08   0.178766E+08  -0.645687E+00   0.122964E+08   0.122959E+08   0.242724E+03   0.242146E+03   0.608534E+00  -0.174324E+13
   0.778888E-03   0.184096E+08   0.184070E+08   0.115065E+07   0.107580E+07   0.181698E+08   0.184080E+08   0.184092E+08   0.184083E+08  -0.664870E+00   0.125486E+08   0.125481E+08   0.241442E+03   0.201931E+03   0.613422E+00  -0.161114E+13
   0.860035E-03   0.189347E+08   0.189317E+08   0.139048E+07   0.140684E+07   0.186446E+08   0.189328E+08   0.189342E+08   0.189332E+08  -0.683811E+00   0.127983E+08   0.127977E+08   0.236975E+03   0.168468E+03   0.617643E+00  -0.148816E+13
   0.949635E-03   0.194420E+08   0.194387E+08   0.162127E+07   0.171888E+07   0.190919E+08   0.194398E+08   0.194414E+08   0.194402E+08  -0.702113E+00   0.130400E+08   0.130393E+08   0.229476E+03   0.140537E+03   0.621238E+00  -0.137320E+13
   0.104857E-02   0.199213E+08   0.199177E+08   0.167744E+07   0.184286E+07   0.194999E+08   0.199187E+08   0.199207E+08   0.199191E+08  -0.719404E+00   0.132682E+08   0.132675E+08   0.219245E+03   0.117163E+03   0.624263E+00  -0.126540E+13
   0.115781E-02   0.203637E+08   0.203599E+08   0.150404E+07   0.173233E+07   0.198581E+08   0.203607E+08   0.203631E+08   0.203611E+08  -0.735362E+00   0.134783E+08   0.134776E+08   0.206664E+03   0.975703E+02   0.626782E+00  -0.116415E+13
   0.127844E-02   0.207622E+08   0.207582E+08   0.119437E+07   0.149764E+07   0.201581E+08   0.207587E+08   0.207615E+08   0.207590E+08  -0.749730E+00   0.136665E+08   0.136657E+08   0.192160E+03   0.811340E+02   0.628864E+00  -0.106903E+13
   0.141163E-02   0.211116E+08   0.211075E+08   0.898247E+06   0.130019E+07   0.203938E+08   0.211075E+08   0.211109E+08   0.211078E+08  -0.762322E+00   0.138296E+08   0.138289E+08   0.176264E+03   0.673490E+02   0.630573E+00  -0.979720E+12
   0.155869E-02   0.214088E+08   0.214046E+08   0.660905E+06   0.538633E+06   0.205610E+08   0.214041E+08   0.214081E+08   0.214042E+08  -0.773020E+00   0.139660E+08   0.139652E+08   0.159691E+03   0.557961E+02   0.631973E+00  -0.896028E+12
   0.172108E-02   0.216522E+08   0.216480E+08   0.412972E+06   0.446808E+06   0.206572E+08   0.216468E+08   0.216515E+08   0.216469E+08  -0.781779E+00   0.140742E+08   0.140735E+08   0.143301E+03   0.461366E+02   0.633113E+00  -0.817778E+12
   0.190039E-02   0.218417E+08   0.218376E+08   0.176239E+06   0.369679E+06   0.206825E+08   0.218355E+08   0.218410E+08   0.218356E+08  -0.788591E+00   0.141541E+08   0.141534E+08   0.127900E+03   0.380719E+02   0.634038E+00  -0.744821E+12
   0.209838E-02   0.219783E+08   0.219741E+08   0.951692E+05   0.305106E+06   0.206379E+08   0.219712E+08   0.219776E+08   0.219713E+08  -0.793487E+00   0.142057E+08   0.142049E+08   0.114081E+03   0.313533E+02   0.634786E+00  -0.677003E+12
   0.231699E-02   0.220634E+08   0.220592E+08   0.133882E+06   0.251216E+06   0.205260E+08   0.220554E+08   0.220627E+08   0.220555E+08  -0.796525E+00   0.142295E+08   0.142288E+08   0.102198E+03   0.257697E+02   0.635391E+00  -0.614154E+12
   0.255838E-02   0.220993E+08   0.220950E+08   0.149508E+06   0.206382E+06   0.203501E+08   0.220903E+08   0.220985E+08   0.220903E+08  -0.797780E+00   0.142263E+08   0.142256E+08   0.922618E+02   0.211398E+02   0.635879E+00  -0.556082E+12
   0.282492E-02   0.220877E+08   0.220832E+08   0.171472E+06   0.169185E+06   0.201135E+08   0.220776E+08   0.220869E+08   0.220776E+08  -0.797320E+00   0.141968E+08   0.141961E+08   0.838385E+02   0.173092E+02   0.636271E+00  -0.502570E+12
   0.311923E-02   0.220307E+08   0.220260E+08   0.129252E+06   0.138406E+06   0.198189E+08   0.220194E+08   0.220299E+08   0.220195E+08  -0.795219E+00   0.141418E+08   0.141410E+08   0.763120E+02   0.141466E+02   0.636585E+00  -0.453387E+12
   0.344419E-02   0.219301E+08   0.219251E+08   0.638901E+05   0.113002E+06   0.194688E+08   0.219176E+08   0.219293E+08   0.219176E+08  -0.791540E+00   0.140618E+08   0.140611E+08   0.691613E+02   0.115406E+02   0.636835E+00  -0.408288E+12
   0.380302E-02   0.217874E+08   0.217821E+08   0.243436E+05   0.920805E+05   0.190648E+08   0.217736E+08   0.217865E+08   0.217736E+08  -0.786338E+00   0.139576E+08   0.139568E+08   0.622594E+02   0.939762E+01   0.637033E+00  -0.367023E+12
   0.419923E-02   0.216037E+08   0.215981E+08   0.429159E+05   0.748874E+05   0.186087E+08   0.215886E+08   0.216028E+08   0.215886E+08  -0.779656E+00   0.138293E+08   0.138286E+08   0.558620E+02   0.763861E+01   0.637187E+00  -0.329338E+12
   0.463671E-02   0.213800E+08   0.213740E+08   0.468697E+05   0.607861E+05   0.181021E+08   0.213635E+08   0.213790E+08   0.213635E+08  -0.771525E+00   0.136772E+08   0.136765E+08   0.502478E+02   0.619743E+01   0.637306E+00  -0.294985E+12
   0.511978E-02   0.211168E+08   0.211103E+08   0.210297E+05   0.492425E+05   0.175482E+08   0.210988E+08   0.211157E+08   0.210988E+08  -0.761965E+00   0.135014E+08   0.135007E+08   0.453471E+02   0.501859E+01   0.637395E+00  -0.263719E+12
   0.565317E-02   0.208149E+08   0.208077E+08   0.693596E+04   0.398110E+05   0.169252E+08   0.207953E+08   0.208137E+08   0.207953E+08  -0.751003E+00   0.133022E+08   0.133015E+08   0.408633E+02   0.405601E+01   0.637457E+00  -0.235311E+12
   0.624213E-02   0.204730E+08   0.204652E+08   0.190145E+03   0.321164E+05   0.162668E+08   0.204518E+08   0.204717E+08   0.204518E+08  -0.738599E+00   0.130784E+08   0.130778E+08   0.367074E+02   0.327118E+01   0.637499E+00  -0.209525E+12
   0.689245E-02   0.200916E+08   0.200828E+08  -0.240610E+05   0.258507E+05   0.155620E+08   0.200687E+08   0.200901E+08   0.200687E+08  -0.724761E+00   0.128303E+08   0.128296E+08   0.330188E+02   0.263238E+01   0.637524E+00  -0.186155E+12
   0.761052E-02   0.196700E+08   0.196602E+08  -0.219427E+05   0.207576E+05   0.148203E+08   0.196454E+08   0.196684E+08   0.196454E+08  -0.709475E+00   0.125572E+08   0.125566E+08   0.297453E+02   0.211330E+01   0.637534E+00  -0.165003E+12
   0.840340E-02   0.192077E+08   0.191966E+08  -0.254845E+04   0.166249E+05   0.140511E+08   0.191814E+08   0.192058E+08   0.191814E+08  -0.692719E+00   0.122588E+08   0.122581E+08   0.267676E+02   0.169229E+01   0.637533E+00  -0.145883E+12
   0.927889E-02   0.187040E+08   0.186914E+08  -0.131611E+05   0.132779E+05   0.132545E+08   0.186761E+08   0.187019E+08   0.186761E+08  -0.674469E+00   0.119344E+08   0.119337E+08   0.241225E+02   0.135139E+01   0.637522E+00  -0.128622E+12
   0.102456E-01   0.181581E+08   0.181438E+08  -0.460673E+04   0.105725E+05   0.124311E+08   0.181286E+08   0.181557E+08   0.181286E+08  -0.654698E+00   0.115835E+08   0.115829E+08   0.217606E+02   0.107589E+01   0.637503E+00  -0.113062E+12
   0.113130E-01   0.175692E+08   0.175528E+08  -0.646452E+04   0.839007E+04   0.115885E+08   0.175381E+08   0.175664E+08   0.175381E+08  -0.633373E+00   0.112055E+08   0.112049E+08   0.196531E+02   0.853715E+00   0.637477E+00  -0.990526E+11
   0.124916E-01   0.169362E+08   0.169175E+08  -0.288403E+04   0.663340E+04   0.107345E+08   0.169037E+08   0.169331E+08   0.169037E+08  -0.610462E+00   0.107997E+08   0.107991E+08   0.177781E+02   0.674904E+00   0.637445E+00  -0.864581E+11
   0.137930E-01   0.162586E+08   0.162372E+08  -0.519959E+04   0.522284E+04   0.987544E+07   0.162248E+08   0.162550E+08   0.162248E+08  -0.585944E+00   0.103657E+08   0.103650E+08   0.161079E+02   0.531350E+00   0.637409E+00  -0.751538E+11
   0.152300E-01   0.155362E+08   0.155117E+08   0.184696E+04   0.409323E+04   0.901434E+07   0.155012E+08   0.155320E+08   0.155012E+08  -0.559810E+00   0.990328E+07   0.990262E+07   0.146157E+02   0.416400E+00   0.637369E+00  -0.650264E+11
   0.168167E-01   0.147864E+08   0.147585E+08  -0.165774E+04   0.319506E+04   0.817104E+07   0.147504E+08   0.147817E+08   0.147504E+08  -0.532696E+00   0.942363E+07   0.942296E+07   0.132885E+02   0.325015E+00   0.637327E+00  -0.560387E+11
   0.185687E-01   0.139803E+08   0.139488E+08  -0.212939E+04   0.247757E+04   0.733360E+07   0.139436E+08   0.139750E+08   0.139436E+08  -0.503558E+00   0.890828E+07   0.890761E+07   0.120788E+02   0.252020E+00   0.637283E+00  -0.479758E+11
   0.205033E-01   0.131356E+08   0.131002E+08   0.199895E+04   0.190917E+04   0.651892E+07   0.130983E+08   0.131296E+08   0.130983E+08  -0.473033E+00   0.836845E+07   0.836778E+07   0.109700E+02   0.194198E+00   0.637238E+00  -0.408162E+11
   0.226393E-01   0.122455E+08   0.122063E+08   0.251987E+03   0.145967E+04   0.572920E+07   0.122082E+08   0.122390E+08   0.122082E+08  -0.440885E+00   0.779994E+07   0.779926E+07   0.993078E+01   0.148474E+00   0.637192E+00  -0.344538E+11
   0.249980E-01   0.113422E+08   0.112994E+08   0.104256E+03   0.110880E+04   0.498486E+07   0.113050E+08   0.113350E+08   0.113050E+08  -0.408268E+00   0.722315E+07   0.722248E+07   0.894431E+01   0.112785E+00   0.637146E+00  -0.288956E+11
   0.276023E-01   0.104365E+08   0.103906E+08   0.303398E+03   0.836720E+03   0.429251E+07   0.103997E+08   0.104288E+08   0.103997E+08  -0.375576E+00   0.664501E+07   0.664435E+07   0.798803E+01   0.851116E-01   0.637101E+00  -0.240746E+11
   0.304780E-01   0.953229E+07   0.948441E+07   0.214511E+03   0.626752E+03   0.365479E+07   0.949647E+07   0.952425E+07   0.949647E+07  -0.342955E+00   0.606813E+07   0.606749E+07   0.703562E+01   0.637556E-01   0.637056E+00  -0.199103E+11
   0.336533E-01   0.865430E+07   0.860581E+07   0.309795E+02   0.466667E+03   0.308061E+07   0.861982E+07   0.864616E+07   0.861982E+07  -0.311296E+00   0.550822E+07   0.550760E+07   0.607752E+01   0.474729E-01   0.637013E+00  -0.163679E+11
   0.371593E-01   0.783426E+07   0.778704E+07  -0.106813E+03   0.346466E+03   0.257821E+07   0.780149E+07   0.782633E+07   0.780149E+07  -0.281743E+00   0.498554E+07   0.498496E+07   0.511598E+01   0.352468E-01   0.636971E+00  -0.134169E+11
   0.410307E-01   0.709232E+07   0.704850E+07  -0.322260E+02   0.257251E+03   0.214839E+07   0.706160E+07   0.708496E+07   0.706160E+07  -0.255022E+00   0.451293E+07   0.451242E+07   0.416467E+01   0.261723E-01   0.636930E+00  -0.109991E+11
   0.451338E-01   0.647333E+07   0.643478E+07   0.194057E+03   0.194057E+03   0.180293E+07   0.644479E+07   0.646686E+07   0.644479E+07  -0.232747E+00   0.411906E+07   0.411862E+07   0.325208E+01   0.197415E-01   0.636913E+00  -0.912652E+10
   0.492368E-01   0.598371E+07   0.595127E+07   0.150741E+03   0.150741E+03   0.153745E+07   0.595725E+07   0.597826E+07   0.595725E+07  -0.215140E+00   0.380763E+07   0.380725E+07   0.252744E+01   0.153359E-01   0.636880E+00  -0.773345E+10
   0.533399E-01   0.558921E+07   0.556287E+07   0.119989E+03   0.119989E+03   0.132864E+07   0.556464E+07   0.558479E+07   0.556464E+07  -0.200961E+00   0.355683E+07   0.355652E+07   0.195031E+01   0.122080E-01   0.636851E+00  -0.666839E+10
   0.574430E-01   0.525705E+07   0.523606E+07   0.973228E+02   0.973228E+02   0.115900E+07   0.523415E+07   0.525352E+07   0.523415E+07  -0.189026E+00   0.334570E+07   0.334544E+07   0.151663E+01   0.990243E-02   0.636825E+00  -0.582453E+10
   0.615460E-01   0.496161E+07   0.494473E+07   0.800226E+02   0.800226E+02   0.101659E+07   0.494012E+07   0.495878E+07   0.494012E+07  -0.178407E+00   0.315787E+07   0.315764E+07   0.121299E+01   0.814260E-02   0.636802E+00  -0.513103E+10
   0.656491E-01   0.468317E+07   0.466890E+07   0.663892E+02   0.663892E+02   0.893341E+06   0.466285E+07   0.468077E+07   0.466285E+07  -0.168394E+00   0.298072E+07   0.298052E+07   0.101815E+01   0.675571E-02   0.636781E+00  -0.454050E+10
   0.697522E-01   0.440772E+07   0.439461E+07   0.553502E+02   0.553502E+02   0.784030E+06   0.438838E+07   0.440552E+07   0.438838E+07  -0.158482E+00   0.280535E+07   0.280516E+07   0.905965E+00   0.563265E-02   0.636763E+00  -0.402198E+10
   0.738552E-01   0.413760E+07   0.412444E+07   0.463438E+02   0.463438E+02   0.687336E+06   0.411907E+07   0.413539E+07   0.411907E+07  -0.148756E+00   0.263326E+07   0.263308E+07   0.850427E+00   0.471633E-02   0.636746E+00  -0.356553E+10
   0.779583E-01   0.386413E+07   0.385010E+07   0.388418E+02   0.388418E+02   0.600363E+06   0.384634E+07   0.386177E+07   0.384634E+07  -0.138907E+00   0.245897E+07   0.245878E+07   0.824606E+00   0.395301E-02   0.636730E+00  -0.315429E+10
   0.820614E-01   0.360066E+07   0.358544E+07   0.326613E+02   0.326613E+02   0.524013E+06   0.358356E+07   0.359810E+07   0.358356E+07  -0.129416E+00   0.229103E+07   0.229083E+07   0.808835E+00   0.332412E-02   0.636716E+00  -0.279192E+10
   0.861644E-01   0.335448E+07   0.333815E+07   0.275963E+02   0.275963E+02   0.457983E+06   0.333804E+07   0.335174E+07   0.333804E+07  -0.120550E+00   0.213412E+07   0.213392E+07   0.788180E+00   0.280871E-02   0.636704E+00  -0.247685E+10
   0.912856E-01   0.308073E+07   0.306365E+07   0.225778E+02   0.225778E+02   0.389235E+06   0.306514E+07   0.307786E+07   0.306514E+07  -0.110694E+00   0.195969E+07   0.195949E+07   0.743052E+00   0.229800E-02   0.636689E+00  -0.214681E+10
   0.964067E-01   0.285247E+07   0.283564E+07   0.187419E+02   0.187419E+02   0.334328E+06   0.283774E+07   0.284964E+07   0.283774E+07  -0.102482E+00   0.181435E+07   0.181415E+07   0.673355E+00   0.190763E-02   0.636676E+00  -0.188201E+10
   0.101528E+00   0.267251E+07   0.265695E+07   0.158329E+02   0.158329E+02   0.291283E+06   0.265864E+07   0.266990E+07   0.265864E+07  -0.960140E-01   0.169987E+07   0.169969E+07   0.585640E+00   0.161158E-02   0.636664E+00  -0.167432E+10
   0.106649E+00   0.253428E+07   0.252069E+07   0.136078E+02   0.136078E+02   0.257482E+06   0.252123E+07   0.253200E+07   0.252123E+07  -0.910516E-01   0.161204E+07   0.161188E+07   0.491811E+00   0.138512E-02   0.636653E+00  -0.151157E+10
   0.111770E+00   0.242413E+07   0.241278E+07   0.118522E+02   0.118522E+02   0.230156E+06   0.241185E+07   0.242223E+07   0.241185E+07  -0.871015E-01   0.154213E+07   0.154199E+07   0.404368E+00   0.120644E-02   0.636643E+00  -0.137976E+10
   0.116891E+00   0.232736E+07   0.231804E+07   0.104051E+02   0.104051E+02   0.207028E+06   0.231577E+07   0.232579E+07   0.231577E+07  -0.836315E-01   0.148071E+07   0.148059E+07   0.332949E+00   0.105914E-02   0.636635E+00  -0.126677E+10
   0.122012E+00   0.223246E+07   0.222462E+07   0.916129E+01   0.916129E+01   0.186569E+06   0.222147E+07   0.223114E+07   0.222147E+07  -0.802260E-01   0.142043E+07   0.142033E+07   0.282403E+00   0.932548E-03   0.636627E+00  -0.116420E+10
   0.127134E+00   0.213269E+07   0.212563E+07   0.806128E+01   0.806128E+01   0.167920E+06   0.212221E+07   0.213151E+07   0.212221E+07  -0.766416E-01   0.135698E+07   0.135689E+07   0.252458E+00   0.820580E-03   0.636619E+00  -0.106739E+10
   0.132255E+00   0.202621E+07   0.201925E+07   0.707699E+01   0.707699E+01   0.150728E+06   0.201617E+07   0.202504E+07   0.201617E+07  -0.728119E-01   0.128919E+07   0.128909E+07   0.238760E+00   0.720392E-03   0.636613E+00  -0.974800E+09
   0.137376E+00   0.191518E+07   0.190786E+07   0.619937E+01   0.619937E+01   0.134957E+06   0.190553E+07   0.191395E+07   0.190553E+07  -0.688163E-01   0.121846E+07   0.121836E+07   0.234731E+00   0.631061E-03   0.636607E+00  -0.886972E+09
   0.142497E+00   0.180440E+07   0.179653E+07   0.542800E+01   0.542800E+01   0.120728E+06   0.179511E+07   0.180308E+07   0.179511E+07  -0.648287E-01   0.114786E+07   0.114776E+07   0.233590E+00   0.552546E-03   0.636601E+00  -0.805552E+09
   0.147618E+00   0.169996E+07   0.169162E+07   0.476473E+01   0.476473E+01   0.108212E+06   0.169103E+07   0.169856E+07   0.169103E+07  -0.610698E-01   0.108132E+07   0.108121E+07   0.230005E+00   0.485034E-03   0.636596E+00  -0.732524E+09
   0.152739E+00   0.160762E+07   0.159910E+07   0.420856E+01   0.420856E+01   0.975254E+05   0.159905E+07   0.160619E+07   0.159905E+07  -0.577482E-01   0.102251E+07   0.102241E+07   0.221006E+00   0.428425E-03   0.636591E+00  -0.669461E+09
   0.157860E+00   0.153060E+07   0.152226E+07   0.375106E+01   0.375106E+01   0.886205E+05   0.152238E+07   0.152920E+07   0.152238E+07  -0.549791E-01   0.973486E+06   0.973389E+06   0.206091E+00   0.381857E-03   0.636587E+00  -0.616688E+09
   0.162982E+00   0.146830E+07   0.146050E+07   0.337588E+01   0.337588E+01   0.812503E+05   0.146043E+07   0.146699E+07   0.146043E+07  -0.527419E-01   0.933879E+06   0.933788E+06   0.186713E+00   0.343669E-03   0.636583E+00  -0.573008E+09
   0.168103E+00   0.141750E+07   0.141046E+07   0.306372E+01   0.306372E+01   0.750673E+05   0.140997E+07   0.141632E+07   0.140997E+07  -0.509196E-01   0.901615E+06   0.901532E+06   0.165473E+00   0.311894E-03   0.636580E+00  -0.536359E+09
   0.173224E+00   0.137412E+07   0.136791E+07   0.279715E+01   0.279715E+01   0.697352E+05   0.136691E+07   0.137308E+07   0.136691E+07  -0.493644E-01   0.874082E+06   0.874007E+06   0.145212E+00   0.284761E-03   0.636576E+00  -0.504608E+09
   0.178345E+00   0.133401E+07   0.132854E+07   0.256199E+01   0.256199E+01   0.649634E+05   0.132709E+07   0.133309E+07   0.132709E+07  -0.479266E-01   0.848626E+06   0.848558E+06   0.128205E+00   0.260822E-03   0.636573E+00  -0.475845E+09
   0.183466E+00   0.129335E+07   0.128841E+07   0.234727E+01   0.234727E+01   0.605159E+05   0.128669E+07   0.129252E+07   0.128669E+07  -0.464674E-01   0.822792E+06   0.822728E+06   0.115661E+00   0.238965E-03   0.636571E+00  -0.448481E+09
   0.188587E+00   0.124964E+07   0.124499E+07   0.214648E+01   0.214648E+01   0.562503E+05   0.124322E+07   0.124886E+07   0.124322E+07  -0.448974E-01   0.794996E+06   0.794935E+06   0.107632E+00   0.218526E-03   0.636568E+00  -0.421563E+09
   0.193708E+00   0.120265E+07   0.119805E+07   0.195794E+01   0.195794E+01   0.521391E+05   0.119643E+07   0.120187E+07   0.119643E+07  -0.432079E-01   0.765083E+06   0.765023E+06   0.103246E+00   0.199334E-03   0.636565E+00  -0.394976E+09
   0.198830E+00   0.115391E+07   0.114921E+07   0.178299E+01   0.178299E+01   0.482323E+05   0.114789E+07   0.115312E+07   0.114789E+07  -0.414549E-01   0.734045E+06   0.733984E+06   0.101083E+00   0.181524E-03   0.636563E+00  -0.369191E+09
   0.203951E+00   0.110557E+07   0.110071E+07   0.162351E+01   0.162351E+01   0.445960E+05   0.109974E+07   0.110476E+07   0.109974E+07  -0.397160E-01   0.703257E+06   0.703196E+06   0.996062E-01   0.165289E-03   0.636561E+00  -0.344825E+09
   0.209072E+00   0.105973E+07   0.105474E+07   0.148081E+01   0.148081E+01   0.412830E+05   0.105408E+07   0.105890E+07   0.105408E+07  -0.380670E-01   0.674061E+06   0.674000E+06   0.975474E-01   0.150763E-03   0.636559E+00  -0.322413E+09
   0.214193E+00   0.101817E+07   0.101315E+07   0.135546E+01   0.135546E+01   0.383261E+05   0.101269E+07   0.101733E+07   0.101269E+07  -0.365723E-01   0.647597E+06   0.647537E+06   0.941620E-01   0.138003E-03   0.636557E+00  -0.302349E+09
   0.219314E+00   0.981956E+06   0.977043E+06   0.124690E+01   0.124690E+01   0.357259E+05   0.976657E+06   0.981131E+06   0.976657E+06  -0.352709E-01   0.624555E+06   0.624496E+06   0.892943E-01   0.126951E-03   0.636555E+00  -0.284782E+09
   0.224435E+00   0.951086E+06   0.946400E+06   0.115323E+01   0.115323E+01   0.334446E+05   0.945960E+06   0.950300E+06   0.945960E+06  -0.341624E-01   0.604927E+06   0.604871E+06   0.832786E-01   0.117416E-03   0.636554E+00  -0.269539E+09
   0.229556E+00   0.924573E+06   0.920193E+06   0.107165E+01   0.107165E+01   0.314161E+05   0.919614E+06   0.923837E+06   0.919614E+06  -0.332109E-01   0.588080E+06   0.588027E+06   0.767471E-01   0.109112E-03   0.636552E+00  -0.256187E+09
   0.234678E+00   0.900910E+06   0.896863E+06   0.999190E+00   0.999190E+00   0.295679E+05   0.896110E+06   0.900231E+06   0.896110E+06  -0.323621E-01   0.573051E+06   0.573002E+06   0.704107E-01   0.101736E-03   0.636551E+00  -0.244192E+09
   0.239799E+00   0.878500E+06   0.874754E+06   0.933199E+00   0.933199E+00   0.278360E+05   0.873848E+06   0.877871E+06   0.873848E+06  -0.315581E-01   0.558816E+06   0.558770E+06   0.648631E-01   0.950184E-04   0.636549E+00  -0.233041E+09
   0.244920E+00   0.855984E+06   0.852470E+06   0.871677E+00   0.871677E+00   0.261753E+05   0.851470E+06   0.855394E+06   0.851470E+06  -0.307500E-01   0.544507E+06   0.544463E+06   0.604514E-01   0.887553E-04   0.636548E+00  -0.222326E+09
   0.250041E+00   0.832573E+06   0.829203E+06   0.813471E+00   0.813471E+00   0.245647E+05   0.828186E+06   0.832007E+06   0.828186E+06  -0.299091E-01   0.529619E+06   0.529576E+06   0.572364E-01   0.828295E-04   0.636546E+00  -0.211818E+09
   0.255162E+00   0.808179E+06   0.804870E+06   0.758253E+00   0.758253E+00   0.230067E+05   0.803910E+06   0.807623E+06   0.803910E+06  -0.290324E-01   0.514096E+06   0.514054E+06   0.550301E-01   0.772076E-04   0.636545E+00  -0.201483E+09
   0.260283E+00   0.783254E+06   0.779948E+06   0.706220E+00   0.706220E+00   0.215174E+05   0.779097E+06   0.782699E+06   0.779097E+06  -0.281363E-01   0.498230E+06   0.498188E+06   0.534850E-01   0.719098E-04   0.636544E+00  -0.191423E+09
   0.265404E+00   0.758515E+06   0.755186E+06   0.657757E+00   0.657757E+00   0.201162E+05   0.754464E+06   0.757956E+06   0.754464E+06  -0.272467E-01   0.482479E+06   0.482437E+06   0.522045E-01   0.669754E-04   0.636543E+00  -0.181794E+09
   0.270526E+00   0.734741E+06   0.731397E+06   0.613229E+00   0.613229E+00   0.188204E+05   0.730794E+06   0.734179E+06   0.730794E+06  -0.263919E-01   0.467343E+06   0.467302E+06   0.508462E-01   0.624416E-04   0.636542E+00  -0.172758E+09
   0.275647E+00   0.712616E+06   0.709289E+06   0.572858E+00   0.572858E+00   0.176410E+05   0.708771E+06   0.712057E+06   0.708771E+06  -0.255965E-01   0.453260E+06   0.453220E+06   0.491917E-01   0.583309E-04   0.636540E+00  -0.164439E+09
   0.280768E+00   0.692547E+06   0.689281E+06   0.536597E+00   0.536597E+00   0.165807E+05   0.688802E+06   0.691998E+06   0.688802E+06  -0.248754E-01   0.440491E+06   0.440452E+06   0.471718E-01   0.546387E-04   0.636539E+00  -0.156892E+09
   0.285889E+00   0.674551E+06   0.671389E+06   0.504098E+00   0.504098E+00   0.156323E+05   0.670904E+06   0.674020E+06   0.670904E+06  -0.242290E-01   0.429046E+06   0.429008E+06   0.448506E-01   0.513296E-04   0.636538E+00  -0.150078E+09
   0.291010E+00   0.658310E+06   0.655281E+06   0.474806E+00   0.474806E+00   0.147815E+05   0.654758E+06   0.657801E+06   0.654758E+06  -0.236459E-01   0.418722E+06   0.418685E+06   0.423821E-01   0.483468E-04   0.636537E+00  -0.143889E+09
   0.296131E+00   0.643323E+06   0.640438E+06   0.448096E+00   0.448096E+00   0.140113E+05   0.639863E+06   0.642839E+06   0.639863E+06  -0.231080E-01   0.409197E+06   0.409161E+06   0.399541E-01   0.456271E-04   0.636536E+00  -0.138184E+09
   0.301252E+00   0.629044E+06   0.626296E+06   0.423388E+00   0.423388E+00   0.133046E+05   0.625671E+06   0.628583E+06   0.625671E+06  -0.225955E-01   0.400121E+06   0.400087E+06   0.377339E-01   0.431111E-04   0.636536E+00  -0.132822E+09
   0.306374E+00   0.614987E+06   0.612352E+06   0.400210E+00   0.400210E+00   0.126470E+05   0.611696E+06   0.614545E+06   0.611696E+06  -0.220908E-01   0.391185E+06   0.391152E+06   0.358293E-01   0.407510E-04   0.636535E+00  -0.127685E+09
   0.311495E+00   0.600827E+06   0.598276E+06   0.378247E+00   0.378247E+00   0.120277E+05   0.597614E+06   0.600399E+06   0.597614E+06  -0.215822E-01   0.382180E+06   0.382148E+06   0.342733E-01   0.385146E-04   0.636534E+00  -0.122695E+09
   0.316616E+00   0.586469E+06   0.583971E+06   0.357361E+00   0.357361E+00   0.114409E+05   0.583330E+06   0.586050E+06   0.583330E+06  -0.210664E-01   0.373046E+06   0.373014E+06   0.330294E-01   0.363878E-04   0.636533E+00  -0.117825E+09
   0.321737E+00   0.572029E+06   0.569562E+06   0.337551E+00   0.337551E+00   0.108851E+05   0.568962E+06   0.571615E+06   0.568962E+06  -0.205475E-01   0.363857E+06   0.363826E+06   0.320119E-01   0.343707E-04   0.636532E+00  -0.113094E+09
   0.326858E+00   0.557752E+06   0.555303E+06   0.318889E+00   0.318889E+00   0.103608E+05   0.554752E+06   0.557340E+06   0.554752E+06  -0.200343E-01   0.354770E+06   0.354740E+06   0.311145E-01   0.324706E-04   0.636532E+00  -0.108542E+09
   0.331979E+00   0.543909E+06   0.541479E+06   0.301450E+00   0.301450E+00   0.986928E+04   0.540976E+06   0.543501E+06   0.540976E+06  -0.195368E-01   0.345961E+06   0.345930E+06   0.302383E-01   0.306950E-04   0.636531E+00  -0.104214E+09
   0.337100E+00   0.530736E+06   0.528332E+06   0.285277E+00   0.285277E+00   0.941050E+04   0.527867E+06   0.530332E+06   0.527867E+06  -0.190634E-01   0.337578E+06   0.337548E+06   0.293132E-01   0.290483E-04   0.636530E+00  -0.100144E+09
   0.342222E+00   0.518380E+06   0.516017E+06   0.270357E+00   0.270357E+00   0.898315E+04   0.515574E+06   0.517983E+06   0.515574E+06  -0.186194E-01   0.329717E+06   0.329688E+06   0.283084E-01   0.275292E-04   0.636530E+00  -0.963481E+08
   0.347343E+00   0.506876E+06   0.504567E+06   0.256620E+00   0.256620E+00   0.858409E+04   0.504132E+06   0.506488E+06   0.504132E+06  -0.182062E-01   0.322399E+06   0.322371E+06   0.272311E-01   0.261306E-04   0.636529E+00  -0.928209E+08
   0.352464E+00   0.496144E+06   0.493901E+06   0.243942E+00   0.243942E+00   0.820895E+04   0.493460E+06   0.495767E+06   0.493460E+06  -0.178208E-01   0.315575E+06   0.315547E+06   0.261169E-01   0.248398E-04   0.636529E+00  -0.895359E+08
   0.357585E+00   0.486024E+06   0.483851E+06   0.232172E+00   0.232172E+00   0.785290E+04   0.483397E+06   0.485659E+06   0.483397E+06  -0.174574E-01   0.309140E+06   0.309113E+06   0.250148E-01   0.236416E-04   0.636528E+00  -0.864541E+08
   0.362706E+00   0.476326E+06   0.474223E+06   0.221162E+00   0.221162E+00   0.751181E+04   0.473756E+06   0.475973E+06   0.473756E+06  -0.171092E-01   0.302975E+06   0.302948E+06   0.239726E-01   0.225206E-04   0.636528E+00  -0.835336E+08
   0.367827E+00   0.466880E+06   0.464838E+06   0.210783E+00   0.210783E+00   0.718284E+04   0.464363E+06   0.466537E+06   0.464363E+06  -0.167700E-01   0.296968E+06   0.296943E+06   0.230254E-01   0.214639E-04   0.636527E+00  -0.807375E+08
   0.372948E+00   0.457554E+06   0.455564E+06   0.200939E+00   0.200939E+00   0.686457E+04   0.455089E+06   0.457220E+06   0.455089E+06  -0.164351E-01   0.291037E+06   0.291012E+06   0.221882E-01   0.204616E-04   0.636527E+00  -0.780386E+08
   0.378070E+00   0.448282E+06   0.446333E+06   0.191570E+00   0.191570E+00   0.655694E+04   0.445866E+06   0.447955E+06   0.445866E+06  -0.161020E-01   0.285139E+06   0.285115E+06   0.214560E-01   0.195077E-04   0.636526E+00  -0.754215E+08
   0.383191E+00   0.439075E+06   0.437157E+06   0.182653E+00   0.182653E+00   0.626087E+04   0.436706E+06   0.438753E+06   0.436706E+06  -0.157712E-01   0.279282E+06   0.279258E+06   0.208083E-01   0.185997E-04   0.636526E+00  -0.728848E+08
   0.388312E+00   0.430008E+06   0.428117E+06   0.174193E+00   0.174193E+00   0.597793E+04   0.427685E+06   0.429690E+06   0.427685E+06  -0.154454E-01   0.273513E+06   0.273489E+06   0.202168E-01   0.177383E-04   0.636525E+00  -0.704380E+08
   0.393433E+00   0.421171E+06   0.419304E+06   0.166200E+00   0.166200E+00   0.570929E+04   0.418893E+06   0.420858E+06   0.418893E+06  -0.151279E-01   0.267891E+06   0.267867E+06   0.196526E-01   0.169243E-04   0.636525E+00  -0.680920E+08
   0.398554E+00   0.412638E+06   0.410797E+06   0.158674E+00   0.158674E+00   0.545550E+04   0.410404E+06   0.412329E+06   0.410404E+06  -0.148213E-01   0.262462E+06   0.262439E+06   0.190923E-01   0.161580E-04   0.636524E+00  -0.658549E+08
   0.403675E+00   0.404458E+06   0.402646E+06   0.151607E+00   0.151607E+00   0.521652E+04   0.402265E+06   0.404153E+06   0.402265E+06  -0.145274E-01   0.257257E+06   0.257235E+06   0.185228E-01   0.154384E-04   0.636524E+00  -0.637302E+08
   0.408796E+00   0.396657E+06   0.394878E+06   0.144981E+00   0.144981E+00   0.499192E+04   0.394506E+06   0.396358E+06   0.394506E+06  -0.142472E-01   0.252295E+06   0.252273E+06   0.179421E-01   0.147636E-04   0.636524E+00  -0.617180E+08
   0.413918E+00   0.389229E+06   0.387488E+06   0.138768E+00   0.138768E+00   0.478093E+04   0.387118E+06   0.388937E+06   0.387118E+06  -0.139804E-01   0.247571E+06   0.247549E+06   0.173570E-01   0.141310E-04   0.636523E+00  -0.598130E+08
   0.419039E+00   0.382124E+06   0.380422E+06   0.132926E+00   0.132926E+00   0.458234E+04   0.380053E+06   0.381838E+06   0.380053E+06  -0.137252E-01   0.243053E+06   0.243031E+06   0.167798E-01   0.135361E-04   0.636523E+00  -0.580037E+08
   0.424160E+00   0.375272E+06   0.373609E+06   0.127409E+00   0.127409E+00   0.439484E+04   0.373239E+06   0.374992E+06   0.373239E+06  -0.134791E-01   0.238695E+06   0.238674E+06   0.162235E-01   0.129743E-04   0.636522E+00  -0.562760E+08
   0.429281E+00   0.368608E+06   0.366982E+06   0.122179E+00   0.122179E+00   0.421732E+04   0.366611E+06   0.368335E+06   0.366611E+06  -0.132398E-01   0.234457E+06   0.234436E+06   0.156991E-01   0.124417E-04   0.636522E+00  -0.546173E+08
   0.434402E+00   0.362088E+06   0.360495E+06   0.117205E+00   0.117205E+00   0.404894E+04   0.360127E+06   0.361820E+06   0.360127E+06  -0.130056E-01   0.230310E+06   0.230290E+06   0.152128E-01   0.119352E-04   0.636522E+00  -0.530189E+08
   0.439523E+00   0.355682E+06   0.354119E+06   0.112464E+00   0.112464E+00   0.388915E+04   0.353756E+06   0.355420E+06   0.353756E+06  -0.127755E-01   0.226235E+06   0.226216E+06   0.147652E-01   0.114525E-04   0.636521E+00  -0.514741E+08
   0.444644E+00   0.349377E+06   0.347841E+06   0.107941E+00   0.107941E+00   0.373754E+04   0.347484E+06   0.349119E+06   0.347484E+06  -0.125490E-01   0.222225E+06   0.222206E+06   0.143518E-01   0.109918E-04   0.636521E+00  -0.499792E+08
   0.449766E+00   0.343181E+06   0.341668E+06   0.103625E+00   0.103625E+00   0.359399E+04   0.341321E+06   0.342926E+06   0.341321E+06  -0.123264E-01   0.218283E+06   0.218264E+06   0.139650E-01   0.105524E-04   0.636521E+00  -0.485337E+08
   0.454887E+00   0.337119E+06   0.335628E+06   0.995156E-01   0.995156E-01   0.345852E+04   0.335291E+06   0.336868E+06   0.335291E+06  -0.121087E-01   0.214427E+06   0.214408E+06   0.135964E-01   0.101338E-04   0.636520E+00  -0.471396E+08
   0.460008E+00   0.331222E+06   0.329753E+06   0.956098E-01   0.956098E-01   0.333111E+04   0.329425E+06   0.330975E+06   0.329425E+06  -0.118968E-01   0.210675E+06   0.210657E+06   0.132385E-01   0.973609E-05   0.636520E+00  -0.457993E+08
   0.465129E+00   0.325510E+06   0.324063E+06   0.919034E-01   0.919034E-01   0.321150E+04   0.323743E+06   0.325268E+06   0.323743E+06  -0.116917E-01   0.207042E+06   0.207024E+06   0.128862E-01   0.935865E-05   0.636520E+00  -0.445139E+08
   0.470250E+00   0.319991E+06   0.318567E+06   0.883879E-01   0.883879E-01   0.309918E+04   0.318253E+06   0.319752E+06   0.318253E+06  -0.114934E-01   0.203531E+06   0.203514E+06   0.125372E-01   0.900066E-05   0.636520E+00  -0.432825E+08
   0.475371E+00   0.314658E+06   0.313258E+06   0.850522E-01   0.850522E-01   0.299345E+04   0.312949E+06   0.314423E+06   0.312949E+06  -0.113018E-01   0.200139E+06   0.200122E+06   0.121920E-01   0.866098E-05   0.636519E+00  -0.421026E+08
   0.480492E+00   0.309499E+06   0.308125E+06   0.818842E-01   0.818842E-01   0.289353E+04   0.307819E+06   0.309269E+06   0.307819E+06  -0.111166E-01   0.196858E+06   0.196841E+06   0.118532E-01   0.833839E-05   0.636519E+00  -0.409710E+08
   0.485614E+00   0.304501E+06   0.303151E+06   0.788717E-01   0.788717E-01   0.279865E+04   0.302847E+06   0.304274E+06   0.302847E+06  -0.109370E-01   0.193679E+06   0.193662E+06   0.115242E-01   0.803162E-05   0.636519E+00  -0.398843E+08
   0.490735E+00   0.299640E+06   0.298314E+06   0.760012E-01   0.760012E-01   0.270809E+04   0.298013E+06   0.299417E+06   0.298013E+06  -0.107624E-01   0.190587E+06   0.190571E+06   0.112083E-01   0.773934E-05   0.636519E+00  -0.388380E+08
   0.495856E+00   0.294892E+06   0.293589E+06   0.732600E-01   0.732600E-01   0.262124E+04   0.293291E+06   0.294673E+06   0.293291E+06  -0.105919E-01   0.187568E+06   0.187551E+06   0.109075E-01   0.746020E-05   0.636518E+00  -0.378279E+08
   0.500977E+00   0.290238E+06   0.288958E+06   0.706374E-01   0.706374E-01   0.253761E+04   0.288663E+06   0.290023E+06   0.288663E+06  -0.104248E-01   0.184608E+06   0.184592E+06   0.106224E-01   0.719316E-05   0.636518E+00  -0.368504E+08
   0.506098E+00   0.285675E+06   0.284414E+06   0.681269E-01   0.681269E-01   0.245692E+04   0.284124E+06   0.285463E+06   0.284124E+06  -0.102608E-01   0.181705E+06   0.181690E+06   0.103524E-01   0.693752E-05   0.636518E+00  -0.359040E+08
   0.511219E+00   0.281205E+06   0.279963E+06   0.657239E-01   0.657239E-01   0.237891E+04   0.279677E+06   0.280996E+06   0.279677E+06  -0.101003E-01   0.178862E+06   0.178846E+06   0.100956E-01   0.669283E-05   0.636518E+00  -0.349880E+08
   0.516340E+00   0.276830E+06   0.275606E+06   0.634243E-01   0.634243E-01   0.230335E+04   0.275326E+06   0.276624E+06   0.275326E+06  -0.994312E-02   0.176079E+06   0.176064E+06   0.984961E-02   0.645868E-05   0.636518E+00  -0.341021E+08
   0.521462E+00   0.272554E+06   0.271347E+06   0.612241E-01   0.612241E-01   0.222995E+04   0.271073E+06   0.272351E+06   0.271073E+06  -0.978951E-02   0.173359E+06   0.173344E+06   0.961193E-02   0.623464E-05   0.636517E+00  -0.332455E+08
   0.526583E+00   0.268381E+06   0.267192E+06   0.591198E-01   0.591198E-01   0.215850E+04   0.266922E+06   0.268181E+06   0.266922E+06  -0.963963E-02   0.170705E+06   0.170690E+06   0.938060E-02   0.602038E-05   0.636517E+00  -0.324182E+08
   0.531704E+00   0.264319E+06   0.263147E+06   0.571087E-01   0.571087E-01   0.208883E+04   0.262882E+06   0.264122E+06   0.262882E+06  -0.949371E-02   0.168121E+06   0.168106E+06   0.915448E-02   0.581561E-05   0.636517E+00  -0.316199E+08
   0.536825E+00   0.260369E+06   0.259214E+06   0.551871E-01   0.551871E-01   0.202084E+04   0.258953E+06   0.260175E+06   0.258953E+06  -0.935183E-02   0.165608E+06   0.165594E+06   0.893323E-02   0.561995E-05   0.636517E+00  -0.308503E+08
   0.541946E+00   0.256525E+06   0.255388E+06   0.533496E-01   0.533496E-01   0.195448E+04   0.255130E+06   0.256334E+06   0.255130E+06  -0.921375E-02   0.163163E+06   0.163149E+06   0.871707E-02   0.543284E-05   0.636517E+00  -0.301076E+08
   0.547067E+00   0.252777E+06   0.251657E+06   0.515906E-01   0.515906E-01   0.188974E+04   0.251402E+06   0.252589E+06   0.251402E+06  -0.907914E-02   0.160779E+06   0.160765E+06   0.850665E-02   0.525373E-05   0.636516E+00  -0.293900E+08
   0.559946E+00   0.243742E+06   0.242664E+06   0.474846E-01   0.474846E-01   0.173518E+04   0.242416E+06   0.243561E+06   0.242416E+06  -0.875461E-02   0.155033E+06   0.155019E+06   0.800769E-02   0.483563E-05   0.636516E+00  -0.276877E+08
   0.593872E+00   0.222098E+06   0.221115E+06   0.384657E-01   0.384657E-01   0.140243E+04   0.220889E+06   0.221933E+06   0.220889E+06  -0.797719E-02   0.141266E+06   0.141253E+06   0.689484E-02   0.391715E-05   0.636515E+00  -0.237878E+08
   0.629853E+00   0.202324E+06   0.201429E+06   0.311517E-01   0.311517E-01   0.116188E+04   0.201222E+06   0.202173E+06   0.201222E+06  -0.726692E-02   0.128688E+06   0.128677E+06   0.592650E-02   0.317232E-05   0.636514E+00  -0.204319E+08
   0.879031E+00   0.118272E+06   0.117749E+06   0.934950E-02   0.934950E-02   0.369807E+03   0.117627E+06   0.118184E+06   0.117627E+06  -0.424796E-02   0.752266E+05   0.752200E+05   0.251313E-02   0.952139E-06   0.636510E+00  -0.855809E+07
   0.122679E+01   0.683034E+05   0.680012E+05   0.277216E-02   0.277216E-02   0.112299E+03   0.679301E+05   0.682526E+05   0.679301E+05  -0.245323E-02   0.434440E+05   0.434401E+05   0.106513E-02   0.282314E-06   0.636508E+00  -0.354136E+07
   0.171212E+01   0.390358E+05   0.388630E+05   0.813411E-03   0.813411E-03   0.335476E+02   0.388224E+05   0.390068E+05   0.388224E+05  -0.140203E-02   0.248285E+05   0.248262E+05   0.456504E-03   0.828380E-07   0.636507E+00  -0.145019E+07
   0.238945E+01   0.221094E+05   0.220113E+05   0.236534E-03   0.236534E-03   0.994328E+01   0.219884E+05   0.220929E+05   0.219884E+05  -0.794089E-03   0.140625E+05   0.140611E+05   0.201418E-03   0.240888E-07   0.636506E+00  -0.588536E+06
