#          k/h    CDM            baryon         photon         nu             mass_nu        total          no_nu          total_de       Weyl           v_CDM          v_b            v_b-v_c        ISW            log_grow       pert_vel    
   0.994668E-05   0.169131E+08   0.169131E+08   0.225373E+08   0.225369E+08   0.169154E+08   0.169131E+08   0.169131E+08   0.169191E+08  -0.458571E+00   0.992969E+07   0.992969E+07   0.626231E+01   0.112835E+07   0.489657E+00  -0.998329E+14
   0.109829E-04   0.169134E+08   0.169134E+08   0.225347E+08   0.225341E+08   0.169156E+08   0.169134E+08   0.169134E+08   0.169194E+08  -0.458578E+00   0.992978E+07   0.992978E+07   0.691453E+01   0.925464E+06   0.489666E+00  -0.904142E+14
   0.121272E-04   0.169137E+08   0.169137E+08   0.225315E+08   0.225308E+08   0.169159E+08   0.169137E+08   0.169137E+08   0.169197E+08  -0.458586E+00   0.992988E+07   0.992988E+07   0.763462E+01   0.759061E+06   0.489677E+00  -0.818842E+14
   0.133906E-04   0.169141E+08   0.169141E+08   0.225276E+08   0.225268E+08   0.169163E+08   0.169141E+08   0.169141E+08   0.169201E+08  -0.458597E+00   0.993000E+07   0.993000E+07   0.842964E+01   0.622577E+06   0.489691E+00  -0.741592E+14
   0.147857E-04   0.169146E+08   0.169146E+08   0.225229E+08   0.225219E+08   0.169168E+08   0.169146E+08   0.169146E+08   0.169206E+08  -0.458610E+00   0.993015E+07   0.993015E+07   0.930736E+01   0.510633E+06   0.489708E+00  -0.671631E+14
   0.163261E-04   0.169151E+08   0.169151E+08   0.225171E+08   0.225159E+08   0.169173E+08   0.169151E+08   0.169151E+08   0.169212E+08  -0.458625E+00   0.993034E+07   0.993034E+07   0.102763E+02   0.418818E+06   0.489729E+00  -0.608272E+14
   0.180270E-04   0.169158E+08   0.169158E+08   0.225100E+08   0.225087E+08   0.169180E+08   0.169158E+08   0.169158E+08   0.169219E+08  -0.458644E+00   0.993056E+07   0.993056E+07   0.113460E+02   0.343510E+06   0.489753E+00  -0.550892E+14
   0.199051E-04   0.169167E+08   0.169167E+08   0.225015E+08   0.224998E+08   0.169188E+08   0.169167E+08   0.169167E+08   0.169227E+08  -0.458667E+00   0.993084E+07   0.993084E+07   0.125269E+02   0.281744E+06   0.489784E+00  -0.498928E+14
   0.219788E-04   0.169177E+08   0.169177E+08   0.224910E+08   0.224889E+08   0.169198E+08   0.169178E+08   0.169177E+08   0.169238E+08  -0.458696E+00   0.993118E+07   0.993118E+07   0.138303E+02   0.231083E+06   0.489821E+00  -0.451868E+14
   0.242687E-04   0.169190E+08   0.169190E+08   0.224783E+08   0.224757E+08   0.169211E+08   0.169190E+08   0.169190E+08   0.169250E+08  -0.458730E+00   0.993158E+07   0.993158E+07   0.152690E+02   0.189531E+06   0.489866E+00  -0.409250E+14
   0.267970E-04   0.169206E+08   0.169206E+08   0.224627E+08   0.224597E+08   0.169226E+08   0.169206E+08   0.169206E+08   0.169266E+08  -0.458772E+00   0.993208E+07   0.993208E+07   0.168567E+02   0.155450E+06   0.489921E+00  -0.370655E+14
   0.295888E-04   0.169225E+08   0.169225E+08   0.224438E+08   0.224401E+08   0.169244E+08   0.169225E+08   0.169225E+08   0.169285E+08  -0.458823E+00   0.993269E+07   0.993269E+07   0.186089E+02   0.127498E+06   0.489988E+00  -0.335703E+14
   0.326714E-04   0.169248E+08   0.169248E+08   0.224208E+08   0.224162E+08   0.169266E+08   0.169248E+08   0.169248E+08   0.169308E+08  -0.458885E+00   0.993343E+07   0.993342E+07   0.205422E+02   0.104571E+06   0.490069E+00  -0.304051E+14
   0.360752E-04   0.169276E+08   0.169276E+08   0.223927E+08   0.223872E+08   0.169293E+08   0.169276E+08   0.169276E+08   0.169336E+08  -0.458961E+00   0.993433E+07   0.993432E+07   0.226750E+02   0.857661E+05   0.490168E+00  -0.275388E+14
   0.398336E-04   0.169310E+08   0.169310E+08   0.223585E+08   0.223518E+08   0.169326E+08   0.169310E+08   0.169310E+08   0.169370E+08  -0.459053E+00   0.993542E+07   0.993542E+07   0.250276E+02   0.703427E+05   0.490288E+00  -0.249432E+14
   0.439836E-04   0.169352E+08   0.169352E+08   0.223169E+08   0.223087E+08   0.169367E+08   0.169352E+08   0.169352E+08   0.169411E+08  -0.459165E+00   0.993676E+07   0.993675E+07   0.276218E+02   0.576926E+05   0.490434E+00  -0.225928E+14
   0.485659E-04   0.169402E+08   0.169402E+08   0.222663E+08   0.222563E+08   0.169416E+08   0.169402E+08   0.169402E+08   0.169462E+08  -0.459302E+00   0.993838E+07   0.993837E+07   0.304818E+02   0.473170E+05   0.490610E+00  -0.204644E+14
   0.536256E-04   0.169464E+08   0.169464E+08   0.222046E+08   0.221925E+08   0.169475E+08   0.169464E+08   0.169464E+08   0.169523E+08  -0.459468E+00   0.994035E+07   0.994034E+07   0.336335E+02   0.388070E+05   0.490824E+00  -0.185373E+14
   0.592125E-04   0.169539E+08   0.169539E+08   0.221297E+08   0.221149E+08   0.169547E+08   0.169539E+08   0.169539E+08   0.169598E+08  -0.459669E+00   0.994275E+07   0.994274E+07   0.371054E+02   0.318272E+05   0.491083E+00  -0.167923E+14
   0.653814E-04   0.169630E+08   0.169629E+08   0.220386E+08   0.220207E+08   0.169635E+08   0.169630E+08   0.169630E+08   0.169688E+08  -0.459913E+00   0.994566E+07   0.994566E+07   0.409280E+02   0.261024E+05   0.491396E+00  -0.152123E+14
   0.721930E-04   0.169740E+08   0.169739E+08   0.219281E+08   0.219062E+08   0.169741E+08   0.169740E+08   0.169740E+08   0.169798E+08  -0.460210E+00   0.994920E+07   0.994919E+07   0.451340E+02   0.214071E+05   0.491772E+00  -0.137819E+14
   0.797142E-04   0.169873E+08   0.169873E+08   0.217939E+08   0.217674E+08   0.169870E+08   0.169873E+08   0.169873E+08   0.169931E+08  -0.460569E+00   0.995349E+07   0.995348E+07   0.497582E+02   0.175561E+05   0.492225E+00  -0.124869E+14
   0.880190E-04   0.170034E+08   0.170034E+08   0.216313E+08   0.215991E+08   0.170025E+08   0.170034E+08   0.170034E+08   0.170092E+08  -0.461004E+00   0.995869E+07   0.995868E+07   0.548374E+02   0.143977E+05   0.492767E+00  -0.113147E+14
   0.971891E-04   0.170229E+08   0.170229E+08   0.214344E+08   0.213955E+08   0.170213E+08   0.170229E+08   0.170229E+08   0.170286E+08  -0.461529E+00   0.996498E+07   0.996496E+07   0.604100E+02   0.118073E+05   0.493415E+00  -0.102536E+14
   0.107314E-03   0.170464E+08   0.170464E+08   0.211965E+08   0.211494E+08   0.170439E+08   0.170464E+08   0.170464E+08   0.170521E+08  -0.462162E+00   0.997257E+07   0.997255E+07   0.665151E+02   0.968290E+04   0.494185E+00  -0.929319E+13
   0.118495E-03   0.170747E+08   0.170746E+08   0.209095E+08   0.208527E+08   0.170711E+08   0.170746E+08   0.170747E+08   0.170802E+08  -0.462923E+00   0.998172E+07   0.998170E+07   0.731922E+02   0.794066E+04   0.495096E+00  -0.842407E+13
   0.130840E-03   0.171086E+08   0.171084E+08   0.205642E+08   0.204959E+08   0.171037E+08   0.171085E+08   0.171085E+08   0.171140E+08  -0.463835E+00   0.999273E+07   0.999270E+07   0.804792E+02   0.651192E+04   0.496167E+00  -0.763765E+13
   0.144471E-03   0.171490E+08   0.171489E+08   0.201499E+08   0.200679E+08   0.171426E+08   0.171490E+08   0.171490E+08   0.171544E+08  -0.464925E+00   0.100059E+08   0.100059E+08   0.884113E+02   0.534035E+04   0.497417E+00  -0.692615E+13
   0.159522E-03   0.171972E+08   0.171971E+08   0.196547E+08   0.195566E+08   0.171889E+08   0.171972E+08   0.171972E+08   0.172024E+08  -0.466223E+00   0.100217E+08   0.100216E+08   0.970179E+02   0.437974E+04   0.498863E+00  -0.628253E+13
   0.176142E-03   0.172543E+08   0.172541E+08   0.190654E+08   0.189486E+08   0.172437E+08   0.172543E+08   0.172543E+08   0.172593E+08  -0.467760E+00   0.100404E+08   0.100404E+08   0.106320E+03   0.359219E+04   0.500520E+00  -0.570041E+13
   0.194493E-03   0.173216E+08   0.173214E+08   0.183681E+08   0.182296E+08   0.173081E+08   0.173215E+08   0.173216E+08   0.173264E+08  -0.469572E+00   0.100627E+08   0.100626E+08   0.116325E+03   0.294661E+04   0.502396E+00  -0.517398E+13
   0.214755E-03   0.174004E+08   0.174000E+08   0.175484E+08   0.173854E+08   0.173834E+08   0.174002E+08   0.174003E+08   0.174049E+08  -0.471691E+00   0.100888E+08   0.100887E+08   0.127022E+03   0.241749E+04   0.504492E+00  -0.469798E+13
   0.237129E-03   0.174918E+08   0.174915E+08   0.165933E+08   0.164029E+08   0.174707E+08   0.174917E+08   0.174918E+08   0.174961E+08  -0.474154E+00   0.101194E+08   0.101193E+08   0.138374E+03   0.198388E+04   0.506799E+00  -0.426761E+13
   0.261834E-03   0.175972E+08   0.175967E+08   0.154921E+08   0.152717E+08   0.175710E+08   0.175970E+08   0.175971E+08   0.176011E+08  -0.476990E+00   0.101549E+08   0.101547E+08   0.150312E+03   0.162861E+04   0.509296E+00  -0.387850E+13
   0.289112E-03   0.177173E+08   0.177168E+08   0.142390E+08   0.139870E+08   0.176849E+08   0.177171E+08   0.177173E+08   0.177209E+08  -0.480223E+00   0.101956E+08   0.101955E+08   0.162722E+03   0.133755E+04   0.511949E+00  -0.352665E+13
   0.319233E-03   0.178529E+08   0.178522E+08   0.128366E+08   0.125527E+08   0.178129E+08   0.178526E+08   0.178528E+08   0.178560E+08  -0.483871E+00   0.102420E+08   0.102419E+08   0.175436E+03   0.109912E+04   0.514709E+00  -0.320844E+13
   0.352491E-03   0.180039E+08   0.180031E+08   0.112996E+08   0.109857E+08   0.179547E+08   0.180035E+08   0.180037E+08   0.180065E+08  -0.487933E+00   0.102942E+08   0.102940E+08   0.188223E+03   0.903775E+03   0.517518E+00  -0.292050E+13
   0.389215E-03   0.181698E+08   0.181688E+08   0.965914E+07   0.931992E+07   0.181094E+08   0.181693E+08   0.181696E+08   0.181719E+08  -0.492396E+00   0.103520E+08   0.103517E+08   0.200781E+03   0.743691E+03   0.520313E+00  -0.265980E+13
   0.429764E-03   0.183493E+08   0.183482E+08   0.796674E+07   0.761069E+07   0.182753E+08   0.183487E+08   0.183491E+08   0.183508E+08  -0.497226E+00   0.104151E+08   0.104148E+08   0.212729E+03   0.612438E+03   0.523027E+00  -0.242352E+13
   0.474538E-03   0.185403E+08   0.185391E+08   0.629587E+07   0.593576E+07   0.184500E+08   0.185397E+08   0.185401E+08   0.185414E+08  -0.502366E+00   0.104829E+08   0.104825E+08   0.223619E+03   0.504739E+03   0.525598E+00  -0.220914E+13
   0.523976E-03   0.187401E+08   0.187386E+08   0.473920E+07   0.439209E+07   0.186298E+08   0.187393E+08   0.187399E+08   0.187406E+08  -0.507742E+00   0.105543E+08   0.105539E+08   0.232945E+03   0.416279E+03   0.527977E+00  -0.201433E+13
   0.578566E-03   0.189450E+08   0.189433E+08   0.339840E+07   0.308445E+07   0.188107E+08   0.189441E+08   0.189447E+08   0.189450E+08  -0.513256E+00   0.106280E+08   0.106276E+08   0.240181E+03   0.343530E+03   0.530127E+00  -0.183701E+13
   0.638842E-03   0.191509E+08   0.191489E+08   0.236424E+07   0.210408E+07   0.189874E+08   0.191498E+08   0.191506E+08   0.191504E+08  -0.518799E+00   0.107025E+08   0.107020E+08   0.244830E+03   0.283620E+03   0.532027E+00  -0.167534E+13
   0.705398E-03   0.193533E+08   0.193510E+08   0.168809E+07   0.149848E+07   0.191548E+08   0.193520E+08   0.193529E+08   0.193524E+08  -0.524251E+00   0.107759E+08   0.107753E+08   0.246492E+03   0.234215E+03   0.533672E+00  -0.152767E+13
   0.778888E-03   0.195477E+08   0.195451E+08   0.135216E+07   0.124082E+07   0.193071E+08   0.195462E+08   0.195473E+08   0.195465E+08  -0.529491E+00   0.108463E+08   0.108457E+08   0.244919E+03   0.193420E+03   0.535070E+00  -0.139258E+13
   0.860035E-03   0.197298E+08   0.197269E+08   0.125509E+07   0.121670E+07   0.194388E+08   0.197280E+08   0.197293E+08   0.197283E+08  -0.534401E+00   0.109120E+08   0.109114E+08   0.240071E+03   0.159699E+03   0.536240E+00  -0.126882E+13
   0.949635E-03   0.198958E+08   0.198925E+08   0.123448E+07   0.125096E+07   0.195447E+08   0.198936E+08   0.198952E+08   0.198939E+08  -0.538877E+00   0.109712E+08   0.109706E+08   0.232109E+03   0.131800E+03   0.537204E+00  -0.115534E+13
   0.104857E-02   0.200423E+08   0.200388E+08   0.113733E+07   0.118491E+07   0.196200E+08   0.200397E+08   0.200417E+08   0.200400E+08  -0.542829E+00   0.110225E+08   0.110218E+08   0.221353E+03   0.108708E+03   0.537990E+00  -0.105122E+13
   0.115781E-02   0.201669E+08   0.201632E+08   0.911191E+06   0.972832E+06   0.196604E+08   0.201639E+08   0.201663E+08   0.201642E+08  -0.546187E+00   0.110646E+08   0.110639E+08   0.208209E+03   0.895888E+02   0.538622E+00  -0.955674E+12
   0.127844E-02   0.202679E+08   0.202639E+08   0.639289E+06   0.714721E+06   0.196629E+08   0.202643E+08   0.202672E+08   0.202645E+08  -0.548901E+00   0.110966E+08   0.110959E+08   0.193136E+03   0.737625E+02   0.539126E+00  -0.868006E+12
   0.141163E-02   0.203438E+08   0.203398E+08   0.448124E+06   0.551358E+06   0.196253E+08   0.203398E+08   0.203432E+08   0.203399E+08  -0.550939E+00   0.111178E+08   0.111170E+08   0.176698E+03   0.606689E+02   0.539526E+00  -0.787606E+12
   0.155869E-02   0.203943E+08   0.203901E+08   0.348668E+06   0.513109E+06   0.195459E+08   0.203896E+08   0.203936E+08   0.203897E+08  -0.552283E+00   0.111276E+08   0.111269E+08   0.159641E+03   0.498448E+02   0.539841E+00  -0.713925E+12
   0.172108E-02   0.204189E+08   0.204147E+08   0.232510E+06   0.421358E+06   0.194237E+08   0.204135E+08   0.204182E+08   0.204136E+08  -0.552927E+00   0.111258E+08   0.111251E+08   0.142849E+03   0.409068E+02   0.540088E+00  -0.646459E+12
   0.190039E-02   0.204176E+08   0.204135E+08   0.875500E+05   0.345576E+06   0.192584E+08   0.204115E+08   0.204169E+08   0.204115E+08  -0.552869E+00   0.111121E+08   0.111113E+08   0.127143E+03   0.335326E+02   0.540279E+00  -0.584741E+12
   0.209838E-02   0.203906E+08   0.203864E+08   0.409932E+05   0.283064E+06   0.190507E+08   0.203835E+08   0.203899E+08   0.203836E+08  -0.552110E+00   0.110862E+08   0.110855E+08   0.113115E+03   0.274553E+02   0.540427E+00  -0.528338E+12
   0.231699E-02   0.203378E+08   0.203336E+08   0.648739E+05   0.231568E+06   0.188015E+08   0.203298E+08   0.203371E+08   0.203298E+08  -0.550653E+00   0.110481E+08   0.110474E+08   0.101108E+03   0.224528E+02   0.540539E+00  -0.476844E+12
   0.255838E-02   0.202594E+08   0.202551E+08   0.474576E+05   0.189198E+06   0.185120E+08   0.202504E+08   0.202586E+08   0.202504E+08  -0.548499E+00   0.109976E+08   0.109969E+08   0.911073E+02   0.183396E+02   0.540624E+00  -0.429877E+12
   0.282492E-02   0.201552E+08   0.201507E+08   0.557107E+05   0.154382E+06   0.181837E+08   0.201451E+08   0.201545E+08   0.201452E+08  -0.545648E+00   0.109344E+08   0.109337E+08   0.826591E+02   0.149612E+02   0.540686E+00  -0.387078E+12
   0.311923E-02   0.200252E+08   0.200205E+08   0.363348E+05   0.125807E+06   0.178172E+08   0.200140E+08   0.200244E+08   0.200140E+08  -0.542094E+00   0.108582E+08   0.108575E+08   0.751324E+02   0.121896E+02   0.540730E+00  -0.348113E+12
   0.344419E-02   0.198690E+08   0.198641E+08   0.115853E+05   0.102381E+06   0.174129E+08   0.198566E+08   0.198682E+08   0.198566E+08  -0.537830E+00   0.107687E+08   0.107680E+08   0.680028E+02   0.991812E+01   0.540760E+00  -0.312671E+12
   0.380302E-02   0.196863E+08   0.196810E+08  -0.569581E+04   0.832003E+05   0.169705E+08   0.196726E+08   0.196854E+08   0.196726E+08  -0.532845E+00   0.106656E+08   0.106649E+08   0.611444E+02   0.805876E+01   0.540777E+00  -0.280459E+12
   0.419923E-02   0.194764E+08   0.194709E+08   0.750369E+04   0.675130E+05   0.164901E+08   0.194614E+08   0.194755E+08   0.194614E+08  -0.527124E+00   0.105485E+08   0.105478E+08   0.548088E+02   0.653840E+01   0.540785E+00  -0.251207E+12
   0.463671E-02   0.192388E+08   0.192328E+08   0.826567E+04   0.546981E+05   0.159719E+08   0.192223E+08   0.192378E+08   0.192223E+08  -0.520649E+00   0.104168E+08   0.104162E+08   0.492644E+02   0.529670E+01   0.540784E+00  -0.224666E+12
   0.511978E-02   0.189726E+08   0.189661E+08  -0.141537E+04   0.442423E+05   0.154179E+08   0.189547E+08   0.189715E+08   0.189547E+08  -0.513400E+00   0.102702E+08   0.102695E+08   0.444346E+02   0.428375E+01   0.540776E+00  -0.200603E+12
   0.565317E-02   0.186776E+08   0.186704E+08  -0.383471E+04   0.357229E+05   0.148050E+08   0.186580E+08   0.186764E+08   0.186581E+08  -0.505364E+00   0.101082E+08   0.101075E+08   0.400238E+02   0.345849E+01   0.540759E+00  -0.178810E+12
   0.624213E-02   0.183516E+08   0.183437E+08  -0.562029E+04   0.287882E+05   0.141664E+08   0.183304E+08   0.183502E+08   0.183304E+08  -0.496491E+00   0.992976E+07   0.992909E+07   0.359414E+02   0.278684E+01   0.540738E+00  -0.159081E+12
   0.689245E-02   0.179941E+08   0.179853E+08  -0.125802E+05   0.231518E+05   0.134902E+08   0.179713E+08   0.179926E+08   0.179713E+08  -0.486763E+00   0.973453E+07   0.973386E+07   0.323228E+02   0.224101E+01   0.540711E+00  -0.141238E+12
   0.761052E-02   0.176041E+08   0.175943E+08  -0.116944E+05   0.185772E+05   0.127856E+08   0.175796E+08   0.176024E+08   0.175796E+08  -0.476154E+00   0.952189E+07   0.952122E+07   0.291181E+02   0.179804E+01   0.540680E+00  -0.125118E+12
   0.840340E-02   0.171803E+08   0.171693E+08  -0.451061E+04   0.148700E+05   0.120613E+08   0.171543E+08   0.171785E+08   0.171543E+08  -0.464632E+00   0.929119E+07   0.929053E+07   0.262076E+02   0.143911E+01   0.540646E+00  -0.110567E+12
   0.927889E-02   0.167219E+08   0.167093E+08  -0.715059E+04   0.118707E+05   0.113174E+08   0.166942E+08   0.167197E+08   0.166942E+08  -0.452171E+00   0.904184E+07   0.904118E+07   0.236226E+02   0.114874E+01   0.540610E+00  -0.974477E+11
   0.102456E-01   0.162276E+08   0.162132E+08  -0.401198E+04   0.944827E+04   0.105542E+08   0.161983E+08   0.162252E+08   0.161983E+08  -0.438740E+00   0.877323E+07   0.877258E+07   0.213174E+02   0.914247E+00   0.540570E+00  -0.856315E+11
   0.113130E-01   0.156963E+08   0.156799E+08  -0.422273E+04   0.749553E+04   0.977867E+07   0.156655E+08   0.156935E+08   0.156655E+08  -0.424309E+00   0.848472E+07   0.848407E+07   0.192620E+02   0.725238E+00   0.540529E+00  -0.750015E+11
   0.124916E-01   0.151269E+08   0.151082E+08  -0.250397E+04   0.592462E+04   0.899878E+07   0.150948E+08   0.151238E+08   0.150948E+08  -0.408850E+00   0.817572E+07   0.817507E+07   0.174347E+02   0.573200E+00   0.540486E+00  -0.654512E+11
   0.137930E-01   0.145187E+08   0.144973E+08  -0.312132E+04   0.466379E+04   0.822060E+07   0.144853E+08   0.145151E+08   0.144853E+08  -0.392342E+00   0.784581E+07   0.784516E+07   0.158079E+02   0.451185E+00   0.540442E+00  -0.568838E+11
   0.152300E-01   0.138713E+08   0.138468E+08  -0.468275E+03   0.365446E+04   0.744711E+07   0.138368E+08   0.138671E+08   0.138368E+08  -0.374775E+00   0.749475E+07   0.749409E+07   0.143552E+02   0.353516E+00   0.540397E+00  -0.492115E+11
   0.168167E-01   0.132001E+08   0.131722E+08  -0.138560E+04   0.285218E+04   0.669623E+07   0.131646E+08   0.131954E+08   0.131646E+08  -0.356570E+00   0.713094E+07   0.713028E+07   0.130632E+02   0.275890E+00   0.540351E+00  -0.424048E+11
   0.185687E-01   0.124792E+08   0.124476E+08  -0.142894E+04   0.221144E+04   0.595868E+07   0.124430E+08   0.124739E+08   0.124430E+08  -0.337026E+00   0.674036E+07   0.673970E+07   0.118853E+02   0.213900E+00   0.540306E+00  -0.363003E+11
   0.205033E-01   0.117242E+08   0.116888E+08   0.208605E+03   0.170394E+04   0.524914E+07   0.116876E+08   0.117182E+08   0.116876E+08  -0.316565E+00   0.633144E+07   0.633077E+07   0.108051E+02   0.164804E+00   0.540261E+00  -0.308807E+11
   0.226393E-01   0.109291E+08   0.108899E+08  -0.314300E+03   0.130267E+04   0.456980E+07   0.108925E+08   0.109225E+08   0.108925E+08  -0.295028E+00   0.590096E+07   0.590030E+07   0.979128E+01   0.125988E+00   0.540218E+00  -0.260656E+11
   0.249980E-01   0.101224E+08   0.100796E+08  -0.269384E+03   0.989477E+03   0.393721E+07   0.100860E+08   0.101153E+08   0.100860E+08  -0.273185E+00   0.546436E+07   0.546369E+07   0.882729E+01   0.956947E-01   0.540175E+00  -0.218596E+11
   0.276023E-01   0.931378E+07   0.926794E+07  -0.117134E+03   0.746644E+03   0.335621E+07   0.927792E+07   0.930608E+07   0.927792E+07  -0.251297E+00   0.502681E+07   0.502616E+07   0.789026E+01   0.722079E-01   0.540133E+00  -0.182118E+11
   0.304780E-01   0.850667E+07   0.845879E+07  -0.112026E+03   0.559260E+03   0.282818E+07   0.847179E+07   0.849863E+07   0.847179E+07  -0.229463E+00   0.459029E+07   0.458966E+07   0.695468E+01   0.540850E-01   0.540093E+00  -0.150612E+11
   0.336533E-01   0.772302E+07   0.767454E+07  -0.115515E+03   0.416402E+03   0.235904E+07   0.768953E+07   0.771488E+07   0.768953E+07  -0.208275E+00   0.416666E+07   0.416605E+07   0.601091E+01   0.402689E-01   0.540055E+00  -0.123813E+11
   0.371593E-01   0.699113E+07   0.694391E+07  -0.130772E+03   0.309141E+03   0.195374E+07   0.695940E+07   0.698320E+07   0.695940E+07  -0.188499E+00   0.377123E+07   0.377066E+07   0.506134E+01   0.298958E-01   0.540019E+00  -0.101489E+11
   0.410307E-01   0.632895E+07   0.628514E+07  -0.924594E+02   0.229534E+03   0.161123E+07   0.629930E+07   0.632160E+07   0.629930E+07  -0.170620E+00   0.341370E+07   0.341320E+07   0.411985E+01   0.221973E-01   0.539984E+00  -0.831998E+10
   0.451338E-01   0.577637E+07   0.573782E+07   0.173142E+03   0.173142E+03   0.133899E+07   0.574893E+07   0.576990E+07   0.574893E+07  -0.155712E+00   0.311562E+07   0.311518E+07   0.324393E+01   0.167436E-01   0.539958E+00  -0.690317E+10
   0.492368E-01   0.533936E+07   0.530692E+07   0.134494E+03   0.134494E+03   0.113214E+07   0.531403E+07   0.533392E+07   0.531403E+07  -0.143933E+00   0.288004E+07   0.287967E+07   0.252053E+01   0.130063E-01   0.539931E+00  -0.584946E+10
   0.533399E-01   0.498724E+07   0.496091E+07   0.107055E+03   0.107055E+03   0.971190E+06   0.496384E+07   0.498282E+07   0.496384E+07  -0.134448E+00   0.269034E+07   0.269003E+07   0.194435E+01   0.103529E-01   0.539908E+00  -0.504387E+10
   0.574430E-01   0.469077E+07   0.466979E+07   0.868324E+02   0.868324E+02   0.841892E+06   0.466905E+07   0.468725E+07   0.466905E+07  -0.126463E+00   0.253065E+07   0.253039E+07   0.151142E+01   0.839731E-02   0.539888E+00  -0.440559E+10
   0.615460E-01   0.442710E+07   0.441022E+07   0.713968E+02   0.713968E+02   0.734607E+06   0.440680E+07   0.442426E+07   0.440680E+07  -0.119360E+00   0.238858E+07   0.238836E+07   0.120840E+01   0.690465E-02   0.539871E+00  -0.388105E+10
   0.656491E-01   0.417861E+07   0.416435E+07   0.592329E+02   0.592329E+02   0.642824E+06   0.415949E+07   0.417622E+07   0.415949E+07  -0.112662E+00   0.225460E+07   0.225440E+07   0.101408E+01   0.572838E-02   0.539855E+00  -0.343439E+10
   0.697522E-01   0.393283E+07   0.391972E+07   0.493838E+02   0.493838E+02   0.562303E+06   0.391469E+07   0.393063E+07   0.391469E+07  -0.106031E+00   0.212196E+07   0.212177E+07   0.902362E+00   0.477593E-02   0.539841E+00  -0.304221E+10
   0.738552E-01   0.369183E+07   0.367866E+07   0.413482E+02   0.413482E+02   0.491725E+06   0.367449E+07   0.368962E+07   0.367449E+07  -0.995252E-01   0.199180E+07   0.199162E+07   0.847232E+00   0.399885E-02   0.539829E+00  -0.269696E+10
   0.779583E-01   0.344785E+07   0.343383E+07   0.346549E+02   0.346549E+02   0.428729E+06   0.343122E+07   0.344550E+07   0.343122E+07  -0.929362E-01   0.185998E+07   0.185979E+07   0.821778E+00   0.335156E-02   0.539818E+00  -0.238591E+10
   0.820614E-01   0.321280E+07   0.319758E+07   0.291406E+02   0.291406E+02   0.373745E+06   0.319683E+07   0.321025E+07   0.319683E+07  -0.865875E-01   0.173296E+07   0.173276E+07   0.806331E+00   0.281829E-02   0.539808E+00  -0.211182E+10
   0.861644E-01   0.299318E+07   0.297685E+07   0.246216E+02   0.246216E+02   0.326398E+06   0.297783E+07   0.299044E+07   0.297783E+07  -0.806560E-01   0.161428E+07   0.161407E+07   0.785958E+00   0.238126E-02   0.539799E+00  -0.187351E+10
   0.912856E-01   0.274896E+07   0.273187E+07   0.201441E+02   0.201441E+02   0.277278E+06   0.273440E+07   0.274609E+07   0.273440E+07  -0.740626E-01   0.148235E+07   0.148214E+07   0.741125E+00   0.194824E-02   0.539789E+00  -0.162388E+10
   0.964067E-01   0.254530E+07   0.252847E+07   0.167217E+02   0.167217E+02   0.238161E+06   0.253157E+07   0.254247E+07   0.253157E+07  -0.685688E-01   0.137241E+07   0.137222E+07   0.671665E+00   0.161725E-02   0.539780E+00  -0.142358E+10
   0.101528E+00   0.238472E+07   0.236916E+07   0.141263E+02   0.141263E+02   0.207560E+06   0.237181E+07   0.238210E+07   0.237181E+07  -0.642417E-01   0.128583E+07   0.128565E+07   0.584136E+00   0.136625E-02   0.539772E+00  -0.126649E+10
   0.106649E+00   0.226135E+07   0.224777E+07   0.121410E+02   0.121410E+02   0.183566E+06   0.224925E+07   0.225907E+07   0.224925E+07  -0.609219E-01   0.121940E+07   0.121924E+07   0.490453E+00   0.117425E-02   0.539764E+00  -0.114339E+10
   0.111770E+00   0.216304E+07   0.215169E+07   0.105747E+02   0.105747E+02   0.164172E+06   0.215169E+07   0.216114E+07   0.215169E+07  -0.582794E-01   0.116652E+07   0.116638E+07   0.403128E+00   0.102276E-02   0.539758E+00  -0.104369E+10
   0.116891E+00   0.207666E+07   0.206735E+07   0.928351E+01   0.928351E+01   0.147734E+06   0.206598E+07   0.207510E+07   0.206598E+07  -0.559580E-01   0.112006E+07   0.111994E+07   0.331810E+00   0.897888E-03   0.539752E+00  -0.958226E+09
   0.122012E+00   0.199197E+07   0.198413E+07   0.817382E+01   0.817382E+01   0.133145E+06   0.198186E+07   0.199065E+07   0.198186E+07  -0.536797E-01   0.107447E+07   0.107436E+07   0.281355E+00   0.790563E-03   0.539747E+00  -0.880640E+09
   0.127134E+00   0.190294E+07   0.189588E+07   0.719238E+01   0.719238E+01   0.119791E+06   0.189333E+07   0.190176E+07   0.189333E+07  -0.512816E-01   0.102648E+07   0.102638E+07   0.251497E+00   0.695642E-03   0.539742E+00  -0.807417E+09
   0.132255E+00   0.180794E+07   0.180098E+07   0.631419E+01   0.631419E+01   0.107431E+06   0.179873E+07   0.180677E+07   0.179873E+07  -0.487194E-01   0.975198E+06   0.975104E+06   0.237881E+00   0.610706E-03   0.539737E+00  -0.737379E+09
   0.137376E+00   0.170889E+07   0.170157E+07   0.553117E+01   0.553117E+01   0.960585E+05   0.170003E+07   0.170766E+07   0.170003E+07  -0.460461E-01   0.921697E+06   0.921601E+06   0.233931E+00   0.534975E-03   0.539733E+00  -0.670944E+09
   0.142497E+00   0.161005E+07   0.160218E+07   0.484295E+01   0.484295E+01   0.857818E+05   0.160153E+07   0.160873E+07   0.160153E+07  -0.433781E-01   0.868299E+06   0.868199E+06   0.232864E+00   0.468412E-03   0.539730E+00  -0.609356E+09
   0.147618E+00   0.151688E+07   0.150854E+07   0.425117E+01   0.425117E+01   0.767370E+05   0.150867E+07   0.151548E+07   0.150867E+07  -0.408631E-01   0.817962E+06   0.817861E+06   0.229344E+00   0.411177E-03   0.539726E+00  -0.554116E+09
   0.152739E+00   0.143450E+07   0.142598E+07   0.375495E+01   0.375495E+01   0.690160E+05   0.142662E+07   0.143307E+07   0.142662E+07  -0.386406E-01   0.773481E+06   0.773380E+06   0.220402E+00   0.363185E-03   0.539723E+00  -0.506414E+09
   0.157860E+00   0.136578E+07   0.135744E+07   0.334676E+01   0.334676E+01   0.625829E+05   0.135822E+07   0.136438E+07   0.135822E+07  -0.367879E-01   0.736399E+06   0.736301E+06   0.205534E+00   0.323706E-03   0.539720E+00  -0.466494E+09
   0.162982E+00   0.131018E+07   0.130238E+07   0.301203E+01   0.301203E+01   0.572578E+05   0.130295E+07   0.130887E+07   0.130295E+07  -0.352911E-01   0.706439E+06   0.706348E+06   0.186195E+00   0.291331E-03   0.539718E+00  -0.433454E+09
   0.168103E+00   0.126485E+07   0.125781E+07   0.273351E+01   0.273351E+01   0.527882E+05   0.125793E+07   0.126367E+07   0.125793E+07  -0.340718E-01   0.682034E+06   0.681951E+06   0.164988E+00   0.264393E-03   0.539715E+00  -0.405731E+09
   0.173224E+00   0.122613E+07   0.121992E+07   0.249568E+01   0.249568E+01   0.489308E+05   0.121952E+07   0.122509E+07   0.121952E+07  -0.330312E-01   0.661208E+06   0.661132E+06   0.144755E+00   0.241391E-03   0.539713E+00  -0.381714E+09
   0.178345E+00   0.119033E+07   0.118486E+07   0.228586E+01   0.228586E+01   0.454773E+05   0.118400E+07   0.118941E+07   0.118400E+07  -0.320692E-01   0.641952E+06   0.641884E+06   0.127774E+00   0.221097E-03   0.539711E+00  -0.359956E+09
   0.183466E+00   0.115404E+07   0.114911E+07   0.209428E+01   0.209428E+01   0.422604E+05   0.114795E+07   0.115321E+07   0.114795E+07  -0.310929E-01   0.622410E+06   0.622347E+06   0.115254E+00   0.202568E-03   0.539709E+00  -0.339257E+09
   0.188587E+00   0.111504E+07   0.111039E+07   0.191513E+01   0.191513E+01   0.391805E+05   0.110917E+07   0.111426E+07   0.110917E+07  -0.300424E-01   0.601384E+06   0.601324E+06   0.107250E+00   0.185241E-03   0.539707E+00  -0.318896E+09
   0.193708E+00   0.107311E+07   0.106852E+07   0.174692E+01   0.174692E+01   0.362194E+05   0.106743E+07   0.107234E+07   0.106743E+07  -0.289120E-01   0.578757E+06   0.578698E+06   0.102887E+00   0.168971E-03   0.539706E+00  -0.298783E+09
   0.198830E+00   0.102963E+07   0.102493E+07   0.159083E+01   0.159083E+01   0.334132E+05   0.102413E+07   0.102884E+07   0.102413E+07  -0.277390E-01   0.555279E+06   0.555219E+06   0.100748E+00   0.153874E-03   0.539704E+00  -0.279279E+09
   0.203951E+00   0.986506E+06   0.981646E+06   0.144853E+01   0.144853E+01   0.308083E+05   0.981171E+06   0.985690E+06   0.981171E+06  -0.265755E-01   0.531990E+06   0.531929E+06   0.992928E-01   0.140111E-03   0.539702E+00  -0.260847E+09
   0.209072E+00   0.945608E+06   0.940619E+06   0.132121E+01   0.132121E+01   0.284420E+05   0.940434E+06   0.944771E+06   0.940434E+06  -0.254721E-01   0.509904E+06   0.509843E+06   0.972542E-01   0.127796E-03   0.539701E+00  -0.243894E+09
   0.214193E+00   0.908524E+06   0.903508E+06   0.120937E+01   0.120937E+01   0.263369E+05   0.903511E+06   0.907682E+06   0.903511E+06  -0.244720E-01   0.489886E+06   0.489826E+06   0.938869E-01   0.116979E-03   0.539700E+00  -0.228716E+09
   0.219314E+00   0.876213E+06   0.871301E+06   0.111251E+01   0.111251E+01   0.244938E+05   0.871361E+06   0.875388E+06   0.871361E+06  -0.236012E-01   0.472456E+06   0.472397E+06   0.890350E-01   0.107611E-03   0.539699E+00  -0.215428E+09
   0.224435E+00   0.848667E+06   0.843981E+06   0.102894E+01   0.102894E+01   0.228863E+05   0.843976E+06   0.847880E+06   0.843976E+06  -0.228595E-01   0.457608E+06   0.457552E+06   0.830329E-01   0.995273E-04   0.539697E+00  -0.203897E+09
   0.229556E+00   0.825005E+06   0.820626E+06   0.956155E+00   0.956155E+00   0.214682E+05   0.820471E+06   0.824270E+06   0.820471E+06  -0.222228E-01   0.444865E+06   0.444812E+06   0.765134E-01   0.924875E-04   0.539696E+00  -0.193796E+09
   0.234678E+00   0.803888E+06   0.799840E+06   0.891502E+00   0.891502E+00   0.201885E+05   0.799502E+06   0.803208E+06   0.799502E+06  -0.216549E-01   0.433496E+06   0.433447E+06   0.701877E-01   0.862342E-04   0.539695E+00  -0.184723E+09
   0.239799E+00   0.783887E+06   0.780141E+06   0.832624E+00   0.832624E+00   0.190012E+05   0.779641E+06   0.783258E+06   0.779641E+06  -0.211169E-01   0.422728E+06   0.422682E+06   0.646501E-01   0.805394E-04   0.539694E+00  -0.176288E+09
   0.244920E+00   0.763794E+06   0.760280E+06   0.777733E+00   0.777733E+00   0.178722E+05   0.759677E+06   0.763204E+06   0.759677E+06  -0.205762E-01   0.411904E+06   0.411860E+06   0.602481E-01   0.752301E-04   0.539693E+00  -0.168182E+09
   0.250041E+00   0.742904E+06   0.739534E+06   0.725800E+00   0.725800E+00   0.167838E+05   0.738904E+06   0.742338E+06   0.738904E+06  -0.200136E-01   0.400642E+06   0.400599E+06   0.570425E-01   0.702069E-04   0.539693E+00  -0.160233E+09
   0.255162E+00   0.721138E+06   0.717829E+06   0.676532E+00   0.676532E+00   0.157347E+05   0.717246E+06   0.720582E+06   0.717246E+06  -0.194270E-01   0.388899E+06   0.388857E+06   0.548455E-01   0.654414E-04   0.539692E+00  -0.152416E+09
   0.260283E+00   0.698899E+06   0.695594E+06   0.630107E+00   0.630107E+00   0.147333E+05   0.695109E+06   0.698344E+06   0.695109E+06  -0.188274E-01   0.376897E+06   0.376856E+06   0.533094E-01   0.609509E-04   0.539691E+00  -0.144805E+09
   0.265404E+00   0.676827E+06   0.673499E+06   0.586868E+00   0.586868E+00   0.137912E+05   0.673133E+06   0.676268E+06   0.673133E+06  -0.182321E-01   0.364982E+06   0.364941E+06   0.520376E-01   0.567684E-04   0.539690E+00  -0.137522E+09
   0.270526E+00   0.655616E+06   0.652272E+06   0.547139E+00   0.547139E+00   0.129194E+05   0.652015E+06   0.655054E+06   0.652015E+06  -0.176601E-01   0.353533E+06   0.353492E+06   0.506875E-01   0.529255E-04   0.539689E+00  -0.130686E+09
   0.275647E+00   0.635875E+06   0.632548E+06   0.511119E+00   0.511119E+00   0.121248E+05   0.632367E+06   0.635316E+06   0.632367E+06  -0.171280E-01   0.342880E+06   0.342839E+06   0.490405E-01   0.494412E-04   0.539689E+00  -0.124393E+09
   0.280768E+00   0.617968E+06   0.614702E+06   0.478766E+00   0.478766E+00   0.114090E+05   0.614552E+06   0.617419E+06   0.614552E+06  -0.166454E-01   0.333221E+06   0.333181E+06   0.470274E-01   0.463117E-04   0.539688E+00  -0.118684E+09
   0.285889E+00   0.601910E+06   0.598747E+06   0.449770E+00   0.449770E+00   0.107666E+05   0.598583E+06   0.601379E+06   0.598584E+06  -0.162129E-01   0.324563E+06   0.324525E+06   0.447123E-01   0.435070E-04   0.539687E+00  -0.113530E+09
   0.291010E+00   0.587417E+06   0.584388E+06   0.423635E+00   0.423635E+00   0.101877E+05   0.584179E+06   0.586908E+06   0.584179E+06  -0.158228E-01   0.316753E+06   0.316716E+06   0.422494E-01   0.409788E-04   0.539687E+00  -0.108848E+09
   0.296131E+00   0.574043E+06   0.571158E+06   0.399803E+00   0.399803E+00   0.966034E+04   0.570890E+06   0.573558E+06   0.570890E+06  -0.154628E-01   0.309547E+06   0.309512E+06   0.398265E-01   0.386736E-04   0.539686E+00  -0.104532E+09
   0.301252E+00   0.561300E+06   0.558552E+06   0.377759E+00   0.377759E+00   0.917290E+04   0.558228E+06   0.560839E+06   0.558228E+06  -0.151199E-01   0.302682E+06   0.302648E+06   0.376111E-01   0.365412E-04   0.539686E+00  -0.100476E+09
   0.306374E+00   0.548756E+06   0.546121E+06   0.357079E+00   0.357079E+00   0.871575E+04   0.545760E+06   0.548314E+06   0.545760E+06  -0.147822E-01   0.295922E+06   0.295889E+06   0.357111E-01   0.345408E-04   0.539685E+00  -0.965905E+08
   0.311495E+00   0.536121E+06   0.533570E+06   0.337483E+00   0.337483E+00   0.828206E+04   0.533196E+06   0.535692E+06   0.533196E+06  -0.144419E-01   0.289110E+06   0.289078E+06   0.341596E-01   0.326453E-04   0.539684E+00  -0.928156E+08
   0.316616E+00   0.523309E+06   0.520812E+06   0.318847E+00   0.318847E+00   0.786868E+04   0.520453E+06   0.522890E+06   0.520453E+06  -0.140967E-01   0.282201E+06   0.282169E+06   0.329201E-01   0.308426E-04   0.539684E+00  -0.891319E+08
   0.321737E+00   0.510425E+06   0.507958E+06   0.301172E+00   0.301172E+00   0.747532E+04   0.507633E+06   0.510011E+06   0.507633E+06  -0.137495E-01   0.275250E+06   0.275219E+06   0.319068E-01   0.291329E-04   0.539684E+00  -0.855527E+08
   0.326858E+00   0.497686E+06   0.495238E+06   0.284522E+00   0.284522E+00   0.710328E+04   0.494955E+06   0.497275E+06   0.494955E+06  -0.134061E-01   0.268376E+06   0.268346E+06   0.310136E-01   0.275223E-04   0.539683E+00  -0.821093E+08
   0.331979E+00   0.485335E+06   0.482905E+06   0.268963E+00   0.268963E+00   0.675404E+04   0.482664E+06   0.484927E+06   0.482664E+06  -0.130732E-01   0.261712E+06   0.261682E+06   0.301413E-01   0.260173E-04   0.539683E+00  -0.788352E+08
   0.337100E+00   0.473581E+06   0.471178E+06   0.254532E+00   0.254532E+00   0.642834E+04   0.470968E+06   0.473177E+06   0.470968E+06  -0.127564E-01   0.255370E+06   0.255341E+06   0.292199E-01   0.246215E-04   0.539682E+00  -0.757563E+08
   0.342222E+00   0.462556E+06   0.460193E+06   0.241221E+00   0.241221E+00   0.612586E+04   0.460001E+06   0.462159E+06   0.460001E+06  -0.124593E-01   0.249424E+06   0.249395E+06   0.282185E-01   0.233338E-04   0.539682E+00  -0.728850E+08
   0.347343E+00   0.452291E+06   0.449982E+06   0.228964E+00   0.228964E+00   0.584493E+04   0.449792E+06   0.451903E+06   0.449792E+06  -0.121828E-01   0.243889E+06   0.243860E+06   0.271444E-01   0.221483E-04   0.539681E+00  -0.702168E+08
   0.352464E+00   0.442714E+06   0.440471E+06   0.217652E+00   0.217652E+00   0.558288E+04   0.440271E+06   0.442338E+06   0.440271E+06  -0.119249E-01   0.238726E+06   0.238698E+06   0.260332E-01   0.210541E-04   0.539681E+00  -0.677318E+08
   0.357585E+00   0.433684E+06   0.431511E+06   0.207151E+00   0.207151E+00   0.533652E+04   0.431293E+06   0.433319E+06   0.431293E+06  -0.116818E-01   0.233858E+06   0.233832E+06   0.249338E-01   0.200383E-04   0.539681E+00  -0.654005E+08
   0.362706E+00   0.425030E+06   0.422926E+06   0.197327E+00   0.197327E+00   0.510286E+04   0.422691E+06   0.424677E+06   0.422691E+06  -0.114488E-01   0.229194E+06   0.229168E+06   0.238943E-01   0.190881E-04   0.539680E+00  -0.631912E+08
   0.367827E+00   0.416601E+06   0.414559E+06   0.188067E+00   0.188067E+00   0.487962E+04   0.414311E+06   0.416258E+06   0.414311E+06  -0.112218E-01   0.224650E+06   0.224625E+06   0.229496E-01   0.181924E-04   0.539680E+00  -0.610761E+08
   0.372948E+00   0.408279E+06   0.406289E+06   0.179284E+00   0.179284E+00   0.466524E+04   0.406037E+06   0.407945E+06   0.406037E+06  -0.109977E-01   0.220164E+06   0.220139E+06   0.221149E-01   0.173428E-04   0.539680E+00  -0.590344E+08
   0.378070E+00   0.400006E+06   0.398057E+06   0.170925E+00   0.170925E+00   0.445912E+04   0.397808E+06   0.399679E+06   0.397808E+06  -0.107748E-01   0.215702E+06   0.215678E+06   0.213850E-01   0.165343E-04   0.539679E+00  -0.570547E+08
   0.383191E+00   0.391790E+06   0.389873E+06   0.162969E+00   0.162969E+00   0.426136E+04   0.389636E+06   0.391468E+06   0.389636E+06  -0.105535E-01   0.211271E+06   0.211247E+06   0.207396E-01   0.157646E-04   0.539679E+00  -0.551357E+08
   0.388312E+00   0.383700E+06   0.381809E+06   0.155420E+00   0.155420E+00   0.407264E+04   0.381587E+06   0.383382E+06   0.381587E+06  -0.103355E-01   0.206907E+06   0.206884E+06   0.201503E-01   0.150345E-04   0.539679E+00  -0.532847E+08
   0.393433E+00   0.375815E+06   0.373948E+06   0.148289E+00   0.148289E+00   0.389352E+04   0.373743E+06   0.375502E+06   0.373743E+06  -0.101230E-01   0.202654E+06   0.202631E+06   0.195882E-01   0.143446E-04   0.539679E+00  -0.515101E+08
   0.398554E+00   0.368202E+06   0.366360E+06   0.141574E+00   0.141574E+00   0.372428E+04   0.366169E+06   0.367892E+06   0.366169E+06  -0.991786E-02   0.198547E+06   0.198525E+06   0.190300E-01   0.136951E-04   0.539678E+00  -0.498178E+08
   0.403675E+00   0.360902E+06   0.359090E+06   0.135268E+00   0.135268E+00   0.356486E+04   0.358908E+06   0.360598E+06   0.358908E+06  -0.972119E-02   0.194610E+06   0.194588E+06   0.184624E-01   0.130851E-04   0.539678E+00  -0.482105E+08
   0.408796E+00   0.353941E+06   0.352163E+06   0.129356E+00   0.129356E+00   0.341498E+04   0.351985E+06   0.353643E+06   0.351985E+06  -0.953368E-02   0.190857E+06   0.190835E+06   0.178835E-01   0.125132E-04   0.539678E+00  -0.466883E+08
   0.413918E+00   0.347313E+06   0.345572E+06   0.123813E+00   0.123813E+00   0.327410E+04   0.345394E+06   0.347021E+06   0.345394E+06  -0.935516E-02   0.187283E+06   0.187262E+06   0.173002E-01   0.119770E-04   0.539678E+00  -0.452472E+08
   0.419039E+00   0.340974E+06   0.339271E+06   0.118600E+00   0.118600E+00   0.314137E+04   0.339090E+06   0.340688E+06   0.339090E+06  -0.918442E-02   0.183865E+06   0.183844E+06   0.167246E-01   0.114728E-04   0.539677E+00  -0.438786E+08
   0.424160E+00   0.334859E+06   0.333196E+06   0.113678E+00   0.113678E+00   0.301585E+04   0.333010E+06   0.334580E+06   0.333010E+06  -0.901974E-02   0.180568E+06   0.180548E+06   0.161699E-01   0.109967E-04   0.539677E+00  -0.425716E+08
   0.429281E+00   0.328912E+06   0.327286E+06   0.109012E+00   0.109012E+00   0.289671E+04   0.327098E+06   0.328639E+06   0.327098E+06  -0.885959E-02   0.177362E+06   0.177342E+06   0.156470E-01   0.105452E-04   0.539677E+00  -0.413169E+08
   0.434402E+00   0.323094E+06   0.321502E+06   0.104574E+00   0.104574E+00   0.278338E+04   0.321312E+06   0.322827E+06   0.321312E+06  -0.870289E-02   0.174226E+06   0.174206E+06   0.151621E-01   0.101159E-04   0.539677E+00  -0.401077E+08
   0.439523E+00   0.317378E+06   0.315816E+06   0.100344E+00   0.100344E+00   0.267540E+04   0.315628E+06   0.317116E+06   0.315628E+06  -0.854893E-02   0.171143E+06   0.171124E+06   0.147159E-01   0.970678E-05   0.539676E+00  -0.389391E+08
   0.444644E+00   0.311752E+06   0.310216E+06   0.963080E-01   0.963080E-01   0.257247E+04   0.310032E+06   0.311494E+06   0.310032E+06  -0.839738E-02   0.168109E+06   0.168090E+06   0.143038E-01   0.931634E-05   0.539676E+00  -0.378083E+08
   0.449766E+00   0.306223E+06   0.304711E+06   0.924577E-01   0.924577E-01   0.247449E+04   0.304533E+06   0.305969E+06   0.304533E+06  -0.824842E-02   0.165128E+06   0.165109E+06   0.139184E-01   0.894389E-05   0.539676E+00  -0.367148E+08
   0.454887E+00   0.300815E+06   0.299324E+06   0.887909E-01   0.887909E-01   0.238144E+04   0.299153E+06   0.300564E+06   0.299153E+06  -0.810270E-02   0.162210E+06   0.162192E+06   0.135510E-01   0.858918E-05   0.539676E+00  -0.356602E+08
   0.460008E+00   0.295553E+06   0.294084E+06   0.853060E-01   0.853060E-01   0.229332E+04   0.293919E+06   0.295306E+06   0.293919E+06  -0.796095E-02   0.159373E+06   0.159354E+06   0.131944E-01   0.825207E-05   0.539676E+00  -0.346462E+08
   0.465129E+00   0.290457E+06   0.289010E+06   0.819990E-01   0.819990E-01   0.221001E+04   0.288851E+06   0.290214E+06   0.288851E+06  -0.782365E-02   0.156624E+06   0.156606E+06   0.128432E-01   0.793217E-05   0.539676E+00  -0.336739E+08
   0.470250E+00   0.285531E+06   0.284108E+06   0.788624E-01   0.788624E-01   0.213126E+04   0.283952E+06   0.285292E+06   0.283952E+06  -0.769098E-02   0.153968E+06   0.153951E+06   0.124954E-01   0.762875E-05   0.539675E+00  -0.327424E+08
   0.475371E+00   0.280772E+06   0.279373E+06   0.758861E-01   0.758861E-01   0.205673E+04   0.279220E+06   0.280537E+06   0.279220E+06  -0.756279E-02   0.151402E+06   0.151385E+06   0.121513E-01   0.734084E-05   0.539675E+00  -0.318498E+08
   0.480492E+00   0.276170E+06   0.274795E+06   0.730596E-01   0.730596E-01   0.198602E+04   0.274642E+06   0.275939E+06   0.274642E+06  -0.743882E-02   0.148920E+06   0.148903E+06   0.118135E-01   0.706742E-05   0.539675E+00  -0.309938E+08
   0.485614E+00   0.271709E+06   0.270360E+06   0.703717E-01   0.703717E-01   0.191874E+04   0.270207E+06   0.271483E+06   0.270207E+06  -0.731868E-02   0.146515E+06   0.146499E+06   0.114855E-01   0.680741E-05   0.539675E+00  -0.301717E+08
   0.490735E+00   0.267372E+06   0.266046E+06   0.678106E-01   0.678106E-01   0.185449E+04   0.265894E+06   0.267149E+06   0.265894E+06  -0.720186E-02   0.144176E+06   0.144160E+06   0.111705E-01   0.655967E-05   0.539675E+00  -0.293802E+08
   0.495856E+00   0.263135E+06   0.261833E+06   0.653648E-01   0.653648E-01   0.179293E+04   0.261681E+06   0.262916E+06   0.261681E+06  -0.708774E-02   0.141892E+06   0.141876E+06   0.108706E-01   0.632308E-05   0.539675E+00  -0.286161E+08
   0.500977E+00   0.258983E+06   0.257702E+06   0.630249E-01   0.630249E-01   0.173377E+04   0.257551E+06   0.258768E+06   0.257551E+06  -0.697590E-02   0.139653E+06   0.139637E+06   0.105864E-01   0.609673E-05   0.539674E+00  -0.278766E+08
   0.506098E+00   0.254911E+06   0.253650E+06   0.607849E-01   0.607849E-01   0.167686E+04   0.253502E+06   0.254699E+06   0.253502E+06  -0.686622E-02   0.137457E+06   0.137442E+06   0.103173E-01   0.588005E-05   0.539674E+00  -0.271607E+08
   0.511219E+00   0.250922E+06   0.249680E+06   0.586409E-01   0.586409E-01   0.162205E+04   0.249535E+06   0.250713E+06   0.249535E+06  -0.675876E-02   0.135306E+06   0.135291E+06   0.100613E-01   0.567265E-05   0.539674E+00  -0.264678E+08
   0.516340E+00   0.247018E+06   0.245795E+06   0.565891E-01   0.565891E-01   0.156924E+04   0.245652E+06   0.246813E+06   0.245652E+06  -0.665361E-02   0.133201E+06   0.133186E+06   0.981615E-02   0.547418E-05   0.539674E+00  -0.257976E+08
   0.521462E+00   0.243203E+06   0.241996E+06   0.546260E-01   0.546260E-01   0.151828E+04   0.241857E+06   0.243000E+06   0.241857E+06  -0.655082E-02   0.131143E+06   0.131128E+06   0.957926E-02   0.528428E-05   0.539674E+00  -0.251496E+08
   0.526583E+00   0.239480E+06   0.238290E+06   0.527485E-01   0.527485E-01   0.146907E+04   0.238154E+06   0.239280E+06   0.238154E+06  -0.645052E-02   0.129136E+06   0.129121E+06   0.934868E-02   0.510267E-05   0.539674E+00  -0.245237E+08
   0.531704E+00   0.235855E+06   0.234683E+06   0.509542E-01   0.509542E-01   0.142153E+04   0.234549E+06   0.235658E+06   0.234549E+06  -0.635288E-02   0.127181E+06   0.127166E+06   0.912329E-02   0.492910E-05   0.539674E+00  -0.239199E+08
   0.536825E+00   0.232330E+06   0.231176E+06   0.492397E-01   0.492397E-01   0.137558E+04   0.231044E+06   0.232136E+06   0.231044E+06  -0.625794E-02   0.125280E+06   0.125266E+06   0.890275E-02   0.476325E-05   0.539674E+00  -0.233377E+08
   0.541946E+00   0.228900E+06   0.227763E+06   0.476002E-01   0.476002E-01   0.133114E+04   0.227633E+06   0.228709E+06   0.227633E+06  -0.616555E-02   0.123431E+06   0.123416E+06   0.868727E-02   0.460466E-05   0.539673E+00  -0.227758E+08
   0.547067E+00   0.225556E+06   0.224436E+06   0.460307E-01   0.460307E-01   0.128817E+04   0.224307E+06   0.225368E+06   0.224307E+06  -0.607547E-02   0.121627E+06   0.121613E+06   0.847751E-02   0.445284E-05   0.539673E+00  -0.222330E+08
   0.559946E+00   0.217494E+06   0.216416E+06   0.423673E-01   0.423673E-01   0.118652E+04   0.216290E+06   0.217313E+06   0.216290E+06  -0.585831E-02   0.117280E+06   0.117267E+06   0.798010E-02   0.409846E-05   0.539673E+00  -0.209453E+08
   0.593872E+00   0.198181E+06   0.197198E+06   0.343203E-01   0.343203E-01   0.964567E+03   0.197083E+06   0.198016E+06   0.197083E+06  -0.533809E-02   0.106866E+06   0.106853E+06   0.687084E-02   0.332002E-05   0.539672E+00  -0.179951E+08
   0.629853E+00   0.180536E+06   0.179641E+06   0.277946E-01   0.277946E-01   0.793300E+03   0.179536E+06   0.180385E+06   0.179536E+06  -0.486280E-02   0.973508E+05   0.973397E+05   0.590559E-02   0.268875E-05   0.539672E+00  -0.154564E+08
   0.879031E+00   0.105536E+06   0.105013E+06   0.834193E-02   0.834193E-02   0.249941E+03   0.104950E+06   0.105448E+06   0.104950E+06  -0.284262E-02   0.569081E+05   0.569015E+05   0.250334E-02   0.806981E-06   0.539670E+00  -0.647407E+07
   0.122679E+01   0.609480E+05   0.606458E+05   0.247342E-02   0.247342E-02   0.759675E+02   0.606094E+05   0.608972E+05   0.606094E+05  -0.164163E-02   0.328650E+05   0.328611E+05   0.106025E-02   0.239274E-06   0.539668E+00  -0.267899E+07
   0.171212E+01   0.348322E+05   0.346594E+05   0.725753E-03   0.725753E-03   0.226746E+02   0.346386E+05   0.348032E+05   0.346386E+05  -0.938202E-03   0.187825E+05   0.187802E+05   0.453839E-03   0.702085E-07   0.539667E+00  -0.109705E+07
   0.238945E+01   0.197285E+05   0.196304E+05   0.211043E-03   0.211043E-03   0.668910E+01   0.196188E+05   0.197120E+05   0.196188E+05  -0.531384E-03   0.106382E+05   0.106367E+05   0.199810E-03   0.204162E-07   0.539667E+00  -0.445220E+06
