#          k/h    CDM            baryon         photon         nu             mass_nu        total          no_nu          total_de       Weyl           v_CDM          v_b            v_b-v_c        ISW            log_grow       pert_vel    
   0.994668E-05   0.112754E+08   0.112754E+08   0.150214E+08   0.150210E+08   0.112775E+08   0.112754E+08   0.112754E+08   0.112794E+08  -0.458654E+00   0.992913E+07   0.992913E+07   0.609101E+01   0.112841E+07   0.489835E+00  -0.998272E+14
   0.109829E-04   0.112759E+08   0.112759E+08   0.150193E+08   0.150188E+08   0.112779E+08   0.112759E+08   0.112759E+08   0.112799E+08  -0.458673E+00   0.992936E+07   0.992936E+07   0.672539E+01   0.925511E+06   0.489860E+00  -0.904104E+14
   0.121272E-04   0.112765E+08   0.112765E+08   0.150167E+08   0.150161E+08   0.112785E+08   0.112765E+08   0.112765E+08   0.112805E+08  -0.458696E+00   0.992964E+07   0.992964E+07   0.742579E+01   0.759095E+06   0.489890E+00  -0.818822E+14
   0.133906E-04   0.112772E+08   0.112772E+08   0.150136E+08   0.150128E+08   0.112792E+08   0.112772E+08   0.112772E+08   0.112812E+08  -0.458725E+00   0.992998E+07   0.992998E+07   0.819907E+01   0.622601E+06   0.489927E+00  -0.741590E+14
   0.147857E-04   0.112780E+08   0.112780E+08   0.150098E+08   0.150088E+08   0.112800E+08   0.112780E+08   0.112780E+08   0.112820E+08  -0.458759E+00   0.993039E+07   0.993039E+07   0.905278E+01   0.510650E+06   0.489972E+00  -0.671647E+14
   0.163261E-04   0.112791E+08   0.112791E+08   0.150051E+08   0.150040E+08   0.112811E+08   0.112791E+08   0.112791E+08   0.112831E+08  -0.458802E+00   0.993090E+07   0.993090E+07   0.999527E+01   0.418827E+06   0.490027E+00  -0.608306E+14
   0.180270E-04   0.112803E+08   0.112803E+08   0.149994E+08   0.149981E+08   0.112823E+08   0.112803E+08   0.112803E+08   0.112844E+08  -0.458853E+00   0.993151E+07   0.993151E+07   0.110357E+02   0.343514E+06   0.490094E+00  -0.550945E+14
   0.199051E-04   0.112819E+08   0.112819E+08   0.149925E+08   0.149908E+08   0.112838E+08   0.112819E+08   0.112819E+08   0.112859E+08  -0.458916E+00   0.993226E+07   0.993226E+07   0.121843E+02   0.281743E+06   0.490175E+00  -0.499000E+14
   0.219788E-04   0.112838E+08   0.112838E+08   0.149841E+08   0.149821E+08   0.112857E+08   0.112838E+08   0.112838E+08   0.112878E+08  -0.458992E+00   0.993318E+07   0.993318E+07   0.134521E+02   0.231079E+06   0.490275E+00  -0.451959E+14
   0.242687E-04   0.112861E+08   0.112861E+08   0.149738E+08   0.149713E+08   0.112879E+08   0.112861E+08   0.112861E+08   0.112901E+08  -0.459086E+00   0.993430E+07   0.993430E+07   0.148514E+02   0.189524E+06   0.490395E+00  -0.409362E+14
   0.267970E-04   0.112889E+08   0.112889E+08   0.149613E+08   0.149583E+08   0.112907E+08   0.112889E+08   0.112889E+08   0.112929E+08  -0.459199E+00   0.993566E+07   0.993566E+07   0.163957E+02   0.155441E+06   0.490542E+00  -0.370788E+14
   0.295888E-04   0.112923E+08   0.112923E+08   0.149461E+08   0.149424E+08   0.112940E+08   0.112923E+08   0.112923E+08   0.112963E+08  -0.459338E+00   0.993731E+07   0.993731E+07   0.181000E+02   0.127486E+06   0.490721E+00  -0.335860E+14
   0.326714E-04   0.112965E+08   0.112965E+08   0.149275E+08   0.149230E+08   0.112981E+08   0.112965E+08   0.112965E+08   0.113005E+08  -0.459507E+00   0.993933E+07   0.993933E+07   0.199805E+02   0.104557E+06   0.490939E+00  -0.304232E+14
   0.360752E-04   0.113015E+08   0.113015E+08   0.149049E+08   0.148994E+08   0.113031E+08   0.113015E+08   0.113015E+08   0.113055E+08  -0.459712E+00   0.994179E+07   0.994179E+07   0.220550E+02   0.857512E+05   0.491205E+00  -0.275595E+14
   0.398336E-04   0.113077E+08   0.113077E+08   0.148774E+08   0.148707E+08   0.113092E+08   0.113077E+08   0.113077E+08   0.113117E+08  -0.459963E+00   0.994479E+07   0.994479E+07   0.243433E+02   0.703267E+05   0.491527E+00  -0.249667E+14
   0.439836E-04   0.113152E+08   0.113152E+08   0.148439E+08   0.148357E+08   0.113165E+08   0.113152E+08   0.113152E+08   0.113192E+08  -0.460268E+00   0.994844E+07   0.994844E+07   0.268667E+02   0.576756E+05   0.491919E+00  -0.226194E+14
   0.485659E-04   0.113244E+08   0.113244E+08   0.148031E+08   0.147932E+08   0.113255E+08   0.113244E+08   0.113244E+08   0.113284E+08  -0.460639E+00   0.995289E+07   0.995289E+07   0.296486E+02   0.472993E+05   0.492394E+00  -0.204943E+14
   0.536256E-04   0.113356E+08   0.113355E+08   0.147535E+08   0.147414E+08   0.113365E+08   0.113356E+08   0.113356E+08   0.113395E+08  -0.461091E+00   0.995831E+07   0.995830E+07   0.327144E+02   0.387887E+05   0.492971E+00  -0.185707E+14
   0.592125E-04   0.113491E+08   0.113491E+08   0.146933E+08   0.146785E+08   0.113498E+08   0.113491E+08   0.113491E+08   0.113531E+08  -0.461641E+00   0.996490E+07   0.996489E+07   0.360916E+02   0.318085E+05   0.493671E+00  -0.168297E+14
   0.653814E-04   0.113657E+08   0.113656E+08   0.146200E+08   0.146022E+08   0.113660E+08   0.113656E+08   0.113656E+08   0.113696E+08  -0.462310E+00   0.997291E+07   0.997291E+07   0.398100E+02   0.260834E+05   0.494518E+00  -0.152540E+14
   0.721930E-04   0.113857E+08   0.113857E+08   0.145312E+08   0.145095E+08   0.113857E+08   0.113857E+08   0.113857E+08   0.113896E+08  -0.463124E+00   0.998266E+07   0.998266E+07   0.439015E+02   0.213878E+05   0.495541E+00  -0.138283E+14
   0.797142E-04   0.114101E+08   0.114101E+08   0.144235E+08   0.143971E+08   0.114096E+08   0.114101E+08   0.114101E+08   0.114139E+08  -0.464112E+00   0.999452E+07   0.999450E+07   0.483999E+02   0.175367E+05   0.496775E+00  -0.125384E+14
   0.880190E-04   0.114397E+08   0.114397E+08   0.142930E+08   0.142610E+08   0.114386E+08   0.114397E+08   0.114397E+08   0.114435E+08  -0.465311E+00   0.100089E+08   0.100089E+08   0.533412E+02   0.143782E+05   0.498261E+00  -0.113717E+14
   0.971891E-04   0.114756E+08   0.114755E+08   0.141352E+08   0.140965E+08   0.114738E+08   0.114756E+08   0.114756E+08   0.114794E+08  -0.466766E+00   0.100264E+08   0.100264E+08   0.587627E+02   0.117878E+05   0.500044E+00  -0.103167E+14
   0.107314E-03   0.115191E+08   0.115190E+08   0.139448E+08   0.138980E+08   0.115164E+08   0.115191E+08   0.115191E+08   0.115228E+08  -0.468528E+00   0.100476E+08   0.100475E+08   0.647027E+02   0.966348E+04   0.502178E+00  -0.936307E+13
   0.118495E-03   0.115717E+08   0.115716E+08   0.137155E+08   0.136591E+08   0.115680E+08   0.115717E+08   0.115717E+08   0.115753E+08  -0.470659E+00   0.100732E+08   0.100732E+08   0.711995E+02   0.792140E+04   0.504720E+00  -0.850128E+13
   0.130840E-03   0.116352E+08   0.116351E+08   0.134400E+08   0.133722E+08   0.116303E+08   0.116352E+08   0.116352E+08   0.116388E+08  -0.473234E+00   0.101042E+08   0.101042E+08   0.782905E+02   0.649292E+04   0.507735E+00  -0.772286E+13
   0.144471E-03   0.117118E+08   0.117116E+08   0.131104E+08   0.130289E+08   0.117053E+08   0.117117E+08   0.117118E+08   0.117152E+08  -0.476336E+00   0.101416E+08   0.101416E+08   0.860099E+02   0.532171E+04   0.511291E+00  -0.702010E+13
   0.159522E-03   0.118039E+08   0.118037E+08   0.127175E+08   0.126200E+08   0.117955E+08   0.118038E+08   0.118038E+08   0.118072E+08  -0.480068E+00   0.101867E+08   0.101867E+08   0.943871E+02   0.436157E+04   0.515457E+00  -0.638600E+13
   0.176142E-03   0.119143E+08   0.119141E+08   0.122516E+08   0.121355E+08   0.119036E+08   0.119142E+08   0.119142E+08   0.119174E+08  -0.484541E+00   0.102409E+08   0.102408E+08   0.103443E+03   0.357462E+04   0.520300E+00  -0.581421E+13
   0.194493E-03   0.120462E+08   0.120459E+08   0.117026E+08   0.115650E+08   0.120327E+08   0.120461E+08   0.120462E+08   0.120492E+08  -0.489887E+00   0.103058E+08   0.103057E+08   0.113185E+03   0.292980E+04   0.525876E+00  -0.529899E+13
   0.214755E-03   0.122032E+08   0.122029E+08   0.110608E+08   0.108988E+08   0.121863E+08   0.122031E+08   0.122032E+08   0.122060E+08  -0.496250E+00   0.103832E+08   0.103831E+08   0.123603E+03   0.240161E+04   0.532230E+00  -0.483506E+13
   0.237129E-03   0.123892E+08   0.123888E+08   0.103178E+08   0.101287E+08   0.123681E+08   0.123890E+08   0.123891E+08   0.123918E+08  -0.503787E+00   0.104752E+08   0.104751E+08   0.134664E+03   0.196913E+04   0.539382E+00  -0.441766E+13
   0.261834E-03   0.126083E+08   0.126078E+08   0.946840E+07   0.924965E+07   0.125821E+08   0.126081E+08   0.126082E+08   0.126106E+08  -0.512665E+00   0.105839E+08   0.105838E+08   0.146301E+03   0.161521E+04   0.547318E+00  -0.404237E+13
   0.289112E-03   0.128646E+08   0.128641E+08   0.851210E+07   0.826215E+07   0.128324E+08   0.128644E+08   0.128646E+08   0.128667E+08  -0.523055E+00   0.107117E+08   0.107115E+08   0.158405E+03   0.132574E+04   0.555987E+00  -0.370515E+13
   0.319233E-03   0.131624E+08   0.131618E+08   0.745654E+07   0.717521E+07   0.131227E+08   0.131621E+08   0.131623E+08   0.131641E+08  -0.535124E+00   0.108607E+08   0.108606E+08   0.170817E+03   0.108911E+04   0.565292E+00  -0.340225E+13
   0.352491E-03   0.135053E+08   0.135046E+08   0.632059E+07   0.600985E+07   0.134564E+08   0.135050E+08   0.135052E+08   0.135066E+08  -0.549021E+00   0.110331E+08   0.110330E+08   0.183314E+03   0.895785E+03   0.575090E+00  -0.313015E+13
   0.389215E-03   0.138962E+08   0.138953E+08   0.513789E+07   0.480274E+07   0.138363E+08   0.138958E+08   0.138961E+08   0.138972E+08  -0.564866E+00   0.112307E+08   0.112305E+08   0.195605E+03   0.737896E+03   0.585196E+00  -0.288558E+13
   0.429764E-03   0.143370E+08   0.143359E+08   0.395969E+07   0.360902E+07   0.142635E+08   0.143364E+08   0.143368E+08   0.143375E+08  -0.582732E+00   0.114546E+08   0.114544E+08   0.207327E+03   0.608953E+03   0.595396E+00  -0.266542E+13
   0.474538E-03   0.148276E+08   0.148263E+08   0.285539E+07   0.250265E+07   0.147378E+08   0.148270E+08   0.148274E+08   0.148277E+08  -0.602623E+00   0.117053E+08   0.117050E+08   0.218045E+03   0.503599E+03   0.605464E+00  -0.246675E+13
   0.523976E-03   0.153662E+08   0.153647E+08   0.190854E+07   0.157185E+07   0.152567E+08   0.153655E+08   0.153660E+08   0.153660E+08  -0.624464E+00   0.119819E+08   0.119816E+08   0.227276E+03   0.417423E+03   0.615177E+00  -0.228680E+13
   0.578566E-03   0.159485E+08   0.159468E+08   0.120570E+07   0.906926E+06   0.158150E+08   0.159476E+08   0.159482E+08   0.159479E+08  -0.648080E+00   0.122825E+08   0.122821E+08   0.234511E+03   0.346798E+03   0.624341E+00  -0.212299E+13
   0.638842E-03   0.165675E+08   0.165655E+08   0.816112E+06   0.578532E+06   0.164050E+08   0.165664E+08   0.165672E+08   0.165666E+08  -0.673191E+00   0.126036E+08   0.126032E+08   0.239274E+03   0.288758E+03   0.632804E+00  -0.197295E+13
   0.705398E-03   0.172139E+08   0.172115E+08   0.763659E+06   0.608119E+06   0.170164E+08   0.172125E+08   0.172135E+08   0.172127E+08  -0.699417E+00   0.129403E+08   0.129398E+08   0.241176E+03   0.240894E+03   0.640464E+00  -0.183453E+13
   0.778888E-03   0.178759E+08   0.178732E+08   0.998833E+06   0.939141E+06   0.176365E+08   0.178743E+08   0.178754E+08   0.178746E+08  -0.726286E+00   0.132865E+08   0.132859E+08   0.239981E+03   0.201262E+03   0.647269E+00  -0.170588E+13
   0.860035E-03   0.185404E+08   0.185375E+08   0.138738E+07   0.142694E+07   0.182507E+08   0.185386E+08   0.185399E+08   0.185389E+08  -0.753264E+00   0.136349E+08   0.136343E+08   0.235644E+03   0.168306E+03   0.653216E+00  -0.158544E+13
   0.949635E-03   0.191937E+08   0.191904E+08   0.173731E+07   0.186996E+07   0.188440E+08   0.191915E+08   0.191931E+08   0.191919E+08  -0.779786E+00   0.139781E+08   0.139774E+08   0.228318E+03   0.140790E+03   0.658340E+00  -0.147198E+13
   0.104857E-02   0.198220E+08   0.198184E+08   0.187459E+07   0.209190E+07   0.194010E+08   0.198194E+08   0.198214E+08   0.198199E+08  -0.805296E+00   0.143083E+08   0.143076E+08   0.218296E+03   0.117733E+03   0.662699E+00  -0.136459E+13
   0.115781E-02   0.204129E+08   0.204092E+08   0.173979E+07   0.204282E+07   0.199078E+08   0.204099E+08   0.204123E+08   0.204104E+08  -0.829285E+00   0.146184E+08   0.146177E+08   0.205950E+03   0.983612E+02   0.666368E+00  -0.126263E+13
   0.127844E-02   0.209559E+08   0.209520E+08   0.142755E+07   0.183477E+07   0.203522E+08   0.209524E+08   0.209553E+08   0.209528E+08  -0.851321E+00   0.149025E+08   0.149018E+08   0.191695E+03   0.820583E+02   0.669432E+00  -0.116572E+13
   0.141163E-02   0.214428E+08   0.214387E+08   0.109574E+07   0.163618E+07   0.207254E+08   0.214387E+08   0.214421E+08   0.214391E+08  -0.871072E+00   0.151556E+08   0.151549E+08   0.176045E+03   0.683335E+02   0.671972E+00  -0.107366E+13
   0.155869E-02   0.218679E+08   0.218637E+08   0.803842E+06   0.550184E+06   0.210203E+08   0.218632E+08   0.218672E+08   0.218634E+08  -0.888303E+00   0.153744E+08   0.153736E+08   0.159699E+03   0.567815E+02   0.674072E+00  -0.986391E+12
   0.172108E-02   0.222279E+08   0.222237E+08   0.500296E+06   0.458689E+06   0.212331E+08   0.222225E+08   0.222272E+08   0.222226E+08  -0.902895E+00   0.155565E+08   0.155557E+08   0.143503E+03   0.470835E+02   0.675797E+00  -0.903902E+12
   0.190039E-02   0.225216E+08   0.225175E+08   0.223452E+06   0.381188E+06   0.213624E+08   0.225155E+08   0.225209E+08   0.225155E+08  -0.914791E+00   0.157008E+08   0.157001E+08   0.128254E+03   0.389528E+02   0.677208E+00  -0.826215E+12
   0.209838E-02   0.227495E+08   0.227454E+08   0.127199E+06   0.315812E+06   0.214089E+08   0.227425E+08   0.227488E+08   0.227425E+08  -0.924009E+00   0.158074E+08   0.158067E+08   0.114543E+03   0.321523E+02   0.678360E+00  -0.753339E+12
   0.231699E-02   0.229132E+08   0.229090E+08   0.173206E+06   0.260893E+06   0.213753E+08   0.229052E+08   0.229125E+08   0.229053E+08  -0.930618E+00   0.158769E+08   0.158762E+08   0.102729E+03   0.264797E+02   0.679300E+00  -0.685257E+12
   0.255838E-02   0.230154E+08   0.230111E+08   0.204605E+06   0.214937E+06   0.212653E+08   0.230064E+08   0.230147E+08   0.230064E+08  -0.934724E+00   0.159103E+08   0.159096E+08   0.928300E+02   0.217607E+02   0.680064E+00  -0.621908E+12
   0.282492E-02   0.230586E+08   0.230541E+08   0.233037E+06   0.176621E+06   0.210830E+08   0.230485E+08   0.230578E+08   0.230485E+08  -0.936431E+00   0.159088E+08   0.159081E+08   0.844244E+02   0.178448E+02   0.680684E+00  -0.563175E+12
   0.311923E-02   0.230457E+08   0.230409E+08   0.179505E+06   0.144783E+06   0.208320E+08   0.230344E+08   0.230449E+08   0.230344E+08  -0.935858E+00   0.158737E+08   0.158730E+08   0.769023E+02   0.146035E+02   0.681186E+00  -0.508914E+12
   0.344419E-02   0.229795E+08   0.229745E+08   0.939788E+05   0.118409E+06   0.205156E+08   0.229670E+08   0.229786E+08   0.229670E+08  -0.933116E+00   0.158063E+08   0.158056E+08   0.697444E+02   0.119266E+02   0.681590E+00  -0.458939E+12
   0.380302E-02   0.228624E+08   0.228571E+08   0.430494E+05   0.966241E+05   0.201364E+08   0.228486E+08   0.228615E+08   0.228486E+08  -0.928306E+00   0.157077E+08   0.157069E+08   0.628233E+02   0.972100E+01   0.681915E+00  -0.413043E+12
   0.419923E-02   0.226966E+08   0.226910E+08   0.637467E+05   0.786758E+05   0.196971E+08   0.226814E+08   0.226956E+08   0.226815E+08  -0.921513E+00   0.155787E+08   0.155780E+08   0.563967E+02   0.790767E+01   0.682173E+00  -0.371000E+12
   0.463671E-02   0.224837E+08   0.224777E+08   0.688014E+05   0.639241E+05   0.192002E+08   0.224671E+08   0.224827E+08   0.224671E+08  -0.912805E+00   0.154201E+08   0.154194E+08   0.507489E+02   0.641997E+01   0.682377E+00  -0.332575E+12
   0.511978E-02   0.222250E+08   0.222184E+08   0.345610E+05   0.518269E+05   0.186495E+08   0.222070E+08   0.222239E+08   0.222070E+08  -0.902234E+00   0.152323E+08   0.152316E+08   0.458133E+02   0.520168E+01   0.682536E+00  -0.297527E+12
   0.565317E-02   0.219220E+08   0.219149E+08   0.143002E+05   0.419286E+05   0.180236E+08   0.219024E+08   0.219208E+08   0.219024E+08  -0.889858E+00   0.150160E+08   0.150153E+08   0.412930E+02   0.420590E+01   0.682655E+00  -0.265628E+12
   0.624213E-02   0.215740E+08   0.215661E+08   0.472538E+04   0.338436E+05   0.173571E+08   0.215527E+08   0.215727E+08   0.215527E+08  -0.875652E+00   0.147703E+08   0.147696E+08   0.371002E+02   0.339336E+01   0.682744E+00  -0.236630E+12
   0.689245E-02   0.211817E+08   0.211729E+08  -0.284641E+05   0.272534E+05   0.166391E+08   0.211588E+08   0.211802E+08   0.211587E+08  -0.859645E+00   0.144956E+08   0.144950E+08   0.333763E+02   0.273158E+01   0.682807E+00  -0.210318E+12
   0.761052E-02   0.207451E+08   0.207353E+08  -0.260641E+05   0.218922E+05   0.158796E+08   0.207204E+08   0.207434E+08   0.207204E+08  -0.841836E+00   0.141917E+08   0.141910E+08   0.300678E+02   0.219351E+01   0.682848E+00  -0.186480E+12
   0.840340E-02   0.202638E+08   0.202527E+08  -0.650836E+03   0.175391E+05   0.150881E+08   0.202374E+08   0.202619E+08   0.202374E+08  -0.822213E+00   0.138580E+08   0.138573E+08   0.270559E+02   0.175691E+01   0.682871E+00  -0.164914E+12
   0.927889E-02   0.197374E+08   0.197248E+08  -0.154371E+05   0.140116E+05   0.142650E+08   0.197094E+08   0.197353E+08   0.197094E+08  -0.800759E+00   0.134942E+08   0.134935E+08   0.243800E+02   0.140325E+01   0.682881E+00  -0.145433E+12
   0.102456E-01   0.191653E+08   0.191510E+08  -0.436798E+04   0.111590E+05   0.134111E+08   0.191357E+08   0.191629E+08   0.191357E+08  -0.777452E+00   0.130998E+08   0.130991E+08   0.219890E+02   0.111736E+01   0.682877E+00  -0.127861E+12
   0.113130E-01   0.185469E+08   0.185305E+08  -0.710525E+04   0.885703E+04   0.125341E+08   0.185157E+08   0.185441E+08   0.185157E+08  -0.752260E+00   0.126741E+08   0.126734E+08   0.198548E+02   0.886733E+00   0.682864E+00  -0.112035E+12
   0.124916E-01   0.178811E+08   0.178624E+08  -0.271550E+04   0.700356E+04   0.116420E+08   0.178485E+08   0.178780E+08   0.178485E+08  -0.725153E+00   0.122166E+08   0.122159E+08   0.179553E+02   0.701082E+00   0.682842E+00  -0.978009E+11
   0.137930E-01   0.171677E+08   0.171462E+08  -0.593394E+04   0.551492E+04   0.107412E+08   0.171337E+08   0.171641E+08   0.171337E+08  -0.696111E+00   0.117268E+08   0.117261E+08   0.162628E+02   0.552014E+00   0.682814E+00  -0.850219E+11
   0.152300E-01   0.164063E+08   0.163818E+08   0.322852E+04   0.432253E+04   0.983473E+07   0.163711E+08   0.164022E+08   0.163711E+08  -0.665128E+00   0.112045E+08   0.112038E+08   0.147502E+02   0.432629E+00   0.682780E+00  -0.735705E+11
   0.168167E-01   0.156156E+08   0.155877E+08  -0.160871E+04   0.337430E+04   0.894351E+07   0.155794E+08   0.156109E+08   0.155794E+08  -0.632963E+00   0.106625E+08   0.106618E+08   0.134049E+02   0.337706E+00   0.682742E+00  -0.634059E+11
   0.185687E-01   0.147652E+08   0.147336E+08  -0.233172E+04   0.261672E+04   0.805419E+07   0.147282E+08   0.147599E+08   0.147282E+08  -0.598379E+00   0.100799E+08   0.100793E+08   0.121788E+02   0.261878E+00   0.682701E+00  -0.542858E+11
   0.205033E-01   0.138737E+08   0.138383E+08   0.300264E+04   0.201649E+04   0.718485E+07   0.138361E+08   0.138677E+08   0.138361E+08  -0.562136E+00   0.946949E+07   0.946881E+07   0.110552E+02   0.201807E+00   0.682658E+00  -0.461865E+11
   0.226393E-01   0.129341E+08   0.128948E+08   0.617478E+03   0.154179E+04   0.633768E+07   0.128963E+08   0.129275E+08   0.128963E+08  -0.523954E+00   0.882647E+07   0.882580E+07   0.100029E+02   0.154300E+00   0.682613E+00  -0.389883E+11
   0.249980E-01   0.119803E+08   0.119375E+08   0.353416E+03   0.117121E+04   0.553512E+07   0.119426E+08   0.119731E+08   0.119426E+08  -0.485208E+00   0.817399E+07   0.817332E+07   0.900479E+01   0.117217E+00   0.682567E+00  -0.326994E+11
   0.276023E-01   0.110238E+08   0.109779E+08   0.560796E+03   0.883841E+03   0.478474E+07   0.109866E+08   0.110161E+08   0.109866E+08  -0.446366E+00   0.751991E+07   0.751924E+07   0.803857E+01   0.884606E-01   0.682521E+00  -0.272444E+11
   0.304780E-01   0.100689E+08   0.100210E+08   0.413305E+03   0.662062E+03   0.408979E+07   0.100326E+08   0.100608E+08   0.100326E+08  -0.407605E+00   0.686718E+07   0.686654E+07   0.707747E+01   0.662677E-01   0.682475E+00  -0.225321E+11
   0.336533E-01   0.914155E+07   0.909306E+07   0.130914E+03   0.492965E+03   0.346077E+07   0.910656E+07   0.913341E+07   0.910656E+07  -0.369983E+00   0.623361E+07   0.623300E+07   0.611195E+01   0.493458E-01   0.682429E+00  -0.185234E+11
   0.371593E-01   0.827541E+07   0.822818E+07  -0.751467E+02   0.365995E+03   0.290763E+07   0.824211E+07   0.826748E+07   0.824211E+07  -0.334862E+00   0.564215E+07   0.564157E+07   0.514423E+01   0.366391E-01   0.682385E+00  -0.151840E+11
   0.410307E-01   0.749175E+07   0.744793E+07   0.123415E+02   0.271754E+03   0.243216E+07   0.746048E+07   0.748439E+07   0.746048E+07  -0.303106E+00   0.510733E+07   0.510681E+07   0.418784E+01   0.272074E-01   0.682341E+00  -0.124478E+11
   0.451338E-01   0.683805E+07   0.679950E+07   0.205001E+03   0.205001E+03   0.204842E+07   0.680894E+07   0.683158E+07   0.680894E+07  -0.276635E+00   0.466172E+07   0.466128E+07   0.325626E+01   0.205217E-01   0.682331E+00  -0.103289E+11
   0.492368E-01   0.632090E+07   0.628846E+07   0.159244E+03   0.159244E+03   0.175226E+07   0.629386E+07   0.631546E+07   0.629386E+07  -0.255708E+00   0.430926E+07   0.430889E+07   0.253098E+01   0.159427E-01   0.682295E+00  -0.875231E+10
   0.533399E-01   0.590423E+07   0.587789E+07   0.126757E+03   0.126757E+03   0.151840E+07   0.587907E+07   0.589981E+07   0.587907E+07  -0.238856E+00   0.402543E+07   0.402512E+07   0.195337E+01   0.126914E-01   0.682263E+00  -0.754693E+10
   0.574430E-01   0.555339E+07   0.553241E+07   0.102813E+03   0.102813E+03   0.132763E+07   0.552989E+07   0.554987E+07   0.552989E+07  -0.224669E+00   0.378648E+07   0.378622E+07   0.151930E+01   0.102949E-01   0.682235E+00  -0.659189E+10
   0.615460E-01   0.524134E+07   0.522446E+07   0.845367E+02   0.845367E+02   0.116681E+07   0.521924E+07   0.523851E+07   0.521924E+07  -0.212048E+00   0.357390E+07   0.357367E+07   0.121534E+01   0.846559E-02   0.682209E+00  -0.580703E+10
   0.656491E-01   0.494722E+07   0.493295E+07   0.701343E+02   0.701343E+02   0.102703E+07   0.492628E+07   0.494482E+07   0.492628E+07  -0.200146E+00   0.337341E+07   0.337321E+07   0.102023E+01   0.702388E-02   0.682186E+00  -0.513868E+10
   0.697522E-01   0.465624E+07   0.464313E+07   0.584726E+02   0.584726E+02   0.902582E+06   0.463629E+07   0.465404E+07   0.463629E+07  -0.188364E+00   0.317493E+07   0.317474E+07   0.907810E+00   0.585639E-02   0.682165E+00  -0.455185E+10
   0.738552E-01   0.437089E+07   0.435772E+07   0.489582E+02   0.489582E+02   0.792130E+06   0.435175E+07   0.436868E+07   0.435175E+07  -0.176804E+00   0.298017E+07   0.297998E+07   0.852064E+00   0.490378E-02   0.682146E+00  -0.403525E+10
   0.779583E-01   0.408198E+07   0.406796E+07   0.410330E+02   0.410330E+02   0.692498E+06   0.406360E+07   0.407962E+07   0.406360E+07  -0.165097E+00   0.278291E+07   0.278272E+07   0.826054E+00   0.411020E-02   0.682128E+00  -0.356983E+10
   0.820614E-01   0.380364E+07   0.378842E+07   0.345038E+02   0.345038E+02   0.604843E+06   0.378596E+07   0.380108E+07   0.378596E+07  -0.153817E+00   0.259284E+07   0.259264E+07   0.810117E+00   0.345636E-02   0.682112E+00  -0.315971E+10
   0.861644E-01   0.354356E+07   0.352723E+07   0.291531E+02   0.291531E+02   0.528908E+06   0.352656E+07   0.354081E+07   0.352656E+07  -0.143278E+00   0.241525E+07   0.241505E+07   0.789318E+00   0.292049E-02   0.682097E+00  -0.280313E+10
   0.912856E-01   0.325436E+07   0.323727E+07   0.238515E+02   0.238515E+02   0.449734E+06   0.323823E+07   0.325149E+07   0.323823E+07  -0.131563E+00   0.221784E+07   0.221764E+07   0.744039E+00   0.238950E-02   0.682080E+00  -0.242961E+10
   0.964067E-01   0.301322E+07   0.299640E+07   0.197992E+02   0.197992E+02   0.386424E+06   0.299798E+07   0.301040E+07   0.299798E+07  -0.121802E+00   0.205334E+07   0.205315E+07   0.674220E+00   0.198361E-02   0.682065E+00  -0.212992E+10
   0.101528E+00   0.282312E+07   0.280756E+07   0.167261E+02   0.167261E+02   0.336748E+06   0.280875E+07   0.282051E+07   0.280875E+07  -0.114115E+00   0.192378E+07   0.192360E+07   0.586410E+00   0.167579E-02   0.682051E+00  -0.189487E+10
   0.106649E+00   0.267711E+07   0.266352E+07   0.143754E+02   0.143754E+02   0.297717E+06   0.266358E+07   0.267483E+07   0.266358E+07  -0.108216E+00   0.182438E+07   0.182422E+07   0.492507E+00   0.144032E-02   0.682039E+00  -0.171068E+10
   0.111770E+00   0.256077E+07   0.254942E+07   0.125208E+02   0.125208E+02   0.266153E+06   0.254801E+07   0.255886E+07   0.254801E+07  -0.103521E+00   0.174525E+07   0.174512E+07   0.405004E+00   0.125453E-02   0.682027E+00  -0.156150E+10
   0.116891E+00   0.245855E+07   0.244923E+07   0.109920E+02   0.109920E+02   0.239442E+06   0.244649E+07   0.245699E+07   0.244649E+07  -0.993967E-01   0.167574E+07   0.167562E+07   0.333532E+00   0.110137E-02   0.682017E+00  -0.143363E+10
   0.122012E+00   0.235831E+07   0.235048E+07   0.967806E+01   0.967806E+01   0.215827E+06   0.234686E+07   0.235700E+07   0.234686E+07  -0.953489E-01   0.160752E+07   0.160742E+07   0.282939E+00   0.969729E-03   0.682007E+00  -0.131754E+10
   0.127134E+00   0.225293E+07   0.224586E+07   0.851599E+01   0.851599E+01   0.194317E+06   0.224200E+07   0.225174E+07   0.224200E+07  -0.910886E-01   0.153571E+07   0.153561E+07   0.252950E+00   0.853300E-03   0.681999E+00  -0.120798E+10
   0.132255E+00   0.214043E+07   0.213348E+07   0.747619E+01   0.747619E+01   0.174502E+06   0.212997E+07   0.213927E+07   0.212997E+07  -0.865368E-01   0.145899E+07   0.145889E+07   0.239209E+00   0.749119E-03   0.681991E+00  -0.110319E+10
   0.137376E+00   0.202314E+07   0.201582E+07   0.654906E+01   0.654906E+01   0.156335E+06   0.201308E+07   0.202191E+07   0.201308E+07  -0.817879E-01   0.137894E+07   0.137884E+07   0.235140E+00   0.656228E-03   0.681984E+00  -0.100379E+10
   0.142497E+00   0.190610E+07   0.189823E+07   0.573418E+01   0.573418E+01   0.139946E+06   0.189643E+07   0.190478E+07   0.189643E+07  -0.770485E-01   0.129904E+07   0.129894E+07   0.233962E+00   0.574585E-03   0.681977E+00  -0.911649E+09
   0.147618E+00   0.179576E+07   0.178742E+07   0.503348E+01   0.503348E+01   0.125528E+06   0.178647E+07   0.179436E+07   0.178647E+07  -0.725809E-01   0.122373E+07   0.122363E+07   0.230343E+00   0.504383E-03   0.681971E+00  -0.829001E+09
   0.152739E+00   0.169822E+07   0.168970E+07   0.444595E+01   0.444595E+01   0.113215E+06   0.168930E+07   0.169679E+07   0.168930E+07  -0.686331E-01   0.115718E+07   0.115708E+07   0.221316E+00   0.445518E-03   0.681966E+00  -0.757632E+09
   0.157860E+00   0.161685E+07   0.160851E+07   0.396264E+01   0.396264E+01   0.102953E+06   0.160829E+07   0.161545E+07   0.160829E+07  -0.653420E-01   0.110170E+07   0.110160E+07   0.206376E+00   0.397095E-03   0.681961E+00  -0.697907E+09
   0.162982E+00   0.155104E+07   0.154324E+07   0.356630E+01   0.356630E+01   0.944595E+05   0.154285E+07   0.154973E+07   0.154285E+07  -0.626831E-01   0.105687E+07   0.105678E+07   0.186978E+00   0.357385E-03   0.681957E+00  -0.648474E+09
   0.168103E+00   0.149738E+07   0.149035E+07   0.323652E+01   0.323652E+01   0.873346E+05   0.148953E+07   0.149620E+07   0.148953E+07  -0.605171E-01   0.102036E+07   0.102027E+07   0.165721E+00   0.324344E-03   0.681952E+00  -0.606998E+09
   0.173224E+00   0.145156E+07   0.144536E+07   0.295492E+01   0.295492E+01   0.811908E+05   0.144404E+07   0.145052E+07   0.144404E+07  -0.586688E-01   0.989197E+06   0.989122E+06   0.145446E+00   0.296129E-03   0.681948E+00  -0.571065E+09
   0.178345E+00   0.140920E+07   0.140373E+07   0.270649E+01   0.270649E+01   0.756925E+05   0.140198E+07   0.140829E+07   0.140198E+07  -0.569599E-01   0.960388E+06   0.960319E+06   0.128426E+00   0.271236E-03   0.681945E+00  -0.538513E+09
   0.183466E+00   0.136625E+07   0.136132E+07   0.247966E+01   0.247966E+01   0.705660E+05   0.135929E+07   0.136542E+07   0.135929E+07  -0.552256E-01   0.931150E+06   0.931087E+06   0.115869E+00   0.248507E-03   0.681942E+00  -0.507545E+09
   0.188587E+00   0.132008E+07   0.131543E+07   0.226754E+01   0.226754E+01   0.656456E+05   0.131337E+07   0.131930E+07   0.131337E+07  -0.533597E-01   0.899693E+06   0.899632E+06   0.107828E+00   0.227253E-03   0.681938E+00  -0.477082E+09
   0.193708E+00   0.127043E+07   0.126584E+07   0.206837E+01   0.206837E+01   0.608988E+05   0.126394E+07   0.126966E+07   0.126394E+07  -0.513517E-01   0.865840E+06   0.865780E+06   0.103429E+00   0.207295E-03   0.681936E+00  -0.446992E+09
   0.198830E+00   0.121895E+07   0.121425E+07   0.188356E+01   0.188356E+01   0.563837E+05   0.121266E+07   0.121816E+07   0.121266E+07  -0.492681E-01   0.830714E+06   0.830653E+06   0.101255E+00   0.188775E-03   0.681933E+00  -0.417812E+09
   0.203951E+00   0.116788E+07   0.116302E+07   0.171508E+01   0.171508E+01   0.521773E+05   0.116179E+07   0.116707E+07   0.116179E+07  -0.472015E-01   0.795871E+06   0.795810E+06   0.997666E-01   0.171892E-03   0.681930E+00  -0.390237E+09
   0.209072E+00   0.111946E+07   0.111447E+07   0.156433E+01   0.156433E+01   0.483413E+05   0.111355E+07   0.111862E+07   0.111355E+07  -0.452417E-01   0.762829E+06   0.762768E+06   0.976975E-01   0.156786E-03   0.681928E+00  -0.364873E+09
   0.214193E+00   0.107555E+07   0.107053E+07   0.143191E+01   0.143191E+01   0.449141E+05   0.106983E+07   0.107470E+07   0.106983E+07  -0.434653E-01   0.732880E+06   0.732820E+06   0.943029E-01   0.143517E-03   0.681926E+00  -0.342167E+09
   0.219314E+00   0.103729E+07   0.103238E+07   0.131722E+01   0.131722E+01   0.418966E+05   0.103176E+07   0.103647E+07   0.103176E+07  -0.419186E-01   0.706803E+06   0.706744E+06   0.894272E-01   0.132025E-03   0.681924E+00  -0.322286E+09
   0.224435E+00   0.100468E+07   0.999998E+06   0.121827E+01   0.121827E+01   0.392448E+05   0.999332E+06   0.100390E+07   0.999332E+06  -0.406011E-01   0.684590E+06   0.684534E+06   0.834044E-01   0.122110E-03   0.681922E+00  -0.305035E+09
   0.229556E+00   0.976677E+06   0.972298E+06   0.113209E+01   0.113209E+01   0.368815E+05   0.971498E+06   0.975942E+06   0.971498E+06  -0.394702E-01   0.665525E+06   0.665472E+06   0.768667E-01   0.113475E-03   0.681920E+00  -0.289924E+09
   0.234678E+00   0.951684E+06   0.947636E+06   0.105554E+01   0.105554E+01   0.347225E+05   0.946668E+06   0.951004E+06   0.946668E+06  -0.384614E-01   0.648516E+06   0.648467E+06   0.705249E-01   0.105804E-03   0.681918E+00  -0.276350E+09
   0.239799E+00   0.928012E+06   0.924266E+06   0.985832E+00   0.985832E+00   0.326939E+05   0.923149E+06   0.927383E+06   0.923149E+06  -0.375059E-01   0.632407E+06   0.632360E+06   0.649721E-01   0.988183E-04   0.681916E+00  -0.263730E+09
   0.244920E+00   0.904228E+06   0.900714E+06   0.920840E+00   0.920840E+00   0.307440E+05   0.899507E+06   0.903638E+06   0.899507E+06  -0.365454E-01   0.616213E+06   0.616169E+06   0.605556E-01   0.923052E-04   0.681915E+00  -0.251604E+09
   0.250041E+00   0.879498E+06   0.876128E+06   0.859351E+00   0.859351E+00   0.288497E+05   0.874909E+06   0.878932E+06   0.874909E+06  -0.355460E-01   0.599364E+06   0.599321E+06   0.573357E-01   0.861427E-04   0.681913E+00  -0.239712E+09
   0.255162E+00   0.853728E+06   0.850420E+06   0.801018E+00   0.801018E+00   0.270153E+05   0.849263E+06   0.853173E+06   0.849263E+06  -0.345040E-01   0.581797E+06   0.581754E+06   0.551246E-01   0.802961E-04   0.681912E+00  -0.228016E+09
   0.260283E+00   0.827398E+06   0.824092E+06   0.746050E+00   0.746050E+00   0.252609E+05   0.823049E+06   0.826843E+06   0.823049E+06  -0.334390E-01   0.563841E+06   0.563799E+06   0.535749E-01   0.747866E-04   0.681910E+00  -0.216631E+09
   0.265404E+00   0.801263E+06   0.797935E+06   0.694854E+00   0.694854E+00   0.236101E+05   0.797027E+06   0.800704E+06   0.797027E+06  -0.323818E-01   0.546015E+06   0.545974E+06   0.522900E-01   0.696549E-04   0.681909E+00  -0.205734E+09
   0.270526E+00   0.776148E+06   0.772804E+06   0.647815E+00   0.647815E+00   0.220835E+05   0.772020E+06   0.775586E+06   0.772020E+06  -0.313658E-01   0.528886E+06   0.528845E+06   0.509275E-01   0.649398E-04   0.681908E+00  -0.195508E+09
   0.275647E+00   0.752775E+06   0.749448E+06   0.605166E+00   0.605166E+00   0.206946E+05   0.748755E+06   0.752216E+06   0.748755E+06  -0.304206E-01   0.512949E+06   0.512908E+06   0.492692E-01   0.606647E-04   0.681906E+00  -0.186094E+09
   0.280768E+00   0.731575E+06   0.728309E+06   0.566860E+00   0.566860E+00   0.194465E+05   0.727659E+06   0.731026E+06   0.727659E+06  -0.295635E-01   0.498498E+06   0.498458E+06   0.472458E-01   0.568247E-04   0.681905E+00  -0.177552E+09
   0.285889E+00   0.712565E+06   0.709402E+06   0.532529E+00   0.532529E+00   0.183310E+05   0.708751E+06   0.712034E+06   0.708751E+06  -0.287953E-01   0.485546E+06   0.485507E+06   0.449214E-01   0.533832E-04   0.681904E+00  -0.169841E+09
   0.291010E+00   0.695409E+06   0.692380E+06   0.501584E+00   0.501584E+00   0.173315E+05   0.691694E+06   0.694900E+06   0.691694E+06  -0.281023E-01   0.473861E+06   0.473824E+06   0.424501E-01   0.502811E-04   0.681903E+00  -0.162837E+09
   0.296131E+00   0.679578E+06   0.676694E+06   0.473368E+00   0.473368E+00   0.164281E+05   0.675958E+06   0.679094E+06   0.675958E+06  -0.274630E-01   0.463082E+06   0.463046E+06   0.400195E-01   0.474525E-04   0.681901E+00  -0.156381E+09
   0.301252E+00   0.664495E+06   0.661747E+06   0.447267E+00   0.447267E+00   0.156008E+05   0.660965E+06   0.664034E+06   0.660965E+06  -0.268538E-01   0.452811E+06   0.452777E+06   0.377967E-01   0.448359E-04   0.681900E+00  -0.150313E+09
   0.306374E+00   0.649646E+06   0.647012E+06   0.422782E+00   0.422782E+00   0.148325E+05   0.646202E+06   0.649204E+06   0.646202E+06  -0.262540E-01   0.442698E+06   0.442665E+06   0.358898E-01   0.423813E-04   0.681899E+00  -0.144500E+09
   0.311495E+00   0.634689E+06   0.632137E+06   0.399580E+00   0.399580E+00   0.141103E+05   0.631325E+06   0.634260E+06   0.631325E+06  -0.256496E-01   0.432507E+06   0.432475E+06   0.343315E-01   0.400554E-04   0.681898E+00  -0.138852E+09
   0.316616E+00   0.619521E+06   0.617023E+06   0.377515E+00   0.377515E+00   0.134270E+05   0.616236E+06   0.619102E+06   0.616236E+06  -0.250365E-01   0.422170E+06   0.422138E+06   0.330853E-01   0.378435E-04   0.681897E+00  -0.133341E+09
   0.321737E+00   0.604267E+06   0.601800E+06   0.356588E+00   0.356588E+00   0.127805E+05   0.601056E+06   0.603853E+06   0.601056E+06  -0.244198E-01   0.411771E+06   0.411740E+06   0.320657E-01   0.357457E-04   0.681897E+00  -0.127987E+09
   0.326858E+00   0.589184E+06   0.586736E+06   0.336874E+00   0.336874E+00   0.121713E+05   0.586045E+06   0.588773E+06   0.586045E+06  -0.238099E-01   0.401488E+06   0.401457E+06   0.311662E-01   0.337695E-04   0.681896E+00  -0.122835E+09
   0.331979E+00   0.574561E+06   0.572131E+06   0.318452E+00   0.318452E+00   0.116001E+05   0.571491E+06   0.574153E+06   0.571491E+06  -0.232187E-01   0.391518E+06   0.391488E+06   0.302880E-01   0.319230E-04   0.681895E+00  -0.117937E+09
   0.337100E+00   0.560645E+06   0.558242E+06   0.301366E+00   0.301366E+00   0.110668E+05   0.557643E+06   0.560242E+06   0.557643E+06  -0.226560E-01   0.382031E+06   0.382001E+06   0.293610E-01   0.302104E-04   0.681894E+00  -0.113331E+09
   0.342222E+00   0.547593E+06   0.545230E+06   0.285605E+00   0.285605E+00   0.105697E+05   0.544656E+06   0.547196E+06   0.544656E+06  -0.221284E-01   0.373134E+06   0.373105E+06   0.283544E-01   0.286307E-04   0.681893E+00  -0.109036E+09
   0.347343E+00   0.535440E+06   0.533132E+06   0.271093E+00   0.271093E+00   0.101047E+05   0.532568E+06   0.535053E+06   0.532568E+06  -0.216373E-01   0.364854E+06   0.364825E+06   0.272755E-01   0.271762E-04   0.681893E+00  -0.105044E+09
   0.352464E+00   0.524104E+06   0.521861E+06   0.257699E+00   0.257699E+00   0.966666E+04   0.521294E+06   0.523727E+06   0.521294E+06  -0.211793E-01   0.357130E+06   0.357103E+06   0.261598E-01   0.258338E-04   0.681892E+00  -0.101326E+09
   0.357585E+00   0.513413E+06   0.511241E+06   0.245266E+00   0.245266E+00   0.924983E+04   0.510664E+06   0.513049E+06   0.510664E+06  -0.207474E-01   0.349848E+06   0.349821E+06   0.250562E-01   0.245877E-04   0.681891E+00  -0.978387E+08
   0.362706E+00   0.503170E+06   0.501066E+06   0.233635E+00   0.233635E+00   0.884941E+04   0.500479E+06   0.502817E+06   0.500479E+06  -0.203336E-01   0.342871E+06   0.342845E+06   0.240127E-01   0.234219E-04   0.681891E+00  -0.945336E+08
   0.367827E+00   0.493191E+06   0.491150E+06   0.222671E+00   0.222671E+00   0.846226E+04   0.490556E+06   0.492849E+06   0.490556E+06  -0.199304E-01   0.336073E+06   0.336048E+06   0.230642E-01   0.223230E-04   0.681890E+00  -0.913693E+08
   0.372948E+00   0.483340E+06   0.481350E+06   0.212272E+00   0.212272E+00   0.808694E+04   0.480758E+06   0.483006E+06   0.480758E+06  -0.195323E-01   0.329361E+06   0.329336E+06   0.222258E-01   0.212807E-04   0.681890E+00  -0.883149E+08
   0.378070E+00   0.473546E+06   0.471597E+06   0.202374E+00   0.202374E+00   0.772363E+04   0.471016E+06   0.473219E+06   0.471016E+06  -0.191365E-01   0.322687E+06   0.322662E+06   0.214923E-01   0.202886E-04   0.681889E+00  -0.853532E+08
   0.383191E+00   0.463819E+06   0.461902E+06   0.192954E+00   0.192954E+00   0.737369E+04   0.461339E+06   0.463497E+06   0.461339E+06  -0.187434E-01   0.316058E+06   0.316034E+06   0.208434E-01   0.193443E-04   0.681888E+00  -0.824825E+08
   0.388312E+00   0.454241E+06   0.452350E+06   0.184017E+00   0.184017E+00   0.703912E+04   0.451809E+06   0.453924E+06   0.451809E+06  -0.183562E-01   0.309529E+06   0.309506E+06   0.202508E-01   0.184484E-04   0.681888E+00  -0.797134E+08
   0.393433E+00   0.444907E+06   0.443040E+06   0.175573E+00   0.175573E+00   0.672142E+04   0.442521E+06   0.444593E+06   0.442521E+06  -0.179788E-01   0.303167E+06   0.303143E+06   0.196855E-01   0.176019E-04   0.681887E+00  -0.770586E+08
   0.398554E+00   0.435892E+06   0.434051E+06   0.167623E+00   0.167623E+00   0.642127E+04   0.433552E+06   0.435583E+06   0.433552E+06  -0.176145E-01   0.297023E+06   0.297000E+06   0.191242E-01   0.168049E-04   0.681887E+00  -0.745268E+08
   0.403675E+00   0.427251E+06   0.425438E+06   0.160157E+00   0.160157E+00   0.613863E+04   0.424955E+06   0.426946E+06   0.424955E+06  -0.172652E-01   0.291133E+06   0.291110E+06   0.185538E-01   0.160565E-04   0.681886E+00  -0.721223E+08
   0.408796E+00   0.419010E+06   0.417232E+06   0.153158E+00   0.153158E+00   0.587303E+04   0.416758E+06   0.418712E+06   0.416758E+06  -0.169321E-01   0.285518E+06   0.285495E+06   0.179721E-01   0.153547E-04   0.681886E+00  -0.698451E+08
   0.413918E+00   0.411164E+06   0.409422E+06   0.146594E+00   0.146594E+00   0.562354E+04   0.408953E+06   0.410871E+06   0.408953E+06  -0.166150E-01   0.280171E+06   0.280149E+06   0.173861E-01   0.146967E-04   0.681885E+00  -0.676892E+08
   0.419039E+00   0.403659E+06   0.401956E+06   0.140422E+00   0.140422E+00   0.538877E+04   0.401489E+06   0.403373E+06   0.401489E+06  -0.163118E-01   0.275058E+06   0.275037E+06   0.168081E-01   0.140780E-04   0.681885E+00  -0.656417E+08
   0.424160E+00   0.396420E+06   0.394757E+06   0.134595E+00   0.134595E+00   0.516718E+04   0.394290E+06   0.396141E+06   0.394290E+06  -0.160193E-01   0.270126E+06   0.270105E+06   0.162510E-01   0.134938E-04   0.681885E+00  -0.636865E+08
   0.429281E+00   0.389380E+06   0.387754E+06   0.129070E+00   0.129070E+00   0.495749E+04   0.387289E+06   0.389108E+06   0.387289E+06  -0.157349E-01   0.265330E+06   0.265310E+06   0.157258E-01   0.129399E-04   0.681884E+00  -0.618094E+08
   0.434402E+00   0.382493E+06   0.380901E+06   0.123815E+00   0.123815E+00   0.475877E+04   0.380439E+06   0.382226E+06   0.380439E+06  -0.154566E-01   0.260637E+06   0.260617E+06   0.152388E-01   0.124131E-04   0.681884E+00  -0.600004E+08
   0.439523E+00   0.375726E+06   0.374164E+06   0.118807E+00   0.118807E+00   0.457033E+04   0.373709E+06   0.375464E+06   0.373709E+06  -0.151831E-01   0.256026E+06   0.256007E+06   0.147904E-01   0.119110E-04   0.681883E+00  -0.582522E+08
   0.444644E+00   0.369066E+06   0.367530E+06   0.114028E+00   0.114028E+00   0.439176E+04   0.367083E+06   0.368808E+06   0.367083E+06  -0.149139E-01   0.251487E+06   0.251468E+06   0.143763E-01   0.114319E-04   0.681883E+00  -0.565605E+08
   0.449766E+00   0.362520E+06   0.361007E+06   0.109469E+00   0.109469E+00   0.422292E+04   0.360572E+06   0.362266E+06   0.360572E+06  -0.146494E-01   0.247026E+06   0.247008E+06   0.139888E-01   0.109748E-04   0.681883E+00  -0.549247E+08
   0.454887E+00   0.356117E+06   0.354626E+06   0.105128E+00   0.105128E+00   0.406382E+04   0.354202E+06   0.355867E+06   0.354202E+06  -0.143906E-01   0.242662E+06   0.242644E+06   0.136196E-01   0.105396E-04   0.681882E+00  -0.533469E+08
   0.460008E+00   0.349888E+06   0.348418E+06   0.101002E+00   0.101002E+00   0.391445E+04   0.348005E+06   0.349641E+06   0.348005E+06  -0.141388E-01   0.238417E+06   0.238399E+06   0.132611E-01   0.101259E-04   0.681882E+00  -0.518301E+08
   0.465129E+00   0.343854E+06   0.342407E+06   0.970864E-01   0.970864E-01   0.377447E+04   0.342003E+06   0.343611E+06   0.342003E+06  -0.138950E-01   0.234305E+06   0.234287E+06   0.129082E-01   0.973333E-05   0.681882E+00  -0.503755E+08
   0.470250E+00   0.338024E+06   0.336600E+06   0.933726E-01   0.933726E-01   0.364326E+04   0.336203E+06   0.337785E+06   0.336203E+06  -0.136593E-01   0.230332E+06   0.230314E+06   0.125587E-01   0.936100E-05   0.681881E+00  -0.489819E+08
   0.475371E+00   0.332390E+06   0.330990E+06   0.898488E-01   0.898488E-01   0.351992E+04   0.330600E+06   0.332155E+06   0.330600E+06  -0.134317E-01   0.226493E+06   0.226476E+06   0.122129E-01   0.900772E-05   0.681881E+00  -0.476466E+08
   0.480492E+00   0.326941E+06   0.325566E+06   0.865022E-01   0.865022E-01   0.340347E+04   0.325180E+06   0.326710E+06   0.325180E+06  -0.132115E-01   0.222780E+06   0.222763E+06   0.118736E-01   0.867222E-05   0.681881E+00  -0.463661E+08
   0.485614E+00   0.321661E+06   0.320311E+06   0.833197E-01   0.833197E-01   0.329296E+04   0.319928E+06   0.321434E+06   0.319928E+06  -0.129981E-01   0.219182E+06   0.219166E+06   0.115441E-01   0.835317E-05   0.681880E+00  -0.451362E+08
   0.490735E+00   0.316526E+06   0.315200E+06   0.802874E-01   0.802874E-01   0.318749E+04   0.314821E+06   0.316303E+06   0.314821E+06  -0.127906E-01   0.215684E+06   0.215667E+06   0.112277E-01   0.804919E-05   0.681880E+00  -0.439522E+08
   0.495856E+00   0.311510E+06   0.310208E+06   0.773916E-01   0.773916E-01   0.308630E+04   0.309833E+06   0.311291E+06   0.309833E+06  -0.125879E-01   0.212266E+06   0.212250E+06   0.109264E-01   0.775888E-05   0.681880E+00  -0.428090E+08
   0.500977E+00   0.306595E+06   0.305314E+06   0.746211E-01   0.746211E-01   0.298881E+04   0.304944E+06   0.306380E+06   0.304944E+06  -0.123893E-01   0.208917E+06   0.208901E+06   0.106408E-01   0.748115E-05   0.681879E+00  -0.417028E+08
   0.506098E+00   0.301774E+06   0.300513E+06   0.719689E-01   0.719689E-01   0.289466E+04   0.300149E+06   0.301562E+06   0.300149E+06  -0.121945E-01   0.205632E+06   0.205616E+06   0.103703E-01   0.721528E-05   0.681879E+00  -0.406318E+08
   0.511219E+00   0.297052E+06   0.295810E+06   0.694304E-01   0.694304E-01   0.280355E+04   0.295452E+06   0.296843E+06   0.295452E+06  -0.120037E-01   0.202414E+06   0.202398E+06   0.101131E-01   0.696081E-05   0.681879E+00  -0.395953E+08
   0.516340E+00   0.292430E+06   0.291206E+06   0.670012E-01   0.670012E-01   0.271516E+04   0.290855E+06   0.292225E+06   0.290855E+06  -0.118169E-01   0.199265E+06   0.199249E+06   0.986675E-02   0.671729E-05   0.681879E+00  -0.385926E+08
   0.521462E+00   0.287913E+06   0.286707E+06   0.646768E-01   0.646768E-01   0.262915E+04   0.286361E+06   0.287711E+06   0.286361E+06  -0.116344E-01   0.196186E+06   0.196171E+06   0.962867E-02   0.648429E-05   0.681878E+00  -0.376233E+08
   0.526583E+00   0.283505E+06   0.282316E+06   0.624539E-01   0.624539E-01   0.254524E+04   0.281977E+06   0.283306E+06   0.281977E+06  -0.114562E-01   0.193183E+06   0.193168E+06   0.939695E-02   0.626146E-05   0.681878E+00  -0.366870E+08
   0.531704E+00   0.279214E+06   0.278042E+06   0.603294E-01   0.603294E-01   0.246322E+04   0.277709E+06   0.279018E+06   0.277709E+06  -0.112828E-01   0.190258E+06   0.190244E+06   0.917045E-02   0.604850E-05   0.681878E+00  -0.357836E+08
   0.536825E+00   0.275042E+06   0.273887E+06   0.582994E-01   0.582994E-01   0.238298E+04   0.273558E+06   0.274848E+06   0.273558E+06  -0.111142E-01   0.187415E+06   0.187401E+06   0.894884E-02   0.584501E-05   0.681878E+00  -0.349126E+08
   0.541946E+00   0.270981E+06   0.269844E+06   0.563583E-01   0.563583E-01   0.230446E+04   0.269519E+06   0.270790E+06   0.269519E+06  -0.109501E-01   0.184648E+06   0.184634E+06   0.873234E-02   0.565043E-05   0.681878E+00  -0.340721E+08
   0.547067E+00   0.267022E+06   0.265902E+06   0.545001E-01   0.545001E-01   0.222772E+04   0.265582E+06   0.266834E+06   0.265582E+06  -0.107901E-01   0.181950E+06   0.181936E+06   0.852158E-02   0.546415E-05   0.681877E+00  -0.332600E+08
   0.559946E+00   0.257478E+06   0.256400E+06   0.501626E-01   0.501626E-01   0.204401E+04   0.256089E+06   0.257297E+06   0.256089E+06  -0.104044E-01   0.175447E+06   0.175433E+06   0.802182E-02   0.502931E-05   0.681877E+00  -0.313336E+08
   0.593872E+00   0.234614E+06   0.233631E+06   0.406350E-01   0.406350E-01   0.164987E+04   0.233347E+06   0.234449E+06   0.233347E+06  -0.948048E-02   0.159867E+06   0.159855E+06   0.690714E-02   0.407402E-05   0.681876E+00  -0.269201E+08
   0.629853E+00   0.213725E+06   0.212830E+06   0.329086E-01   0.329086E-01   0.136968E+04   0.212571E+06   0.213575E+06   0.212571E+06  -0.863636E-02   0.145633E+06   0.145622E+06   0.593721E-02   0.329936E-05   0.681875E+00  -0.231223E+08
   0.879031E+00   0.124937E+06   0.124414E+06   0.987677E-02   0.987677E-02   0.437401E+03   0.124260E+06   0.124849E+06   0.124260E+06  -0.504848E-02   0.851321E+05   0.851254E+05   0.251815E-02   0.990284E-06   0.681870E+00  -0.968499E+07
   0.122679E+01   0.721524E+05   0.718502E+05   0.292850E-02   0.292850E-02   0.132870E+03   0.717611E+05   0.721017E+05   0.717611E+05  -0.291552E-02   0.491645E+05   0.491606E+05   0.106764E-02   0.293625E-06   0.681868E+00  -0.400768E+07
   0.171212E+01   0.412356E+05   0.410627E+05   0.859283E-03   0.859283E-03   0.397156E+02   0.410118E+05   0.412066E+05   0.410118E+05  -0.166623E-02   0.280978E+05   0.280954E+05   0.457872E-03   0.861573E-07   0.681866E+00  -0.164115E+07
   0.238945E+01   0.233553E+05   0.232572E+05   0.249873E-03   0.249873E-03   0.117877E+02   0.232284E+05   0.233388E+05   0.232284E+05  -0.943730E-03   0.159142E+05   0.159127E+05   0.202244E-03   0.250540E-07   0.681865E+00  -0.666032E+06
