#          k/h    CDM            baryon         photon         nu             mass_nu        total          no_nu          total_de       Weyl           v_CDM          v_b            v_b-v_c        ISW            log_grow       pert_vel    
   0.994668E-05   0.184504E+08   0.184504E+08   0.245868E+08   0.245863E+08   0.184527E+08   0.184504E+08   0.184504E+08   0.184570E+08  -0.458551E+00   0.992972E+07   0.992972E+07   0.630862E+01   0.112834E+07   0.489619E+00  -0.998331E+14
   0.109829E-04   0.184506E+08   0.184506E+08   0.245839E+08   0.245834E+08   0.184529E+08   0.184506E+08   0.184506E+08   0.184572E+08  -0.458555E+00   0.992976E+07   0.992976E+07   0.696566E+01   0.925459E+06   0.489625E+00  -0.904140E+14
   0.121272E-04   0.184508E+08   0.184508E+08   0.245805E+08   0.245799E+08   0.184531E+08   0.184508E+08   0.184508E+08   0.184573E+08  -0.458559E+00   0.992981E+07   0.992981E+07   0.769108E+01   0.759057E+06   0.489631E+00  -0.818837E+14
   0.133906E-04   0.184510E+08   0.184510E+08   0.245763E+08   0.245755E+08   0.184533E+08   0.184510E+08   0.184510E+08   0.184576E+08  -0.458565E+00   0.992988E+07   0.992988E+07   0.849197E+01   0.622575E+06   0.489638E+00  -0.741582E+14
   0.147857E-04   0.184513E+08   0.184513E+08   0.245712E+08   0.245703E+08   0.184535E+08   0.184513E+08   0.184513E+08   0.184578E+08  -0.458572E+00   0.992996E+07   0.992996E+07   0.937618E+01   0.510633E+06   0.489647E+00  -0.671618E+14
   0.163261E-04   0.184516E+08   0.184516E+08   0.245650E+08   0.245638E+08   0.184538E+08   0.184516E+08   0.184516E+08   0.184582E+08  -0.458580E+00   0.993006E+07   0.993006E+07   0.103523E+02   0.418818E+06   0.489658E+00  -0.608255E+14
   0.180270E-04   0.184520E+08   0.184520E+08   0.245574E+08   0.245560E+08   0.184542E+08   0.184520E+08   0.184520E+08   0.184586E+08  -0.458590E+00   0.993018E+07   0.993018E+07   0.114299E+02   0.343512E+06   0.489672E+00  -0.550871E+14
   0.199051E-04   0.184525E+08   0.184525E+08   0.245481E+08   0.245464E+08   0.184547E+08   0.184525E+08   0.184525E+08   0.184591E+08  -0.458603E+00   0.993032E+07   0.993032E+07   0.126195E+02   0.281746E+06   0.489689E+00  -0.498902E+14
   0.219788E-04   0.184531E+08   0.184531E+08   0.245368E+08   0.245348E+08   0.184553E+08   0.184531E+08   0.184531E+08   0.184597E+08  -0.458618E+00   0.993050E+07   0.993050E+07   0.139325E+02   0.231086E+06   0.489709E+00  -0.451838E+14
   0.242687E-04   0.184539E+08   0.184539E+08   0.245231E+08   0.245206E+08   0.184560E+08   0.184539E+08   0.184539E+08   0.184604E+08  -0.458636E+00   0.993072E+07   0.993072E+07   0.153818E+02   0.189535E+06   0.489733E+00  -0.409214E+14
   0.267970E-04   0.184548E+08   0.184548E+08   0.245063E+08   0.245033E+08   0.184568E+08   0.184548E+08   0.184548E+08   0.184614E+08  -0.458659E+00   0.993098E+07   0.993098E+07   0.169813E+02   0.155454E+06   0.489763E+00  -0.370614E+14
   0.295888E-04   0.184559E+08   0.184559E+08   0.244859E+08   0.244822E+08   0.184579E+08   0.184559E+08   0.184559E+08   0.184625E+08  -0.458686E+00   0.993130E+07   0.993130E+07   0.187464E+02   0.127502E+06   0.489799E+00  -0.335656E+14
   0.326714E-04   0.184573E+08   0.184572E+08   0.244610E+08   0.244565E+08   0.184592E+08   0.184573E+08   0.184573E+08   0.184638E+08  -0.458719E+00   0.993169E+07   0.993169E+07   0.206939E+02   0.104575E+06   0.489844E+00  -0.303998E+14
   0.360752E-04   0.184589E+08   0.184589E+08   0.244308E+08   0.244252E+08   0.184607E+08   0.184589E+08   0.184589E+08   0.184654E+08  -0.458759E+00   0.993217E+07   0.993216E+07   0.228425E+02   0.857707E+05   0.489897E+00  -0.275328E+14
   0.398336E-04   0.184609E+08   0.184609E+08   0.243939E+08   0.243871E+08   0.184626E+08   0.184609E+08   0.184609E+08   0.184674E+08  -0.458809E+00   0.993274E+07   0.993274E+07   0.252123E+02   0.703475E+05   0.489963E+00  -0.249365E+14
   0.439836E-04   0.184633E+08   0.184633E+08   0.243490E+08   0.243407E+08   0.184649E+08   0.184633E+08   0.184633E+08   0.184698E+08  -0.458868E+00   0.993345E+07   0.993344E+07   0.278256E+02   0.576974E+05   0.490042E+00  -0.225853E+14
   0.485659E-04   0.184663E+08   0.184663E+08   0.242943E+08   0.242843E+08   0.184677E+08   0.184663E+08   0.184663E+08   0.184728E+08  -0.458941E+00   0.993430E+07   0.993430E+07   0.307065E+02   0.473219E+05   0.490138E+00  -0.204561E+14
   0.536256E-04   0.184699E+08   0.184699E+08   0.242278E+08   0.242157E+08   0.184710E+08   0.184699E+08   0.184699E+08   0.184764E+08  -0.459030E+00   0.993535E+07   0.993534E+07   0.338814E+02   0.388119E+05   0.490254E+00  -0.185279E+14
   0.592125E-04   0.184743E+08   0.184742E+08   0.241470E+08   0.241322E+08   0.184751E+08   0.184743E+08   0.184743E+08   0.184807E+08  -0.459137E+00   0.993661E+07   0.993661E+07   0.373787E+02   0.318321E+05   0.490394E+00  -0.167819E+14
   0.653814E-04   0.184796E+08   0.184795E+08   0.240488E+08   0.240308E+08   0.184801E+08   0.184796E+08   0.184796E+08   0.184860E+08  -0.459267E+00   0.993815E+07   0.993814E+07   0.412291E+02   0.261074E+05   0.490563E+00  -0.152008E+14
   0.721930E-04   0.184860E+08   0.184859E+08   0.239295E+08   0.239076E+08   0.184861E+08   0.184860E+08   0.184860E+08   0.184924E+08  -0.459425E+00   0.994002E+07   0.994000E+07   0.454656E+02   0.214120E+05   0.490767E+00  -0.137692E+14
   0.797142E-04   0.184937E+08   0.184937E+08   0.237847E+08   0.237582E+08   0.184934E+08   0.184937E+08   0.184937E+08   0.185001E+08  -0.459616E+00   0.994227E+07   0.994226E+07   0.501232E+02   0.175609E+05   0.491012E+00  -0.124729E+14
   0.880190E-04   0.185031E+08   0.185031E+08   0.236093E+08   0.235771E+08   0.185022E+08   0.185031E+08   0.185031E+08   0.185094E+08  -0.459847E+00   0.994501E+07   0.994500E+07   0.552390E+02   0.144024E+05   0.491305E+00  -0.112991E+14
   0.971891E-04   0.185145E+08   0.185144E+08   0.233970E+08   0.233580E+08   0.185129E+08   0.185145E+08   0.185145E+08   0.185207E+08  -0.460125E+00   0.994831E+07   0.994830E+07   0.608514E+02   0.118118E+05   0.491655E+00  -0.102364E+14
   0.107314E-03   0.185281E+08   0.185280E+08   0.231404E+08   0.230933E+08   0.185256E+08   0.185281E+08   0.185281E+08   0.185343E+08  -0.460460E+00   0.995230E+07   0.995228E+07   0.669999E+02   0.968721E+04   0.492070E+00  -0.927430E+13
   0.118495E-03   0.185445E+08   0.185444E+08   0.228309E+08   0.227740E+08   0.185410E+08   0.185444E+08   0.185445E+08   0.185505E+08  -0.460863E+00   0.995710E+07   0.995707E+07   0.737239E+02   0.794471E+04   0.492559E+00  -0.840329E+13
   0.130840E-03   0.185641E+08   0.185640E+08   0.224585E+08   0.223901E+08   0.185593E+08   0.185640E+08   0.185640E+08   0.185700E+08  -0.461344E+00   0.996286E+07   0.996282E+07   0.810616E+02   0.651566E+04   0.493134E+00  -0.761482E+13
   0.144471E-03   0.185874E+08   0.185873E+08   0.220119E+08   0.219297E+08   0.185810E+08   0.185874E+08   0.185874E+08   0.185932E+08  -0.461917E+00   0.996974E+07   0.996970E+07   0.890481E+02   0.534373E+04   0.493802E+00  -0.690111E+13
   0.159522E-03   0.186151E+08   0.186150E+08   0.214780E+08   0.213797E+08   0.186068E+08   0.186151E+08   0.186151E+08   0.186208E+08  -0.462598E+00   0.997795E+07   0.997790E+07   0.977128E+02   0.438270E+04   0.494573E+00  -0.625511E+13
   0.176142E-03   0.186478E+08   0.186476E+08   0.208428E+08   0.207257E+08   0.186372E+08   0.186477E+08   0.186478E+08   0.186533E+08  -0.463401E+00   0.998768E+07   0.998762E+07   0.107076E+03   0.359466E+04   0.495452E+00  -0.567045E+13
   0.194493E-03   0.186862E+08   0.186859E+08   0.200911E+08   0.199524E+08   0.186727E+08   0.186861E+08   0.186862E+08   0.186914E+08  -0.464343E+00   0.999916E+07   0.999909E+07   0.117146E+03   0.294852E+04   0.496444E+00  -0.514133E+13
   0.214755E-03   0.187309E+08   0.187306E+08   0.192077E+08   0.190444E+08   0.187140E+08   0.187308E+08   0.187308E+08   0.187359E+08  -0.465440E+00   0.100126E+08   0.100125E+08   0.127909E+03   0.241878E+04   0.497546E+00  -0.466250E+13
   0.237129E-03   0.187825E+08   0.187821E+08   0.181782E+08   0.179874E+08   0.187614E+08   0.187823E+08   0.187824E+08   0.187872E+08  -0.466707E+00   0.100282E+08   0.100281E+08   0.139330E+03   0.198449E+04   0.498752E+00  -0.422917E+13
   0.261834E-03   0.188415E+08   0.188411E+08   0.169909E+08   0.167701E+08   0.188153E+08   0.188413E+08   0.188415E+08   0.188459E+08  -0.468155E+00   0.100463E+08   0.100462E+08   0.151335E+03   0.162849E+04   0.500049E+00  -0.383702E+13
   0.289112E-03   0.189084E+08   0.189078E+08   0.156395E+08   0.153870E+08   0.188759E+08   0.189081E+08   0.189083E+08   0.189123E+08  -0.469794E+00   0.100668E+08   0.100667E+08   0.163810E+03   0.133668E+04   0.501416E+00  -0.348210E+13
   0.319233E-03   0.189830E+08   0.189824E+08   0.141260E+08   0.138415E+08   0.189430E+08   0.189827E+08   0.189829E+08   0.189865E+08  -0.471626E+00   0.100900E+08   0.100898E+08   0.176586E+03   0.109748E+04   0.502828E+00  -0.316081E+13
   0.352491E-03   0.190654E+08   0.190646E+08   0.124652E+08   0.121506E+08   0.190161E+08   0.190650E+08   0.190653E+08   0.190683E+08  -0.473644E+00   0.101158E+08   0.101156E+08   0.189428E+03   0.901393E+03   0.504253E+00  -0.286989E+13
   0.389215E-03   0.191548E+08   0.191539E+08   0.106892E+08   0.103490E+08   0.190944E+08   0.191544E+08   0.191547E+08   0.191572E+08  -0.475836E+00   0.101440E+08   0.101438E+08   0.202030E+03   0.740611E+03   0.505657E+00  -0.260636E+13
   0.429764E-03   0.192504E+08   0.192493E+08   0.885108E+07   0.849374E+07   0.191763E+08   0.192498E+08   0.192502E+08   0.192522E+08  -0.478176E+00   0.101744E+08   0.101741E+08   0.214010E+03   0.608737E+03   0.507007E+00  -0.236751E+13
   0.474538E-03   0.193505E+08   0.193492E+08   0.702710E+07   0.666527E+07   0.192600E+08   0.193499E+08   0.193503E+08   0.193517E+08  -0.480630E+00   0.102064E+08   0.102061E+08   0.224913E+03   0.500524E+03   0.508273E+00  -0.215088E+13
   0.523976E-03   0.194535E+08   0.194520E+08   0.531376E+07   0.496427E+07   0.193430E+08   0.194527E+08   0.194532E+08   0.194541E+08  -0.483151E+00   0.102395E+08   0.102391E+08   0.234232E+03   0.411676E+03   0.509432E+00  -0.195424E+13
   0.578566E-03   0.195570E+08   0.195552E+08   0.381755E+07   0.350022E+07   0.194224E+08   0.195561E+08   0.195567E+08   0.195571E+08  -0.485687E+00   0.102728E+08   0.102724E+08   0.241437E+03   0.338678E+03   0.510467E+00  -0.177561E+13
   0.638842E-03   0.196586E+08   0.196566E+08   0.263492E+07   0.236984E+07   0.194949E+08   0.196575E+08   0.196583E+08   0.196582E+08  -0.488177E+00   0.103054E+08   0.103049E+08   0.246031E+03   0.278661E+03   0.511371E+00  -0.161318E+13
   0.705398E-03   0.197558E+08   0.197535E+08   0.182333E+07   0.162646E+07   0.195570E+08   0.197545E+08   0.197554E+08   0.197549E+08  -0.490561E+00   0.103363E+08   0.103358E+08   0.247611E+03   0.229283E+03   0.512144E+00  -0.146536E+13
   0.778888E-03   0.198460E+08   0.198433E+08   0.137102E+07   0.124894E+07   0.196051E+08   0.198444E+08   0.198455E+08   0.198447E+08  -0.492774E+00   0.103645E+08   0.103640E+08   0.245931E+03   0.188635E+03   0.512793E+00  -0.133072E+13
   0.860035E-03   0.199268E+08   0.199238E+08   0.118189E+07   0.112768E+07   0.196355E+08   0.199249E+08   0.199263E+08   0.199252E+08  -0.494758E+00   0.103891E+08   0.103884E+08   0.240953E+03   0.155158E+03   0.513330E+00  -0.120801E+13
   0.949635E-03   0.199961E+08   0.199928E+08   0.109733E+07   0.109078E+07   0.196447E+08   0.199939E+08   0.199955E+08   0.199942E+08  -0.496461E+00   0.104090E+08   0.104083E+08   0.232844E+03   0.127577E+03   0.513767E+00  -0.109613E+13
   0.104857E-02   0.200521E+08   0.200486E+08   0.965891E+06   0.980593E+06   0.196295E+08   0.200495E+08   0.200515E+08   0.200498E+08  -0.497835E+00   0.104235E+08   0.104228E+08   0.221929E+03   0.104849E+03   0.514117E+00  -0.994089E+12
   0.115781E-02   0.200934E+08   0.200896E+08   0.733856E+06   0.749748E+06   0.195866E+08   0.200904E+08   0.200928E+08   0.200906E+08  -0.498844E+00   0.104318E+08   0.104311E+08   0.208622E+03   0.861199E+02   0.514394E+00  -0.901016E+12
   0.127844E-02   0.201189E+08   0.201149E+08   0.480024E+06   0.493850E+06   0.195137E+08   0.201153E+08   0.201182E+08   0.201155E+08  -0.499459E+00   0.104335E+08   0.104327E+08   0.193390E+03   0.706884E+02   0.514611E+00  -0.816132E+12
   0.141163E-02   0.201277E+08   0.201236E+08   0.323394E+06   0.346990E+06   0.194089E+08   0.201236E+08   0.201270E+08   0.201237E+08  -0.499658E+00   0.104279E+08   0.104271E+08   0.176805E+03   0.579789E+02   0.514777E+00  -0.738733E+12
   0.155869E-02   0.201191E+08   0.201149E+08   0.265170E+06   0.506185E+06   0.192706E+08   0.201144E+08   0.201184E+08   0.201145E+08  -0.499426E+00   0.104147E+08   0.104139E+08   0.159620E+03   0.475172E+02   0.514905E+00  -0.668182E+12
   0.172108E-02   0.200926E+08   0.200885E+08   0.186570E+06   0.414626E+06   0.190973E+08   0.200872E+08   0.200920E+08   0.200873E+08  -0.498749E+00   0.103934E+08   0.103927E+08   0.142725E+03   0.389116E+02   0.515001E+00  -0.603902E+12
   0.190039E-02   0.200478E+08   0.200437E+08   0.670106E+05   0.339316E+06   0.188887E+08   0.200417E+08   0.200471E+08   0.200417E+08  -0.497614E+00   0.103637E+08   0.103630E+08   0.126943E+03   0.318368E+02   0.515072E+00  -0.545360E+12
   0.209838E-02   0.199842E+08   0.199800E+08   0.298576E+05   0.277422E+06   0.186445E+08   0.199771E+08   0.199835E+08   0.199772E+08  -0.496010E+00   0.103252E+08   0.103245E+08   0.112865E+03   0.260243E+02   0.515123E+00  -0.492070E+12
   0.231699E-02   0.199011E+08   0.198969E+08   0.498577E+05   0.226595E+06   0.183651E+08   0.198931E+08   0.199004E+08   0.198932E+08  -0.493922E+00   0.102775E+08   0.102768E+08   0.100829E+03   0.212528E+02   0.515157E+00  -0.443584E+12
   0.255838E-02   0.197980E+08   0.197937E+08   0.237702E+05   0.184890E+06   0.180512E+08   0.197891E+08   0.197973E+08   0.197891E+08  -0.491337E+00   0.102203E+08   0.102196E+08   0.908150E+02   0.173388E+02   0.515179E+00  -0.399492E+12
   0.282492E-02   0.196743E+08   0.196698E+08   0.283734E+05   0.150698E+06   0.177035E+08   0.196642E+08   0.196736E+08   0.196643E+08  -0.488237E+00   0.101529E+08   0.101522E+08   0.823627E+02   0.141306E+02   0.515191E+00  -0.359414E+12
   0.311923E-02   0.195292E+08   0.195245E+08   0.147207E+05   0.122690E+06   0.173222E+08   0.195179E+08   0.195284E+08   0.195180E+08  -0.484603E+00   0.100750E+08   0.100743E+08   0.748378E+02   0.115032E+02   0.515194E+00  -0.323006E+12
   0.344419E-02   0.193618E+08   0.193568E+08   0.162012E+03   0.997676E+05   0.169070E+08   0.193494E+08   0.193610E+08   0.193494E+08  -0.480417E+00   0.998613E+07   0.998543E+07   0.677148E+02   0.935305E+01   0.515191E+00  -0.289948E+12
   0.380302E-02   0.191713E+08   0.191661E+08  -0.116745E+05   0.810239E+05   0.164572E+08   0.191576E+08   0.191705E+08   0.191576E+08  -0.475656E+00   0.988568E+07   0.988498E+07   0.608684E+02   0.759517E+01   0.515182E+00  -0.259949E+12
   0.419923E-02   0.189568E+08   0.189512E+08  -0.650031E+02   0.657117E+05   0.159726E+08   0.189418E+08   0.189559E+08   0.189418E+08  -0.470296E+00   0.977312E+07   0.977244E+07   0.545490E+02   0.615927E+01   0.515168E+00  -0.232742E+12
   0.463671E-02   0.187172E+08   0.187112E+08  -0.313824E+03   0.532152E+05   0.154531E+08   0.187008E+08   0.187162E+08   0.187008E+08  -0.464312E+00   0.964789E+07   0.964721E+07   0.490224E+02   0.498755E+01   0.515150E+00  -0.208081E+12
   0.511978E-02   0.184515E+08   0.184450E+08  -0.609072E+04   0.430271E+05   0.149002E+08   0.184336E+08   0.184504E+08   0.184336E+08  -0.457679E+00   0.950939E+07   0.950872E+07   0.442106E+02   0.403237E+01   0.515128E+00  -0.185743E+12
   0.565317E-02   0.181591E+08   0.181520E+08  -0.572886E+04   0.347312E+05   0.142908E+08   0.181396E+08   0.181579E+08   0.181396E+08  -0.450379E+00   0.935726E+07   0.935658E+07   0.398181E+02   0.325463E+01   0.515100E+00  -0.165526E+12
   0.624213E-02   0.178378E+08   0.178299E+08  -0.641847E+04   0.279821E+05   0.136578E+08   0.178167E+08   0.178364E+08   0.178167E+08  -0.442360E+00   0.919035E+07   0.918968E+07   0.357539E+02   0.262197E+01   0.515071E+00  -0.147235E+12
   0.689245E-02   0.174867E+08   0.174780E+08  -0.917525E+04   0.224990E+05   0.129892E+08   0.174640E+08   0.174853E+08   0.174640E+08  -0.433603E+00   0.900825E+07   0.900759E+07   0.321526E+02   0.210803E+01   0.515037E+00  -0.130701E+12
   0.761052E-02   0.171049E+08   0.170950E+08  -0.873458E+04   0.180504E+05   0.122940E+08   0.170804E+08   0.171032E+08   0.170804E+08  -0.424081E+00   0.881035E+07   0.880969E+07   0.289650E+02   0.169108E+01   0.515001E+00  -0.115768E+12
   0.840340E-02   0.166909E+08   0.166798E+08  -0.463649E+04   0.144463E+05   0.115811E+08   0.166648E+08   0.166890E+08   0.166648E+08  -0.413761E+00   0.859599E+07   0.859533E+07   0.260710E+02   0.135332E+01   0.514963E+00  -0.102294E+12
   0.927889E-02   0.162436E+08   0.162311E+08  -0.535878E+04   0.115311E+05   0.108503E+08   0.162160E+08   0.162415E+08   0.162160E+08  -0.402618E+00   0.836458E+07   0.836393E+07   0.235007E+02   0.108015E+01   0.514924E+00  -0.901485E+11
   0.102456E-01   0.157620E+08   0.157477E+08  -0.365223E+04   0.917719E+04   0.101019E+08   0.157329E+08   0.157596E+08   0.157329E+08  -0.390622E+00   0.811552E+07   0.811487E+07   0.212095E+02   0.859581E+00   0.514883E+00  -0.792118E+11
   0.113130E-01   0.152449E+08   0.152285E+08  -0.347244E+04   0.727994E+04   0.934283E+07   0.152142E+08   0.152421E+08   0.152142E+08  -0.377744E+00   0.784819E+07   0.784754E+07   0.191668E+02   0.681823E+00   0.514840E+00  -0.693748E+11
   0.124916E-01   0.146910E+08   0.146723E+08  -0.226794E+04   0.575386E+04   0.858102E+07   0.146590E+08   0.146879E+08   0.146590E+08  -0.363959E+00   0.756202E+07   0.756137E+07   0.173511E+02   0.538853E+00   0.514796E+00  -0.605381E+11
   0.137930E-01   0.140997E+08   0.140782E+08  -0.248159E+04   0.452915E+04   0.782251E+07   0.140664E+08   0.140961E+08   0.140664E+08  -0.349245E+00   0.725660E+07   0.725595E+07   0.157349E+02   0.424127E+00   0.514752E+00  -0.526118E+11
   0.152300E-01   0.134704E+08   0.134459E+08  -0.959268E+03   0.354882E+04   0.707029E+07   0.134360E+08   0.134663E+08   0.134360E+08  -0.333594E+00   0.693169E+07   0.693104E+07   0.142918E+02   0.332301E+00   0.514707E+00  -0.455143E+11
   0.168167E-01   0.128182E+08   0.127903E+08  -0.124484E+04   0.276964E+04   0.634181E+07   0.127829E+08   0.128135E+08   0.127829E+08  -0.317378E+00   0.659506E+07   0.659440E+07   0.130084E+02   0.259324E+00   0.514662E+00  -0.392180E+11
   0.185687E-01   0.121179E+08   0.120863E+08  -0.119568E+04   0.214738E+04   0.562844E+07   0.120819E+08   0.121126E+08   0.120819E+08  -0.299973E+00   0.623370E+07   0.623304E+07   0.118383E+02   0.201049E+00   0.514618E+00  -0.335716E+11
   0.205033E-01   0.113845E+08   0.113491E+08  -0.196486E+03   0.165455E+04   0.494433E+07   0.113481E+08   0.113786E+08   0.113481E+08  -0.281756E+00   0.585543E+07   0.585477E+07   0.107650E+02   0.154899E+00   0.514574E+00  -0.285590E+11
   0.226393E-01   0.106123E+08   0.105731E+08  -0.423652E+03   0.126489E+04   0.429166E+07   0.105759E+08   0.106058E+08   0.105759E+08  -0.262582E+00   0.545725E+07   0.545659E+07   0.975736E+01   0.118413E+00   0.514532E+00  -0.241056E+11
   0.249980E-01   0.982896E+07   0.978615E+07  -0.338409E+03   0.960768E+03   0.368606E+07   0.979274E+07   0.982177E+07   0.979274E+07  -0.243138E+00   0.505343E+07   0.505277E+07   0.879885E+01   0.899386E-01   0.514490E+00  -0.202157E+11
   0.276023E-01   0.904368E+07   0.899784E+07  -0.203828E+03   0.724973E+03   0.313192E+07   0.900804E+07   0.903598E+07   0.900804E+07  -0.223655E+00   0.464875E+07   0.464810E+07   0.786650E+01   0.678631E-01   0.514450E+00  -0.168421E+11
   0.304780E-01   0.825993E+07   0.821206E+07  -0.179756E+03   0.543024E+03   0.263034E+07   0.822529E+07   0.825189E+07   0.822529E+07  -0.204220E+00   0.424504E+07   0.424441E+07   0.693500E+01   0.508297E-01   0.514412E+00  -0.139284E+11
   0.336533E-01   0.749899E+07   0.745051E+07  -0.141687E+03   0.404310E+03   0.218652E+07   0.746575E+07   0.749085E+07   0.746575E+07  -0.185362E+00   0.385326E+07   0.385265E+07   0.599472E+01   0.378445E-01   0.514376E+00  -0.114500E+11
   0.371593E-01   0.678832E+07   0.674110E+07  -0.129057E+03   0.300162E+03   0.180460E+07   0.675684E+07   0.678039E+07   0.675684E+07  -0.167761E+00   0.348756E+07   0.348700E+07   0.504806E+01   0.280954E-01   0.514341E+00  -0.938552E+10
   0.410307E-01   0.614533E+07   0.610152E+07  -0.101867E+03   0.222867E+03   0.148311E+07   0.611595E+07   0.613798E+07   0.611595E+07  -0.151849E+00   0.315693E+07   0.315642E+07   0.410895E+01   0.208602E-01   0.514309E+00  -0.769414E+10
   0.451338E-01   0.560874E+07   0.557019E+07   0.168112E+03   0.168112E+03   0.122850E+07   0.558157E+07   0.560226E+07   0.558157E+07  -0.138581E+00   0.288123E+07   0.288079E+07   0.324193E+01   0.157351E-01   0.514281E+00  -0.638383E+10
   0.492368E-01   0.518439E+07   0.515195E+07   0.130587E+03   0.130587E+03   0.103574E+07   0.515933E+07   0.517894E+07   0.515933E+07  -0.128098E+00   0.266338E+07   0.266301E+07   0.251883E+01   0.122227E-01   0.514256E+00  -0.540940E+10
   0.533399E-01   0.484246E+07   0.481613E+07   0.103945E+03   0.103945E+03   0.886301E+06   0.481934E+07   0.483804E+07   0.481934E+07  -0.119656E+00   0.248795E+07   0.248764E+07   0.194289E+01   0.972909E-02   0.514235E+00  -0.466441E+10
   0.574430E-01   0.455457E+07   0.453359E+07   0.843093E+02   0.843093E+02   0.766698E+06   0.453314E+07   0.455105E+07   0.453314E+07  -0.112550E+00   0.234028E+07   0.234002E+07   0.151014E+01   0.789125E-02   0.514216E+00  -0.407416E+10
   0.615460E-01   0.429854E+07   0.428166E+07   0.693222E+02   0.693222E+02   0.667848E+06   0.427854E+07   0.429571E+07   0.427854E+07  -0.106229E+00   0.220890E+07   0.220867E+07   0.120727E+01   0.648849E-02   0.514200E+00  -0.358909E+10
   0.656491E-01   0.405726E+07   0.404300E+07   0.575118E+02   0.575118E+02   0.583613E+06   0.403844E+07   0.405487E+07   0.403844E+07  -0.100268E+00   0.208499E+07   0.208479E+07   0.101309E+01   0.538307E-02   0.514186E+00  -0.317603E+10
   0.697522E-01   0.381861E+07   0.380550E+07   0.479488E+02   0.479488E+02   0.509987E+06   0.380077E+07   0.381641E+07   0.380077E+07  -0.943667E-01   0.196233E+07   0.196214E+07   0.901479E+00   0.448800E-02   0.514173E+00  -0.281335E+10
   0.738552E-01   0.358462E+07   0.357145E+07   0.401467E+02   0.401467E+02   0.445654E+06   0.356756E+07   0.358241E+07   0.356756E+07  -0.885767E-01   0.184197E+07   0.184179E+07   0.846449E+00   0.375775E-02   0.514162E+00  -0.249408E+10
   0.779583E-01   0.334773E+07   0.333371E+07   0.336479E+02   0.336479E+02   0.388379E+06   0.333138E+07   0.334538E+07   0.333138E+07  -0.827127E-01   0.172007E+07   0.171988E+07   0.821085E+00   0.314948E-02   0.514152E+00  -0.220643E+10
   0.820614E-01   0.311952E+07   0.310430E+07   0.282939E+02   0.282939E+02   0.338483E+06   0.310382E+07   0.311697E+07   0.310382E+07  -0.770627E-01   0.160260E+07   0.160240E+07   0.805717E+00   0.264835E-02   0.514143E+00  -0.195296E+10
   0.861644E-01   0.290629E+07   0.288996E+07   0.239062E+02   0.239062E+02   0.295579E+06   0.289120E+07   0.290354E+07   0.289120E+07  -0.717838E-01   0.149285E+07   0.149265E+07   0.785414E+00   0.223766E-02   0.514135E+00  -0.173258E+10
   0.912856E-01   0.266916E+07   0.265208E+07   0.195588E+02   0.195588E+02   0.251117E+06   0.265486E+07   0.266629E+07   0.265486E+07  -0.659159E-01   0.137085E+07   0.137064E+07   0.740653E+00   0.183075E-02   0.514126E+00  -0.150173E+10
   0.964067E-01   0.247142E+07   0.245460E+07   0.162358E+02   0.162358E+02   0.215742E+06   0.245794E+07   0.246860E+07   0.245794E+07  -0.610265E-01   0.126918E+07   0.126899E+07   0.671251E+00   0.151972E-02   0.514117E+00  -0.131650E+10
   0.101528E+00   0.231550E+07   0.229994E+07   0.137158E+02   0.137158E+02   0.188087E+06   0.230283E+07   0.231289E+07   0.230283E+07  -0.571755E-01   0.118911E+07   0.118893E+07   0.583767E+00   0.128385E-02   0.514110E+00  -0.117123E+10
   0.106649E+00   0.219571E+07   0.218212E+07   0.117882E+02   0.117882E+02   0.166411E+06   0.218384E+07   0.219343E+07   0.218384E+07  -0.542211E-01   0.112768E+07   0.112752E+07   0.490120E+00   0.110342E-02   0.514104E+00  -0.105739E+10
   0.111770E+00   0.210025E+07   0.208890E+07   0.102674E+02   0.102674E+02   0.148890E+06   0.208912E+07   0.209834E+07   0.208912E+07  -0.518693E-01   0.107878E+07   0.107864E+07   0.402824E+00   0.961077E-03   0.514098E+00  -0.965190E+09
   0.116891E+00   0.201637E+07   0.200705E+07   0.901377E+01   0.901377E+01   0.134027E+06   0.200590E+07   0.201480E+07   0.200590E+07  -0.498033E-01   0.103582E+07   0.103570E+07   0.331530E+00   0.843732E-03   0.514093E+00  -0.886153E+09
   0.122012E+00   0.193413E+07   0.192629E+07   0.793632E+01   0.793632E+01   0.120816E+06   0.192424E+07   0.193281E+07   0.192424E+07  -0.477756E-01   0.993654E+06   0.993552E+06   0.281099E+00   0.742880E-03   0.514088E+00  -0.814404E+09
   0.127134E+00   0.184769E+07   0.184063E+07   0.698340E+01   0.698340E+01   0.108699E+06   0.183828E+07   0.184650E+07   0.183828E+07  -0.456414E-01   0.949274E+06   0.949178E+06   0.251261E+00   0.653684E-03   0.514084E+00  -0.746689E+09
   0.132255E+00   0.175544E+07   0.174849E+07   0.613073E+01   0.613073E+01   0.974635E+05   0.174643E+07   0.175427E+07   0.174643E+07  -0.433610E-01   0.901853E+06   0.901759E+06   0.237666E+00   0.573872E-03   0.514080E+00  -0.681919E+09
   0.137376E+00   0.165927E+07   0.165195E+07   0.537047E+01   0.537047E+01   0.871111E+05   0.165061E+07   0.165804E+07   0.165061E+07  -0.409818E-01   0.852376E+06   0.852280E+06   0.233735E+00   0.502708E-03   0.514076E+00  -0.620481E+09
   0.142497E+00   0.156331E+07   0.155544E+07   0.470224E+01   0.470224E+01   0.777478E+05   0.155497E+07   0.156199E+07   0.155497E+07  -0.386073E-01   0.802995E+06   0.802896E+06   0.232686E+00   0.440160E-03   0.514073E+00  -0.563526E+09
   0.147618E+00   0.147285E+07   0.146451E+07   0.412765E+01   0.412765E+01   0.695040E+05   0.146481E+07   0.147145E+07   0.146481E+07  -0.363689E-01   0.756445E+06   0.756344E+06   0.229182E+00   0.386376E-03   0.514070E+00  -0.512441E+09
   0.152739E+00   0.139287E+07   0.138434E+07   0.364586E+01   0.364586E+01   0.624662E+05   0.138515E+07   0.139144E+07   0.138515E+07  -0.343909E-01   0.715310E+06   0.715209E+06   0.220254E+00   0.341278E-03   0.514067E+00  -0.468327E+09
   0.157860E+00   0.132613E+07   0.131780E+07   0.324953E+01   0.324953E+01   0.566022E+05   0.131873E+07   0.132474E+07   0.131873E+07  -0.327420E-01   0.681017E+06   0.680919E+06   0.205398E+00   0.304180E-03   0.514065E+00  -0.431410E+09
   0.162982E+00   0.127216E+07   0.126436E+07   0.292451E+01   0.292451E+01   0.517476E+05   0.126508E+07   0.127085E+07   0.126508E+07  -0.314098E-01   0.653310E+06   0.653219E+06   0.186068E+00   0.273758E-03   0.514063E+00  -0.400855E+09
   0.168103E+00   0.122813E+07   0.122110E+07   0.265409E+01   0.265409E+01   0.476719E+05   0.122137E+07   0.122695E+07   0.122137E+07  -0.303246E-01   0.630741E+06   0.630658E+06   0.164869E+00   0.248445E-03   0.514060E+00  -0.375217E+09
   0.173224E+00   0.119053E+07   0.118433E+07   0.242317E+01   0.242317E+01   0.441532E+05   0.118407E+07   0.118949E+07   0.118407E+07  -0.293985E-01   0.611481E+06   0.611406E+06   0.144643E+00   0.226830E-03   0.514058E+00  -0.353006E+09
   0.178345E+00   0.115578E+07   0.115031E+07   0.221944E+01   0.221944E+01   0.410021E+05   0.114959E+07   0.115486E+07   0.114959E+07  -0.285423E-01   0.593674E+06   0.593605E+06   0.127668E+00   0.207760E-03   0.514057E+00  -0.332885E+09
   0.183466E+00   0.112054E+07   0.111560E+07   0.203343E+01   0.203343E+01   0.380671E+05   0.111459E+07   0.111971E+07   0.111459E+07  -0.276734E-01   0.575602E+06   0.575538E+06   0.115155E+00   0.190348E-03   0.514055E+00  -0.313743E+09
   0.188587E+00   0.108267E+07   0.107802E+07   0.185949E+01   0.185949E+01   0.352586E+05   0.107693E+07   0.108189E+07   0.107693E+07  -0.267385E-01   0.556158E+06   0.556097E+06   0.107156E+00   0.174066E-03   0.514053E+00  -0.294913E+09
   0.193708E+00   0.104195E+07   0.103736E+07   0.169616E+01   0.169616E+01   0.325607E+05   0.103641E+07   0.104118E+07   0.103641E+07  -0.257323E-01   0.535232E+06   0.535172E+06   0.102800E+00   0.158778E-03   0.514052E+00  -0.276313E+09
   0.198830E+00   0.999736E+06   0.995039E+06   0.154461E+01   0.154461E+01   0.300062E+05   0.994362E+06   0.998947E+06   0.994362E+06  -0.246884E-01   0.513519E+06   0.513459E+06   0.100666E+00   0.144591E-03   0.514050E+00  -0.258276E+09
   0.203951E+00   0.957868E+06   0.953009E+06   0.140645E+01   0.140645E+01   0.276373E+05   0.952654E+06   0.957053E+06   0.952654E+06  -0.236528E-01   0.491982E+06   0.491922E+06   0.992161E-01   0.131658E-03   0.514049E+00  -0.241230E+09
   0.209072E+00   0.918160E+06   0.913171E+06   0.128283E+01   0.128283E+01   0.254876E+05   0.913102E+06   0.917322E+06   0.913102E+06  -0.226708E-01   0.471558E+06   0.471497E+06   0.971824E-01   0.120087E-03   0.514048E+00  -0.225552E+09
   0.214193E+00   0.882153E+06   0.877136E+06   0.117424E+01   0.117424E+01   0.235777E+05   0.877251E+06   0.881311E+06   0.877251E+06  -0.217807E-01   0.453045E+06   0.452985E+06   0.938194E-01   0.109922E-03   0.514047E+00  -0.211516E+09
   0.219314E+00   0.850780E+06   0.845868E+06   0.108019E+01   0.108019E+01   0.219082E+05   0.846037E+06   0.849955E+06   0.846037E+06  -0.210057E-01   0.436926E+06   0.436867E+06   0.889714E-01   0.101118E-03   0.514046E+00  -0.199227E+09
   0.224435E+00   0.824033E+06   0.819348E+06   0.999045E+00   0.999045E+00   0.204556E+05   0.819447E+06   0.823247E+06   0.819447E+06  -0.203455E-01   0.423195E+06   0.423139E+06   0.829727E-01   0.935225E-04   0.514045E+00  -0.188563E+09
   0.229556E+00   0.801058E+06   0.796679E+06   0.928376E+00   0.928376E+00   0.191783E+05   0.796626E+06   0.800323E+06   0.796626E+06  -0.197789E-01   0.411410E+06   0.411357E+06   0.764561E-01   0.869072E-04   0.514044E+00  -0.179222E+09
   0.234678E+00   0.780552E+06   0.776505E+06   0.865601E+00   0.865601E+00   0.180301E+05   0.776267E+06   0.779872E+06   0.776267E+06  -0.192734E-01   0.400896E+06   0.400847E+06   0.701331E-01   0.810311E-04   0.514043E+00  -0.170831E+09
   0.239799E+00   0.761131E+06   0.757385E+06   0.808434E+00   0.808434E+00   0.169690E+05   0.756984E+06   0.760502E+06   0.756984E+06  -0.187946E-01   0.390938E+06   0.390891E+06   0.645979E-01   0.756797E-04   0.514042E+00  -0.163030E+09
   0.244920E+00   0.741621E+06   0.738107E+06   0.755137E+00   0.755137E+00   0.159635E+05   0.737600E+06   0.741031E+06   0.737600E+06  -0.183134E-01   0.380928E+06   0.380884E+06   0.601983E-01   0.706907E-04   0.514041E+00  -0.155534E+09
   0.250041E+00   0.721337E+06   0.717967E+06   0.704713E+00   0.704713E+00   0.149967E+05   0.717431E+06   0.720771E+06   0.717431E+06  -0.178126E-01   0.370513E+06   0.370470E+06   0.569950E-01   0.659706E-04   0.514040E+00  -0.148183E+09
   0.255162E+00   0.700203E+06   0.696894E+06   0.656877E+00   0.656877E+00   0.140659E+05   0.696403E+06   0.699647E+06   0.696403E+06  -0.172905E-01   0.359653E+06   0.359612E+06   0.548002E-01   0.614926E-04   0.514039E+00  -0.140953E+09
   0.260283E+00   0.678611E+06   0.675305E+06   0.611801E+00   0.611801E+00   0.131780E+05   0.674909E+06   0.678056E+06   0.674909E+06  -0.167569E-01   0.348554E+06   0.348512E+06   0.532664E-01   0.572730E-04   0.514039E+00  -0.133916E+09
   0.265404E+00   0.657180E+06   0.653851E+06   0.569818E+00   0.569818E+00   0.123427E+05   0.653572E+06   0.656621E+06   0.653572E+06  -0.162271E-01   0.337535E+06   0.337494E+06   0.519968E-01   0.533428E-04   0.514038E+00  -0.127180E+09
   0.270526E+00   0.636585E+06   0.633241E+06   0.531244E+00   0.531244E+00   0.115694E+05   0.633068E+06   0.636023E+06   0.633068E+06  -0.157180E-01   0.326947E+06   0.326906E+06   0.506486E-01   0.497319E-04   0.514037E+00  -0.120858E+09
   0.275647E+00   0.617417E+06   0.614091E+06   0.496269E+00   0.496269E+00   0.108641E+05   0.613991E+06   0.616859E+06   0.613991E+06  -0.152444E-01   0.317095E+06   0.317054E+06   0.490034E-01   0.464578E-04   0.514037E+00  -0.115038E+09
   0.280768E+00   0.600030E+06   0.596765E+06   0.464856E+00   0.464856E+00   0.102282E+05   0.596693E+06   0.599482E+06   0.596693E+06  -0.148149E-01   0.308162E+06   0.308123E+06   0.469920E-01   0.435172E-04   0.514036E+00  -0.109759E+09
   0.285889E+00   0.584438E+06   0.581276E+06   0.436703E+00   0.436703E+00   0.965670E+04   0.581189E+06   0.583907E+06   0.581189E+06  -0.144300E-01   0.300156E+06   0.300117E+06   0.446784E-01   0.408817E-04   0.514036E+00  -0.104992E+09
   0.291010E+00   0.570366E+06   0.567337E+06   0.411327E+00   0.411327E+00   0.914062E+04   0.567204E+06   0.569857E+06   0.567204E+06  -0.140827E-01   0.292933E+06   0.292896E+06   0.422169E-01   0.385061E-04   0.514035E+00  -0.100662E+09
   0.296131E+00   0.557380E+06   0.554495E+06   0.388188E+00   0.388188E+00   0.866924E+04   0.554301E+06   0.556895E+06   0.554301E+06  -0.137624E-01   0.286269E+06   0.286234E+06   0.397953E-01   0.363400E-04   0.514035E+00  -0.966713E+08
   0.301252E+00   0.545007E+06   0.542258E+06   0.366784E+00   0.366784E+00   0.823219E+04   0.542007E+06   0.544545E+06   0.542007E+06  -0.134571E-01   0.279921E+06   0.279887E+06   0.375810E-01   0.343363E-04   0.514034E+00  -0.929205E+08
   0.306374E+00   0.532826E+06   0.530192E+06   0.346705E+00   0.346705E+00   0.782095E+04   0.529902E+06   0.532384E+06   0.529902E+06  -0.131566E-01   0.273669E+06   0.273636E+06   0.356821E-01   0.324566E-04   0.514034E+00  -0.893267E+08
   0.311495E+00   0.520558E+06   0.518007E+06   0.327678E+00   0.327678E+00   0.742962E+04   0.517703E+06   0.520129E+06   0.517703E+06  -0.128537E-01   0.267369E+06   0.267337E+06   0.341318E-01   0.306755E-04   0.514033E+00  -0.858357E+08
   0.316616E+00   0.508118E+06   0.505621E+06   0.309584E+00   0.309584E+00   0.705567E+04   0.505330E+06   0.507699E+06   0.505330E+06  -0.125465E-01   0.260979E+06   0.260948E+06   0.328933E-01   0.289816E-04   0.514033E+00  -0.824291E+08
   0.321737E+00   0.495608E+06   0.493142E+06   0.292423E+00   0.292423E+00   0.669918E+04   0.492882E+06   0.495194E+06   0.492882E+06  -0.122375E-01   0.254551E+06   0.254520E+06   0.318811E-01   0.273751E-04   0.514032E+00  -0.791190E+08
   0.326858E+00   0.483239E+06   0.480791E+06   0.276256E+00   0.276256E+00   0.636159E+04   0.480573E+06   0.482828E+06   0.480573E+06  -0.119318E-01   0.248194E+06   0.248164E+06   0.309889E-01   0.258616E-04   0.514032E+00  -0.759345E+08
   0.331979E+00   0.471247E+06   0.468817E+06   0.261149E+00   0.261149E+00   0.604453E+04   0.468639E+06   0.470839E+06   0.468639E+06  -0.116355E-01   0.242031E+06   0.242001E+06   0.301176E-01   0.244474E-04   0.514032E+00  -0.729067E+08
   0.337100E+00   0.459834E+06   0.457431E+06   0.247138E+00   0.247138E+00   0.574892E+04   0.457284E+06   0.459431E+06   0.457284E+06  -0.113536E-01   0.236167E+06   0.236137E+06   0.291970E-01   0.231358E-04   0.514031E+00  -0.700594E+08
   0.342222E+00   0.449129E+06   0.446766E+06   0.234213E+00   0.234213E+00   0.547470E+04   0.446635E+06   0.448732E+06   0.446635E+06  -0.110892E-01   0.230667E+06   0.230638E+06   0.281964E-01   0.219259E-04   0.514031E+00  -0.674040E+08
   0.347343E+00   0.439162E+06   0.436854E+06   0.222312E+00   0.222312E+00   0.522056E+04   0.436723E+06   0.438774E+06   0.436723E+06  -0.108431E-01   0.225548E+06   0.225520E+06   0.271232E-01   0.208118E-04   0.514031E+00  -0.649364E+08
   0.352464E+00   0.429864E+06   0.427621E+06   0.211329E+00   0.211329E+00   0.498424E+04   0.427478E+06   0.429487E+06   0.427478E+06  -0.106136E-01   0.220774E+06   0.220746E+06   0.260126E-01   0.197836E-04   0.514030E+00  -0.626383E+08
   0.357585E+00   0.421095E+06   0.418922E+06   0.201133E+00   0.201133E+00   0.476292E+04   0.418761E+06   0.420730E+06   0.418761E+06  -0.103972E-01   0.216272E+06   0.216246E+06   0.249140E-01   0.188292E-04   0.514030E+00  -0.604823E+08
   0.362706E+00   0.412693E+06   0.410589E+06   0.191594E+00   0.191594E+00   0.455389E+04   0.410410E+06   0.412339E+06   0.410410E+06  -0.101898E-01   0.211959E+06   0.211933E+06   0.238751E-01   0.179363E-04   0.514030E+00  -0.584392E+08
   0.367827E+00   0.404508E+06   0.402466E+06   0.182603E+00   0.182603E+00   0.435493E+04   0.402273E+06   0.404165E+06   0.402273E+06  -0.998777E-02   0.207757E+06   0.207732E+06   0.229311E-01   0.170946E-04   0.514029E+00  -0.564831E+08
   0.372948E+00   0.396428E+06   0.394438E+06   0.174075E+00   0.174075E+00   0.416448E+04   0.394239E+06   0.396094E+06   0.394239E+06  -0.978830E-02   0.203608E+06   0.203583E+06   0.220969E-01   0.162963E-04   0.514029E+00  -0.545950E+08
   0.378070E+00   0.388395E+06   0.386445E+06   0.165959E+00   0.165959E+00   0.398178E+04   0.386250E+06   0.388067E+06   0.386250E+06  -0.958994E-02   0.199482E+06   0.199458E+06   0.213676E-01   0.155365E-04   0.514029E+00  -0.527641E+08
   0.383191E+00   0.380417E+06   0.378500E+06   0.158234E+00   0.158234E+00   0.380670E+04   0.378315E+06   0.380095E+06   0.378315E+06  -0.939292E-02   0.195384E+06   0.195360E+06   0.207227E-01   0.148133E-04   0.514028E+00  -0.509895E+08
   0.388312E+00   0.372562E+06   0.370671E+06   0.150905E+00   0.150905E+00   0.363972E+04   0.370500E+06   0.372244E+06   0.370500E+06  -0.919890E-02   0.191348E+06   0.191325E+06   0.201340E-01   0.141272E-04   0.514028E+00  -0.492777E+08
   0.393433E+00   0.364906E+06   0.363039E+06   0.143981E+00   0.143981E+00   0.348126E+04   0.362884E+06   0.364593E+06   0.362884E+06  -0.900981E-02   0.187415E+06   0.187392E+06   0.195724E-01   0.134790E-04   0.514028E+00  -0.476366E+08
   0.398554E+00   0.357514E+06   0.355672E+06   0.137461E+00   0.137461E+00   0.333152E+04   0.355530E+06   0.357204E+06   0.355530E+06  -0.882722E-02   0.183617E+06   0.183594E+06   0.190147E-01   0.128686E-04   0.514028E+00  -0.460715E+08
   0.403675E+00   0.350426E+06   0.348614E+06   0.131339E+00   0.131339E+00   0.319045E+04   0.348480E+06   0.350122E+06   0.348480E+06  -0.865218E-02   0.179976E+06   0.179954E+06   0.184476E-01   0.122955E-04   0.514028E+00  -0.445851E+08
   0.408796E+00   0.343667E+06   0.341889E+06   0.125598E+00   0.125598E+00   0.305778E+04   0.341758E+06   0.343369E+06   0.341758E+06  -0.848529E-02   0.176505E+06   0.176483E+06   0.178691E-01   0.117581E-04   0.514027E+00  -0.431774E+08
   0.413918E+00   0.337232E+06   0.335490E+06   0.120216E+00   0.120216E+00   0.293306E+04   0.335359E+06   0.336939E+06   0.335359E+06  -0.832640E-02   0.173200E+06   0.173178E+06   0.172862E-01   0.112542E-04   0.514027E+00  -0.418446E+08
   0.419039E+00   0.331076E+06   0.329374E+06   0.115155E+00   0.115155E+00   0.281548E+04   0.329238E+06   0.330790E+06   0.329238E+06  -0.817444E-02   0.170039E+06   0.170018E+06   0.167110E-01   0.107804E-04   0.514027E+00  -0.405789E+08
   0.424160E+00   0.325139E+06   0.323476E+06   0.110376E+00   0.110376E+00   0.270421E+04   0.323335E+06   0.324859E+06   0.323335E+06  -0.802787E-02   0.166990E+06   0.166969E+06   0.161567E-01   0.103330E-04   0.514027E+00  -0.393702E+08
   0.429281E+00   0.319365E+06   0.317739E+06   0.105845E+00   0.105845E+00   0.259849E+04   0.317594E+06   0.319092E+06   0.317594E+06  -0.788533E-02   0.164025E+06   0.164005E+06   0.156342E-01   0.990887E-05   0.514027E+00  -0.382099E+08
   0.434402E+00   0.313716E+06   0.312123E+06   0.101536E+00   0.101536E+00   0.249778E+04   0.311977E+06   0.313448E+06   0.311977E+06  -0.774587E-02   0.161124E+06   0.161104E+06   0.151497E-01   0.950548E-05   0.514026E+00  -0.370916E+08
   0.439523E+00   0.308166E+06   0.306603E+06   0.974290E-01   0.974290E-01   0.240166E+04   0.306458E+06   0.307903E+06   0.306458E+06  -0.760883E-02   0.158274E+06   0.158254E+06   0.147038E-01   0.912101E-05   0.514026E+00  -0.360109E+08
   0.444644E+00   0.302703E+06   0.301167E+06   0.935101E-01   0.935101E-01   0.230986E+04   0.301025E+06   0.302445E+06   0.301025E+06  -0.747395E-02   0.155468E+06   0.155449E+06   0.142921E-01   0.875413E-05   0.514026E+00  -0.349651E+08
   0.449766E+00   0.297335E+06   0.295822E+06   0.897717E-01   0.897717E-01   0.222226E+04   0.295685E+06   0.297081E+06   0.295685E+06  -0.734137E-02   0.152710E+06   0.152692E+06   0.139069E-01   0.840416E-05   0.514026E+00  -0.339539E+08
   0.454887E+00   0.292083E+06   0.290592E+06   0.862114E-01   0.862114E-01   0.213884E+04   0.290461E+06   0.291832E+06   0.290461E+06  -0.721168E-02   0.150012E+06   0.149994E+06   0.135399E-01   0.807086E-05   0.514026E+00  -0.329785E+08
   0.460008E+00   0.286974E+06   0.285504E+06   0.828277E-01   0.828277E-01   0.205962E+04   0.285380E+06   0.286727E+06   0.285380E+06  -0.708551E-02   0.147388E+06   0.147370E+06   0.131835E-01   0.775409E-05   0.514026E+00  -0.320409E+08
   0.465129E+00   0.282025E+06   0.280578E+06   0.796168E-01   0.796168E-01   0.198450E+04   0.280458E+06   0.281782E+06   0.280458E+06  -0.696332E-02   0.144846E+06   0.144828E+06   0.128327E-01   0.745349E-05   0.514025E+00  -0.311416E+08
   0.470250E+00   0.277243E+06   0.275820E+06   0.765713E-01   0.765713E-01   0.191331E+04   0.275702E+06   0.277004E+06   0.275702E+06  -0.684523E-02   0.142390E+06   0.142373E+06   0.124851E-01   0.716839E-05   0.514025E+00  -0.302801E+08
   0.475371E+00   0.272622E+06   0.271223E+06   0.736815E-01   0.736815E-01   0.184577E+04   0.271107E+06   0.272387E+06   0.271107E+06  -0.673114E-02   0.140017E+06   0.140000E+06   0.121413E-01   0.689786E-05   0.514025E+00  -0.294547E+08
   0.480492E+00   0.268153E+06   0.266779E+06   0.709371E-01   0.709371E-01   0.178159E+04   0.266663E+06   0.267923E+06   0.266663E+06  -0.662080E-02   0.137722E+06   0.137705E+06   0.118037E-01   0.664094E-05   0.514025E+00  -0.286631E+08
   0.485614E+00   0.263822E+06   0.262473E+06   0.683273E-01   0.683273E-01   0.172047E+04   0.262356E+06   0.263596E+06   0.262356E+06  -0.651388E-02   0.135498E+06   0.135481E+06   0.114760E-01   0.639662E-05   0.514025E+00  -0.279028E+08
   0.490735E+00   0.259611E+06   0.258285E+06   0.658407E-01   0.658407E-01   0.166209E+04   0.258169E+06   0.259388E+06   0.258169E+06  -0.640990E-02   0.133335E+06   0.133318E+06   0.111613E-01   0.616382E-05   0.514025E+00  -0.271709E+08
   0.495856E+00   0.255497E+06   0.254194E+06   0.634659E-01   0.634659E-01   0.160618E+04   0.254078E+06   0.255278E+06   0.254078E+06  -0.630833E-02   0.131222E+06   0.131206E+06   0.108616E-01   0.594151E-05   0.514025E+00  -0.264642E+08
   0.500977E+00   0.251465E+06   0.250184E+06   0.611939E-01   0.611939E-01   0.155249E+04   0.250069E+06   0.251250E+06   0.250069E+06  -0.620879E-02   0.129151E+06   0.129136E+06   0.105776E-01   0.572882E-05   0.514024E+00  -0.257803E+08
   0.506098E+00   0.247512E+06   0.246251E+06   0.590190E-01   0.590190E-01   0.150090E+04   0.246137E+06   0.247300E+06   0.246137E+06  -0.611117E-02   0.127121E+06   0.127105E+06   0.103087E-01   0.552521E-05   0.514024E+00  -0.251182E+08
   0.511219E+00   0.243638E+06   0.242396E+06   0.569373E-01   0.569373E-01   0.145129E+04   0.242285E+06   0.243430E+06   0.242285E+06  -0.601553E-02   0.125131E+06   0.125116E+06   0.100529E-01   0.533033E-05   0.514024E+00  -0.244774E+08
   0.516340E+00   0.239848E+06   0.238624E+06   0.549452E-01   0.549452E-01   0.140358E+04   0.238515E+06   0.239643E+06   0.238515E+06  -0.592194E-02   0.123185E+06   0.123169E+06   0.980796E-02   0.514383E-05   0.514024E+00  -0.238576E+08
   0.521462E+00   0.236143E+06   0.234937E+06   0.530391E-01   0.530391E-01   0.135768E+04   0.234831E+06   0.235941E+06   0.234831E+06  -0.583045E-02   0.121282E+06   0.121267E+06   0.957126E-02   0.496539E-05   0.514024E+00  -0.232584E+08
   0.526583E+00   0.232528E+06   0.231339E+06   0.512161E-01   0.512161E-01   0.131349E+04   0.231235E+06   0.232328E+06   0.231235E+06  -0.574119E-02   0.119425E+06   0.119410E+06   0.934086E-02   0.479474E-05   0.514024E+00  -0.226796E+08
   0.531704E+00   0.229009E+06   0.227837E+06   0.494739E-01   0.494739E-01   0.127096E+04   0.227735E+06   0.228812E+06   0.227735E+06  -0.565428E-02   0.117617E+06   0.117603E+06   0.911565E-02   0.463164E-05   0.514024E+00  -0.221212E+08
   0.536825E+00   0.225586E+06   0.224432E+06   0.478092E-01   0.478092E-01   0.123003E+04   0.224332E+06   0.225392E+06   0.224332E+06  -0.556978E-02   0.115859E+06   0.115845E+06   0.889528E-02   0.447579E-05   0.514024E+00  -0.215827E+08
   0.541946E+00   0.222256E+06   0.221119E+06   0.462173E-01   0.462173E-01   0.119061E+04   0.221019E+06   0.222065E+06   0.221019E+06  -0.548755E-02   0.114149E+06   0.114135E+06   0.867997E-02   0.432677E-05   0.514024E+00  -0.210631E+08
   0.547067E+00   0.219009E+06   0.217889E+06   0.446935E-01   0.446935E-01   0.115261E+04   0.217790E+06   0.218821E+06   0.217790E+06  -0.540738E-02   0.112481E+06   0.112467E+06   0.847037E-02   0.418411E-05   0.514023E+00  -0.205611E+08
   0.559946E+00   0.211180E+06   0.210103E+06   0.411365E-01   0.411365E-01   0.106312E+04   0.210006E+06   0.210999E+06   0.210006E+06  -0.521410E-02   0.108461E+06   0.108447E+06   0.797334E-02   0.385112E-05   0.514023E+00  -0.193702E+08
   0.593872E+00   0.192428E+06   0.191445E+06   0.333233E-01   0.333233E-01   0.866473E+03   0.191357E+06   0.192263E+06   0.191357E+06  -0.475108E-02   0.988296E+05   0.988174E+05   0.686496E-02   0.311967E-05   0.514023E+00  -0.166418E+08
   0.629853E+00   0.175295E+06   0.174400E+06   0.269871E-01   0.269871E-01   0.710528E+03   0.174320E+06   0.175145E+06   0.174320E+06  -0.432807E-02   0.900303E+05   0.900192E+05   0.590047E-02   0.252649E-05   0.514022E+00  -0.142941E+08
   0.879031E+00   0.102472E+06   0.101949E+06   0.809959E-02   0.809959E-02   0.223024E+03   0.101901E+06   0.102384E+06   0.101901E+06  -0.253003E-02   0.526288E+05   0.526222E+05   0.250094E-02   0.758279E-06   0.514020E+00  -0.598723E+07
   0.122679E+01   0.591789E+05   0.588767E+05   0.240156E-02   0.240156E-02   0.678406E+02   0.588486E+05   0.591281E+05   0.588486E+05  -0.146111E-02   0.303936E+05   0.303897E+05   0.105905E-02   0.224834E-06   0.514019E+00  -0.247754E+07
   0.171212E+01   0.338212E+05   0.336483E+05   0.704669E-03   0.704669E-03   0.202468E+02   0.336323E+05   0.337921E+05   0.336323E+05  -0.835034E-03   0.173702E+05   0.173678E+05   0.453187E-03   0.659712E-07   0.514018E+00  -0.101456E+07
   0.238945E+01   0.191559E+05   0.190577E+05   0.204912E-03   0.204912E-03   0.596176E+01   0.190488E+05   0.191394E+05   0.190488E+05  -0.472951E-03   0.983822E+04   0.983679E+04   0.199417E-03   0.191840E-07   0.514017E+00  -0.411740E+06
