#          k/h    CDM            baryon         photon         nu             mass_nu        total          no_nu          total_de       Weyl           v_CDM          v_b            v_b-v_c        ISW            log_grow       pert_vel    
   0.994668E-05   0.177754E+08   0.177754E+08   0.236864E+08   0.236859E+08   0.177777E+08   0.177754E+08   0.177754E+08   0.177818E+08  -0.441793E+00   0.117106E+08   0.117106E+08   0.638174E+01   0.124030E+07   0.288115E+00  -0.117738E+15
   0.109829E-04   0.177759E+08   0.177759E+08   0.236839E+08   0.236834E+08   0.177782E+08   0.177759E+08   0.177759E+08   0.177822E+08  -0.441805E+00   0.117107E+08   0.117107E+08   0.704640E+01   0.101725E+07   0.288166E+00  -0.106630E+15
   0.121272E-04   0.177765E+08   0.177765E+08   0.236809E+08   0.236802E+08   0.177788E+08   0.177765E+08   0.177765E+08   0.177828E+08  -0.441820E+00   0.117108E+08   0.117108E+08   0.778022E+01   0.834298E+06   0.288227E+00  -0.965703E+14
   0.133906E-04   0.177772E+08   0.177772E+08   0.236772E+08   0.236764E+08   0.177795E+08   0.177772E+08   0.177772E+08   0.177836E+08  -0.441838E+00   0.117110E+08   0.117110E+08   0.859040E+01   0.684245E+06   0.288301E+00  -0.874597E+14
   0.147857E-04   0.177781E+08   0.177781E+08   0.236727E+08   0.236718E+08   0.177803E+08   0.177781E+08   0.177781E+08   0.177844E+08  -0.441859E+00   0.117111E+08   0.117111E+08   0.948485E+01   0.561172E+06   0.288392E+00  -0.792087E+14
   0.163261E-04   0.177792E+08   0.177792E+08   0.236673E+08   0.236661E+08   0.177814E+08   0.177792E+08   0.177792E+08   0.177855E+08  -0.441886E+00   0.117113E+08   0.117113E+08   0.104723E+02   0.460228E+06   0.288503E+00  -0.717363E+14
   0.180270E-04   0.177805E+08   0.177805E+08   0.236606E+08   0.236592E+08   0.177826E+08   0.177805E+08   0.177805E+08   0.177868E+08  -0.441918E+00   0.117116E+08   0.117116E+08   0.115624E+02   0.377434E+06   0.288638E+00  -0.649692E+14
   0.199051E-04   0.177820E+08   0.177820E+08   0.236525E+08   0.236508E+08   0.177842E+08   0.177821E+08   0.177820E+08   0.177884E+08  -0.441957E+00   0.117118E+08   0.117118E+08   0.127657E+02   0.309526E+06   0.288802E+00  -0.588406E+14
   0.219788E-04   0.177840E+08   0.177840E+08   0.236426E+08   0.236406E+08   0.177861E+08   0.177840E+08   0.177840E+08   0.177903E+08  -0.442005E+00   0.117122E+08   0.117122E+08   0.140940E+02   0.253829E+06   0.289002E+00  -0.532905E+14
   0.242687E-04   0.177863E+08   0.177863E+08   0.236306E+08   0.236281E+08   0.177884E+08   0.177863E+08   0.177863E+08   0.177926E+08  -0.442063E+00   0.117126E+08   0.117126E+08   0.155601E+02   0.208146E+06   0.289246E+00  -0.482641E+14
   0.267970E-04   0.177892E+08   0.177892E+08   0.236159E+08   0.236128E+08   0.177912E+08   0.177892E+08   0.177892E+08   0.177955E+08  -0.442134E+00   0.117132E+08   0.117132E+08   0.171781E+02   0.170677E+06   0.289542E+00  -0.437123E+14
   0.295888E-04   0.177927E+08   0.177927E+08   0.235980E+08   0.235943E+08   0.177946E+08   0.177927E+08   0.177927E+08   0.177990E+08  -0.442220E+00   0.117138E+08   0.117138E+08   0.189636E+02   0.139945E+06   0.289903E+00  -0.395901E+14
   0.326714E-04   0.177969E+08   0.177969E+08   0.235762E+08   0.235717E+08   0.177988E+08   0.177969E+08   0.177969E+08   0.178032E+08  -0.442325E+00   0.117146E+08   0.117146E+08   0.209337E+02   0.114739E+06   0.290341E+00  -0.358570E+14
   0.360752E-04   0.178021E+08   0.178021E+08   0.235497E+08   0.235441E+08   0.178039E+08   0.178021E+08   0.178021E+08   0.178084E+08  -0.442453E+00   0.117155E+08   0.117155E+08   0.231071E+02   0.940653E+05   0.290873E+00  -0.324764E+14
   0.398336E-04   0.178083E+08   0.178083E+08   0.235173E+08   0.235105E+08   0.178100E+08   0.178083E+08   0.178083E+08   0.178146E+08  -0.442608E+00   0.117167E+08   0.117167E+08   0.255044E+02   0.771089E+05   0.291520E+00  -0.294151E+14
   0.439836E-04   0.178160E+08   0.178160E+08   0.234779E+08   0.234697E+08   0.178175E+08   0.178160E+08   0.178160E+08   0.178222E+08  -0.442797E+00   0.117181E+08   0.117181E+08   0.281480E+02   0.632015E+05   0.292304E+00  -0.266429E+14
   0.485659E-04   0.178252E+08   0.178252E+08   0.234300E+08   0.234199E+08   0.178266E+08   0.178252E+08   0.178252E+08   0.178315E+08  -0.443026E+00   0.117198E+08   0.117198E+08   0.310622E+02   0.517950E+05   0.293254E+00  -0.241326E+14
   0.536256E-04   0.178365E+08   0.178364E+08   0.233716E+08   0.233593E+08   0.178376E+08   0.178365E+08   0.178364E+08   0.178427E+08  -0.443304E+00   0.117218E+08   0.117218E+08   0.342738E+02   0.424398E+05   0.294404E+00  -0.218594E+14
   0.592125E-04   0.178501E+08   0.178500E+08   0.233005E+08   0.232856E+08   0.178509E+08   0.178501E+08   0.178501E+08   0.178563E+08  -0.443641E+00   0.117243E+08   0.117243E+08   0.378115E+02   0.347669E+05   0.295793E+00  -0.198012E+14
   0.653814E-04   0.178665E+08   0.178665E+08   0.232140E+08   0.231960E+08   0.178671E+08   0.178665E+08   0.178665E+08   0.178727E+08  -0.444049E+00   0.117274E+08   0.117274E+08   0.417065E+02   0.284742E+05   0.297467E+00  -0.179375E+14
   0.721930E-04   0.178864E+08   0.178864E+08   0.231090E+08   0.230870E+08   0.178866E+08   0.178864E+08   0.178864E+08   0.178926E+08  -0.444542E+00   0.117310E+08   0.117310E+08   0.459919E+02   0.233134E+05   0.299482E+00  -0.162501E+14
   0.797142E-04   0.179105E+08   0.179104E+08   0.229813E+08   0.229546E+08   0.179101E+08   0.179105E+08   0.179105E+08   0.179166E+08  -0.445136E+00   0.117355E+08   0.117354E+08   0.507033E+02   0.190812E+05   0.301898E+00  -0.147224E+14
   0.880190E-04   0.179394E+08   0.179393E+08   0.228263E+08   0.227940E+08   0.179384E+08   0.179394E+08   0.179394E+08   0.179455E+08  -0.445852E+00   0.117408E+08   0.117408E+08   0.558781E+02   0.156108E+05   0.304786E+00  -0.133394E+14
   0.971891E-04   0.179741E+08   0.179740E+08   0.226383E+08   0.225992E+08   0.179724E+08   0.179741E+08   0.179741E+08   0.179801E+08  -0.446710E+00   0.117472E+08   0.117472E+08   0.615551E+02   0.127652E+05   0.308224E+00  -0.120874E+14
   0.107314E-03   0.180156E+08   0.180155E+08   0.224107E+08   0.223634E+08   0.180131E+08   0.180156E+08   0.180156E+08   0.180215E+08  -0.447738E+00   0.117548E+08   0.117548E+08   0.677743E+02   0.104324E+05   0.312297E+00  -0.109540E+14
   0.118495E-03   0.180651E+08   0.180650E+08   0.221353E+08   0.220783E+08   0.180615E+08   0.180650E+08   0.180650E+08   0.180709E+08  -0.448962E+00   0.117640E+08   0.117640E+08   0.745755E+02   0.852024E+04   0.317095E+00  -0.992822E+13
   0.130840E-03   0.181238E+08   0.181236E+08   0.218031E+08   0.217344E+08   0.181189E+08   0.181237E+08   0.181237E+08   0.181295E+08  -0.450415E+00   0.117749E+08   0.117748E+08   0.819972E+02   0.695333E+04   0.322708E+00  -0.899978E+13
   0.144471E-03   0.181930E+08   0.181929E+08   0.214030E+08   0.213207E+08   0.181866E+08   0.181930E+08   0.181930E+08   0.181987E+08  -0.452128E+00   0.117877E+08   0.117877E+08   0.900749E+02   0.566980E+04   0.329224E+00  -0.815951E+13
   0.159522E-03   0.182742E+08   0.182740E+08   0.209229E+08   0.208244E+08   0.182658E+08   0.182741E+08   0.182742E+08   0.182797E+08  -0.454137E+00   0.118028E+08   0.118027E+08   0.988381E+02   0.461890E+04   0.336717E+00  -0.739909E+13
   0.176142E-03   0.183686E+08   0.183684E+08   0.203489E+08   0.202315E+08   0.183579E+08   0.183685E+08   0.183686E+08   0.183740E+08  -0.456474E+00   0.118204E+08   0.118203E+08   0.108307E+03   0.375900E+04   0.345244E+00  -0.671095E+13
   0.194493E-03   0.184776E+08   0.184773E+08   0.196660E+08   0.195269E+08   0.184640E+08   0.184775E+08   0.184775E+08   0.184827E+08  -0.459168E+00   0.118407E+08   0.118406E+08   0.118490E+03   0.305597E+04   0.354830E+00  -0.608820E+13
   0.214755E-03   0.186019E+08   0.186016E+08   0.188587E+08   0.186950E+08   0.185849E+08   0.186018E+08   0.186019E+08   0.186068E+08  -0.462244E+00   0.118639E+08   0.118638E+08   0.129374E+03   0.248175E+04   0.365462E+00  -0.552457E+13
   0.237129E-03   0.187423E+08   0.187419E+08   0.179117E+08   0.177205E+08   0.187211E+08   0.187421E+08   0.187422E+08   0.187469E+08  -0.465715E+00   0.118902E+08   0.118901E+08   0.140921E+03   0.201330E+04   0.377076E+00  -0.501439E+13
   0.261834E-03   0.188987E+08   0.188982E+08   0.168121E+08   0.165910E+08   0.188723E+08   0.188985E+08   0.188986E+08   0.189030E+08  -0.469581E+00   0.119194E+08   0.119193E+08   0.153057E+03   0.163168E+04   0.389556E+00  -0.455245E+13
   0.289112E-03   0.190704E+08   0.190698E+08   0.155512E+08   0.152984E+08   0.190378E+08   0.190701E+08   0.190703E+08   0.190743E+08  -0.473824E+00   0.119516E+08   0.119514E+08   0.165667E+03   0.132127E+04   0.402728E+00  -0.413403E+13
   0.319233E-03   0.192559E+08   0.192552E+08   0.141284E+08   0.138437E+08   0.192157E+08   0.192556E+08   0.192558E+08   0.192593E+08  -0.478407E+00   0.119862E+08   0.119860E+08   0.178578E+03   0.106919E+04   0.416373E+00  -0.375483E+13
   0.352491E-03   0.194528E+08   0.194520E+08   0.125549E+08   0.122402E+08   0.194033E+08   0.194524E+08   0.194526E+08   0.194557E+08  -0.483271E+00   0.120229E+08   0.120227E+08   0.191552E+03   0.864818E+03   0.430234E+00  -0.341094E+13
   0.389215E-03   0.196578E+08   0.196569E+08   0.108591E+08   0.105191E+08   0.195972E+08   0.196574E+08   0.196577E+08   0.196603E+08  -0.488333E+00   0.120608E+08   0.120605E+08   0.204281E+03   0.699377E+03   0.444036E+00  -0.309885E+13
   0.429764E-03   0.198671E+08   0.198660E+08   0.909039E+07   0.873371E+07   0.197928E+08   0.198665E+08   0.198669E+08   0.198689E+08  -0.493497E+00   0.120990E+08   0.120987E+08   0.216376E+03   0.565625E+03   0.457510E+00  -0.281536E+13
   0.474538E-03   0.200761E+08   0.200748E+08   0.732159E+07   0.696108E+07   0.199853E+08   0.200754E+08   0.200759E+08   0.200774E+08  -0.498653E+00   0.121365E+08   0.121362E+08   0.227381E+03   0.457598E+03   0.470410E+00  -0.255763E+13
   0.523976E-03   0.202802E+08   0.202786E+08   0.564674E+07   0.529949E+07   0.201694E+08   0.202794E+08   0.202799E+08   0.202809E+08  -0.503685E+00   0.121722E+08   0.121718E+08   0.236781E+03   0.370402E+03   0.482533E+00  -0.232312E+13
   0.578566E-03   0.204748E+08   0.204730E+08   0.417108E+07   0.385726E+07   0.203398E+08   0.204739E+08   0.204745E+08   0.204750E+08  -0.508483E+00   0.122050E+08   0.122046E+08   0.244045E+03   0.300033E+03   0.493730E+00  -0.210959E+13
   0.638842E-03   0.206559E+08   0.206539E+08   0.299124E+07   0.273133E+07   0.204917E+08   0.206548E+08   0.206556E+08   0.206556E+08  -0.512948E+00   0.122338E+08   0.122333E+08   0.248670E+03   0.243231E+03   0.503904E+00  -0.191505E+13
   0.705398E-03   0.208202E+08   0.208178E+08   0.216633E+07   0.197675E+07   0.206208E+08   0.208188E+08   0.208198E+08   0.208194E+08  -0.516995E+00   0.122578E+08   0.122573E+08   0.250250E+03   0.197357E+03   0.513017E+00  -0.173776E+13
   0.778888E-03   0.209649E+08   0.209622E+08   0.168751E+07   0.157531E+07   0.207234E+08   0.209633E+08   0.209645E+08   0.209638E+08  -0.520562E+00   0.122762E+08   0.122757E+08   0.248543E+03   0.160276E+03   0.521073E+00  -0.157617E+13
   0.860035E-03   0.210884E+08   0.210855E+08   0.146244E+07   0.142118E+07   0.207965E+08   0.210866E+08   0.210879E+08   0.210869E+08  -0.523607E+00   0.122886E+08   0.122880E+08   0.243508E+03   0.130273E+03   0.528114E+00  -0.142889E+13
   0.949635E-03   0.211898E+08   0.211865E+08   0.133667E+07   0.134657E+07   0.208377E+08   0.211876E+08   0.211892E+08   0.211879E+08  -0.526105E+00   0.122946E+08   0.122939E+08   0.235316E+03   0.105969E+03   0.534205E+00  -0.129470E+13
   0.104857E-02   0.212687E+08   0.212651E+08   0.116281E+07   0.119774E+07   0.208452E+08   0.212661E+08   0.212681E+08   0.212664E+08  -0.528046E+00   0.122938E+08   0.122931E+08   0.224295E+03   0.862550E+02   0.539430E+00  -0.117247E+13
   0.115781E-02   0.213251E+08   0.213214E+08   0.890672E+06   0.930636E+06   0.208174E+08   0.213221E+08   0.213245E+08   0.213223E+08  -0.529430E+00   0.122862E+08   0.122854E+08   0.210864E+03   0.702448E+02   0.543877E+00  -0.106118E+13
   0.127844E-02   0.213596E+08   0.213556E+08   0.601713E+06   0.643198E+06   0.207533E+08   0.213561E+08   0.213589E+08   0.213562E+08  -0.530267E+00   0.122714E+08   0.122707E+08   0.195494E+03   0.572272E+02   0.547638E+00  -0.959903E+12
   0.141163E-02   0.213725E+08   0.213684E+08   0.416550E+06   0.470734E+06   0.206525E+08   0.213684E+08   0.213718E+08   0.213685E+08  -0.530568E+00   0.122494E+08   0.122486E+08   0.178763E+03   0.466331E+02   0.550800E+00  -0.867770E+12
   0.155869E-02   0.213644E+08   0.213602E+08   0.336901E+06   0.537516E+06   0.205144E+08   0.213596E+08   0.213637E+08   0.213597E+08  -0.530345E+00   0.122197E+08   0.122189E+08   0.161429E+03   0.380042E+02   0.553448E+00  -0.783991E+12
   0.172108E-02   0.213355E+08   0.213313E+08   0.243466E+06   0.440273E+06   0.203385E+08   0.213301E+08   0.213348E+08   0.213301E+08  -0.529607E+00   0.121821E+08   0.121814E+08   0.144385E+03   0.309724E+02   0.555655E+00  -0.707836E+12
   0.190039E-02   0.212861E+08   0.212819E+08   0.114305E+06   0.360274E+06   0.201250E+08   0.212799E+08   0.212854E+08   0.212799E+08  -0.528358E+00   0.121362E+08   0.121355E+08   0.128458E+03   0.252378E+02   0.557488E+00  -0.638635E+12
   0.209838E-02   0.212161E+08   0.212119E+08   0.709729E+05   0.294524E+06   0.198742E+08   0.212090E+08   0.212154E+08   0.212091E+08  -0.526596E+00   0.120815E+08   0.120808E+08   0.114241E+03   0.205590E+02   0.559004E+00  -0.575770E+12
   0.231699E-02   0.211253E+08   0.211211E+08   0.863987E+05   0.240534E+06   0.195868E+08   0.211173E+08   0.211246E+08   0.211173E+08  -0.524317E+00   0.120174E+08   0.120167E+08   0.102075E+03   0.167410E+02   0.560256E+00  -0.518679E+12
   0.255838E-02   0.210133E+08   0.210090E+08   0.559618E+05   0.196239E+06   0.192636E+08   0.210043E+08   0.210125E+08   0.210043E+08  -0.521509E+00   0.119434E+08   0.119427E+08   0.919417E+02   0.136248E+02   0.561286E+00  -0.466845E+12
   0.282492E-02   0.208795E+08   0.208750E+08   0.558896E+05   0.159930E+06   0.189054E+08   0.208694E+08   0.208787E+08   0.208694E+08  -0.518159E+00   0.118587E+08   0.118580E+08   0.833792E+02   0.110813E+02   0.562131E+00  -0.419800E+12
   0.311923E-02   0.207232E+08   0.207185E+08   0.374846E+05   0.130192E+06   0.185123E+08   0.207119E+08   0.207224E+08   0.207120E+08  -0.514249E+00   0.117627E+08   0.117620E+08   0.757532E+02   0.900562E+01   0.562822E+00  -0.377115E+12
   0.344419E-02   0.205436E+08   0.205386E+08   0.187218E+05   0.105857E+06   0.180842E+08   0.205311E+08   0.205428E+08   0.205311E+08  -0.509759E+00   0.116548E+08   0.116541E+08   0.685379E+02   0.731207E+01   0.563386E+00  -0.338398E+12
   0.380302E-02   0.203398E+08   0.203345E+08   0.360737E+04   0.859622E+05   0.176203E+08   0.203260E+08   0.203389E+08   0.203260E+08  -0.504665E+00   0.115341E+08   0.115334E+08   0.616072E+02   0.593090E+01   0.563843E+00  -0.303296E+12
   0.419923E-02   0.201107E+08   0.201051E+08   0.126841E+05   0.697116E+05   0.171202E+08   0.200956E+08   0.201097E+08   0.200956E+08  -0.498943E+00   0.113999E+08   0.113992E+08   0.552111E+02   0.480503E+01   0.564214E+00  -0.271484E+12
   0.463671E-02   0.198552E+08   0.198492E+08   0.102365E+05   0.564507E+05   0.165836E+08   0.198387E+08   0.198542E+08   0.198387E+08  -0.492566E+00   0.112515E+08   0.112508E+08   0.496147E+02   0.388785E+01   0.564511E+00  -0.242668E+12
   0.511978E-02   0.195722E+08   0.195657E+08   0.248550E+04   0.456406E+05   0.160122E+08   0.195543E+08   0.195711E+08   0.195543E+08  -0.485504E+00   0.110881E+08   0.110874E+08   0.447396E+02   0.314123E+01   0.564748E+00  -0.216579E+12
   0.565317E-02   0.192611E+08   0.192540E+08   0.122526E+04   0.368391E+05   0.153824E+08   0.192416E+08   0.192599E+08   0.192416E+08  -0.477739E+00   0.109091E+08   0.109084E+08   0.402898E+02   0.253401E+01   0.564933E+00  -0.192978E+12
   0.624213E-02   0.189195E+08   0.189116E+08  -0.814912E+03   0.296791E+05   0.147272E+08   0.188983E+08   0.189182E+08   0.188983E+08  -0.469216E+00   0.107132E+08   0.107126E+08   0.361736E+02   0.204053E+01   0.565077E+00  -0.171632E+12
   0.689245E-02   0.185465E+08   0.185377E+08  -0.478906E+04   0.238626E+05   0.140344E+08   0.185237E+08   0.185450E+08   0.185237E+08  -0.459914E+00   0.104999E+08   0.104993E+08   0.325253E+02   0.163996E+01   0.565186E+00  -0.152343E+12
   0.761052E-02   0.181409E+08   0.181311E+08  -0.534922E+04   0.191438E+05   0.133129E+08   0.181164E+08   0.181393E+08   0.181164E+08  -0.449802E+00   0.102684E+08   0.102677E+08   0.292952E+02   0.131521E+01   0.565266E+00  -0.134927E+12
   0.840340E-02   0.177014E+08   0.176903E+08  -0.165475E+04   0.153210E+05   0.125713E+08   0.176752E+08   0.176995E+08   0.176752E+08  -0.438848E+00   0.100179E+08   0.100172E+08   0.263628E+02   0.105227E+01   0.565323E+00  -0.119215E+12
   0.927889E-02   0.172267E+08   0.172141E+08  -0.303137E+04   0.122291E+05   0.118094E+08   0.171989E+08   0.172245E+08   0.171989E+08  -0.427022E+00   0.974764E+07   0.974697E+07   0.237579E+02   0.839695E+00   0.565361E+00  -0.105054E+12
   0.102456E-01   0.167156E+08   0.167012E+08  -0.186348E+04   0.973245E+04   0.110273E+08   0.166863E+08   0.167132E+08   0.166863E+08  -0.414293E+00   0.945695E+07   0.945629E+07   0.214355E+02   0.668122E+00   0.565382E+00  -0.923049E+11
   0.113130E-01   0.161668E+08   0.161504E+08  -0.196242E+04   0.772026E+04   0.102321E+08   0.161360E+08   0.161640E+08   0.161360E+08  -0.400630E+00   0.914506E+07   0.914440E+07   0.193648E+02   0.529888E+00   0.565390E+00  -0.808387E+11
   0.124916E-01   0.155792E+08   0.155604E+08  -0.111132E+04   0.610179E+04   0.943143E+07   0.155470E+08   0.155760E+08   0.155470E+08  -0.386006E+00   0.881130E+07   0.881065E+07   0.175239E+02   0.418734E+00   0.565387E+00  -0.705395E+11
   0.137930E-01   0.149518E+08   0.149304E+08  -0.153517E+04   0.480296E+04   0.863135E+07   0.149183E+08   0.149482E+08   0.149183E+08  -0.370398E+00   0.845518E+07   0.845453E+07   0.158850E+02   0.329555E+00   0.565375E+00  -0.613019E+11
   0.152300E-01   0.142843E+08   0.142598E+08  -0.238100E+03   0.376331E+04   0.783476E+07   0.142497E+08   0.142802E+08   0.142497E+08  -0.353796E+00   0.807641E+07   0.807575E+07   0.144217E+02   0.258187E+00   0.565357E+00  -0.530308E+11
   0.168167E-01   0.135925E+08   0.135646E+08  -0.668262E+03   0.293701E+04   0.705995E+07   0.135569E+08   0.135878E+08   0.135569E+08  -0.336596E+00   0.768402E+07   0.768336E+07   0.131203E+02   0.201476E+00   0.565333E+00  -0.456938E+11
   0.185687E-01   0.128497E+08   0.128181E+08  -0.741728E+03   0.227713E+04   0.629694E+07   0.128134E+08   0.128444E+08   0.128134E+08  -0.318136E+00   0.726287E+07   0.726220E+07   0.119341E+02   0.156195E+00   0.565305E+00  -0.391143E+11
   0.205033E-01   0.120719E+08   0.120365E+08   0.145876E+03   0.175450E+04   0.556089E+07   0.120352E+08   0.120659E+08   0.120352E+08  -0.298813E+00   0.682203E+07   0.682136E+07   0.108465E+02   0.120337E+00   0.565274E+00  -0.332736E+11
   0.226393E-01   0.112529E+08   0.112137E+08  -0.164123E+03   0.134129E+04   0.485395E+07   0.112161E+08   0.112463E+08   0.112161E+08  -0.278477E+00   0.635804E+07   0.635737E+07   0.982618E+01   0.919905E-01   0.565241E+00  -0.280846E+11
   0.249980E-01   0.104221E+08   0.103793E+08  -0.141660E+03   0.101879E+04   0.419358E+07   0.103855E+08   0.104149E+08   0.103855E+08  -0.257854E+00   0.588748E+07   0.588681E+07   0.885648E+01   0.698693E-01   0.565207E+00  -0.235523E+11
   0.276023E-01   0.958930E+07   0.954346E+07  -0.550801E+02   0.768750E+03   0.358502E+07   0.955322E+07   0.958160E+07   0.955322E+07  -0.237191E+00   0.541595E+07   0.541530E+07   0.791458E+01   0.527196E-01   0.565172E+00  -0.196217E+11
   0.304780E-01   0.875815E+07   0.871027E+07  -0.678968E+02   0.575809E+03   0.302994E+07   0.872304E+07   0.875011E+07   0.872304E+07  -0.216579E+00   0.494556E+07   0.494492E+07   0.697477E+01   0.394872E-01   0.565137E+00  -0.162269E+11
   0.336533E-01   0.795121E+07   0.790273E+07  -0.580507E+02   0.428718E+03   0.253496E+07   0.791747E+07   0.794307E+07   0.791747E+07  -0.196578E+00   0.448908E+07   0.448847E+07   0.602741E+01   0.293997E-01   0.565102E+00  -0.133394E+11
   0.371593E-01   0.719760E+07   0.715039E+07  -0.672992E+02   0.318281E+03   0.210582E+07   0.716562E+07   0.718968E+07   0.716562E+07  -0.177910E+00   0.406300E+07   0.406243E+07   0.507486E+01   0.218263E-01   0.565068E+00  -0.109341E+11
   0.410307E-01   0.651581E+07   0.647199E+07  -0.562913E+02   0.236318E+03   0.174191E+07   0.648589E+07   0.650845E+07   0.648589E+07  -0.161034E+00   0.367778E+07   0.367727E+07   0.413092E+01   0.162057E-01   0.565036E+00  -0.896360E+10
   0.451338E-01   0.594688E+07   0.590833E+07   0.178259E+03   0.178259E+03   0.145172E+07   0.591916E+07   0.594041E+07   0.591916E+07  -0.146963E+00   0.335661E+07   0.335617E+07   0.324596E+01   0.122239E-01   0.565012E+00  -0.743714E+10
   0.492368E-01   0.549696E+07   0.546452E+07   0.138468E+03   0.138468E+03   0.123052E+07   0.547134E+07   0.549151E+07   0.547134E+07  -0.135844E+00   0.310279E+07   0.310242E+07   0.252224E+01   0.949540E-02   0.564986E+00  -0.630188E+10
   0.533399E-01   0.513444E+07   0.510810E+07   0.110218E+03   0.110218E+03   0.105787E+07   0.511075E+07   0.513002E+07   0.511075E+07  -0.126891E+00   0.289841E+07   0.289809E+07   0.194583E+01   0.755828E-02   0.564963E+00  -0.543395E+10
   0.574430E-01   0.482921E+07   0.480823E+07   0.893971E+02   0.893971E+02   0.918712E+06   0.480720E+07   0.482569E+07   0.480720E+07  -0.119355E+00   0.272635E+07   0.272609E+07   0.151271E+01   0.613059E-02   0.564943E+00  -0.474629E+10
   0.615460E-01   0.455776E+07   0.454088E+07   0.735053E+02   0.735053E+02   0.802850E+06   0.453717E+07   0.455492E+07   0.453717E+07  -0.112650E+00   0.257328E+07   0.257306E+07   0.120954E+01   0.504087E-02   0.564925E+00  -0.418117E+10
   0.656491E-01   0.430194E+07   0.428767E+07   0.609821E+02   0.609821E+02   0.703387E+06   0.428252E+07   0.429954E+07   0.428252E+07  -0.106328E+00   0.242893E+07   0.242873E+07   0.101509E+01   0.418212E-02   0.564909E+00  -0.369995E+10
   0.697522E-01   0.404889E+07   0.403578E+07   0.508419E+02   0.508419E+02   0.615849E+06   0.403045E+07   0.404669E+07   0.403045E+07  -0.100069E+00   0.228602E+07   0.228583E+07   0.903255E+00   0.348678E-02   0.564894E+00  -0.327743E+10
   0.738552E-01   0.380077E+07   0.378760E+07   0.425690E+02   0.425690E+02   0.538913E+06   0.378313E+07   0.379856E+07   0.378313E+07  -0.939289E-01   0.214580E+07   0.214561E+07   0.848023E+00   0.291946E-02   0.564882E+00  -0.290548E+10
   0.779583E-01   0.354957E+07   0.353555E+07   0.356780E+02   0.356780E+02   0.470087E+06   0.353266E+07   0.354722E+07   0.353266E+07  -0.877100E-01   0.200378E+07   0.200358E+07   0.822478E+00   0.244690E-02   0.564870E+00  -0.257037E+10
   0.820614E-01   0.330758E+07   0.329236E+07   0.300009E+02   0.300009E+02   0.409914E+06   0.329132E+07   0.330502E+07   0.329132E+07  -0.817180E-01   0.186693E+07   0.186673E+07   0.806950E+00   0.205758E-02   0.564859E+00  -0.227508E+10
   0.861644E-01   0.308146E+07   0.306513E+07   0.253484E+02   0.253484E+02   0.358035E+06   0.306584E+07   0.307872E+07   0.306584E+07  -0.761198E-01   0.173907E+07   0.173886E+07   0.786508E+00   0.173851E-02   0.564850E+00  -0.201835E+10
   0.912856E-01   0.283002E+07   0.281293E+07   0.207387E+02   0.207387E+02   0.304158E+06   0.281521E+07   0.282715E+07   0.281521E+07  -0.698970E-01   0.159693E+07   0.159673E+07   0.741602E+00   0.142237E-02   0.564839E+00  -0.174941E+10
   0.964067E-01   0.262035E+07   0.260352E+07   0.172152E+02   0.172152E+02   0.261219E+06   0.260637E+07   0.261752E+07   0.260637E+07  -0.647119E-01   0.147850E+07   0.147830E+07   0.672083E+00   0.118073E-02   0.564829E+00  -0.153363E+10
   0.101528E+00   0.245503E+07   0.243946E+07   0.145432E+02   0.145432E+02   0.227608E+06   0.244189E+07   0.245241E+07   0.244189E+07  -0.606280E-01   0.138522E+07   0.138504E+07   0.584508E+00   0.997476E-03   0.564821E+00  -0.136439E+10
   0.106649E+00   0.232803E+07   0.231444E+07   0.124993E+02   0.124993E+02   0.201244E+06   0.231569E+07   0.232575E+07   0.231569E+07  -0.574948E-01   0.131365E+07   0.131349E+07   0.490789E+00   0.857298E-03   0.564813E+00  -0.123177E+10
   0.111770E+00   0.222682E+07   0.221547E+07   0.108868E+02   0.108868E+02   0.179934E+06   0.221524E+07   0.222492E+07   0.221524E+07  -0.550008E-01   0.125668E+07   0.125654E+07   0.403435E+00   0.746704E-03   0.564806E+00  -0.112436E+10
   0.116891E+00   0.213790E+07   0.212859E+07   0.955749E+01   0.955749E+01   0.161883E+06   0.212700E+07   0.213634E+07   0.212700E+07  -0.528098E-01   0.120663E+07   0.120651E+07   0.332091E+00   0.655533E-03   0.564799E+00  -0.103229E+10
   0.122012E+00   0.205072E+07   0.204288E+07   0.841504E+01   0.841504E+01   0.145881E+06   0.204039E+07   0.204940E+07   0.204039E+07  -0.506596E-01   0.115751E+07   0.115741E+07   0.281614E+00   0.577177E-03   0.564793E+00  -0.948704E+09
   0.127134E+00   0.195907E+07   0.195201E+07   0.740463E+01   0.740463E+01   0.131256E+06   0.194924E+07   0.195788E+07   0.194924E+07  -0.483963E-01   0.110581E+07   0.110571E+07   0.251734E+00   0.507876E-03   0.564788E+00  -0.869821E+09
   0.132255E+00   0.186126E+07   0.185430E+07   0.650053E+01   0.650053E+01   0.117738E+06   0.185184E+07   0.186009E+07   0.185184E+07  -0.459782E-01   0.105057E+07   0.105047E+07   0.238099E+00   0.445866E-03   0.564783E+00  -0.794369E+09
   0.137376E+00   0.175928E+07   0.175196E+07   0.569440E+01   0.569440E+01   0.105314E+06   0.175023E+07   0.175805E+07   0.175023E+07  -0.434553E-01   0.992930E+06   0.992833E+06   0.234129E+00   0.390576E-03   0.564779E+00  -0.722798E+09
   0.142497E+00   0.165753E+07   0.164966E+07   0.498586E+01   0.498586E+01   0.940938E+05   0.164881E+07   0.165621E+07   0.164881E+07  -0.409373E-01   0.935404E+06   0.935304E+06   0.233043E+00   0.341980E-03   0.564775E+00  -0.656450E+09
   0.147618E+00   0.156160E+07   0.155326E+07   0.437661E+01   0.437661E+01   0.842212E+05   0.155321E+07   0.156020E+07   0.155321E+07  -0.385637E-01   0.881176E+06   0.881074E+06   0.229507E+00   0.300193E-03   0.564771E+00  -0.596940E+09
   0.152739E+00   0.147679E+07   0.146827E+07   0.386575E+01   0.386575E+01   0.757938E+05   0.146874E+07   0.147536E+07   0.146874E+07  -0.364663E-01   0.833256E+06   0.833155E+06   0.220551E+00   0.265155E-03   0.564768E+00  -0.545551E+09
   0.157860E+00   0.140603E+07   0.139770E+07   0.344552E+01   0.344552E+01   0.687722E+05   0.139831E+07   0.140464E+07   0.139831E+07  -0.347178E-01   0.793308E+06   0.793210E+06   0.205672E+00   0.236333E-03   0.564765E+00  -0.502546E+09
   0.162982E+00   0.134881E+07   0.134101E+07   0.310090E+01   0.310090E+01   0.629605E+05   0.134142E+07   0.134750E+07   0.134142E+07  -0.333052E-01   0.761032E+06   0.760941E+06   0.186323E+00   0.212697E-03   0.564762E+00  -0.466951E+09
   0.168103E+00   0.130213E+07   0.129510E+07   0.281416E+01   0.281416E+01   0.580833E+05   0.129507E+07   0.130095E+07   0.129507E+07  -0.321544E-01   0.734741E+06   0.734657E+06   0.165107E+00   0.193030E-03   0.564759E+00  -0.437086E+09
   0.173224E+00   0.126227E+07   0.125607E+07   0.256931E+01   0.256931E+01   0.538754E+05   0.125552E+07   0.126123E+07   0.125552E+07  -0.311725E-01   0.712304E+06   0.712229E+06   0.144868E+00   0.176236E-03   0.564757E+00  -0.411212E+09
   0.178345E+00   0.122543E+07   0.121996E+07   0.235330E+01   0.235330E+01   0.501087E+05   0.121895E+07   0.122451E+07   0.121895E+07  -0.302645E-01   0.691560E+06   0.691492E+06   0.127880E+00   0.161420E-03   0.564755E+00  -0.387773E+09
   0.183466E+00   0.118807E+07   0.118313E+07   0.215607E+01   0.215607E+01   0.465997E+05   0.118184E+07   0.118724E+07   0.118184E+07  -0.293431E-01   0.670508E+06   0.670445E+06   0.115355E+00   0.147892E-03   0.564753E+00  -0.365475E+09
   0.188587E+00   0.114792E+07   0.114327E+07   0.197164E+01   0.197164E+01   0.432385E+05   0.114191E+07   0.114714E+07   0.114191E+07  -0.283518E-01   0.647857E+06   0.647797E+06   0.107345E+00   0.135242E-03   0.564750E+00  -0.343539E+09
   0.193708E+00   0.110475E+07   0.110016E+07   0.179846E+01   0.179846E+01   0.400045E+05   0.109894E+07   0.110398E+07   0.109894E+07  -0.272849E-01   0.623481E+06   0.623421E+06   0.102976E+00   0.123364E-03   0.564749E+00  -0.321873E+09
   0.198830E+00   0.105998E+07   0.105529E+07   0.163776E+01   0.163776E+01   0.369372E+05   0.105436E+07   0.105919E+07   0.105436E+07  -0.261779E-01   0.598188E+06   0.598128E+06   0.100831E+00   0.112342E-03   0.564747E+00  -0.300861E+09
   0.203951E+00   0.101559E+07   0.101073E+07   0.149127E+01   0.149127E+01   0.340877E+05   0.101013E+07   0.101477E+07   0.101013E+07  -0.250799E-01   0.573099E+06   0.573039E+06   0.993703E-01   0.102293E-03   0.564745E+00  -0.281004E+09
   0.209072E+00   0.973483E+06   0.968494E+06   0.136019E+01   0.136019E+01   0.314967E+05   0.968191E+06   0.972646E+06   0.968191E+06  -0.240386E-01   0.549307E+06   0.549246E+06   0.973267E-01   0.933029E-04   0.564744E+00  -0.262741E+09
   0.214193E+00   0.935304E+06   0.930288E+06   0.124505E+01   0.124505E+01   0.291894E+05   0.930178E+06   0.934462E+06   0.930178E+06  -0.230948E-01   0.527741E+06   0.527681E+06   0.939548E-01   0.854055E-04   0.564743E+00  -0.246390E+09
   0.219314E+00   0.902040E+06   0.897128E+06   0.114534E+01   0.114534E+01   0.271664E+05   0.897079E+06   0.901215E+06   0.897079E+06  -0.222730E-01   0.508964E+06   0.508906E+06   0.890990E-01   0.785657E-04   0.564741E+00  -0.232075E+09
   0.224435E+00   0.873682E+06   0.868996E+06   0.105930E+01   0.105930E+01   0.253987E+05   0.868885E+06   0.872896E+06   0.868885E+06  -0.215730E-01   0.492969E+06   0.492913E+06   0.830936E-01   0.726643E-04   0.564740E+00  -0.219653E+09
   0.229556E+00   0.849324E+06   0.844945E+06   0.984365E+00   0.984365E+00   0.238352E+05   0.844686E+06   0.848589E+06   0.844686E+06  -0.209721E-01   0.479241E+06   0.479188E+06   0.765711E-01   0.675247E-04   0.564739E+00  -0.208772E+09
   0.234678E+00   0.827585E+06   0.823537E+06   0.917804E+00   0.917804E+00   0.224199E+05   0.823098E+06   0.826905E+06   0.823098E+06  -0.204362E-01   0.466994E+06   0.466944E+06   0.702428E-01   0.629594E-04   0.564738E+00  -0.198997E+09
   0.239799E+00   0.806996E+06   0.803250E+06   0.857189E+00   0.857189E+00   0.211024E+05   0.802650E+06   0.806367E+06   0.802650E+06  -0.199285E-01   0.455393E+06   0.455347E+06   0.647027E-01   0.588017E-04   0.564737E+00  -0.189910E+09
   0.244920E+00   0.786311E+06   0.782797E+06   0.800678E+00   0.800678E+00   0.198463E+05   0.782097E+06   0.785721E+06   0.782097E+06  -0.194182E-01   0.443733E+06   0.443688E+06   0.602983E-01   0.549255E-04   0.564736E+00  -0.181178E+09
   0.250041E+00   0.764805E+06   0.761435E+06   0.747213E+00   0.747213E+00   0.186329E+05   0.760711E+06   0.764239E+06   0.760711E+06  -0.188872E-01   0.431600E+06   0.431557E+06   0.570904E-01   0.512581E-04   0.564735E+00  -0.172615E+09
   0.255162E+00   0.742397E+06   0.739088E+06   0.696492E+00   0.696492E+00   0.174620E+05   0.738413E+06   0.741841E+06   0.738413E+06  -0.183336E-01   0.418950E+06   0.418908E+06   0.548911E-01   0.477789E-04   0.564734E+00  -0.164193E+09
   0.260283E+00   0.719502E+06   0.716196E+06   0.648697E+00   0.648697E+00   0.163438E+05   0.715622E+06   0.718947E+06   0.715622E+06  -0.177677E-01   0.406021E+06   0.405979E+06   0.533528E-01   0.445003E-04   0.564733E+00  -0.155995E+09
   0.265404E+00   0.696779E+06   0.693450E+06   0.604182E+00   0.604182E+00   0.152919E+05   0.692997E+06   0.696220E+06   0.692997E+06  -0.172060E-01   0.393185E+06   0.393144E+06   0.520789E-01   0.414467E-04   0.564732E+00  -0.148148E+09
   0.270526E+00   0.674941E+06   0.671598E+06   0.563281E+00   0.563281E+00   0.143186E+05   0.671256E+06   0.674380E+06   0.671256E+06  -0.166662E-01   0.380851E+06   0.380809E+06   0.507267E-01   0.386410E-04   0.564731E+00  -0.140784E+09
   0.275647E+00   0.654618E+06   0.651292E+06   0.526198E+00   0.526198E+00   0.134320E+05   0.651028E+06   0.654060E+06   0.651028E+06  -0.161639E-01   0.369374E+06   0.369334E+06   0.490779E-01   0.360971E-04   0.564730E+00  -0.134005E+09
   0.280768E+00   0.636183E+06   0.632918E+06   0.492890E+00   0.492890E+00   0.126339E+05   0.632686E+06   0.635635E+06   0.632686E+06  -0.157086E-01   0.358969E+06   0.358929E+06   0.470631E-01   0.338123E-04   0.564730E+00  -0.127855E+09
   0.285889E+00   0.619651E+06   0.616489E+06   0.463039E+00   0.463039E+00   0.119185E+05   0.616247E+06   0.619120E+06   0.616247E+06  -0.153004E-01   0.349642E+06   0.349604E+06   0.447465E-01   0.317645E-04   0.564729E+00  -0.122302E+09
   0.291010E+00   0.604732E+06   0.601703E+06   0.436133E+00   0.436133E+00   0.112747E+05   0.601417E+06   0.604223E+06   0.601417E+06  -0.149322E-01   0.341228E+06   0.341191E+06   0.422822E-01   0.299187E-04   0.564728E+00  -0.117259E+09
   0.296131E+00   0.590964E+06   0.588079E+06   0.411598E+00   0.411598E+00   0.106895E+05   0.587736E+06   0.590479E+06   0.587736E+06  -0.145925E-01   0.333466E+06   0.333431E+06   0.398581E-01   0.282356E-04   0.564727E+00  -0.112610E+09
   0.301252E+00   0.577846E+06   0.575098E+06   0.388903E+00   0.388903E+00   0.101499E+05   0.574700E+06   0.577384E+06   0.574700E+06  -0.142689E-01   0.326071E+06   0.326037E+06   0.376414E-01   0.266787E-04   0.564727E+00  -0.108240E+09
   0.306374E+00   0.564932E+06   0.562298E+06   0.367613E+00   0.367613E+00   0.964518E+04   0.561864E+06   0.564490E+06   0.561864E+06  -0.139502E-01   0.318788E+06   0.318755E+06   0.357403E-01   0.252182E-04   0.564726E+00  -0.104054E+09
   0.311495E+00   0.551925E+06   0.549373E+06   0.347439E+00   0.347439E+00   0.916754E+04   0.548930E+06   0.551496E+06   0.548930E+06  -0.136290E-01   0.311450E+06   0.311418E+06   0.341877E-01   0.238343E-04   0.564726E+00  -0.999875E+08
   0.316616E+00   0.538735E+06   0.536238E+06   0.328254E+00   0.328254E+00   0.871317E+04   0.535810E+06   0.538316E+06   0.535810E+06  -0.133033E-01   0.304006E+06   0.303975E+06   0.329471E-01   0.225182E-04   0.564725E+00  -0.960192E+08
   0.321737E+00   0.525471E+06   0.523004E+06   0.310057E+00   0.310057E+00   0.828146E+04   0.522612E+06   0.525057E+06   0.522612E+06  -0.129756E-01   0.296518E+06   0.296487E+06   0.319328E-01   0.212699E-04   0.564725E+00  -0.921634E+08
   0.326858E+00   0.512356E+06   0.509908E+06   0.292915E+00   0.292915E+00   0.787353E+04   0.509560E+06   0.511945E+06   0.509560E+06  -0.126515E-01   0.289113E+06   0.289083E+06   0.310385E-01   0.200940E-04   0.564724E+00  -0.884539E+08
   0.331979E+00   0.499641E+06   0.497211E+06   0.276897E+00   0.276897E+00   0.749076E+04   0.496906E+06   0.499233E+06   0.496906E+06  -0.123373E-01   0.281934E+06   0.281904E+06   0.301653E-01   0.189952E-04   0.564724E+00  -0.849268E+08
   0.337100E+00   0.487540E+06   0.485137E+06   0.262041E+00   0.262041E+00   0.713369E+04   0.484865E+06   0.487137E+06   0.484865E+06  -0.120384E-01   0.275103E+06   0.275073E+06   0.292429E-01   0.179761E-04   0.564723E+00  -0.816100E+08
   0.342222E+00   0.476190E+06   0.473827E+06   0.248337E+00   0.248337E+00   0.680177E+04   0.473574E+06   0.475793E+06   0.473574E+06  -0.117581E-01   0.268696E+06   0.268667E+06   0.282407E-01   0.170360E-04   0.564723E+00  -0.785168E+08
   0.347343E+00   0.465622E+06   0.463314E+06   0.235718E+00   0.235718E+00   0.649295E+04   0.463064E+06   0.465235E+06   0.463064E+06  -0.114971E-01   0.262733E+06   0.262705E+06   0.271658E-01   0.161705E-04   0.564722E+00  -0.756424E+08
   0.352464E+00   0.455764E+06   0.453521E+06   0.224073E+00   0.224073E+00   0.620417E+04   0.453261E+06   0.455387E+06   0.453261E+06  -0.112537E-01   0.257172E+06   0.257144E+06   0.260538E-01   0.153716E-04   0.564722E+00  -0.729654E+08
   0.357585E+00   0.446467E+06   0.444294E+06   0.213262E+00   0.213262E+00   0.593182E+04   0.444019E+06   0.446102E+06   0.444019E+06  -0.110243E-01   0.251928E+06   0.251901E+06   0.249538E-01   0.146300E-04   0.564721E+00  -0.704540E+08
   0.362706E+00   0.437559E+06   0.435455E+06   0.203148E+00   0.203148E+00   0.567267E+04   0.435163E+06   0.437205E+06   0.435163E+06  -0.108044E-01   0.246904E+06   0.246878E+06   0.239137E-01   0.139363E-04   0.564721E+00  -0.680739E+08
   0.367827E+00   0.428881E+06   0.426839E+06   0.193615E+00   0.193615E+00   0.542430E+04   0.426536E+06   0.428538E+06   0.426536E+06  -0.105902E-01   0.242009E+06   0.241983E+06   0.229683E-01   0.132823E-04   0.564721E+00  -0.657954E+08
   0.372948E+00   0.420314E+06   0.418324E+06   0.184573E+00   0.184573E+00   0.518521E+04   0.418017E+06   0.419980E+06   0.418017E+06  -0.103787E-01   0.237175E+06   0.237151E+06   0.221330E-01   0.126621E-04   0.564720E+00  -0.635959E+08
   0.378070E+00   0.411797E+06   0.409848E+06   0.175967E+00   0.175967E+00   0.495491E+04   0.409546E+06   0.411470E+06   0.409546E+06  -0.101683E-01   0.232369E+06   0.232345E+06   0.214025E-01   0.120717E-04   0.564720E+00  -0.614632E+08
   0.383191E+00   0.403339E+06   0.401421E+06   0.167776E+00   0.167776E+00   0.473373E+04   0.401132E+06   0.403017E+06   0.401132E+06  -0.995944E-02   0.227596E+06   0.227572E+06   0.207565E-01   0.115098E-04   0.564720E+00  -0.593960E+08
   0.388312E+00   0.395010E+06   0.393119E+06   0.160006E+00   0.160006E+00   0.452256E+04   0.392846E+06   0.394692E+06   0.392846E+06  -0.975371E-02   0.222894E+06   0.222871E+06   0.201667E-01   0.109768E-04   0.564719E+00  -0.574020E+08
   0.393433E+00   0.386893E+06   0.385026E+06   0.152663E+00   0.152663E+00   0.432212E+04   0.384770E+06   0.386580E+06   0.384770E+06  -0.955321E-02   0.218313E+06   0.218290E+06   0.196041E-01   0.104731E-04   0.564719E+00  -0.554903E+08
   0.398554E+00   0.379055E+06   0.377213E+06   0.145751E+00   0.145751E+00   0.413274E+04   0.376973E+06   0.378745E+06   0.376973E+06  -0.935961E-02   0.213889E+06   0.213866E+06   0.190454E-01   0.999886E-05   0.564719E+00  -0.536672E+08
   0.403675E+00   0.371540E+06   0.369728E+06   0.139259E+00   0.139259E+00   0.395437E+04   0.369497E+06   0.371236E+06   0.369497E+06  -0.917401E-02   0.209647E+06   0.209625E+06   0.184773E-01   0.955352E-05   0.564719E+00  -0.519357E+08
   0.408796E+00   0.364374E+06   0.362595E+06   0.133173E+00   0.133173E+00   0.378670E+04   0.362370E+06   0.364075E+06   0.362370E+06  -0.899706E-02   0.205604E+06   0.205582E+06   0.178979E-01   0.913599E-05   0.564718E+00  -0.502959E+08
   0.413918E+00   0.357550E+06   0.355809E+06   0.127465E+00   0.127465E+00   0.362914E+04   0.355585E+06   0.357258E+06   0.355585E+06  -0.882858E-02   0.201754E+06   0.201732E+06   0.173142E-01   0.874446E-05   0.564718E+00  -0.487434E+08
   0.419039E+00   0.351024E+06   0.349322E+06   0.122099E+00   0.122099E+00   0.348074E+04   0.349095E+06   0.350738E+06   0.349095E+06  -0.866745E-02   0.198072E+06   0.198051E+06   0.167382E-01   0.837633E-05   0.564718E+00  -0.472690E+08
   0.424160E+00   0.344729E+06   0.343066E+06   0.117032E+00   0.117032E+00   0.334048E+04   0.342836E+06   0.344450E+06   0.342836E+06  -0.851204E-02   0.194520E+06   0.194500E+06   0.161831E-01   0.802871E-05   0.564717E+00  -0.458610E+08
   0.429281E+00   0.338607E+06   0.336981E+06   0.112228E+00   0.112228E+00   0.320747E+04   0.336748E+06   0.338334E+06   0.336748E+06  -0.836090E-02   0.191067E+06   0.191047E+06   0.156599E-01   0.769914E-05   0.564717E+00  -0.445094E+08
   0.434402E+00   0.332618E+06   0.331026E+06   0.107659E+00   0.107659E+00   0.308107E+04   0.330792E+06   0.332350E+06   0.330792E+06  -0.821302E-02   0.187687E+06   0.187668E+06   0.151746E-01   0.738570E-05   0.564717E+00  -0.432067E+08
   0.439523E+00   0.326733E+06   0.325171E+06   0.103304E+00   0.103304E+00   0.296081E+04   0.324940E+06   0.326471E+06   0.324940E+06  -0.806772E-02   0.184367E+06   0.184348E+06   0.147280E-01   0.708697E-05   0.564717E+00  -0.419478E+08
   0.444644E+00   0.320942E+06   0.319405E+06   0.991491E-01   0.991491E-01   0.284635E+04   0.319180E+06   0.320684E+06   0.319180E+06  -0.792470E-02   0.181099E+06   0.181080E+06   0.143157E-01   0.680191E-05   0.564716E+00  -0.407296E+08
   0.449766E+00   0.315250E+06   0.313737E+06   0.951853E-01   0.951853E-01   0.273759E+04   0.313518E+06   0.314996E+06   0.313518E+06  -0.778413E-02   0.177886E+06   0.177868E+06   0.139299E-01   0.652998E-05   0.564716E+00  -0.395517E+08
   0.454887E+00   0.309681E+06   0.308190E+06   0.914102E-01   0.914102E-01   0.263452E+04   0.307979E+06   0.309431E+06   0.307979E+06  -0.764661E-02   0.174744E+06   0.174725E+06   0.135622E-01   0.627100E-05   0.564716E+00  -0.384155E+08
   0.460008E+00   0.304264E+06   0.302795E+06   0.878225E-01   0.878225E-01   0.253714E+04   0.302591E+06   0.304018E+06   0.302591E+06  -0.751283E-02   0.171687E+06   0.171669E+06   0.132053E-01   0.602487E-05   0.564716E+00  -0.373233E+08
   0.465129E+00   0.299018E+06   0.297571E+06   0.844180E-01   0.844180E-01   0.244529E+04   0.297373E+06   0.298775E+06   0.297373E+06  -0.738327E-02   0.168726E+06   0.168708E+06   0.128539E-01   0.579131E-05   0.564716E+00  -0.362758E+08
   0.470250E+00   0.293948E+06   0.292524E+06   0.811888E-01   0.811888E-01   0.235866E+04   0.292330E+06   0.293709E+06   0.292330E+06  -0.725806E-02   0.165865E+06   0.165847E+06   0.125057E-01   0.556978E-05   0.564715E+00  -0.352723E+08
   0.475371E+00   0.289048E+06   0.287649E+06   0.781248E-01   0.781248E-01   0.227681E+04   0.287457E+06   0.288813E+06   0.287457E+06  -0.713709E-02   0.163100E+06   0.163083E+06   0.121613E-01   0.535958E-05   0.564715E+00  -0.343107E+08
   0.480492E+00   0.284310E+06   0.282935E+06   0.752149E-01   0.752149E-01   0.219925E+04   0.282745E+06   0.284079E+06   0.282745E+06  -0.702010E-02   0.160427E+06   0.160410E+06   0.118233E-01   0.515995E-05   0.564715E+00  -0.333886E+08
   0.485614E+00   0.279718E+06   0.278368E+06   0.724477E-01   0.724477E-01   0.212552E+04   0.278179E+06   0.279492E+06   0.278179E+06  -0.690672E-02   0.157836E+06   0.157819E+06   0.114951E-01   0.497012E-05   0.564715E+00  -0.325030E+08
   0.490735E+00   0.275253E+06   0.273927E+06   0.698111E-01   0.698111E-01   0.205512E+04   0.273738E+06   0.275030E+06   0.273738E+06  -0.679647E-02   0.155316E+06   0.155300E+06   0.111798E-01   0.478924E-05   0.564715E+00  -0.316504E+08
   0.495856E+00   0.270891E+06   0.269589E+06   0.672931E-01   0.672931E-01   0.198764E+04   0.269401E+06   0.270672E+06   0.269401E+06  -0.668878E-02   0.152855E+06   0.152839E+06   0.108797E-01   0.461650E-05   0.564715E+00  -0.308272E+08
   0.500977E+00   0.266617E+06   0.265336E+06   0.648841E-01   0.648841E-01   0.192276E+04   0.265150E+06   0.266401E+06   0.265150E+06  -0.658323E-02   0.150443E+06   0.150428E+06   0.105953E-01   0.445125E-05   0.564714E+00  -0.300306E+08
   0.506098E+00   0.262425E+06   0.261164E+06   0.625781E-01   0.625781E-01   0.186028E+04   0.260981E+06   0.262213E+06   0.260981E+06  -0.647972E-02   0.148078E+06   0.148062E+06   0.103259E-01   0.429305E-05   0.564714E+00  -0.292593E+08
   0.511219E+00   0.258318E+06   0.257076E+06   0.603708E-01   0.603708E-01   0.180004E+04   0.256896E+06   0.258109E+06   0.256896E+06  -0.637831E-02   0.145761E+06   0.145745E+06   0.100698E-01   0.414163E-05   0.564714E+00  -0.285129E+08
   0.516340E+00   0.254299E+06   0.253076E+06   0.582585E-01   0.582585E-01   0.174189E+04   0.252900E+06   0.254094E+06   0.252900E+06  -0.627908E-02   0.143493E+06   0.143478E+06   0.982442E-02   0.399673E-05   0.564714E+00  -0.277909E+08
   0.521462E+00   0.250371E+06   0.249165E+06   0.562375E-01   0.562375E-01   0.168566E+04   0.248993E+06   0.250169E+06   0.248993E+06  -0.618208E-02   0.141276E+06   0.141261E+06   0.958733E-02   0.385808E-05   0.564714E+00  -0.270929E+08
   0.526583E+00   0.246538E+06   0.245349E+06   0.543046E-01   0.543046E-01   0.163121E+04   0.245180E+06   0.246339E+06   0.245180E+06  -0.608743E-02   0.139113E+06   0.139099E+06   0.935656E-02   0.372549E-05   0.564714E+00  -0.264186E+08
   0.531704E+00   0.242807E+06   0.241635E+06   0.524574E-01   0.524574E-01   0.157845E+04   0.241469E+06   0.242610E+06   0.241469E+06  -0.599528E-02   0.137008E+06   0.136993E+06   0.913099E-02   0.359877E-05   0.564714E+00  -0.257681E+08
   0.536825E+00   0.239178E+06   0.238024E+06   0.506922E-01   0.506922E-01   0.152729E+04   0.237861E+06   0.238984E+06   0.237861E+06  -0.590568E-02   0.134960E+06   0.134946E+06   0.891027E-02   0.347768E-05   0.564713E+00  -0.251409E+08
   0.541946E+00   0.235647E+06   0.234510E+06   0.490044E-01   0.490044E-01   0.147767E+04   0.234349E+06   0.235456E+06   0.234349E+06  -0.581849E-02   0.132968E+06   0.132953E+06   0.869463E-02   0.336189E-05   0.564713E+00  -0.245357E+08
   0.547067E+00   0.232204E+06   0.231084E+06   0.473886E-01   0.473886E-01   0.142953E+04   0.230925E+06   0.232016E+06   0.230925E+06  -0.573348E-02   0.131025E+06   0.131011E+06   0.848470E-02   0.325105E-05   0.564713E+00  -0.239509E+08
   0.559946E+00   0.223904E+06   0.222827E+06   0.436171E-01   0.436171E-01   0.131531E+04   0.222671E+06   0.223723E+06   0.222671E+06  -0.552855E-02   0.126342E+06   0.126328E+06   0.798691E-02   0.299232E-05   0.564713E+00  -0.225636E+08
   0.593872E+00   0.204022E+06   0.203039E+06   0.353328E-01   0.353328E-01   0.106713E+04   0.202897E+06   0.203857E+06   0.202897E+06  -0.503761E-02   0.115123E+06   0.115110E+06   0.687677E-02   0.242397E-05   0.564712E+00  -0.193855E+08
   0.629853E+00   0.185857E+06   0.184962E+06   0.286145E-01   0.286145E-01   0.879748E+03   0.184832E+06   0.185707E+06   0.184832E+06  -0.458907E-02   0.104873E+06   0.104861E+06   0.591075E-02   0.196307E-05   0.564712E+00  -0.166506E+08
   0.879031E+00   0.108646E+06   0.108123E+06   0.858802E-02   0.858802E-02   0.278054E+03   0.108046E+06   0.108558E+06   0.108046E+06  -0.268260E-02   0.613051E+05   0.612985E+05   0.250576E-02   0.589184E-06   0.564709E+00  -0.697430E+07
   0.122679E+01   0.627444E+05   0.624422E+05   0.254638E-02   0.254638E-02   0.844687E+02   0.623974E+05   0.626937E+05   0.623974E+05  -0.154922E-02   0.354042E+05   0.354003E+05   0.106145E-02   0.174696E-06   0.564707E+00  -0.288599E+07
   0.171212E+01   0.358589E+05   0.356860E+05   0.747162E-03   0.747162E-03   0.252160E+02   0.356604E+05   0.358299E+05   0.356604E+05  -0.885389E-03   0.202337E+05   0.202314E+05   0.454496E-03   0.512599E-07   0.564707E+00  -0.118182E+07
   0.238945E+01   0.203100E+05   0.202119E+05   0.217269E-03   0.217269E-03   0.745017E+01   0.201975E+05   0.202935E+05   0.201975E+05  -0.501471E-03   0.114601E+05   0.114587E+05   0.200207E-03   0.149060E-07   0.564706E+00  -0.479620E+06
