#          k/h    CDM            baryon         photon         nu             mass_nu        total          no_nu          total_de       Weyl           v_CDM          v_b            v_b-v_c        ISW            log_grow       pert_vel    
   0.994668E-05   0.128207E+08   0.128207E+08   0.170819E+08   0.170815E+08   0.128228E+08   0.128207E+08   0.128207E+08   0.128252E+08  -0.463521E+00   0.718305E+07   0.718305E+07   0.606112E+01   0.753596E+06   0.743423E+00  -0.722183E+14
   0.109829E-04   0.128209E+08   0.128209E+08   0.170795E+08   0.170790E+08   0.128230E+08   0.128209E+08   0.128209E+08   0.128255E+08  -0.463530E+00   0.718316E+07   0.718316E+07   0.669238E+01   0.618146E+06   0.743408E+00  -0.654053E+14
   0.121272E-04   0.128212E+08   0.128212E+08   0.170767E+08   0.170760E+08   0.128233E+08   0.128212E+08   0.128212E+08   0.128258E+08  -0.463541E+00   0.718329E+07   0.718329E+07   0.738934E+01   0.507050E+06   0.743389E+00  -0.592352E+14
   0.133906E-04   0.128216E+08   0.128216E+08   0.170732E+08   0.170724E+08   0.128237E+08   0.128216E+08   0.128216E+08   0.128262E+08  -0.463555E+00   0.718345E+07   0.718345E+07   0.815882E+01   0.415929E+06   0.743367E+00  -0.536474E+14
   0.147857E-04   0.128221E+08   0.128221E+08   0.170689E+08   0.170680E+08   0.128241E+08   0.128221E+08   0.128221E+08   0.128266E+08  -0.463571E+00   0.718364E+07   0.718364E+07   0.900833E+01   0.341192E+06   0.743340E+00  -0.485869E+14
   0.163261E-04   0.128226E+08   0.128226E+08   0.170637E+08   0.170625E+08   0.128247E+08   0.128226E+08   0.128226E+08   0.128272E+08  -0.463592E+00   0.718388E+07   0.718388E+07   0.994619E+01   0.279893E+06   0.743306E+00  -0.440040E+14
   0.180270E-04   0.128233E+08   0.128233E+08   0.170573E+08   0.170559E+08   0.128254E+08   0.128233E+08   0.128233E+08   0.128279E+08  -0.463616E+00   0.718416E+07   0.718416E+07   0.109815E+02   0.229616E+06   0.743266E+00  -0.398537E+14
   0.199051E-04   0.128242E+08   0.128242E+08   0.170496E+08   0.170479E+08   0.128262E+08   0.128242E+08   0.128242E+08   0.128287E+08  -0.463647E+00   0.718451E+07   0.718451E+07   0.121244E+02   0.188379E+06   0.743217E+00  -0.360952E+14
   0.219788E-04   0.128252E+08   0.128252E+08   0.170401E+08   0.170381E+08   0.128271E+08   0.128252E+08   0.128252E+08   0.128297E+08  -0.463683E+00   0.718494E+07   0.718494E+07   0.133860E+02   0.154556E+06   0.743156E+00  -0.326914E+14
   0.242687E-04   0.128264E+08   0.128264E+08   0.170286E+08   0.170262E+08   0.128283E+08   0.128264E+08   0.128264E+08   0.128310E+08  -0.463728E+00   0.718546E+07   0.718545E+07   0.147784E+02   0.126815E+06   0.743083E+00  -0.296091E+14
   0.267970E-04   0.128280E+08   0.128279E+08   0.170146E+08   0.170116E+08   0.128298E+08   0.128280E+08   0.128280E+08   0.128325E+08  -0.463783E+00   0.718609E+07   0.718609E+07   0.163151E+02   0.104061E+06   0.742994E+00  -0.268177E+14
   0.295888E-04   0.128298E+08   0.128298E+08   0.169976E+08   0.169939E+08   0.128316E+08   0.128298E+08   0.128298E+08   0.128344E+08  -0.463849E+00   0.718686E+07   0.718686E+07   0.180110E+02   0.853990E+05   0.742885E+00  -0.242900E+14
   0.326714E-04   0.128321E+08   0.128321E+08   0.169768E+08   0.169723E+08   0.128338E+08   0.128321E+08   0.128321E+08   0.128366E+08  -0.463930E+00   0.718780E+07   0.718779E+07   0.198821E+02   0.700922E+05   0.742753E+00  -0.220011E+14
   0.360752E-04   0.128348E+08   0.128348E+08   0.169515E+08   0.169460E+08   0.128364E+08   0.128348E+08   0.128348E+08   0.128393E+08  -0.464029E+00   0.718894E+07   0.718894E+07   0.219464E+02   0.575376E+05   0.742591E+00  -0.199284E+14
   0.398336E-04   0.128382E+08   0.128381E+08   0.169207E+08   0.169140E+08   0.128397E+08   0.128382E+08   0.128381E+08   0.128427E+08  -0.464149E+00   0.719033E+07   0.719033E+07   0.242233E+02   0.472403E+05   0.742395E+00  -0.180516E+14
   0.439836E-04   0.128422E+08   0.128422E+08   0.168831E+08   0.168750E+08   0.128436E+08   0.128422E+08   0.128422E+08   0.128467E+08  -0.464295E+00   0.719203E+07   0.719202E+07   0.267342E+02   0.387944E+05   0.742156E+00  -0.163522E+14
   0.485659E-04   0.128472E+08   0.128472E+08   0.168375E+08   0.168276E+08   0.128484E+08   0.128472E+08   0.128472E+08   0.128517E+08  -0.464474E+00   0.719409E+07   0.719409E+07   0.295022E+02   0.318670E+05   0.741865E+00  -0.148136E+14
   0.536256E-04   0.128532E+08   0.128532E+08   0.167820E+08   0.167699E+08   0.128542E+08   0.128532E+08   0.128532E+08   0.128577E+08  -0.464691E+00   0.719661E+07   0.719660E+07   0.325526E+02   0.261851E+05   0.741512E+00  -0.134206E+14
   0.592125E-04   0.128606E+08   0.128606E+08   0.167145E+08   0.166998E+08   0.128613E+08   0.128606E+08   0.128606E+08   0.128650E+08  -0.464955E+00   0.719967E+07   0.719966E+07   0.359129E+02   0.215247E+05   0.741083E+00  -0.121595E+14
   0.653814E-04   0.128695E+08   0.128695E+08   0.166325E+08   0.166146E+08   0.128699E+08   0.128695E+08   0.128695E+08   0.128740E+08  -0.465276E+00   0.720340E+07   0.720339E+07   0.396124E+02   0.177021E+05   0.740561E+00  -0.110179E+14
   0.721930E-04   0.128804E+08   0.128804E+08   0.165330E+08   0.165113E+08   0.128804E+08   0.128804E+08   0.128804E+08   0.128848E+08  -0.465667E+00   0.720793E+07   0.720792E+07   0.436831E+02   0.145667E+05   0.739929E+00  -0.998462E+13
   0.797142E-04   0.128936E+08   0.128936E+08   0.164124E+08   0.163860E+08   0.128932E+08   0.128936E+08   0.128936E+08   0.128980E+08  -0.466142E+00   0.721343E+07   0.721342E+07   0.481584E+02   0.119948E+05   0.739163E+00  -0.904945E+13
   0.880190E-04   0.129097E+08   0.129096E+08   0.162662E+08   0.162343E+08   0.129086E+08   0.129096E+08   0.129096E+08   0.129140E+08  -0.466718E+00   0.722012E+07   0.722011E+07   0.530741E+02   0.988512E+04   0.738236E+00  -0.820321E+13
   0.971891E-04   0.129291E+08   0.129291E+08   0.160895E+08   0.160509E+08   0.129274E+08   0.129291E+08   0.129291E+08   0.129334E+08  -0.467417E+00   0.722824E+07   0.722822E+07   0.584671E+02   0.815449E+04   0.737117E+00  -0.743757E+13
   0.107314E-03   0.129527E+08   0.129526E+08   0.158762E+08   0.158295E+08   0.129501E+08   0.129527E+08   0.129527E+08   0.129569E+08  -0.468265E+00   0.723808E+07   0.723806E+07   0.643754E+02   0.673468E+04   0.735767E+00  -0.674498E+13
   0.118495E-03   0.129812E+08   0.129812E+08   0.156193E+08   0.155630E+08   0.129776E+08   0.129812E+08   0.129812E+08   0.129854E+08  -0.469290E+00   0.725000E+07   0.724997E+07   0.708370E+02   0.556974E+04   0.734143E+00  -0.611863E+13
   0.130840E-03   0.130157E+08   0.130156E+08   0.153107E+08   0.152429E+08   0.130108E+08   0.130157E+08   0.130157E+08   0.130198E+08  -0.470529E+00   0.726441E+07   0.726438E+07   0.778888E+02   0.461376E+04   0.732195E+00  -0.555234E+13
   0.144471E-03   0.130573E+08   0.130572E+08   0.149412E+08   0.148598E+08   0.130509E+08   0.130573E+08   0.130573E+08   0.130613E+08  -0.472023E+00   0.728180E+07   0.728176E+07   0.855644E+02   0.382908E+04   0.729867E+00  -0.504050E+13
   0.159522E-03   0.131074E+08   0.131072E+08   0.145007E+08   0.144033E+08   0.130990E+08   0.131073E+08   0.131074E+08   0.131112E+08  -0.473822E+00   0.730276E+07   0.730271E+07   0.938926E+02   0.318477E+04   0.727095E+00  -0.457805E+13
   0.176142E-03   0.131674E+08   0.131672E+08   0.139781E+08   0.138620E+08   0.131568E+08   0.131674E+08   0.131674E+08   0.131711E+08  -0.475979E+00   0.732793E+07   0.732788E+07   0.102893E+03   0.265548E+04   0.723812E+00  -0.416040E+13
   0.194493E-03   0.132393E+08   0.132390E+08   0.133619E+08   0.132244E+08   0.132258E+08   0.132392E+08   0.132392E+08   0.132427E+08  -0.478560E+00   0.735810E+07   0.735803E+07   0.112574E+03   0.222037E+04   0.719944E+00  -0.378336E+13
   0.214755E-03   0.133249E+08   0.133246E+08   0.126410E+08   0.124791E+08   0.133080E+08   0.133247E+08   0.133248E+08   0.133281E+08  -0.481635E+00   0.739409E+07   0.739401E+07   0.122923E+03   0.186233E+04   0.715418E+00  -0.344315E+13
   0.237129E-03   0.134263E+08   0.134260E+08   0.118056E+08   0.116164E+08   0.134054E+08   0.134262E+08   0.134263E+08   0.134293E+08  -0.485282E+00   0.743687E+07   0.743677E+07   0.133906E+03   0.156734E+04   0.710165E+00  -0.313632E+13
   0.261834E-03   0.135461E+08   0.135456E+08   0.108488E+08   0.106300E+08   0.135200E+08   0.135459E+08   0.135460E+08   0.135487E+08  -0.489584E+00   0.748744E+07   0.748733E+07   0.145455E+03   0.132384E+04   0.704122E+00  -0.285971E+13
   0.289112E-03   0.136864E+08   0.136858E+08   0.976936E+07   0.951908E+07   0.136542E+08   0.136861E+08   0.136863E+08   0.136887E+08  -0.494626E+00   0.754688E+07   0.754674E+07   0.157460E+03   0.112238E+04   0.697244E+00  -0.261045E+13
   0.319233E-03   0.138496E+08   0.138489E+08   0.857405E+07   0.829206E+07   0.138099E+08   0.138493E+08   0.138495E+08   0.138516E+08  -0.500492E+00   0.761622E+07   0.761606E+07   0.169758E+03   0.955184E+03   0.689507E+00  -0.238587E+13
   0.352491E-03   0.140378E+08   0.140371E+08   0.728173E+07   0.696984E+07   0.139890E+08   0.140375E+08   0.140377E+08   0.140394E+08  -0.507258E+00   0.769647E+07   0.769628E+07   0.182128E+03   0.815880E+03   0.680923E+00  -0.218352E+13
   0.389215E-03   0.142528E+08   0.142519E+08   0.592700E+07   0.558992E+07   0.141930E+08   0.142524E+08   0.142526E+08   0.142539E+08  -0.514986E+00   0.778845E+07   0.778822E+07   0.194276E+03   0.699262E+03   0.671537E+00  -0.200113E+13
   0.429764E-03   0.144956E+08   0.144945E+08   0.456327E+07   0.420946E+07   0.144223E+08   0.144950E+08   0.144954E+08   0.144962E+08  -0.523715E+00   0.789272E+07   0.789246E+07   0.205837E+03   0.601086E+03   0.661442E+00  -0.183658E+13
   0.474538E-03   0.147663E+08   0.147650E+08   0.326358E+07   0.290589E+07   0.146767E+08   0.147656E+08   0.147660E+08   0.147665E+08  -0.533451E+00   0.800947E+07   0.800916E+07   0.216377E+03   0.517914E+03   0.650772E+00  -0.168790E+13
   0.523976E-03   0.150639E+08   0.150624E+08   0.211683E+07   0.177246E+07   0.149546E+08   0.150631E+08   0.150636E+08   0.150637E+08  -0.544159E+00   0.813838E+07   0.813802E+07   0.225410E+03   0.446975E+03   0.639701E+00  -0.155324E+13
   0.578566E-03   0.153861E+08   0.153844E+08   0.121660E+07   0.906124E+06   0.152529E+08   0.153852E+08   0.153858E+08   0.153855E+08  -0.555755E+00   0.827851E+07   0.827811E+07   0.232431E+03   0.386060E+03   0.628432E+00  -0.143091E+13
   0.638842E-03   0.157290E+08   0.157270E+08   0.640644E+06   0.385504E+06   0.155669E+08   0.157279E+08   0.157287E+08   0.157281E+08  -0.568104E+00   0.842826E+07   0.842780E+07   0.236963E+03   0.333418E+03   0.617185E+00  -0.131934E+13
   0.705398E-03   0.160874E+08   0.160851E+08   0.422350E+06   0.240849E+06   0.158904E+08   0.160861E+08   0.160870E+08   0.160862E+08  -0.581014E+00   0.858534E+07   0.858484E+07   0.238623E+03   0.287679E+03   0.606176E+00  -0.121712E+13
   0.778888E-03   0.164546E+08   0.164520E+08   0.521842E+06   0.424366E+06   0.162158E+08   0.164531E+08   0.164542E+08   0.164532E+08  -0.594250E+00   0.874685E+07   0.874629E+07   0.237179E+03   0.247774E+03   0.595605E+00  -0.112302E+13
   0.860035E-03   0.168232E+08   0.168203E+08   0.813491E+06   0.798982E+06   0.165343E+08   0.168214E+08   0.168227E+08   0.168216E+08  -0.607540E+00   0.890940E+07   0.890880E+07   0.232596E+03   0.212870E+03   0.585639E+00  -0.103596E+13
   0.949635E-03   0.171852E+08   0.171819E+08   0.111152E+07   0.116826E+07   0.168364E+08   0.171830E+08   0.171846E+08   0.171833E+08  -0.620594E+00   0.906936E+07   0.906872E+07   0.225033E+03   0.182315E+03   0.576403E+00  -0.955060E+12
   0.104857E-02   0.175325E+08   0.175290E+08   0.124432E+07   0.135733E+07   0.171127E+08   0.175299E+08   0.175319E+08   0.175303E+08  -0.633121E+00   0.922302E+07   0.922234E+07   0.214796E+03   0.155586E+03   0.567977E+00  -0.879602E+12
   0.115781E-02   0.178578E+08   0.178540E+08   0.114984E+07   0.131315E+07   0.173541E+08   0.178548E+08   0.178572E+08   0.178551E+08  -0.644851E+00   0.936691E+07   0.936621E+07   0.202267E+03   0.132257E+03   0.560401E+00  -0.809037E+12
   0.127844E-02   0.181546E+08   0.181507E+08   0.914304E+06   0.113991E+07   0.175528E+08   0.181511E+08   0.181540E+08   0.181514E+08  -0.655549E+00   0.949795E+07   0.949723E+07   0.187872E+03   0.111965E+03   0.553675E+00  -0.742953E+12
   0.141163E-02   0.184178E+08   0.184138E+08   0.681660E+06   0.994472E+06   0.177027E+08   0.184138E+08   0.184172E+08   0.184140E+08  -0.665030E+00   0.961363E+07   0.961290E+07   0.172135E+03   0.943920E+02   0.547773E+00  -0.681048E+12
   0.155869E-02   0.186436E+08   0.186395E+08   0.493476E+06   0.469062E+06   0.177989E+08   0.186390E+08   0.186430E+08   0.186391E+08  -0.673155E+00   0.971211E+07   0.971138E+07   0.155761E+03   0.792511E+02   0.542648E+00  -0.623108E+12
   0.172108E-02   0.188296E+08   0.188255E+08   0.279558E+06   0.388561E+06   0.178383E+08   0.188242E+08   0.188289E+08   0.188243E+08  -0.679842E+00   0.979200E+07   0.979128E+07   0.139600E+03   0.662793E+02   0.538233E+00  -0.568958E+12
   0.190039E-02   0.189745E+08   0.189704E+08   0.638068E+05   0.321149E+06   0.178194E+08   0.189683E+08   0.189738E+08   0.189684E+08  -0.685041E+00   0.985260E+07   0.985190E+07   0.124448E+03   0.552236E+02   0.534458E+00  -0.518465E+12
   0.209838E-02   0.190779E+08   0.190738E+08  -0.511065E+04   0.264842E+06   0.177425E+08   0.190709E+08   0.190772E+08   0.190710E+08  -0.688742E+00   0.989367E+07   0.989297E+07   0.110886E+03   0.458501E+02   0.531253E+00  -0.471503E+12
   0.231699E-02   0.191405E+08   0.191363E+08   0.418542E+05   0.217935E+06   0.176088E+08   0.191325E+08   0.191398E+08   0.191326E+08  -0.690965E+00   0.991534E+07   0.991465E+07   0.992590E+02   0.379434E+02   0.528547E+00  -0.427951E+12
   0.255838E-02   0.191632E+08   0.191590E+08   0.660474E+05   0.178962E+06   0.174208E+08   0.191543E+08   0.191625E+08   0.191543E+08  -0.691747E+00   0.991799E+07   0.991730E+07   0.895712E+02   0.313054E+02   0.526272E+00  -0.387676E+12
   0.282492E-02   0.191470E+08   0.191425E+08   0.986538E+05   0.146659E+06   0.171806E+08   0.191369E+08   0.191462E+08   0.191369E+08  -0.691118E+00   0.990180E+07   0.990111E+07   0.813850E+02   0.257556E+02   0.524364E+00  -0.350525E+12
   0.311923E-02   0.190929E+08   0.190882E+08   0.683312E+05   0.119950E+06   0.168905E+08   0.190817E+08   0.190922E+08   0.190818E+08  -0.689125E+00   0.986732E+07   0.986662E+07   0.740822E+02   0.211338E+02   0.522769E+00  -0.316346E+12
   0.344419E-02   0.190024E+08   0.189974E+08   0.139189E+05   0.979154E+05   0.165521E+08   0.189899E+08   0.190015E+08   0.189900E+08  -0.685809E+00   0.981497E+07   0.981428E+07   0.671412E+02   0.172980E+02   0.521438E+00  -0.284979E+12
   0.380302E-02   0.188762E+08   0.188710E+08  -0.171135E+05   0.797765E+05   0.161667E+08   0.188625E+08   0.188753E+08   0.188625E+08  -0.681206E+00   0.974515E+07   0.974446E+07   0.604348E+02   0.141247E+02   0.520329E+00  -0.256254E+12
   0.419923E-02   0.187153E+08   0.187097E+08   0.794775E+04   0.648745E+05   0.157357E+08   0.187003E+08   0.187144E+08   0.187003E+08  -0.675345E+00   0.965812E+07   0.965743E+07   0.542186E+02   0.115070E+02   0.519406E+00  -0.230003E+12
   0.463671E-02   0.185202E+08   0.185142E+08   0.176637E+05   0.526549E+05   0.152606E+08   0.185038E+08   0.185192E+08   0.185038E+08  -0.668248E+00   0.955406E+07   0.955338E+07   0.487713E+02   0.935345E+01   0.518636E+00  -0.206058E+12
   0.511978E-02   0.182912E+08   0.182847E+08  -0.281488E+04   0.426532E+05   0.147444E+08   0.182733E+08   0.182901E+08   0.182733E+08  -0.659926E+00   0.943306E+07   0.943238E+07   0.440237E+02   0.758600E+01   0.517995E+00  -0.184252E+12
   0.565317E-02   0.180291E+08   0.180219E+08  -0.124616E+05   0.344824E+05   0.141652E+08   0.180096E+08   0.180279E+08   0.180096E+08  -0.650400E+00   0.929533E+07   0.929466E+07   0.396799E+02   0.613880E+01   0.517456E+00  -0.164431E+12
   0.624213E-02   0.177325E+08   0.177247E+08  -0.154742E+05   0.278170E+05   0.135569E+08   0.177115E+08   0.177312E+08   0.177115E+08  -0.639633E+00   0.914025E+07   0.913958E+07   0.356519E+02   0.495611E+01   0.517006E+00  -0.146432E+12
   0.689245E-02   0.174018E+08   0.173931E+08  -0.362533E+05   0.223897E+05   0.129086E+08   0.173791E+08   0.174004E+08   0.173791E+08  -0.627631E+00   0.896784E+07   0.896718E+07   0.320797E+02   0.399169E+01   0.516627E+00  -0.130114E+12
   0.761052E-02   0.170366E+08   0.170268E+08  -0.312503E+05   0.179783E+05   0.122300E+08   0.170122E+08   0.170349E+08   0.170122E+08  -0.614379E+00   0.877784E+07   0.877718E+07   0.289118E+02   0.320682E+01   0.516306E+00  -0.115341E+12
   0.840340E-02   0.166361E+08   0.166250E+08  -0.109880E+05   0.143989E+05   0.115305E+08   0.166101E+08   0.166342E+08   0.166101E+08  -0.599857E+00   0.856992E+07   0.856926E+07   0.260301E+02   0.256943E+01   0.516035E+00  -0.101984E+12
   0.927889E-02   0.161998E+08   0.161873E+08  -0.197157E+05   0.115000E+05   0.108105E+08   0.161722E+08   0.161977E+08   0.161722E+08  -0.584044E+00   0.834373E+07   0.834308E+07   0.234718E+02   0.205279E+01   0.515803E+00  -0.899238E+11
   0.102456E-01   0.157271E+08   0.157128E+08  -0.959677E+04   0.915687E+04   0.100707E+08   0.156980E+08   0.157247E+08   0.156980E+08  -0.566917E+00   0.809891E+07   0.809826E+07   0.211882E+02   0.163493E+01   0.515604E+00  -0.790496E+11
   0.113130E-01   0.152172E+08   0.152008E+08  -0.107561E+05   0.726670E+04   0.931864E+07   0.151865E+08   0.152144E+08   0.151865E+08  -0.548446E+00   0.783500E+07   0.783435E+07   0.191513E+02   0.129770E+01   0.515432E+00  -0.692582E+11
   0.124916E-01   0.146691E+08   0.146504E+08  -0.614439E+04   0.574527E+04   0.856241E+07   0.146371E+08   0.146659E+08   0.146371E+08  -0.528603E+00   0.755159E+07   0.755094E+07   0.173399E+02   0.102614E+01   0.515282E+00  -0.604546E+11
   0.137930E-01   0.140824E+08   0.140610E+08  -0.789834E+04   0.452360E+04   0.780834E+07   0.140491E+08   0.140788E+08   0.140491E+08  -0.507370E+00   0.724838E+07   0.724773E+07   0.157269E+02   0.808035E+00   0.515150E+00  -0.525522E+11
   0.152300E-01   0.134568E+08   0.134323E+08  -0.194243E+03   0.354525E+04   0.705962E+07   0.134225E+08   0.134527E+08   0.134225E+08  -0.484739E+00   0.692525E+07   0.692460E+07   0.142859E+02   0.633323E+00   0.515034E+00  -0.454720E+11
   0.168167E-01   0.128076E+08   0.127797E+08  -0.330174E+04   0.276736E+04   0.633388E+07   0.127723E+08   0.128029E+08   0.127723E+08  -0.461260E+00   0.659003E+07   0.658937E+07   0.130043E+02   0.494387E+00   0.514931E+00  -0.391882E+11
   0.185687E-01   0.121097E+08   0.120781E+08  -0.342968E+04   0.214593E+04   0.562264E+07   0.120737E+08   0.121044E+08   0.120737E+08  -0.436029E+00   0.622981E+07   0.622915E+07   0.118354E+02   0.383385E+00   0.514838E+00  -0.335506E+11
   0.205033E-01   0.113782E+08   0.113428E+08   0.102388E+04   0.165363E+04   0.494016E+07   0.113418E+08   0.113723E+08   0.113418E+08  -0.409599E+00   0.585243E+07   0.585177E+07   0.107629E+02   0.295441E+00   0.514755E+00  -0.285444E+11
   0.226393E-01   0.106075E+08   0.105683E+08  -0.485366E+03   0.126431E+04   0.428872E+07   0.105711E+08   0.106009E+08   0.105711E+08  -0.381763E+00   0.545496E+07   0.545430E+07   0.975592E+01   0.225888E+00   0.514680E+00  -0.240955E+11
   0.249980E-01   0.982530E+07   0.978248E+07  -0.454434E+03   0.960409E+03   0.368403E+07   0.978908E+07   0.981811E+07   0.978908E+07  -0.353523E+00   0.505169E+07   0.505103E+07   0.879786E+01   0.171593E+00   0.514612E+00  -0.202087E+11
   0.276023E-01   0.904091E+07   0.899508E+07  -0.119217E+03   0.724752E+03   0.313054E+07   0.900528E+07   0.903322E+07   0.900528E+07  -0.325216E+00   0.464744E+07   0.464679E+07   0.786581E+01   0.129490E+00   0.514550E+00  -0.168374E+11
   0.304780E-01   0.825786E+07   0.820999E+07  -0.103686E+03   0.542888E+03   0.262943E+07   0.822323E+07   0.824982E+07   0.822323E+07  -0.296973E+00   0.424406E+07   0.424343E+07   0.693454E+01   0.969976E-01   0.514494E+00  -0.139252E+11
   0.336533E-01   0.749745E+07   0.744897E+07  -0.207233E+03   0.404227E+03   0.218592E+07   0.746421E+07   0.748931E+07   0.746421E+07  -0.269562E+00   0.385253E+07   0.385192E+07   0.599441E+01   0.722236E-01   0.514443E+00  -0.114478E+11
   0.371593E-01   0.678717E+07   0.673996E+07  -0.282523E+03   0.300112E+03   0.180422E+07   0.675570E+07   0.677925E+07   0.675570E+07  -0.243975E+00   0.348702E+07   0.348646E+07   0.504785E+01   0.536215E-01   0.514397E+00  -0.938407E+10
   0.410307E-01   0.614448E+07   0.610068E+07  -0.161666E+03   0.222836E+03   0.148287E+07   0.611510E+07   0.613713E+07   0.611510E+07  -0.220841E+00   0.315653E+07   0.315602E+07   0.410881E+01   0.398148E-01   0.514354E+00  -0.769316E+10
   0.451338E-01   0.560811E+07   0.556956E+07   0.168093E+03   0.168093E+03   0.122835E+07   0.558094E+07   0.560164E+07   0.558094E+07  -0.201550E+00   0.288094E+07   0.288050E+07   0.324189E+01   0.300340E-01   0.514319E+00  -0.638319E+10
   0.492368E-01   0.518390E+07   0.515146E+07   0.130574E+03   0.130574E+03   0.103565E+07   0.515885E+07   0.517846E+07   0.515885E+07  -0.186307E+00   0.266315E+07   0.266278E+07   0.251880E+01   0.233305E-01   0.514289E+00  -0.540894E+10
   0.533399E-01   0.484208E+07   0.481574E+07   0.103937E+03   0.103937E+03   0.886243E+06   0.481896E+07   0.483766E+07   0.481896E+07  -0.174032E+00   0.248778E+07   0.248747E+07   0.194287E+01   0.185712E-01   0.514263E+00  -0.466408E+10
   0.574430E-01   0.455426E+07   0.453328E+07   0.843036E+02   0.843036E+02   0.766663E+06   0.453283E+07   0.455074E+07   0.453283E+07  -0.163699E+00   0.234014E+07   0.233988E+07   0.151013E+01   0.150633E-01   0.514240E+00  -0.407392E+10
   0.615460E-01   0.429829E+07   0.428141E+07   0.693181E+02   0.693181E+02   0.667827E+06   0.427828E+07   0.429545E+07   0.427828E+07  -0.154506E+00   0.220878E+07   0.220856E+07   0.120726E+01   0.123858E-01   0.514221E+00  -0.358890E+10
   0.656491E-01   0.405705E+07   0.404279E+07   0.575088E+02   0.575088E+02   0.583602E+06   0.403823E+07   0.405466E+07   0.403823E+07  -0.145836E+00   0.208490E+07   0.208470E+07   0.101308E+01   0.102758E-01   0.514205E+00  -0.317589E+10
   0.697522E-01   0.381844E+07   0.380533E+07   0.479466E+02   0.479466E+02   0.509981E+06   0.380059E+07   0.381624E+07   0.380059E+07  -0.137254E+00   0.196226E+07   0.196207E+07   0.901472E+00   0.856732E-02   0.514190E+00  -0.281324E+10
   0.738552E-01   0.358448E+07   0.357131E+07   0.401451E+02   0.401451E+02   0.445651E+06   0.356742E+07   0.358226E+07   0.356742E+07  -0.128834E+00   0.184191E+07   0.184172E+07   0.846443E+00   0.717338E-02   0.514177E+00  -0.249400E+10
   0.779583E-01   0.334761E+07   0.333359E+07   0.336467E+02   0.336467E+02   0.388378E+06   0.333126E+07   0.334526E+07   0.333126E+07  -0.120305E+00   0.172002E+07   0.171982E+07   0.821081E+00   0.601225E-02   0.514166E+00  -0.220637E+10
   0.820614E-01   0.311942E+07   0.310420E+07   0.282930E+02   0.282930E+02   0.338483E+06   0.310372E+07   0.311687E+07   0.310372E+07  -0.112088E+00   0.160256E+07   0.160236E+07   0.805714E+00   0.505564E-02   0.514155E+00  -0.195291E+10
   0.861644E-01   0.290620E+07   0.288987E+07   0.239055E+02   0.239055E+02   0.295579E+06   0.289112E+07   0.290346E+07   0.289112E+07  -0.104410E+00   0.149281E+07   0.149261E+07   0.785411E+00   0.427168E-02   0.514146E+00  -0.173254E+10
   0.912856E-01   0.266909E+07   0.265201E+07   0.195583E+02   0.195583E+02   0.251116E+06   0.265480E+07   0.266623E+07   0.265480E+07  -0.958752E-01   0.137082E+07   0.137062E+07   0.740651E+00   0.349490E-02   0.514136E+00  -0.150170E+10
   0.964067E-01   0.247137E+07   0.245454E+07   0.162354E+02   0.162354E+02   0.215740E+06   0.245788E+07   0.246854E+07   0.245788E+07  -0.887638E-01   0.126916E+07   0.126897E+07   0.671250E+00   0.290116E-02   0.514127E+00  -0.131648E+10
   0.101528E+00   0.231546E+07   0.229989E+07   0.137155E+02   0.137155E+02   0.188084E+06   0.230279E+07   0.231284E+07   0.230279E+07  -0.831627E-01   0.118909E+07   0.118891E+07   0.583766E+00   0.245089E-02   0.514119E+00  -0.117121E+10
   0.106649E+00   0.219567E+07   0.218209E+07   0.117880E+02   0.117880E+02   0.166406E+06   0.218380E+07   0.219339E+07   0.218380E+07  -0.788656E-01   0.112766E+07   0.112751E+07   0.490119E+00   0.210646E-02   0.514112E+00  -0.105737E+10
   0.111770E+00   0.210021E+07   0.208886E+07   0.102673E+02   0.102673E+02   0.148884E+06   0.208908E+07   0.209831E+07   0.208908E+07  -0.754450E-01   0.107876E+07   0.107863E+07   0.402823E+00   0.183473E-02   0.514105E+00  -0.965178E+09
   0.116891E+00   0.201634E+07   0.200702E+07   0.901363E+01   0.901363E+01   0.134020E+06   0.200588E+07   0.201478E+07   0.200588E+07  -0.724401E-01   0.103581E+07   0.103569E+07   0.331530E+00   0.161071E-02   0.514100E+00  -0.886144E+09
   0.122012E+00   0.193410E+07   0.192627E+07   0.793622E+01   0.793622E+01   0.120807E+06   0.192421E+07   0.193279E+07   0.192421E+07  -0.694909E-01   0.993645E+06   0.993542E+06   0.281098E+00   0.141819E-02   0.514095E+00  -0.814396E+09
   0.127134E+00   0.184767E+07   0.184060E+07   0.698332E+01   0.698332E+01   0.108691E+06   0.183826E+07   0.184648E+07   0.183826E+07  -0.663867E-01   0.949266E+06   0.949170E+06   0.251261E+00   0.124791E-02   0.514090E+00  -0.746683E+09
   0.132255E+00   0.175542E+07   0.174847E+07   0.613067E+01   0.613067E+01   0.974560E+05   0.174641E+07   0.175425E+07   0.174641E+07  -0.630699E-01   0.901847E+06   0.901752E+06   0.237666E+00   0.109555E-02   0.514086E+00  -0.681914E+09
   0.137376E+00   0.165925E+07   0.165194E+07   0.537041E+01   0.537041E+01   0.871047E+05   0.165059E+07   0.165802E+07   0.165059E+07  -0.596093E-01   0.852371E+06   0.852275E+06   0.233735E+00   0.959695E-03   0.514082E+00  -0.620478E+09
   0.142497E+00   0.156330E+07   0.155543E+07   0.470220E+01   0.470220E+01   0.777428E+05   0.155495E+07   0.156198E+07   0.155495E+07  -0.561555E-01   0.802991E+06   0.802891E+06   0.232685E+00   0.840289E-03   0.514078E+00  -0.563523E+09
   0.147618E+00   0.147284E+07   0.146450E+07   0.412762E+01   0.412762E+01   0.695001E+05   0.146480E+07   0.147144E+07   0.146480E+07  -0.528998E-01   0.756441E+06   0.756340E+06   0.229181E+00   0.737614E-03   0.514075E+00  -0.512438E+09
   0.152739E+00   0.139286E+07   0.138433E+07   0.364583E+01   0.364583E+01   0.624632E+05   0.138514E+07   0.139143E+07   0.138514E+07  -0.500228E-01   0.715307E+06   0.715206E+06   0.220254E+00   0.651520E-03   0.514072E+00  -0.468325E+09
   0.157860E+00   0.132613E+07   0.131779E+07   0.324950E+01   0.324950E+01   0.565998E+05   0.131872E+07   0.132473E+07   0.131872E+07  -0.476244E-01   0.681014E+06   0.680917E+06   0.205397E+00   0.580699E-03   0.514069E+00  -0.431408E+09
   0.162982E+00   0.127215E+07   0.126435E+07   0.292449E+01   0.292449E+01   0.517455E+05   0.126507E+07   0.127084E+07   0.126507E+07  -0.456867E-01   0.653308E+06   0.653217E+06   0.186068E+00   0.522621E-03   0.514067E+00  -0.400853E+09
   0.168103E+00   0.122813E+07   0.122109E+07   0.265407E+01   0.265407E+01   0.476701E+05   0.122136E+07   0.122694E+07   0.122136E+07  -0.441082E-01   0.630739E+06   0.630656E+06   0.164869E+00   0.474297E-03   0.514064E+00  -0.375216E+09
   0.173224E+00   0.119053E+07   0.118432E+07   0.242316E+01   0.242316E+01   0.441515E+05   0.118406E+07   0.118949E+07   0.118406E+07  -0.427613E-01   0.611480E+06   0.611405E+06   0.144643E+00   0.433033E-03   0.514062E+00  -0.353005E+09
   0.178345E+00   0.115577E+07   0.115030E+07   0.221943E+01   0.221943E+01   0.410006E+05   0.114958E+07   0.115485E+07   0.114958E+07  -0.415159E-01   0.593673E+06   0.593604E+06   0.127668E+00   0.396628E-03   0.514060E+00  -0.332885E+09
   0.183466E+00   0.112053E+07   0.111560E+07   0.203343E+01   0.203343E+01   0.380658E+05   0.111458E+07   0.111970E+07   0.111458E+07  -0.402520E-01   0.575601E+06   0.575538E+06   0.115155E+00   0.363388E-03   0.514058E+00  -0.313743E+09
   0.188587E+00   0.108266E+07   0.107801E+07   0.185948E+01   0.185948E+01   0.352576E+05   0.107693E+07   0.108188E+07   0.107693E+07  -0.388922E-01   0.556157E+06   0.556096E+06   0.107156E+00   0.332305E-03   0.514057E+00  -0.294912E+09
   0.193708E+00   0.104195E+07   0.103736E+07   0.169616E+01   0.169616E+01   0.325599E+05   0.103641E+07   0.104118E+07   0.103641E+07  -0.374287E-01   0.535232E+06   0.535172E+06   0.102800E+00   0.303118E-03   0.514055E+00  -0.276313E+09
   0.198830E+00   0.999732E+06   0.995036E+06   0.154460E+01   0.154460E+01   0.300057E+05   0.994358E+06   0.998944E+06   0.994358E+06  -0.359102E-01   0.513519E+06   0.513459E+06   0.100665E+00   0.276035E-03   0.514054E+00  -0.258276E+09
   0.203951E+00   0.957866E+06   0.953006E+06   0.140644E+01   0.140644E+01   0.276371E+05   0.952651E+06   0.957050E+06   0.952651E+06  -0.344040E-01   0.491982E+06   0.491922E+06   0.992160E-01   0.251345E-03   0.514052E+00  -0.241230E+09
   0.209072E+00   0.918157E+06   0.913168E+06   0.128282E+01   0.128282E+01   0.254876E+05   0.913099E+06   0.917320E+06   0.913099E+06  -0.329756E-01   0.471558E+06   0.471497E+06   0.971823E-01   0.229254E-03   0.514051E+00  -0.225552E+09
   0.214193E+00   0.882151E+06   0.877134E+06   0.117423E+01   0.117423E+01   0.235779E+05   0.877249E+06   0.881308E+06   0.877249E+06  -0.316809E-01   0.453045E+06   0.452985E+06   0.938194E-01   0.209849E-03   0.514050E+00  -0.211516E+09
   0.219314E+00   0.850778E+06   0.845866E+06   0.108019E+01   0.108019E+01   0.219086E+05   0.846035E+06   0.849953E+06   0.846035E+06  -0.305537E-01   0.436926E+06   0.436868E+06   0.889714E-01   0.193042E-03   0.514049E+00  -0.199227E+09
   0.224435E+00   0.824032E+06   0.819346E+06   0.999043E+00   0.999043E+00   0.204561E+05   0.819446E+06   0.823245E+06   0.819446E+06  -0.295934E-01   0.423195E+06   0.423140E+06   0.829727E-01   0.178541E-03   0.514047E+00  -0.188563E+09
   0.229556E+00   0.801056E+06   0.796677E+06   0.928374E+00   0.928374E+00   0.191788E+05   0.796624E+06   0.800321E+06   0.796624E+06  -0.287693E-01   0.411410E+06   0.411358E+06   0.764560E-01   0.165913E-03   0.514046E+00  -0.179222E+09
   0.234678E+00   0.780551E+06   0.776503E+06   0.865600E+00   0.865600E+00   0.180305E+05   0.776266E+06   0.779871E+06   0.776266E+06  -0.280340E-01   0.400897E+06   0.400847E+06   0.701331E-01   0.154695E-03   0.514045E+00  -0.170831E+09
   0.239799E+00   0.761130E+06   0.757384E+06   0.808432E+00   0.808432E+00   0.169693E+05   0.756982E+06   0.760501E+06   0.756982E+06  -0.273376E-01   0.390938E+06   0.390892E+06   0.645979E-01   0.144479E-03   0.514044E+00  -0.163030E+09
   0.244920E+00   0.741620E+06   0.738106E+06   0.755136E+00   0.755136E+00   0.159637E+05   0.737599E+06   0.741030E+06   0.737599E+06  -0.266376E-01   0.380928E+06   0.380884E+06   0.601982E-01   0.134954E-03   0.514044E+00  -0.155535E+09
   0.250041E+00   0.721336E+06   0.717966E+06   0.704712E+00   0.704712E+00   0.149967E+05   0.717430E+06   0.720770E+06   0.717430E+06  -0.259092E-01   0.370513E+06   0.370470E+06   0.569950E-01   0.125943E-03   0.514043E+00  -0.148184E+09
   0.255162E+00   0.700202E+06   0.696893E+06   0.656877E+00   0.656877E+00   0.140658E+05   0.696402E+06   0.699647E+06   0.696402E+06  -0.251498E-01   0.359654E+06   0.359612E+06   0.548002E-01   0.117394E-03   0.514042E+00  -0.140954E+09
   0.260283E+00   0.678610E+06   0.675304E+06   0.611801E+00   0.611801E+00   0.131778E+05   0.674908E+06   0.678055E+06   0.674908E+06  -0.243736E-01   0.348555E+06   0.348513E+06   0.532664E-01   0.109339E-03   0.514041E+00  -0.133916E+09
   0.265404E+00   0.657179E+06   0.653851E+06   0.569817E+00   0.569817E+00   0.123424E+05   0.653571E+06   0.656620E+06   0.653571E+06  -0.236030E-01   0.337536E+06   0.337494E+06   0.519967E-01   0.101836E-03   0.514040E+00  -0.127180E+09
   0.270526E+00   0.636584E+06   0.633241E+06   0.531243E+00   0.531243E+00   0.115690E+05   0.633068E+06   0.636023E+06   0.633068E+06  -0.228626E-01   0.326947E+06   0.326906E+06   0.506486E-01   0.949421E-04   0.514040E+00  -0.120858E+09
   0.275647E+00   0.617417E+06   0.614090E+06   0.496269E+00   0.496269E+00   0.108638E+05   0.613991E+06   0.616858E+06   0.613991E+06  -0.221736E-01   0.317096E+06   0.317055E+06   0.490034E-01   0.886918E-04   0.514039E+00  -0.115039E+09
   0.280768E+00   0.600030E+06   0.596764E+06   0.464856E+00   0.464856E+00   0.102278E+05   0.596693E+06   0.599482E+06   0.596693E+06  -0.215489E-01   0.308163E+06   0.308123E+06   0.469920E-01   0.830778E-04   0.514039E+00  -0.109759E+09
   0.285889E+00   0.584438E+06   0.581276E+06   0.436703E+00   0.436703E+00   0.965634E+04   0.581189E+06   0.583907E+06   0.581189E+06  -0.209890E-01   0.300156E+06   0.300118E+06   0.446784E-01   0.780464E-04   0.514038E+00  -0.104992E+09
   0.291010E+00   0.570366E+06   0.567337E+06   0.411327E+00   0.411327E+00   0.914024E+04   0.567203E+06   0.569857E+06   0.567203E+06  -0.204840E-01   0.292934E+06   0.292897E+06   0.422168E-01   0.735113E-04   0.514037E+00  -0.100663E+09
   0.296131E+00   0.557379E+06   0.554495E+06   0.388188E+00   0.388188E+00   0.866886E+04   0.554301E+06   0.556895E+06   0.554301E+06  -0.200180E-01   0.286270E+06   0.286235E+06   0.397952E-01   0.693761E-04   0.514037E+00  -0.966715E+08
   0.301252E+00   0.545007E+06   0.542258E+06   0.366784E+00   0.366784E+00   0.823181E+04   0.542007E+06   0.544545E+06   0.542007E+06  -0.195740E-01   0.279921E+06   0.279887E+06   0.375810E-01   0.655508E-04   0.514036E+00  -0.929207E+08
   0.306374E+00   0.532826E+06   0.530192E+06   0.346705E+00   0.346705E+00   0.782058E+04   0.529902E+06   0.532384E+06   0.529902E+06  -0.191368E-01   0.273670E+06   0.273637E+06   0.356821E-01   0.619624E-04   0.514036E+00  -0.893269E+08
   0.311495E+00   0.520558E+06   0.518007E+06   0.327678E+00   0.327678E+00   0.742929E+04   0.517703E+06   0.520130E+06   0.517703E+06  -0.186963E-01   0.267370E+06   0.267338E+06   0.341318E-01   0.585620E-04   0.514035E+00  -0.858360E+08
   0.316616E+00   0.508118E+06   0.505621E+06   0.309584E+00   0.309584E+00   0.705538E+04   0.505330E+06   0.507699E+06   0.505330E+06  -0.182495E-01   0.260980E+06   0.260949E+06   0.328933E-01   0.553283E-04   0.514035E+00  -0.824293E+08
   0.321737E+00   0.495609E+06   0.493142E+06   0.292423E+00   0.292423E+00   0.669893E+04   0.492883E+06   0.495194E+06   0.492883E+06  -0.177999E-01   0.254552E+06   0.254521E+06   0.318811E-01   0.522613E-04   0.514034E+00  -0.791193E+08
   0.326858E+00   0.483239E+06   0.480791E+06   0.276256E+00   0.276256E+00   0.636140E+04   0.480573E+06   0.482828E+06   0.480573E+06  -0.173554E-01   0.248195E+06   0.248165E+06   0.309889E-01   0.493720E-04   0.514034E+00  -0.759348E+08
   0.331979E+00   0.471247E+06   0.468817E+06   0.261149E+00   0.261149E+00   0.604441E+04   0.468639E+06   0.470839E+06   0.468639E+06  -0.169244E-01   0.242032E+06   0.242002E+06   0.301175E-01   0.466722E-04   0.514034E+00  -0.729069E+08
   0.337100E+00   0.459834E+06   0.457431E+06   0.247138E+00   0.247138E+00   0.574885E+04   0.457284E+06   0.459431E+06   0.457284E+06  -0.165143E-01   0.236167E+06   0.236138E+06   0.291970E-01   0.441682E-04   0.514033E+00  -0.700596E+08
   0.342222E+00   0.449129E+06   0.446767E+06   0.234213E+00   0.234213E+00   0.547469E+04   0.446635E+06   0.448733E+06   0.446635E+06  -0.161298E-01   0.230668E+06   0.230639E+06   0.281964E-01   0.418583E-04   0.514033E+00  -0.674042E+08
   0.347343E+00   0.439162E+06   0.436854E+06   0.222312E+00   0.222312E+00   0.522060E+04   0.436723E+06   0.438775E+06   0.436723E+06  -0.157718E-01   0.225549E+06   0.225521E+06   0.271232E-01   0.397315E-04   0.514032E+00  -0.649366E+08
   0.352464E+00   0.429864E+06   0.427621E+06   0.211329E+00   0.211329E+00   0.498432E+04   0.427478E+06   0.429487E+06   0.427478E+06  -0.154379E-01   0.220775E+06   0.220747E+06   0.260126E-01   0.377687E-04   0.514032E+00  -0.626385E+08
   0.357585E+00   0.421095E+06   0.418923E+06   0.201133E+00   0.201133E+00   0.476301E+04   0.418762E+06   0.420730E+06   0.418762E+06  -0.151231E-01   0.216273E+06   0.216246E+06   0.249139E-01   0.359465E-04   0.514032E+00  -0.604825E+08
   0.362706E+00   0.412693E+06   0.410589E+06   0.191594E+00   0.191594E+00   0.455397E+04   0.410410E+06   0.412340E+06   0.410410E+06  -0.148215E-01   0.211960E+06   0.211934E+06   0.238751E-01   0.342418E-04   0.514032E+00  -0.584394E+08
   0.367827E+00   0.404508E+06   0.402466E+06   0.182603E+00   0.182603E+00   0.435500E+04   0.402273E+06   0.404165E+06   0.402273E+06  -0.145277E-01   0.207758E+06   0.207732E+06   0.229310E-01   0.326350E-04   0.514031E+00  -0.564833E+08
   0.372948E+00   0.396428E+06   0.394438E+06   0.174076E+00   0.174076E+00   0.416453E+04   0.394239E+06   0.396094E+06   0.394239E+06  -0.142375E-01   0.203608E+06   0.203584E+06   0.220969E-01   0.311110E-04   0.514031E+00  -0.545952E+08
   0.378070E+00   0.388395E+06   0.386446E+06   0.165959E+00   0.165959E+00   0.398180E+04   0.386250E+06   0.388068E+06   0.386250E+06  -0.139490E-01   0.199483E+06   0.199458E+06   0.213676E-01   0.296605E-04   0.514031E+00  -0.527643E+08
   0.383191E+00   0.380418E+06   0.378500E+06   0.158234E+00   0.158234E+00   0.380670E+04   0.378315E+06   0.380096E+06   0.378315E+06  -0.136624E-01   0.195385E+06   0.195361E+06   0.207227E-01   0.282799E-04   0.514030E+00  -0.509897E+08
   0.388312E+00   0.372562E+06   0.370671E+06   0.150905E+00   0.150905E+00   0.363970E+04   0.370500E+06   0.372245E+06   0.370500E+06  -0.133802E-01   0.191349E+06   0.191325E+06   0.201340E-01   0.269701E-04   0.514030E+00  -0.492779E+08
   0.393433E+00   0.364907E+06   0.363040E+06   0.143981E+00   0.143981E+00   0.348124E+04   0.362884E+06   0.364593E+06   0.362884E+06  -0.131052E-01   0.187416E+06   0.187392E+06   0.195724E-01   0.257325E-04   0.514030E+00  -0.476367E+08
   0.398554E+00   0.357514E+06   0.355673E+06   0.137461E+00   0.137461E+00   0.333149E+04   0.355530E+06   0.357205E+06   0.355530E+06  -0.128396E-01   0.183618E+06   0.183595E+06   0.190147E-01   0.245673E-04   0.514030E+00  -0.460717E+08
   0.403675E+00   0.350426E+06   0.348614E+06   0.131339E+00   0.131339E+00   0.319041E+04   0.348480E+06   0.350122E+06   0.348480E+06  -0.125850E-01   0.179977E+06   0.179954E+06   0.184476E-01   0.234731E-04   0.514029E+00  -0.445852E+08
   0.408796E+00   0.343668E+06   0.341889E+06   0.125599E+00   0.125599E+00   0.305774E+04   0.341759E+06   0.343369E+06   0.341759E+06  -0.123423E-01   0.176505E+06   0.176483E+06   0.178691E-01   0.224472E-04   0.514029E+00  -0.431775E+08
   0.413918E+00   0.337232E+06   0.335491E+06   0.120216E+00   0.120216E+00   0.293301E+04   0.335359E+06   0.336940E+06   0.335359E+06  -0.121111E-01   0.173200E+06   0.173179E+06   0.172862E-01   0.214853E-04   0.514029E+00  -0.418448E+08
   0.419039E+00   0.331076E+06   0.329374E+06   0.115155E+00   0.115155E+00   0.281542E+04   0.329238E+06   0.330791E+06   0.329238E+06  -0.118901E-01   0.170039E+06   0.170018E+06   0.167110E-01   0.205808E-04   0.514029E+00  -0.405791E+08
   0.424160E+00   0.325139E+06   0.323476E+06   0.110376E+00   0.110376E+00   0.270414E+04   0.323335E+06   0.324860E+06   0.323335E+06  -0.116769E-01   0.166991E+06   0.166970E+06   0.161567E-01   0.197267E-04   0.514028E+00  -0.393704E+08
   0.429281E+00   0.319365E+06   0.317739E+06   0.105845E+00   0.105845E+00   0.259842E+04   0.317594E+06   0.319092E+06   0.317594E+06  -0.114696E-01   0.164026E+06   0.164006E+06   0.156342E-01   0.189169E-04   0.514028E+00  -0.382100E+08
   0.434402E+00   0.313716E+06   0.312124E+06   0.101536E+00   0.101536E+00   0.249769E+04   0.311977E+06   0.313449E+06   0.311977E+06  -0.112667E-01   0.161125E+06   0.161105E+06   0.151497E-01   0.181468E-04   0.514028E+00  -0.370917E+08
   0.439523E+00   0.308166E+06   0.306604E+06   0.974291E-01   0.974291E-01   0.240157E+04   0.306458E+06   0.307904E+06   0.306458E+06  -0.110674E-01   0.158274E+06   0.158255E+06   0.147038E-01   0.174128E-04   0.514028E+00  -0.360110E+08
   0.444644E+00   0.302703E+06   0.301167E+06   0.935102E-01   0.935102E-01   0.230976E+04   0.301025E+06   0.302446E+06   0.301025E+06  -0.108712E-01   0.155468E+06   0.155449E+06   0.142921E-01   0.167124E-04   0.514028E+00  -0.349652E+08
   0.449766E+00   0.297335E+06   0.295822E+06   0.897718E-01   0.897718E-01   0.222216E+04   0.295686E+06   0.297081E+06   0.295686E+06  -0.106784E-01   0.152711E+06   0.152692E+06   0.139069E-01   0.160443E-04   0.514028E+00  -0.339540E+08
   0.454887E+00   0.292083E+06   0.290592E+06   0.862115E-01   0.862115E-01   0.213874E+04   0.290462E+06   0.291833E+06   0.290462E+06  -0.104897E-01   0.150013E+06   0.149995E+06   0.135399E-01   0.154080E-04   0.514027E+00  -0.329787E+08
   0.460008E+00   0.286974E+06   0.285505E+06   0.828278E-01   0.828278E-01   0.205953E+04   0.285380E+06   0.286727E+06   0.285380E+06  -0.103062E-01   0.147389E+06   0.147370E+06   0.131835E-01   0.148032E-04   0.514027E+00  -0.320410E+08
   0.465129E+00   0.282026E+06   0.280579E+06   0.796169E-01   0.796169E-01   0.198443E+04   0.280459E+06   0.281783E+06   0.280459E+06  -0.101285E-01   0.144847E+06   0.144829E+06   0.128327E-01   0.142294E-04   0.514027E+00  -0.311417E+08
   0.470250E+00   0.277244E+06   0.275820E+06   0.765714E-01   0.765714E-01   0.191324E+04   0.275703E+06   0.277005E+06   0.275703E+06  -0.995672E-02   0.142391E+06   0.142373E+06   0.124851E-01   0.136851E-04   0.514027E+00  -0.302803E+08
   0.475371E+00   0.272623E+06   0.271223E+06   0.736817E-01   0.736817E-01   0.184572E+04   0.271108E+06   0.272388E+06   0.271108E+06  -0.979077E-02   0.140017E+06   0.140000E+06   0.121413E-01   0.131686E-04   0.514027E+00  -0.294548E+08
   0.480492E+00   0.268154E+06   0.266779E+06   0.709373E-01   0.709373E-01   0.178155E+04   0.266663E+06   0.267923E+06   0.266663E+06  -0.963027E-02   0.137722E+06   0.137705E+06   0.118037E-01   0.126781E-04   0.514027E+00  -0.286632E+08
   0.485614E+00   0.263823E+06   0.262473E+06   0.683274E-01   0.683274E-01   0.172044E+04   0.262357E+06   0.263596E+06   0.262357E+06  -0.947475E-02   0.135498E+06   0.135481E+06   0.114760E-01   0.122117E-04   0.514026E+00  -0.279029E+08
   0.490735E+00   0.259611E+06   0.258286E+06   0.658408E-01   0.658408E-01   0.166208E+04   0.258169E+06   0.259389E+06   0.258169E+06  -0.932350E-02   0.133335E+06   0.133319E+06   0.111613E-01   0.117673E-04   0.514026E+00  -0.271710E+08
   0.495856E+00   0.255497E+06   0.254195E+06   0.634660E-01   0.634660E-01   0.160617E+04   0.254078E+06   0.255279E+06   0.254078E+06  -0.917577E-02   0.131223E+06   0.131206E+06   0.108616E-01   0.113429E-04   0.514026E+00  -0.264643E+08
   0.500977E+00   0.251466E+06   0.250185E+06   0.611940E-01   0.611940E-01   0.155248E+04   0.250069E+06   0.251251E+06   0.250069E+06  -0.903098E-02   0.129152E+06   0.129136E+06   0.105776E-01   0.109368E-04   0.514026E+00  -0.257804E+08
   0.506098E+00   0.247512E+06   0.246251E+06   0.590191E-01   0.590191E-01   0.150089E+04   0.246137E+06   0.247300E+06   0.246137E+06  -0.888898E-02   0.127121E+06   0.127106E+06   0.103087E-01   0.105481E-04   0.514026E+00  -0.251183E+08
   0.511219E+00   0.243639E+06   0.242397E+06   0.569374E-01   0.569374E-01   0.145129E+04   0.242285E+06   0.243430E+06   0.242285E+06  -0.874987E-02   0.125132E+06   0.125117E+06   0.100529E-01   0.101761E-04   0.514026E+00  -0.244776E+08
   0.516340E+00   0.239849E+06   0.238625E+06   0.549453E-01   0.549453E-01   0.140359E+04   0.238516E+06   0.239643E+06   0.238516E+06  -0.861374E-02   0.123185E+06   0.123170E+06   0.980796E-02   0.982003E-05   0.514026E+00  -0.238577E+08
   0.521462E+00   0.236144E+06   0.234937E+06   0.530391E-01   0.530391E-01   0.135768E+04   0.234831E+06   0.235941E+06   0.234831E+06  -0.848067E-02   0.121282E+06   0.121267E+06   0.957125E-02   0.947937E-05   0.514026E+00  -0.232585E+08
   0.526583E+00   0.232528E+06   0.231339E+06   0.512162E-01   0.512162E-01   0.131350E+04   0.231236E+06   0.232329E+06   0.231236E+06  -0.835083E-02   0.119425E+06   0.119411E+06   0.934086E-02   0.915357E-05   0.514025E+00  -0.226797E+08
   0.531704E+00   0.229009E+06   0.227837E+06   0.494740E-01   0.494740E-01   0.127097E+04   0.227735E+06   0.228812E+06   0.227735E+06  -0.822443E-02   0.117618E+06   0.117603E+06   0.911565E-02   0.884221E-05   0.514025E+00  -0.221213E+08
   0.536825E+00   0.225587E+06   0.224432E+06   0.478093E-01   0.478093E-01   0.123004E+04   0.224332E+06   0.225393E+06   0.224332E+06  -0.810152E-02   0.115860E+06   0.115846E+06   0.889528E-02   0.854469E-05   0.514025E+00  -0.215828E+08
   0.541946E+00   0.222256E+06   0.221119E+06   0.462174E-01   0.462174E-01   0.119062E+04   0.221020E+06   0.222065E+06   0.221020E+06  -0.798190E-02   0.114149E+06   0.114135E+06   0.867997E-02   0.826019E-05   0.514025E+00  -0.210632E+08
   0.547067E+00   0.219009E+06   0.217889E+06   0.446936E-01   0.446936E-01   0.115262E+04   0.217791E+06   0.218821E+06   0.217791E+06  -0.786529E-02   0.112482E+06   0.112468E+06   0.847037E-02   0.798784E-05   0.514025E+00  -0.205612E+08
   0.559946E+00   0.211181E+06   0.210103E+06   0.411365E-01   0.411365E-01   0.106311E+04   0.210006E+06   0.211000E+06   0.210006E+06  -0.758416E-02   0.108461E+06   0.108448E+06   0.797334E-02   0.735213E-05   0.514025E+00  -0.193703E+08
   0.593872E+00   0.192428E+06   0.191445E+06   0.333234E-01   0.333234E-01   0.866433E+03   0.191358E+06   0.192263E+06   0.191358E+06  -0.691068E-02   0.988301E+05   0.988179E+05   0.686496E-02   0.595572E-05   0.514024E+00  -0.166419E+08
   0.629853E+00   0.175296E+06   0.174401E+06   0.269872E-01   0.269872E-01   0.710516E+03   0.174320E+06   0.175145E+06   0.174320E+06  -0.629538E-02   0.900307E+05   0.900196E+05   0.590047E-02   0.482329E-05   0.514024E+00  -0.142941E+08
   0.879031E+00   0.102473E+06   0.101949E+06   0.809961E-02   0.809961E-02   0.223017E+03   0.101901E+06   0.102385E+06   0.101901E+06  -0.368006E-02   0.526291E+05   0.526225E+05   0.250094E-02   0.144762E-05   0.514022E+00  -0.598726E+07
   0.122679E+01   0.591790E+05   0.588768E+05   0.240157E-02   0.240157E-02   0.678393E+02   0.588488E+05   0.591283E+05   0.588488E+05  -0.212526E-02   0.303938E+05   0.303899E+05   0.105905E-02   0.429227E-06   0.514020E+00  -0.247755E+07
   0.171212E+01   0.338212E+05   0.336484E+05   0.704671E-03   0.704671E-03   0.202466E+02   0.336324E+05   0.337922E+05   0.336324E+05  -0.121460E-02   0.173702E+05   0.173679E+05   0.453187E-03   0.125945E-06   0.514019E+00  -0.101456E+07
   0.238945E+01   0.191559E+05   0.190578E+05   0.204913E-03   0.204913E-03   0.596165E+01   0.190489E+05   0.191394E+05   0.190489E+05  -0.687931E-03   0.983827E+04   0.983684E+04   0.199417E-03   0.366240E-07   0.514019E+00  -0.411742E+06
