#          k/h    CDM            baryon         photon         nu             mass_nu        total          no_nu          total_de       Weyl           v_CDM          v_b            v_b-v_c        ISW            log_grow       pert_vel    
   0.994668E-05   0.164754E+08   0.164754E+08   0.219525E+08   0.219521E+08   0.164777E+08   0.164754E+08   0.164754E+08   0.164813E+08  -0.409512E+00   0.135612E+08   0.135612E+08   0.647131E+01   0.121330E+07   0.339731E-01  -0.136344E+15
   0.109829E-04   0.164764E+08   0.164764E+08   0.219506E+08   0.219501E+08   0.164786E+08   0.164764E+08   0.164764E+08   0.164823E+08  -0.409536E+00   0.135614E+08   0.135614E+08   0.714529E+01   0.995078E+06   0.340951E-01  -0.123481E+15
   0.121272E-04   0.164776E+08   0.164776E+08   0.219484E+08   0.219477E+08   0.164799E+08   0.164776E+08   0.164776E+08   0.164835E+08  -0.409567E+00   0.135616E+08   0.135616E+08   0.788942E+01   0.816095E+06   0.342438E-01  -0.111832E+15
   0.133906E-04   0.164791E+08   0.164791E+08   0.219456E+08   0.219448E+08   0.164813E+08   0.164791E+08   0.164791E+08   0.164850E+08  -0.409604E+00   0.135619E+08   0.135619E+08   0.871097E+01   0.669294E+06   0.344250E-01  -0.101283E+15
   0.147857E-04   0.164809E+08   0.164809E+08   0.219422E+08   0.219412E+08   0.164831E+08   0.164810E+08   0.164809E+08   0.164868E+08  -0.409649E+00   0.135623E+08   0.135623E+08   0.961797E+01   0.548888E+06   0.346457E-01  -0.917290E+14
   0.163261E-04   0.164832E+08   0.164832E+08   0.219380E+08   0.219368E+08   0.164853E+08   0.164832E+08   0.164832E+08   0.164890E+08  -0.409704E+00   0.135627E+08   0.135627E+08   0.106193E+02   0.450132E+06   0.349146E-01  -0.830767E+14
   0.180270E-04   0.164859E+08   0.164859E+08   0.219329E+08   0.219315E+08   0.164880E+08   0.164859E+08   0.164859E+08   0.164917E+08  -0.409771E+00   0.135632E+08   0.135632E+08   0.117247E+02   0.369132E+06   0.352421E-01  -0.752411E+14
   0.199051E-04   0.164891E+08   0.164891E+08   0.219268E+08   0.219250E+08   0.164913E+08   0.164892E+08   0.164891E+08   0.164950E+08  -0.409852E+00   0.135638E+08   0.135638E+08   0.129449E+02   0.302696E+06   0.356410E-01  -0.681451E+14
   0.219788E-04   0.164931E+08   0.164931E+08   0.219192E+08   0.219171E+08   0.164952E+08   0.164932E+08   0.164931E+08   0.164990E+08  -0.409951E+00   0.135646E+08   0.135646E+08   0.142918E+02   0.248206E+06   0.361265E-01  -0.617190E+14
   0.242687E-04   0.164980E+08   0.164980E+08   0.219100E+08   0.219075E+08   0.165001E+08   0.164980E+08   0.164980E+08   0.165039E+08  -0.410072E+00   0.135656E+08   0.135656E+08   0.157784E+02   0.203513E+06   0.367173E-01  -0.558996E+14
   0.267970E-04   0.165040E+08   0.165040E+08   0.218989E+08   0.218958E+08   0.165059E+08   0.165040E+08   0.165040E+08   0.165098E+08  -0.410220E+00   0.135667E+08   0.135667E+08   0.174192E+02   0.166856E+06   0.374360E-01  -0.506296E+14
   0.295888E-04   0.165112E+08   0.165112E+08   0.218852E+08   0.218814E+08   0.165131E+08   0.165112E+08   0.165112E+08   0.165170E+08  -0.410399E+00   0.135681E+08   0.135681E+08   0.192297E+02   0.136791E+06   0.383099E-01  -0.458573E+14
   0.326714E-04   0.165200E+08   0.165200E+08   0.218686E+08   0.218640E+08   0.165218E+08   0.165200E+08   0.165200E+08   0.165258E+08  -0.410617E+00   0.135698E+08   0.135698E+08   0.212275E+02   0.112131E+06   0.393717E-01  -0.415358E+14
   0.360752E-04   0.165307E+08   0.165307E+08   0.218483E+08   0.218427E+08   0.165324E+08   0.165307E+08   0.165307E+08   0.165365E+08  -0.410882E+00   0.135719E+08   0.135719E+08   0.234314E+02   0.919058E+05   0.406611E-01  -0.376225E+14
   0.398336E-04   0.165437E+08   0.165437E+08   0.218235E+08   0.218167E+08   0.165453E+08   0.165437E+08   0.165437E+08   0.165495E+08  -0.411204E+00   0.135744E+08   0.135744E+08   0.258622E+02   0.753172E+05   0.422252E-01  -0.340791E+14
   0.439836E-04   0.165595E+08   0.165594E+08   0.217934E+08   0.217851E+08   0.165609E+08   0.165595E+08   0.165595E+08   0.165653E+08  -0.411596E+00   0.135775E+08   0.135775E+08   0.285428E+02   0.617115E+05   0.441207E-01  -0.308706E+14
   0.485659E-04   0.165786E+08   0.165786E+08   0.217566E+08   0.217465E+08   0.165799E+08   0.165786E+08   0.165786E+08   0.165844E+08  -0.412071E+00   0.135812E+08   0.135812E+08   0.314980E+02   0.505526E+05   0.464148E-01  -0.279655E+14
   0.536256E-04   0.166019E+08   0.166018E+08   0.217117E+08   0.216995E+08   0.166029E+08   0.166019E+08   0.166018E+08   0.166077E+08  -0.412647E+00   0.135857E+08   0.135857E+08   0.347545E+02   0.414005E+05   0.491869E-01  -0.253353E+14
   0.592125E-04   0.166300E+08   0.166300E+08   0.216570E+08   0.216421E+08   0.166308E+08   0.166300E+08   0.166300E+08   0.166358E+08  -0.413345E+00   0.135912E+08   0.135912E+08   0.383418E+02   0.338946E+05   0.525302E-01  -0.229541E+14
   0.653814E-04   0.166640E+08   0.166640E+08   0.215904E+08   0.215722E+08   0.166645E+08   0.166640E+08   0.166640E+08   0.166698E+08  -0.414189E+00   0.135978E+08   0.135977E+08   0.422912E+02   0.277388E+05   0.565532E-01  -0.207984E+14
   0.721930E-04   0.167051E+08   0.167051E+08   0.215091E+08   0.214870E+08   0.167052E+08   0.167051E+08   0.167051E+08   0.167108E+08  -0.415207E+00   0.136057E+08   0.136057E+08   0.466365E+02   0.226907E+05   0.613807E-01  -0.188470E+14
   0.797142E-04   0.167546E+08   0.167546E+08   0.214100E+08   0.213832E+08   0.167542E+08   0.167546E+08   0.167546E+08   0.167603E+08  -0.416435E+00   0.136153E+08   0.136153E+08   0.514138E+02   0.185512E+05   0.671543E-01  -0.170807E+14
   0.880190E-04   0.168141E+08   0.168140E+08   0.212892E+08   0.212568E+08   0.168131E+08   0.168141E+08   0.168141E+08   0.168198E+08  -0.417910E+00   0.136267E+08   0.136267E+08   0.566607E+02   0.151571E+05   0.740322E-01  -0.154822E+14
   0.971891E-04   0.168853E+08   0.168853E+08   0.211420E+08   0.211027E+08   0.168836E+08   0.168853E+08   0.168853E+08   0.168910E+08  -0.419676E+00   0.136405E+08   0.136405E+08   0.624169E+02   0.123746E+05   0.821869E-01  -0.140355E+14
   0.107314E-03   0.169704E+08   0.169703E+08   0.209627E+08   0.209153E+08   0.169678E+08   0.169704E+08   0.169704E+08   0.169760E+08  -0.421786E+00   0.136568E+08   0.136568E+08   0.687226E+02   0.100939E+05   0.918016E-01  -0.127265E+14
   0.118495E-03   0.170715E+08   0.170714E+08   0.207445E+08   0.206873E+08   0.170679E+08   0.170715E+08   0.170715E+08   0.170770E+08  -0.424292E+00   0.136762E+08   0.136762E+08   0.756181E+02   0.822501E+04   0.103063E+00  -0.115421E+14
   0.130840E-03   0.171910E+08   0.171909E+08   0.204791E+08   0.204102E+08   0.171861E+08   0.171910E+08   0.171910E+08   0.171965E+08  -0.427256E+00   0.136991E+08   0.136991E+08   0.831424E+02   0.669424E+04   0.116152E+00  -0.104705E+14
   0.144471E-03   0.173315E+08   0.173314E+08   0.201568E+08   0.200742E+08   0.173250E+08   0.173315E+08   0.173315E+08   0.173368E+08  -0.430739E+00   0.137259E+08   0.137259E+08   0.913313E+02   0.544103E+04   0.131229E+00  -0.950114E+13
   0.159522E-03   0.174954E+08   0.174952E+08   0.197662E+08   0.196673E+08   0.174870E+08   0.174953E+08   0.174954E+08   0.175006E+08  -0.434801E+00   0.137570E+08   0.137569E+08   0.100214E+03   0.441578E+04   0.148418E+00  -0.862416E+13
   0.176142E-03   0.176850E+08   0.176848E+08   0.192940E+08   0.191763E+08   0.176742E+08   0.176849E+08   0.176849E+08   0.176900E+08  -0.439501E+00   0.137927E+08   0.137926E+08   0.109813E+03   0.357778E+04   0.167785E+00  -0.783073E+13
   0.194493E-03   0.179021E+08   0.179019E+08   0.187255E+08   0.185860E+08   0.178885E+08   0.179020E+08   0.179021E+08   0.179070E+08  -0.444882E+00   0.138333E+08   0.138332E+08   0.120132E+03   0.289363E+04   0.189320E+00  -0.711275E+13
   0.214755E-03   0.181480E+08   0.181477E+08   0.180444E+08   0.178803E+08   0.181309E+08   0.181478E+08   0.181479E+08   0.181526E+08  -0.450976E+00   0.138788E+08   0.138787E+08   0.131161E+03   0.233590E+04   0.212915E+00  -0.646282E+13
   0.237129E-03   0.184227E+08   0.184224E+08   0.172344E+08   0.170427E+08   0.184014E+08   0.184226E+08   0.184227E+08   0.184272E+08  -0.457785E+00   0.139289E+08   0.139288E+08   0.142859E+03   0.188201E+04   0.238356E+00  -0.587417E+13
   0.261834E-03   0.187253E+08   0.187248E+08   0.162798E+08   0.160581E+08   0.186988E+08   0.187251E+08   0.187252E+08   0.187294E+08  -0.465280E+00   0.139831E+08   0.139830E+08   0.155151E+03   0.151341E+04   0.265313E+00  -0.534064E+13
   0.289112E-03   0.190528E+08   0.190523E+08   0.151685E+08   0.149153E+08   0.190201E+08   0.190526E+08   0.190527E+08   0.190566E+08  -0.473395E+00   0.140405E+08   0.140404E+08   0.167918E+03   0.121476E+04   0.293360E+00  -0.485659E+13
   0.319233E-03   0.194010E+08   0.194003E+08   0.138954E+08   0.136104E+08   0.193606E+08   0.194007E+08   0.194009E+08   0.194044E+08  -0.482017E+00   0.140997E+08   0.140995E+08   0.180984E+03   0.973403E+03   0.321987E+00  -0.441691E+13
   0.352491E-03   0.197635E+08   0.197627E+08   0.124664E+08   0.121516E+08   0.197138E+08   0.197631E+08   0.197633E+08   0.197664E+08  -0.490993E+00   0.141590E+08   0.141588E+08   0.194108E+03   0.778880E+03   0.350644E+00  -0.401698E+13
   0.389215E-03   0.201327E+08   0.201318E+08   0.109040E+08   0.105643E+08   0.200718E+08   0.201322E+08   0.201325E+08   0.201351E+08  -0.500132E+00   0.142163E+08   0.142161E+08   0.206974E+03   0.622527E+03   0.378778E+00  -0.365269E+13
   0.429764E-03   0.204999E+08   0.204988E+08   0.925174E+07   0.889591E+07   0.204253E+08   0.204994E+08   0.204997E+08   0.205018E+08  -0.509219E+00   0.142696E+08   0.142693E+08   0.219191E+03   0.497179E+03   0.405878E+00  -0.332043E+13
   0.474538E-03   0.208561E+08   0.208548E+08   0.757776E+07   0.721888E+07   0.207650E+08   0.208555E+08   0.208559E+08   0.208575E+08  -0.518030E+00   0.143165E+08   0.143162E+08   0.230294E+03   0.396926E+03   0.431506E+00  -0.301704E+13
   0.523976E-03   0.211927E+08   0.211912E+08   0.597270E+07   0.562817E+07   0.210816E+08   0.211920E+08   0.211925E+08   0.211935E+08  -0.526354E+00   0.143554E+08   0.143551E+08   0.239766E+03   0.316903E+03   0.455327E+00  -0.273980E+13
   0.578566E-03   0.215023E+08   0.215006E+08   0.454040E+07   0.423076E+07   0.213669E+08   0.215014E+08   0.215020E+08   0.215026E+08  -0.534005E+00   0.143849E+08   0.143844E+08   0.247069E+03   0.253129E+03   0.477116E+00  -0.248638E+13
   0.638842E-03   0.217792E+08   0.217772E+08   0.337830E+07   0.312444E+07   0.216145E+08   0.217781E+08   0.217789E+08   0.217790E+08  -0.540846E+00   0.144040E+08   0.144035E+08   0.251700E+03   0.202355E+03   0.496755E+00  -0.225477E+13
   0.705398E-03   0.220197E+08   0.220174E+08   0.254832E+07   0.236713E+07   0.218198E+08   0.220184E+08   0.220193E+08   0.220191E+08  -0.546788E+00   0.144125E+08   0.144120E+08   0.253251E+03   0.161951E+03   0.514226E+00  -0.204323E+13
   0.778888E-03   0.222223E+08   0.222196E+08   0.204600E+07   0.194501E+07   0.219801E+08   0.222207E+08   0.222218E+08   0.222212E+08  -0.551790E+00   0.144107E+08   0.144101E+08   0.251481E+03   0.129795E+03   0.529586E+00  -0.185022E+13
   0.860035E-03   0.223870E+08   0.223840E+08   0.178433E+07   0.175757E+07   0.220943E+08   0.223851E+08   0.223865E+08   0.223856E+08  -0.555857E+00   0.143993E+08   0.143986E+08   0.246352E+03   0.104188E+03   0.542951E+00  -0.167431E+13
   0.949635E-03   0.225154E+08   0.225121E+08   0.161444E+07   0.164252E+07   0.221625E+08   0.225132E+08   0.225149E+08   0.225136E+08  -0.559025E+00   0.143790E+08   0.143783E+08   0.238040E+03   0.837713E+02   0.554477E+00  -0.151420E+13
   0.104857E-02   0.226098E+08   0.226063E+08   0.139412E+07   0.145114E+07   0.221854E+08   0.226072E+08   0.226092E+08   0.226076E+08  -0.561350E+00   0.143507E+08   0.143500E+08   0.226878E+03   0.674661E+02   0.564338E+00  -0.136864E+13
   0.115781E-02   0.226729E+08   0.226691E+08   0.107749E+07   0.114345E+07   0.221641E+08   0.226698E+08   0.226723E+08   0.226701E+08  -0.562898E+00   0.143153E+08   0.143145E+08   0.213289E+03   0.544189E+02   0.572719E+00  -0.123644E+13
   0.127844E-02   0.227073E+08   0.227033E+08   0.749180E+06   0.820249E+06   0.220998E+08   0.227038E+08   0.227066E+08   0.227040E+08  -0.563733E+00   0.142731E+08   0.142723E+08   0.197752E+03   0.439570E+02   0.579798E+00  -0.111648E+13
   0.141163E-02   0.227155E+08   0.227114E+08   0.531663E+06   0.618289E+06   0.219941E+08   0.227114E+08   0.227148E+08   0.227115E+08  -0.563915E+00   0.142244E+08   0.142236E+08   0.180850E+03   0.355515E+02   0.585750E+00  -0.100769E+13
   0.155869E-02   0.226993E+08   0.226951E+08   0.427256E+06   0.571103E+06   0.218479E+08   0.226946E+08   0.226986E+08   0.226947E+08  -0.563492E+00   0.141692E+08   0.141685E+08   0.163344E+03   0.287840E+02   0.590731E+00  -0.909071E+12
   0.172108E-02   0.226603E+08   0.226561E+08   0.316119E+06   0.467612E+06   0.216616E+08   0.226548E+08   0.226596E+08   0.226549E+08  -0.562501E+00   0.141073E+08   0.141066E+08   0.146132E+03   0.233267E+02   0.594886E+00  -0.819700E+12
   0.190039E-02   0.225993E+08   0.225951E+08   0.174905E+06   0.382502E+06   0.214363E+08   0.225931E+08   0.225986E+08   0.225932E+08  -0.560965E+00   0.140381E+08   0.140374E+08   0.130045E+03   0.189164E+02   0.598338E+00  -0.738719E+12
   0.209838E-02   0.225169E+08   0.225127E+08   0.123288E+06   0.312583E+06   0.211728E+08   0.225098E+08   0.225162E+08   0.225099E+08  -0.558894E+00   0.139610E+08   0.139603E+08   0.115678E+03   0.153467E+02   0.601198E+00  -0.665344E+12
   0.231699E-02   0.224130E+08   0.224088E+08   0.132316E+06   0.255197E+06   0.208720E+08   0.224050E+08   0.224123E+08   0.224051E+08  -0.556290E+00   0.138752E+08   0.138744E+08   0.103373E+03   0.124537E+02   0.603562E+00  -0.598861E+12
   0.255838E-02   0.222874E+08   0.222831E+08   0.959575E+05   0.208139E+06   0.205348E+08   0.222784E+08   0.222867E+08   0.222785E+08  -0.553146E+00   0.137797E+08   0.137790E+08   0.931109E+02   0.101062E+02   0.605512E+00  -0.538625E+12
   0.282492E-02   0.221396E+08   0.221351E+08   0.898621E+05   0.169583E+06   0.201621E+08   0.221295E+08   0.221389E+08   0.221296E+08  -0.549447E+00   0.136736E+08   0.136729E+08   0.844313E+02   0.819967E+01   0.607117E+00  -0.484049E+12
   0.311923E-02   0.219688E+08   0.219641E+08   0.655638E+05   0.138018E+06   0.197540E+08   0.219575E+08   0.219680E+08   0.219576E+08  -0.545176E+00   0.135560E+08   0.135553E+08   0.766988E+02   0.665034E+01   0.608434E+00  -0.434606E+12
   0.344419E-02   0.217740E+08   0.217690E+08   0.416438E+05   0.112198E+06   0.193100E+08   0.217615E+08   0.217732E+08   0.217616E+08  -0.540308E+00   0.134257E+08   0.134250E+08   0.693867E+02   0.539064E+01   0.609514E+00  -0.389819E+12
   0.380302E-02   0.215543E+08   0.215490E+08   0.224619E+05   0.910954E+05   0.188294E+08   0.215405E+08   0.215534E+08   0.215405E+08  -0.534820E+00   0.132819E+08   0.132812E+08   0.623680E+02   0.436632E+01   0.610396E+00  -0.349256E+12
   0.419923E-02   0.213084E+08   0.213028E+08   0.283535E+05   0.738636E+05   0.183116E+08   0.212933E+08   0.213074E+08   0.212933E+08  -0.528680E+00   0.131234E+08   0.131227E+08   0.558920E+02   0.353338E+01   0.611115E+00  -0.312529E+12
   0.463671E-02   0.210351E+08   0.210291E+08   0.231675E+05   0.598055E+05   0.177560E+08   0.210186E+08   0.210341E+08   0.210186E+08  -0.521860E+00   0.129493E+08   0.129486E+08   0.502233E+02   0.285621E+01   0.611699E+00  -0.279286E+12
   0.511978E-02   0.207332E+08   0.207266E+08   0.129972E+05   0.483480E+05   0.171642E+08   0.207152E+08   0.207321E+08   0.207152E+08  -0.514327E+00   0.127586E+08   0.127579E+08   0.452828E+02   0.230590E+01   0.612171E+00  -0.249209E+12
   0.565317E-02   0.204018E+08   0.203947E+08   0.974926E+04   0.390209E+05   0.165126E+08   0.203822E+08   0.204006E+08   0.203822E+08  -0.506059E+00   0.125505E+08   0.125498E+08   0.407737E+02   0.185895E+01   0.612548E+00  -0.222014E+12
   0.624213E-02   0.200384E+08   0.200306E+08   0.605866E+04   0.314345E+05   0.158337E+08   0.200172E+08   0.200371E+08   0.200172E+08  -0.496996E+00   0.123234E+08   0.123227E+08   0.366040E+02   0.149614E+01   0.612850E+00  -0.197429E+12
   0.689245E-02   0.196422E+08   0.196334E+08   0.621390E+03   0.252724E+05   0.151153E+08   0.196193E+08   0.196407E+08   0.196193E+08  -0.487116E+00   0.120766E+08   0.120759E+08   0.329073E+02   0.120192E+01   0.613088E+00  -0.175220E+12
   0.761052E-02   0.192116E+08   0.192018E+08  -0.114048E+04   0.202738E+05   0.143661E+08   0.191870E+08   0.192100E+08   0.191870E+08  -0.476384E+00   0.118092E+08   0.118085E+08   0.296335E+02   0.963560E+00   0.613273E+00  -0.155173E+12
   0.840340E-02   0.187453E+08   0.187342E+08   0.198962E+04   0.162247E+05   0.135946E+08   0.187190E+08   0.187434E+08   0.187190E+08  -0.464764E+00   0.115201E+08   0.115194E+08   0.266617E+02   0.770699E+00   0.613416E+00  -0.137092E+12
   0.927889E-02   0.182419E+08   0.182293E+08  -0.173875E+03   0.129498E+05   0.128003E+08   0.182140E+08   0.182397E+08   0.182140E+08  -0.452225E+00   0.112086E+08   0.112079E+08   0.240213E+02   0.614861E+00   0.613524E+00  -0.120800E+12
   0.102456E-01   0.177001E+08   0.176857E+08   0.347714E+03   0.103057E+05   0.119834E+08   0.176706E+08   0.176977E+08   0.176706E+08  -0.438733E+00   0.108737E+08   0.108731E+08   0.216669E+02   0.489133E+00   0.613602E+00  -0.106134E+12
   0.113130E-01   0.171185E+08   0.171021E+08  -0.116129E+03   0.817481E+04   0.111507E+08   0.170875E+08   0.171157E+08   0.170875E+08  -0.424255E+00   0.105146E+08   0.105140E+08   0.195674E+02   0.387872E+00   0.613656E+00  -0.929453E+11
   0.124916E-01   0.164958E+08   0.164771E+08   0.311403E+03   0.646089E+04   0.103098E+08   0.164634E+08   0.164927E+08   0.164634E+08  -0.408761E+00   0.101305E+08   0.101298E+08   0.177007E+02   0.306469E+00   0.613691E+00  -0.811004E+11
   0.137930E-01   0.158312E+08   0.158098E+08  -0.378792E+03   0.508551E+04   0.946684E+07   0.157975E+08   0.158276E+08   0.157975E+08  -0.392227E+00   0.972074E+07   0.972007E+07   0.160387E+02   0.241176E+00   0.613710E+00  -0.704775E+11
   0.152300E-01   0.151241E+08   0.150996E+08   0.647712E+03   0.398464E+04   0.862448E+07   0.150893E+08   0.151200E+08   0.150893E+08  -0.374642E+00   0.928501E+07   0.928434E+07   0.145547E+02   0.188932E+00   0.613715E+00  -0.609667E+11
   0.168167E-01   0.143914E+08   0.143635E+08   0.370359E+02   0.310969E+04   0.780193E+07   0.143556E+08   0.143867E+08   0.143556E+08  -0.356425E+00   0.883369E+07   0.883302E+07   0.132349E+02   0.147424E+00   0.613710E+00  -0.525305E+11
   0.185687E-01   0.136047E+08   0.135731E+08  -0.187846E+03   0.241098E+04   0.698777E+07   0.135681E+08   0.135994E+08   0.135681E+08  -0.336874E+00   0.834936E+07   0.834869E+07   0.120321E+02   0.114285E+00   0.613697E+00  -0.449657E+11
   0.205033E-01   0.127810E+08   0.127456E+08   0.565267E+03   0.185761E+04   0.619823E+07   0.127439E+08   0.127750E+08   0.127439E+08  -0.316411E+00   0.784244E+07   0.784177E+07   0.109299E+02   0.880462E-01   0.613677E+00  -0.382506E+11
   0.226393E-01   0.119137E+08   0.118745E+08   0.154288E+03   0.142010E+04   0.543539E+07   0.118765E+08   0.119071E+08   0.118765E+08  -0.294874E+00   0.730893E+07   0.730826E+07   0.989658E+01   0.673044E-01   0.613653E+00  -0.322849E+11
   0.249980E-01   0.110339E+08   0.109911E+08   0.997967E+02   0.107864E+04   0.471862E+07   0.109969E+08   0.110268E+08   0.109969E+08  -0.273035E+00   0.676790E+07   0.676723E+07   0.891543E+01   0.511189E-01   0.613625E+00  -0.270744E+11
   0.276023E-01   0.101521E+08   0.101063E+08   0.127388E+03   0.813904E+03   0.405401E+07   0.101156E+08   0.101444E+08   0.101156E+08  -0.251153E+00   0.622579E+07   0.622513E+07   0.796377E+01   0.385714E-01   0.613595E+00  -0.225557E+11
   0.304780E-01   0.927204E+07   0.922415E+07   0.692086E+02   0.609626E+03   0.344380E+07   0.923645E+07   0.926400E+07   0.923645E+07  -0.229326E+00   0.568499E+07   0.568435E+07   0.701545E+01   0.288901E-01   0.613563E+00  -0.186531E+11
   0.336533E-01   0.841764E+07   0.836915E+07   0.443782E+02   0.453893E+03   0.289611E+07   0.838340E+07   0.840950E+07   0.838340E+07  -0.208146E+00   0.516021E+07   0.515960E+07   0.606085E+01   0.215099E-01   0.613530E+00  -0.153337E+11
   0.371593E-01   0.761974E+07   0.757252E+07   0.840837E+01   0.336969E+03   0.241829E+07   0.758723E+07   0.761181E+07   0.758723E+07  -0.188379E+00   0.467038E+07   0.466982E+07   0.510227E+01   0.159691E-01   0.613497E+00  -0.125687E+11
   0.410307E-01   0.689790E+07   0.685409E+07  -0.361123E+00   0.250192E+03   0.201064E+07   0.686745E+07   0.689055E+07   0.686745E+07  -0.170508E+00   0.422753E+07   0.422702E+07   0.415340E+01   0.118570E-01   0.613464E+00  -0.103035E+11
   0.451338E-01   0.629561E+07   0.625706E+07   0.188724E+03   0.188724E+03   0.168374E+07   0.626734E+07   0.628914E+07   0.626734E+07  -0.155608E+00   0.385835E+07   0.385791E+07   0.325005E+01   0.894347E-02   0.613441E+00  -0.854885E+10
   0.492368E-01   0.581931E+07   0.578687E+07   0.146596E+03   0.146596E+03   0.143320E+07   0.579313E+07   0.581386E+07   0.579313E+07  -0.143834E+00   0.356657E+07   0.356619E+07   0.252571E+01   0.694732E-02   0.613413E+00  -0.724384E+10
   0.533399E-01   0.543555E+07   0.540922E+07   0.116687E+03   0.116687E+03   0.123660E+07   0.541128E+07   0.543113E+07   0.541128E+07  -0.134353E+00   0.333161E+07   0.333130E+07   0.194882E+01   0.553011E-02   0.613389E+00  -0.624613E+10
   0.574430E-01   0.511245E+07   0.509146E+07   0.946441E+02   0.946441E+02   0.107726E+07   0.508984E+07   0.510892E+07   0.508984E+07  -0.126372E+00   0.313382E+07   0.313356E+07   0.151533E+01   0.448559E-02   0.613367E+00  -0.545566E+10
   0.615460E-01   0.482508E+07   0.480820E+07   0.778193E+02   0.778193E+02   0.943825E+06   0.480390E+07   0.482225E+07   0.480390E+07  -0.119273E+00   0.295786E+07   0.295763E+07   0.121184E+01   0.368833E-02   0.613347E+00  -0.480605E+10
   0.656491E-01   0.455426E+07   0.453999E+07   0.645609E+02   0.645609E+02   0.828623E+06   0.453424E+07   0.455186E+07   0.453424E+07  -0.112578E+00   0.279191E+07   0.279171E+07   0.101713E+01   0.306004E-02   0.613329E+00  -0.425289E+10
   0.697522E-01   0.428637E+07   0.427325E+07   0.538255E+02   0.538255E+02   0.726689E+06   0.426733E+07   0.428416E+07   0.426733E+07  -0.105951E+00   0.262764E+07   0.262745E+07   0.905059E+00   0.255130E-02   0.613313E+00  -0.376720E+10
   0.738552E-01   0.402367E+07   0.401050E+07   0.450670E+02   0.450670E+02   0.636695E+06   0.400544E+07   0.402146E+07   0.400544E+07  -0.994485E-01   0.246645E+07   0.246626E+07   0.849623E+00   0.213621E-02   0.613299E+00  -0.333966E+10
   0.779583E-01   0.375772E+07   0.374370E+07   0.377716E+02   0.377716E+02   0.555882E+06   0.374022E+07   0.375537E+07   0.374022E+07  -0.928636E-01   0.230319E+07   0.230300E+07   0.823894E+00   0.179045E-02   0.613285E+00  -0.295446E+10
   0.820614E-01   0.350151E+07   0.348628E+07   0.317613E+02   0.317613E+02   0.485027E+06   0.348469E+07   0.349895E+07   0.348469E+07  -0.865190E-01   0.214589E+07   0.214569E+07   0.808204E+00   0.150559E-02   0.613273E+00  -0.261504E+10
   0.861644E-01   0.326210E+07   0.324577E+07   0.268358E+02   0.268358E+02   0.423808E+06   0.324594E+07   0.325936E+07   0.324594E+07  -0.805914E-01   0.199891E+07   0.199871E+07   0.787620E+00   0.127213E-02   0.613262E+00  -0.231993E+10
   0.912856E-01   0.299589E+07   0.297881E+07   0.219555E+02   0.219555E+02   0.360119E+06   0.298057E+07   0.299303E+07   0.298057E+07  -0.740025E-01   0.183553E+07   0.183533E+07   0.742566E+00   0.104081E-02   0.613249E+00  -0.201080E+10
   0.964067E-01   0.277392E+07   0.275709E+07   0.182253E+02   0.182253E+02   0.309287E+06   0.275944E+07   0.277109E+07   0.275944E+07  -0.685124E-01   0.169940E+07   0.169920E+07   0.672929E+00   0.863992E-03   0.613238E+00  -0.176277E+10
   0.101528E+00   0.259891E+07   0.258335E+07   0.153965E+02   0.153965E+02   0.269456E+06   0.258528E+07   0.259630E+07   0.258528E+07  -0.641883E-01   0.159217E+07   0.159199E+07   0.585260E+00   0.729901E-03   0.613227E+00  -0.156824E+10
   0.106649E+00   0.246447E+07   0.245089E+07   0.132326E+02   0.132326E+02   0.238190E+06   0.245167E+07   0.246219E+07   0.245167E+07  -0.608708E-01   0.150991E+07   0.150975E+07   0.491468E+00   0.627328E-03   0.613218E+00  -0.141580E+10
   0.111770E+00   0.235735E+07   0.234600E+07   0.115255E+02   0.115255E+02   0.212916E+06   0.234531E+07   0.235545E+07   0.234531E+07  -0.582301E-01   0.144442E+07   0.144429E+07   0.404055E+00   0.546403E-03   0.613209E+00  -0.129234E+10
   0.116891E+00   0.226323E+07   0.225392E+07   0.101182E+02   0.101182E+02   0.191522E+06   0.225187E+07   0.226167E+07   0.225187E+07  -0.559103E-01   0.138689E+07   0.138678E+07   0.332661E+00   0.479689E-03   0.613202E+00  -0.118651E+10
   0.122012E+00   0.217094E+07   0.216311E+07   0.890870E+01   0.890870E+01   0.172586E+06   0.216018E+07   0.216963E+07   0.216018E+07  -0.536336E-01   0.133043E+07   0.133033E+07   0.282138E+00   0.422351E-03   0.613195E+00  -0.109043E+10
   0.127134E+00   0.207392E+07   0.206686E+07   0.783901E+01   0.783901E+01   0.155314E+06   0.206366E+07   0.207274E+07   0.206366E+07  -0.512373E-01   0.127100E+07   0.127091E+07   0.252215E+00   0.371640E-03   0.613188E+00  -0.999763E+09
   0.132255E+00   0.197037E+07   0.196342E+07   0.688186E+01   0.688186E+01   0.139381E+06   0.196054E+07   0.196920E+07   0.196054E+07  -0.486770E-01   0.120751E+07   0.120741E+07   0.238538E+00   0.326264E-03   0.613182E+00  -0.913037E+09
   0.137376E+00   0.186241E+07   0.185509E+07   0.602843E+01   0.602843E+01   0.124758E+06   0.185296E+07   0.186118E+07   0.185296E+07  -0.460059E-01   0.114126E+07   0.114116E+07   0.234529E+00   0.285806E-03   0.613177E+00  -0.830773E+09
   0.142497E+00   0.175468E+07   0.174681E+07   0.527833E+01   0.527833E+01   0.111562E+06   0.174559E+07   0.175336E+07   0.174559E+07  -0.433401E-01   0.107513E+07   0.107503E+07   0.233406E+00   0.250246E-03   0.613172E+00  -0.754512E+09
   0.147618E+00   0.165312E+07   0.164478E+07   0.463334E+01   0.463334E+01   0.999536E+05   0.164437E+07   0.165172E+07   0.164437E+07  -0.408271E-01   0.101280E+07   0.101270E+07   0.229838E+00   0.219669E-03   0.613168E+00  -0.686111E+09
   0.152739E+00   0.156333E+07   0.155481E+07   0.409251E+01   0.409251E+01   0.900439E+05   0.155494E+07   0.156190E+07   0.155494E+07  -0.386065E-01   0.957724E+06   0.957623E+06   0.220854E+00   0.194030E-03   0.613164E+00  -0.627044E+09
   0.157860E+00   0.148843E+07   0.148009E+07   0.364762E+01   0.364762E+01   0.817866E+05   0.148038E+07   0.148703E+07   0.148038E+07  -0.367553E-01   0.911807E+06   0.911710E+06   0.205950E+00   0.172940E-03   0.613160E+00  -0.577614E+09
   0.162982E+00   0.142784E+07   0.142004E+07   0.328279E+01   0.328279E+01   0.749525E+05   0.142014E+07   0.142654E+07   0.142014E+07  -0.352597E-01   0.874709E+06   0.874618E+06   0.186582E+00   0.155644E-03   0.613157E+00  -0.536702E+09
   0.168103E+00   0.137844E+07   0.137140E+07   0.297923E+01   0.297923E+01   0.692190E+05   0.137107E+07   0.137726E+07   0.137107E+07  -0.340414E-01   0.844490E+06   0.844406E+06   0.165350E+00   0.141253E-03   0.613153E+00  -0.502376E+09
   0.173224E+00   0.133625E+07   0.133005E+07   0.272002E+01   0.272002E+01   0.642739E+05   0.132920E+07   0.133521E+07   0.132920E+07  -0.330017E-01   0.818702E+06   0.818626E+06   0.145096E+00   0.128964E-03   0.613150E+00  -0.472636E+09
   0.178345E+00   0.129725E+07   0.129178E+07   0.249133E+01   0.249133E+01   0.598483E+05   0.129048E+07   0.129633E+07   0.129048E+07  -0.320405E-01   0.794858E+06   0.794790E+06   0.128096E+00   0.118123E-03   0.613148E+00  -0.445696E+09
   0.183466E+00   0.125770E+07   0.125277E+07   0.228254E+01   0.228254E+01   0.557241E+05   0.125119E+07   0.125687E+07   0.125119E+07  -0.310650E-01   0.770661E+06   0.770597E+06   0.115558E+00   0.108224E-03   0.613145E+00  -0.420066E+09
   0.188587E+00   0.121520E+07   0.121055E+07   0.208728E+01   0.208728E+01   0.517702E+05   0.120892E+07   0.121442E+07   0.120892E+07  -0.300154E-01   0.744626E+06   0.744565E+06   0.107536E+00   0.989669E-04   0.613143E+00  -0.394853E+09
   0.193708E+00   0.116950E+07   0.116491E+07   0.190395E+01   0.190395E+01   0.479613E+05   0.116343E+07   0.116873E+07   0.116343E+07  -0.288859E-01   0.716608E+06   0.716548E+06   0.103155E+00   0.902748E-04   0.613141E+00  -0.369950E+09
   0.198830E+00   0.112211E+07   0.111741E+07   0.173382E+01   0.173382E+01   0.443439E+05   0.111622E+07   0.112132E+07   0.111622E+07  -0.277139E-01   0.687536E+06   0.687476E+06   0.100998E+00   0.822091E-04   0.613139E+00  -0.345799E+09
   0.203951E+00   0.107511E+07   0.107025E+07   0.157873E+01   0.157873E+01   0.409787E+05   0.106940E+07   0.107429E+07   0.106940E+07  -0.265515E-01   0.658700E+06   0.658639E+06   0.995269E-01   0.748563E-04   0.613137E+00  -0.322977E+09
   0.209072E+00   0.103053E+07   0.102554E+07   0.143997E+01   0.143997E+01   0.379145E+05   0.102500E+07   0.102969E+07   0.102500E+07  -0.254490E-01   0.631353E+06   0.631292E+06   0.974732E-01   0.682775E-04   0.613135E+00  -0.301985E+09
   0.214193E+00   0.990112E+06   0.985096E+06   0.131808E+01   0.131808E+01   0.351813E+05   0.984755E+06   0.989270E+06   0.984755E+06  -0.244498E-01   0.606566E+06   0.606506E+06   0.940924E-01   0.624985E-04   0.613133E+00  -0.283192E+09
   0.219314E+00   0.954898E+06   0.949986E+06   0.121251E+01   0.121251E+01   0.327799E+05   0.949713E+06   0.954073E+06   0.949713E+06  -0.235798E-01   0.584984E+06   0.584925E+06   0.892287E-01   0.574935E-04   0.613132E+00  -0.266739E+09
   0.224435E+00   0.924879E+06   0.920193E+06   0.112143E+01   0.112143E+01   0.306754E+05   0.919864E+06   0.924092E+06   0.919864E+06  -0.228387E-01   0.566600E+06   0.566544E+06   0.832164E-01   0.531751E-04   0.613130E+00  -0.252461E+09
   0.229556E+00   0.899095E+06   0.894716E+06   0.104210E+01   0.104210E+01   0.288068E+05   0.894244E+06   0.898360E+06   0.894244E+06  -0.222026E-01   0.550820E+06   0.550768E+06   0.766879E-01   0.494143E-04   0.613129E+00  -0.239955E+09
   0.234678E+00   0.876084E+06   0.872036E+06   0.971634E+00   0.971634E+00   0.271074E+05   0.871389E+06   0.875404E+06   0.871389E+06  -0.216352E-01   0.536744E+06   0.536694E+06   0.703543E-01   0.460736E-04   0.613127E+00  -0.228720E+09
   0.239799E+00   0.854290E+06   0.850544E+06   0.907463E+00   0.907463E+00   0.255178E+05   0.849741E+06   0.853661E+06   0.849741E+06  -0.210977E-01   0.523411E+06   0.523364E+06   0.648092E-01   0.430312E-04   0.613126E+00  -0.218276E+09
   0.244920E+00   0.832394E+06   0.828880E+06   0.847638E+00   0.847638E+00   0.239959E+05   0.827981E+06   0.831804E+06   0.827981E+06  -0.205574E-01   0.510008E+06   0.509964E+06   0.604000E-01   0.401947E-04   0.613125E+00  -0.208239E+09
   0.250041E+00   0.809628E+06   0.806257E+06   0.791037E+00   0.791037E+00   0.225217E+05   0.805340E+06   0.809062E+06   0.805340E+06  -0.199952E-01   0.496063E+06   0.496020E+06   0.571874E-01   0.375110E-04   0.613124E+00  -0.198397E+09
   0.255162E+00   0.785906E+06   0.782597E+06   0.737341E+00   0.737341E+00   0.210964E+05   0.781733E+06   0.785350E+06   0.781733E+06  -0.194091E-01   0.481524E+06   0.481482E+06   0.549834E-01   0.349649E-04   0.613123E+00  -0.188717E+09
   0.260283E+00   0.761668E+06   0.758362E+06   0.686743E+00   0.686743E+00   0.197344E+05   0.757605E+06   0.761113E+06   0.757605E+06  -0.188101E-01   0.466663E+06   0.466621E+06   0.534405E-01   0.325657E-04   0.613122E+00  -0.179294E+09
   0.265404E+00   0.737612E+06   0.734283E+06   0.639617E+00   0.639617E+00   0.184530E+05   0.733652E+06   0.737053E+06   0.733652E+06  -0.182154E-01   0.451910E+06   0.451868E+06   0.521623E-01   0.303311E-04   0.613120E+00  -0.170276E+09
   0.270526E+00   0.714493E+06   0.711150E+06   0.596317E+00   0.596317E+00   0.172678E+05   0.710635E+06   0.713932E+06   0.710635E+06  -0.176439E-01   0.437733E+06   0.437692E+06   0.508061E-01   0.282778E-04   0.613119E+00  -0.161812E+09
   0.275647E+00   0.692978E+06   0.689652E+06   0.557059E+00   0.557059E+00   0.161889E+05   0.689219E+06   0.692420E+06   0.689219E+06  -0.171122E-01   0.424543E+06   0.424502E+06   0.491535E-01   0.264162E-04   0.613118E+00  -0.154020E+09
   0.280768E+00   0.673462E+06   0.670197E+06   0.521798E+00   0.521798E+00   0.152187E+05   0.669801E+06   0.672914E+06   0.669801E+06  -0.166301E-01   0.412583E+06   0.412543E+06   0.471353E-01   0.247441E-04   0.613118E+00  -0.146951E+09
   0.285889E+00   0.655962E+06   0.652800E+06   0.490196E+00   0.490196E+00   0.143503E+05   0.652397E+06   0.655431E+06   0.652397E+06  -0.161979E-01   0.401863E+06   0.401824E+06   0.448156E-01   0.232455E-04   0.613117E+00  -0.140569E+09
   0.291010E+00   0.640168E+06   0.637140E+06   0.461711E+00   0.461711E+00   0.135706E+05   0.636697E+06   0.639660E+06   0.636697E+06  -0.158081E-01   0.392192E+06   0.392156E+06   0.423485E-01   0.218947E-04   0.613116E+00  -0.134772E+09
   0.296131E+00   0.625594E+06   0.622710E+06   0.435738E+00   0.435738E+00   0.128640E+05   0.622213E+06   0.625110E+06   0.622213E+06  -0.154485E-01   0.383271E+06   0.383236E+06   0.399219E-01   0.206631E-04   0.613115E+00  -0.129429E+09
   0.301252E+00   0.611709E+06   0.608960E+06   0.411712E+00   0.411712E+00   0.122149E+05   0.608412E+06   0.611247E+06   0.608412E+06  -0.151059E-01   0.374771E+06   0.374737E+06   0.377028E-01   0.195237E-04   0.613114E+00  -0.124407E+09
   0.306374E+00   0.598039E+06   0.595404E+06   0.389173E+00   0.389173E+00   0.116100E+05   0.594823E+06   0.597596E+06   0.594823E+06  -0.147685E-01   0.366400E+06   0.366367E+06   0.357994E-01   0.184549E-04   0.613113E+00  -0.119595E+09
   0.311495E+00   0.584269E+06   0.581718E+06   0.367816E+00   0.367816E+00   0.110396E+05   0.581130E+06   0.583841E+06   0.581130E+06  -0.144285E-01   0.357966E+06   0.357934E+06   0.342446E-01   0.174421E-04   0.613113E+00  -0.114921E+09
   0.316616E+00   0.570306E+06   0.567809E+06   0.347505E+00   0.347505E+00   0.104985E+05   0.567240E+06   0.569887E+06   0.567240E+06  -0.140836E-01   0.349410E+06   0.349379E+06   0.330017E-01   0.164789E-04   0.613112E+00  -0.110360E+09
   0.321737E+00   0.556265E+06   0.553798E+06   0.328242E+00   0.328242E+00   0.998560E+04   0.553267E+06   0.555851E+06   0.553267E+06  -0.137367E-01   0.340804E+06   0.340773E+06   0.319853E-01   0.155654E-04   0.613111E+00  -0.105929E+09
   0.326858E+00   0.542381E+06   0.539933E+06   0.310094E+00   0.310094E+00   0.950159E+04   0.539450E+06   0.541970E+06   0.539450E+06  -0.133936E-01   0.332293E+06   0.332262E+06   0.310890E-01   0.147049E-04   0.613111E+00  -0.101665E+09
   0.331979E+00   0.528920E+06   0.526490E+06   0.293137E+00   0.293137E+00   0.904767E+04   0.526053E+06   0.528512E+06   0.526053E+06  -0.130610E-01   0.324041E+06   0.324011E+06   0.302138E-01   0.139008E-04   0.613110E+00  -0.976110E+08
   0.337100E+00   0.516110E+06   0.513706E+06   0.277409E+00   0.277409E+00   0.862408E+04   0.513306E+06   0.515706E+06   0.513306E+06  -0.127445E-01   0.316190E+06   0.316160E+06   0.292896E-01   0.131550E-04   0.613110E+00  -0.937989E+08
   0.342222E+00   0.504094E+06   0.501731E+06   0.262901E+00   0.262901E+00   0.822973E+04   0.501353E+06   0.503697E+06   0.501353E+06  -0.124478E-01   0.308827E+06   0.308798E+06   0.282856E-01   0.124671E-04   0.613109E+00  -0.902436E+08
   0.347343E+00   0.492907E+06   0.490599E+06   0.249543E+00   0.249543E+00   0.786186E+04   0.490226E+06   0.492520E+06   0.490226E+06  -0.121715E-01   0.301973E+06   0.301945E+06   0.272092E-01   0.118337E-04   0.613109E+00  -0.869399E+08
   0.352464E+00   0.482471E+06   0.480228E+06   0.237214E+00   0.237214E+00   0.751654E+04   0.479848E+06   0.482094E+06   0.479848E+06  -0.119138E-01   0.295581E+06   0.295553E+06   0.260957E-01   0.112491E-04   0.613108E+00  -0.838631E+08
   0.357585E+00   0.472629E+06   0.470457E+06   0.225769E+00   0.225769E+00   0.718937E+04   0.470064E+06   0.472265E+06   0.470064E+06  -0.116709E-01   0.289554E+06   0.289527E+06   0.249943E-01   0.107064E-04   0.613108E+00  -0.809766E+08
   0.362706E+00   0.463199E+06   0.461096E+06   0.215062E+00   0.215062E+00   0.687653E+04   0.460688E+06   0.462846E+06   0.460688E+06  -0.114381E-01   0.283779E+06   0.283753E+06   0.239528E-01   0.101988E-04   0.613107E+00  -0.782410E+08
   0.367827E+00   0.454013E+06   0.451971E+06   0.204970E+00   0.204970E+00   0.657533E+04   0.451555E+06   0.453670E+06   0.451555E+06  -0.112114E-01   0.278153E+06   0.278128E+06   0.230062E-01   0.972023E-05   0.613107E+00  -0.756222E+08
   0.372948E+00   0.444944E+06   0.442954E+06   0.195398E+00   0.195398E+00   0.628432E+04   0.442536E+06   0.444610E+06   0.442536E+06  -0.109874E-01   0.272598E+06   0.272573E+06   0.221697E-01   0.926633E-05   0.613106E+00  -0.730942E+08
   0.378070E+00   0.435928E+06   0.433979E+06   0.186287E+00   0.186287E+00   0.600330E+04   0.433568E+06   0.435601E+06   0.433568E+06  -0.107648E-01   0.267074E+06   0.267050E+06   0.214380E-01   0.883431E-05   0.613106E+00  -0.706430E+08
   0.383191E+00   0.426974E+06   0.425057E+06   0.177616E+00   0.177616E+00   0.573299E+04   0.424660E+06   0.426652E+06   0.424660E+06  -0.105436E-01   0.261587E+06   0.261563E+06   0.207909E-01   0.842312E-05   0.613105E+00  -0.682670E+08
   0.388312E+00   0.418157E+06   0.416266E+06   0.169389E+00   0.169389E+00   0.547474E+04   0.415888E+06   0.417840E+06   0.415888E+06  -0.103258E-01   0.256184E+06   0.256160E+06   0.202000E-01   0.803301E-05   0.613105E+00  -0.659751E+08
   0.393433E+00   0.409565E+06   0.407698E+06   0.161617E+00   0.161617E+00   0.522956E+04   0.407339E+06   0.409251E+06   0.407339E+06  -0.101136E-01   0.250918E+06   0.250895E+06   0.196363E-01   0.766441E-05   0.613105E+00  -0.637779E+08
   0.398554E+00   0.401267E+06   0.399425E+06   0.154298E+00   0.154298E+00   0.499793E+04   0.399084E+06   0.400958E+06   0.399084E+06  -0.990859E-02   0.245833E+06   0.245810E+06   0.190765E-01   0.731736E-05   0.613104E+00  -0.616825E+08
   0.403675E+00   0.393312E+06   0.391499E+06   0.147426E+00   0.147426E+00   0.477979E+04   0.391170E+06   0.393007E+06   0.391170E+06  -0.971210E-02   0.240958E+06   0.240936E+06   0.185075E-01   0.699146E-05   0.613104E+00  -0.596924E+08
   0.408796E+00   0.385726E+06   0.383947E+06   0.140983E+00   0.140983E+00   0.457478E+04   0.383625E+06   0.385427E+06   0.383625E+06  -0.952477E-02   0.236311E+06   0.236289E+06   0.179272E-01   0.668590E-05   0.613104E+00  -0.578077E+08
   0.413918E+00   0.378502E+06   0.376761E+06   0.134941E+00   0.134941E+00   0.438218E+04   0.376441E+06   0.378210E+06   0.376441E+06  -0.934640E-02   0.231886E+06   0.231864E+06   0.173426E-01   0.639938E-05   0.613103E+00  -0.560233E+08
   0.419039E+00   0.371593E+06   0.369891E+06   0.129260E+00   0.129260E+00   0.420087E+04   0.369570E+06   0.371308E+06   0.369570E+06  -0.917582E-02   0.227654E+06   0.227632E+06   0.167658E-01   0.612997E-05   0.613103E+00  -0.543287E+08
   0.424160E+00   0.364930E+06   0.363267E+06   0.123895E+00   0.123895E+00   0.402964E+04   0.362944E+06   0.364650E+06   0.362944E+06  -0.901129E-02   0.223572E+06   0.223551E+06   0.162100E-01   0.587558E-05   0.613103E+00  -0.527104E+08
   0.429281E+00   0.358449E+06   0.356823E+06   0.118809E+00   0.118809E+00   0.386746E+04   0.356500E+06   0.358176E+06   0.356500E+06  -0.885129E-02   0.219602E+06   0.219582E+06   0.156859E-01   0.563439E-05   0.613102E+00  -0.511569E+08
   0.434402E+00   0.352109E+06   0.350517E+06   0.113973E+00   0.113973E+00   0.371356E+04   0.350194E+06   0.351842E+06   0.350194E+06  -0.869474E-02   0.215718E+06   0.215698E+06   0.152000E-01   0.540501E-05   0.613102E+00  -0.496597E+08
   0.439523E+00   0.345880E+06   0.344317E+06   0.109363E+00   0.109363E+00   0.356740E+04   0.343999E+06   0.345617E+06   0.343999E+06  -0.854092E-02   0.211902E+06   0.211883E+06   0.147527E-01   0.518639E-05   0.613102E+00  -0.482128E+08
   0.444644E+00   0.339748E+06   0.338212E+06   0.104964E+00   0.104964E+00   0.342861E+04   0.337900E+06   0.339491E+06   0.337900E+06  -0.838950E-02   0.208145E+06   0.208126E+06   0.143396E-01   0.497777E-05   0.613101E+00  -0.468127E+08
   0.449766E+00   0.333723E+06   0.332210E+06   0.100767E+00   0.100767E+00   0.329708E+04   0.331906E+06   0.333469E+06   0.331906E+06  -0.824069E-02   0.204453E+06   0.204435E+06   0.139532E-01   0.477876E-05   0.613101E+00  -0.454587E+08
   0.454887E+00   0.327828E+06   0.326337E+06   0.967711E-01   0.967711E-01   0.317281E+04   0.326043E+06   0.327578E+06   0.326043E+06  -0.809510E-02   0.200842E+06   0.200823E+06   0.135849E-01   0.458924E-05   0.613101E+00  -0.441529E+08
   0.460008E+00   0.322094E+06   0.320625E+06   0.929729E-01   0.929729E-01   0.305579E+04   0.320338E+06   0.321847E+06   0.320338E+06  -0.795347E-02   0.197328E+06   0.197310E+06   0.132273E-01   0.440911E-05   0.613101E+00  -0.428975E+08
   0.465129E+00   0.316540E+06   0.315093E+06   0.893687E-01   0.893687E-01   0.294579E+04   0.314814E+06   0.316297E+06   0.314814E+06  -0.781631E-02   0.193925E+06   0.193907E+06   0.128753E-01   0.423818E-05   0.613100E+00  -0.416936E+08
   0.470250E+00   0.311172E+06   0.309749E+06   0.859502E-01   0.859502E-01   0.284238E+04   0.309475E+06   0.310933E+06   0.309475E+06  -0.768376E-02   0.190636E+06   0.190619E+06   0.125266E-01   0.407606E-05   0.613100E+00  -0.405402E+08
   0.475371E+00   0.305986E+06   0.304587E+06   0.827065E-01   0.827065E-01   0.274494E+04   0.304317E+06   0.305751E+06   0.304317E+06  -0.755569E-02   0.187459E+06   0.187442E+06   0.121817E-01   0.392223E-05   0.613100E+00  -0.394351E+08
   0.480492E+00   0.300970E+06   0.299595E+06   0.796259E-01   0.796259E-01   0.265278E+04   0.299329E+06   0.300739E+06   0.299329E+06  -0.743183E-02   0.184386E+06   0.184369E+06   0.118432E-01   0.377615E-05   0.613100E+00  -0.383752E+08
   0.485614E+00   0.296109E+06   0.294759E+06   0.766964E-01   0.766964E-01   0.256525E+04   0.294494E+06   0.295883E+06   0.294494E+06  -0.731181E-02   0.181408E+06   0.181392E+06   0.115144E-01   0.363722E-05   0.613099E+00  -0.373573E+08
   0.490735E+00   0.291382E+06   0.290057E+06   0.739052E-01   0.739052E-01   0.248170E+04   0.289793E+06   0.291160E+06   0.289793E+06  -0.719509E-02   0.178513E+06   0.178496E+06   0.111987E-01   0.350485E-05   0.613099E+00  -0.363774E+08
   0.495856E+00   0.286765E+06   0.285462E+06   0.712395E-01   0.712395E-01   0.240158E+04   0.285201E+06   0.286546E+06   0.285201E+06  -0.708108E-02   0.175684E+06   0.175668E+06   0.108982E-01   0.337844E-05   0.613099E+00  -0.354312E+08
   0.500977E+00   0.282240E+06   0.280959E+06   0.686893E-01   0.686893E-01   0.232448E+04   0.280701E+06   0.282025E+06   0.280701E+06  -0.696934E-02   0.172912E+06   0.172896E+06   0.106133E-01   0.325751E-05   0.613099E+00  -0.345156E+08
   0.506098E+00   0.277802E+06   0.276541E+06   0.662480E-01   0.662480E-01   0.225011E+04   0.276287E+06   0.277590E+06   0.276287E+06  -0.685976E-02   0.170193E+06   0.170177E+06   0.103435E-01   0.314174E-05   0.613099E+00  -0.336292E+08
   0.511219E+00   0.273455E+06   0.272213E+06   0.639113E-01   0.639113E-01   0.217828E+04   0.271964E+06   0.273246E+06   0.271964E+06  -0.675240E-02   0.167530E+06   0.167514E+06   0.100869E-01   0.303093E-05   0.613098E+00  -0.327713E+08
   0.516340E+00   0.269201E+06   0.267977E+06   0.616751E-01   0.616751E-01   0.210875E+04   0.267732E+06   0.268995E+06   0.267732E+06  -0.664735E-02   0.164923E+06   0.164908E+06   0.984114E-02   0.292489E-05   0.613098E+00  -0.319415E+08
   0.521462E+00   0.265042E+06   0.263836E+06   0.595355E-01   0.595355E-01   0.204131E+04   0.263596E+06   0.264840E+06   0.263596E+06  -0.654466E-02   0.162375E+06   0.162360E+06   0.960366E-02   0.282343E-05   0.613098E+00  -0.311392E+08
   0.526583E+00   0.260985E+06   0.259796E+06   0.574893E-01   0.574893E-01   0.197574E+04   0.259560E+06   0.260785E+06   0.259560E+06  -0.644445E-02   0.159889E+06   0.159875E+06   0.937252E-02   0.272640E-05   0.613098E+00  -0.303642E+08
   0.531704E+00   0.257035E+06   0.255863E+06   0.555337E-01   0.555337E-01   0.191193E+04   0.255631E+06   0.256838E+06   0.255631E+06  -0.634690E-02   0.157469E+06   0.157455E+06   0.914658E-02   0.263366E-05   0.613098E+00  -0.296166E+08
   0.536825E+00   0.253193E+06   0.252039E+06   0.536651E-01   0.536651E-01   0.184975E+04   0.251811E+06   0.253000E+06   0.251811E+06  -0.625205E-02   0.155116E+06   0.155102E+06   0.892551E-02   0.254505E-05   0.613098E+00  -0.288957E+08
   0.541946E+00   0.249455E+06   0.248318E+06   0.518783E-01   0.518783E-01   0.178917E+04   0.248093E+06   0.249264E+06   0.248093E+06  -0.615974E-02   0.152826E+06   0.152812E+06   0.870953E-02   0.246032E-05   0.613097E+00  -0.282000E+08
   0.547067E+00   0.245811E+06   0.244691E+06   0.501677E-01   0.501677E-01   0.173016E+04   0.244468E+06   0.245623E+06   0.244468E+06  -0.606975E-02   0.150593E+06   0.150579E+06   0.849927E-02   0.237920E-05   0.613097E+00  -0.275279E+08
   0.559946E+00   0.237025E+06   0.235947E+06   0.461750E-01   0.461750E-01   0.158950E+04   0.235730E+06   0.236844E+06   0.235730E+06  -0.585279E-02   0.145210E+06   0.145197E+06   0.800070E-02   0.218986E-05   0.613097E+00  -0.259335E+08
   0.593872E+00   0.215977E+06   0.214994E+06   0.374049E-01   0.374049E-01   0.128596E+04   0.214797E+06   0.215812E+06   0.214797E+06  -0.533305E-02   0.132316E+06   0.132303E+06   0.688877E-02   0.177392E-05   0.613096E+00  -0.222807E+08
   0.629853E+00   0.196748E+06   0.195853E+06   0.302926E-01   0.302926E-01   0.106394E+04   0.195672E+06   0.196597E+06   0.195672E+06  -0.485821E-02   0.120535E+06   0.120524E+06   0.592120E-02   0.143662E-05   0.613095E+00  -0.191374E+08
   0.879031E+00   0.115013E+06   0.114490E+06   0.909165E-02   0.909165E-02   0.337956E+03   0.114383E+06   0.114925E+06   0.114383E+06  -0.283993E-02   0.704606E+05   0.704540E+05   0.251065E-02   0.431183E-06   0.613092E+00  -0.801588E+07
   0.122679E+01   0.664210E+05   0.661188E+05   0.269571E-02   0.269571E-02   0.102624E+03   0.660566E+05   0.663703E+05   0.660566E+05  -0.164008E-02   0.406916E+05   0.406877E+05   0.106390E-02   0.127848E-06   0.613090E+00  -0.331700E+07
   0.171212E+01   0.379601E+05   0.377872E+05   0.790978E-03   0.790978E-03   0.306493E+02   0.377517E+05   0.379310E+05   0.377517E+05  -0.937312E-03   0.232555E+05   0.232532E+05   0.455829E-03   0.375137E-07   0.613089E+00  -0.135832E+07
   0.238945E+01   0.215001E+05   0.214020E+05   0.230010E-03   0.230010E-03   0.907633E+01   0.213820E+05   0.214836E+05   0.213820E+05  -0.530879E-03   0.131716E+05   0.131701E+05   0.201010E-03   0.109087E-07   0.613088E+00  -0.551249E+06
