#          k/h    CDM            baryon         photon         nu             mass_nu        total          no_nu          total_de       Weyl           v_CDM          v_b            v_b-v_c        ISW            log_grow       pert_vel    
   0.994668E-05   0.120454E+08   0.120454E+08   0.160483E+08   0.160479E+08   0.120475E+08   0.120454E+08   0.120454E+08   0.120497E+08  -0.462722E+00   0.685924E+07   0.685924E+07   0.603396E+01   0.696044E+06   0.769787E+00  -0.689627E+14
   0.109829E-04   0.120456E+08   0.120456E+08   0.160460E+08   0.160455E+08   0.120477E+08   0.120457E+08   0.120456E+08   0.120499E+08  -0.462732E+00   0.685935E+07   0.685935E+07   0.666239E+01   0.570943E+06   0.769772E+00  -0.624569E+14
   0.121272E-04   0.120460E+08   0.120460E+08   0.160432E+08   0.160426E+08   0.120480E+08   0.120460E+08   0.120460E+08   0.120503E+08  -0.462745E+00   0.685948E+07   0.685948E+07   0.735622E+01   0.468336E+06   0.769754E+00  -0.565650E+14
   0.133906E-04   0.120464E+08   0.120464E+08   0.160398E+08   0.160390E+08   0.120484E+08   0.120464E+08   0.120464E+08   0.120507E+08  -0.462760E+00   0.685964E+07   0.685964E+07   0.812225E+01   0.384178E+06   0.769731E+00  -0.512291E+14
   0.147857E-04   0.120468E+08   0.120468E+08   0.160356E+08   0.160347E+08   0.120489E+08   0.120469E+08   0.120468E+08   0.120511E+08  -0.462778E+00   0.685984E+07   0.685984E+07   0.896796E+01   0.315152E+06   0.769703E+00  -0.463969E+14
   0.163261E-04   0.120474E+08   0.120474E+08   0.160305E+08   0.160294E+08   0.120495E+08   0.120474E+08   0.120474E+08   0.120517E+08  -0.462801E+00   0.686008E+07   0.686008E+07   0.990161E+01   0.258537E+06   0.769670E+00  -0.420207E+14
   0.180270E-04   0.120482E+08   0.120482E+08   0.160243E+08   0.160229E+08   0.120502E+08   0.120482E+08   0.120482E+08   0.120524E+08  -0.462828E+00   0.686037E+07   0.686037E+07   0.109323E+02   0.212102E+06   0.769629E+00  -0.380575E+14
   0.199051E-04   0.120490E+08   0.120490E+08   0.160167E+08   0.160151E+08   0.120510E+08   0.120490E+08   0.120490E+08   0.120533E+08  -0.462861E+00   0.686073E+07   0.686073E+07   0.120701E+02   0.174015E+06   0.769579E+00  -0.344685E+14
   0.219788E-04   0.120501E+08   0.120501E+08   0.160075E+08   0.160055E+08   0.120520E+08   0.120501E+08   0.120501E+08   0.120544E+08  -0.462902E+00   0.686116E+07   0.686116E+07   0.133260E+02   0.142777E+06   0.769518E+00  -0.312183E+14
   0.242687E-04   0.120514E+08   0.120514E+08   0.159963E+08   0.159938E+08   0.120533E+08   0.120514E+08   0.120514E+08   0.120557E+08  -0.462952E+00   0.686169E+07   0.686169E+07   0.147121E+02   0.117155E+06   0.769443E+00  -0.282749E+14
   0.267970E-04   0.120530E+08   0.120530E+08   0.159826E+08   0.159795E+08   0.120548E+08   0.120530E+08   0.120530E+08   0.120573E+08  -0.463012E+00   0.686233E+07   0.686233E+07   0.162420E+02   0.961406E+05   0.769353E+00  -0.256095E+14
   0.295888E-04   0.120549E+08   0.120549E+08   0.159659E+08   0.159622E+08   0.120567E+08   0.120549E+08   0.120549E+08   0.120592E+08  -0.463086E+00   0.686312E+07   0.686311E+07   0.179302E+02   0.789043E+05   0.769243E+00  -0.231958E+14
   0.326714E-04   0.120573E+08   0.120573E+08   0.159455E+08   0.159410E+08   0.120590E+08   0.120573E+08   0.120573E+08   0.120615E+08  -0.463176E+00   0.686407E+07   0.686407E+07   0.197930E+02   0.647671E+05   0.769109E+00  -0.210102E+14
   0.360752E-04   0.120601E+08   0.120601E+08   0.159208E+08   0.159153E+08   0.120617E+08   0.120601E+08   0.120601E+08   0.120644E+08  -0.463285E+00   0.686523E+07   0.686523E+07   0.218480E+02   0.531718E+05   0.768945E+00  -0.190310E+14
   0.398336E-04   0.120636E+08   0.120636E+08   0.158906E+08   0.158839E+08   0.120651E+08   0.120636E+08   0.120636E+08   0.120679E+08  -0.463419E+00   0.686665E+07   0.686665E+07   0.241147E+02   0.436613E+05   0.768746E+00  -0.172390E+14
   0.439836E-04   0.120679E+08   0.120679E+08   0.158539E+08   0.158458E+08   0.120692E+08   0.120679E+08   0.120679E+08   0.120721E+08  -0.463581E+00   0.686838E+07   0.686838E+07   0.266142E+02   0.358608E+05   0.768504E+00  -0.156164E+14
   0.485659E-04   0.120731E+08   0.120730E+08   0.158093E+08   0.157993E+08   0.120742E+08   0.120731E+08   0.120731E+08   0.120773E+08  -0.463779E+00   0.687048E+07   0.687048E+07   0.293697E+02   0.294628E+05   0.768209E+00  -0.141472E+14
   0.536256E-04   0.120794E+08   0.120793E+08   0.157550E+08   0.157429E+08   0.120803E+08   0.120794E+08   0.120794E+08   0.120836E+08  -0.464020E+00   0.687305E+07   0.687304E+07   0.324064E+02   0.242150E+05   0.767851E+00  -0.128172E+14
   0.592125E-04   0.120870E+08   0.120870E+08   0.156889E+08   0.156743E+08   0.120877E+08   0.120870E+08   0.120870E+08   0.120912E+08  -0.464313E+00   0.687616E+07   0.687616E+07   0.357515E+02   0.199108E+05   0.767415E+00  -0.116131E+14
   0.653814E-04   0.120964E+08   0.120963E+08   0.156088E+08   0.155909E+08   0.120967E+08   0.120964E+08   0.120964E+08   0.121005E+08  -0.464669E+00   0.687996E+07   0.687995E+07   0.394343E+02   0.163803E+05   0.766886E+00  -0.105232E+14
   0.721930E-04   0.121077E+08   0.121077E+08   0.155115E+08   0.154898E+08   0.121077E+08   0.121077E+08   0.121077E+08   0.121119E+08  -0.465102E+00   0.688458E+07   0.688457E+07   0.434865E+02   0.134845E+05   0.766243E+00  -0.953670E+13
   0.797142E-04   0.121215E+08   0.121215E+08   0.153935E+08   0.153672E+08   0.121210E+08   0.121215E+08   0.121215E+08   0.121256E+08  -0.465629E+00   0.689019E+07   0.689017E+07   0.479415E+02   0.111092E+05   0.765465E+00  -0.864393E+13
   0.880190E-04   0.121383E+08   0.121382E+08   0.152506E+08   0.152187E+08   0.121372E+08   0.121383E+08   0.121383E+08   0.121423E+08  -0.466269E+00   0.689700E+07   0.689699E+07   0.528348E+02   0.916074E+04   0.764522E+00  -0.783610E+13
   0.971891E-04   0.121586E+08   0.121585E+08   0.150779E+08   0.150393E+08   0.121568E+08   0.121586E+08   0.121586E+08   0.121626E+08  -0.467045E+00   0.690528E+07   0.690526E+07   0.582031E+02   0.756239E+04   0.763381E+00  -0.710525E+13
   0.107314E-03   0.121832E+08   0.121831E+08   0.148694E+08   0.148227E+08   0.121806E+08   0.121832E+08   0.121832E+08   0.121872E+08  -0.467985E+00   0.691532E+07   0.691530E+07   0.640843E+02   0.625113E+04   0.762005E+00  -0.644421E+13
   0.118495E-03   0.122130E+08   0.122130E+08   0.146183E+08   0.145620E+08   0.122094E+08   0.122130E+08   0.122130E+08   0.122169E+08  -0.469124E+00   0.692748E+07   0.692745E+07   0.705161E+02   0.517528E+04   0.760346E+00  -0.584644E+13
   0.130840E-03   0.122491E+08   0.122490E+08   0.143168E+08   0.142490E+08   0.122442E+08   0.122490E+08   0.122491E+08   0.122529E+08  -0.470500E+00   0.694219E+07   0.694216E+07   0.775350E+02   0.429242E+04   0.758354E+00  -0.530606E+13
   0.144471E-03   0.122926E+08   0.122924E+08   0.139559E+08   0.138746E+08   0.122861E+08   0.122925E+08   0.122925E+08   0.122962E+08  -0.472161E+00   0.695996E+07   0.695992E+07   0.851748E+02   0.356778E+04   0.755968E+00  -0.481772E+13
   0.159522E-03   0.123449E+08   0.123448E+08   0.135259E+08   0.134286E+08   0.123366E+08   0.123449E+08   0.123449E+08   0.123485E+08  -0.474160E+00   0.698138E+07   0.698133E+07   0.934635E+02   0.297281E+04   0.753120E+00  -0.437658E+13
   0.176142E-03   0.124078E+08   0.124076E+08   0.130159E+08   0.129000E+08   0.123971E+08   0.124077E+08   0.124077E+08   0.124112E+08  -0.476560E+00   0.700714E+07   0.700709E+07   0.102421E+03   0.248406E+04   0.749736E+00  -0.397827E+13
   0.194493E-03   0.124830E+08   0.124827E+08   0.124150E+08   0.122777E+08   0.124696E+08   0.124829E+08   0.124829E+08   0.124862E+08  -0.479432E+00   0.703803E+07   0.703797E+07   0.112055E+03   0.208230E+04   0.745736E+00  -0.361879E+13
   0.214755E-03   0.125727E+08   0.125724E+08   0.117126E+08   0.115508E+08   0.125559E+08   0.125726E+08   0.125726E+08   0.125757E+08  -0.482857E+00   0.707495E+07   0.707487E+07   0.122353E+03   0.175173E+04   0.741038E+00  -0.329454E+13
   0.237129E-03   0.126791E+08   0.126788E+08   0.108993E+08   0.107103E+08   0.126582E+08   0.126790E+08   0.126791E+08   0.126819E+08  -0.486923E+00   0.711888E+07   0.711879E+07   0.133281E+03   0.147937E+04   0.735559E+00  -0.300222E+13
   0.261834E-03   0.128049E+08   0.128044E+08   0.996911E+07   0.975044E+07   0.127789E+08   0.128047E+08   0.128048E+08   0.128073E+08  -0.491725E+00   0.717092E+07   0.717081E+07   0.144771E+03   0.125456E+04   0.729224E+00  -0.273882E+13
   0.289112E-03   0.129524E+08   0.129519E+08   0.892129E+07   0.867125E+07   0.129203E+08   0.129522E+08   0.129523E+08   0.129545E+08  -0.497360E+00   0.723221E+07   0.723207E+07   0.156712E+03   0.106852E+04   0.721970E+00  -0.250161E+13
   0.319233E-03   0.131243E+08   0.131237E+08   0.776350E+07   0.748181E+07   0.130847E+08   0.131240E+08   0.131242E+08   0.131261E+08  -0.503927E+00   0.730390E+07   0.730374E+07   0.168944E+03   0.914070E+03   0.713759E+00  -0.228803E+13
   0.352491E-03   0.133230E+08   0.133222E+08   0.651537E+07   0.620380E+07   0.132743E+08   0.133226E+08   0.133229E+08   0.133243E+08  -0.511516E+00   0.738710E+07   0.738691E+07   0.181244E+03   0.785289E+03   0.704580E+00  -0.209575E+13
   0.389215E-03   0.135504E+08   0.135495E+08   0.521215E+07   0.487545E+07   0.134906E+08   0.135499E+08   0.135502E+08   0.135513E+08  -0.520205E+00   0.748279E+07   0.748256E+07   0.193321E+03   0.677341E+03   0.694467E+00  -0.192260E+13
   0.429764E-03   0.138079E+08   0.138068E+08   0.390779E+07   0.355443E+07   0.137347E+08   0.138073E+08   0.138077E+08   0.138084E+08  -0.530045E+00   0.759170E+07   0.759143E+07   0.204811E+03   0.586275E+03   0.683498E+00  -0.176654E+13
   0.474538E-03   0.140959E+08   0.140946E+08   0.267554E+07   0.231837E+07   0.140064E+08   0.140953E+08   0.140957E+08   0.140959E+08  -0.541055E+00   0.771419E+07   0.771388E+07   0.215281E+03   0.508886E+03   0.671805E+00  -0.162567E+13
   0.523976E-03   0.144137E+08   0.144122E+08   0.160397E+07   0.126027E+07   0.143046E+08   0.144130E+08   0.144135E+08   0.144134E+08  -0.553209E+00   0.785013E+07   0.784978E+07   0.224250E+03   0.442589E+03   0.659565E+00  -0.149823E+13
   0.578566E-03   0.147593E+08   0.147575E+08   0.785628E+06   0.476070E+06   0.146262E+08   0.147584E+08   0.147590E+08   0.147585E+08  -0.566427E+00   0.799875E+07   0.799835E+07   0.231215E+03   0.385326E+03   0.646996E+00  -0.138255E+13
   0.638842E-03   0.151288E+08   0.151268E+08   0.296338E+06   0.425639E+05   0.149668E+08   0.151277E+08   0.151285E+08   0.151278E+08  -0.580569E+00   0.815858E+07   0.815813E+07   0.235705E+03   0.335479E+03   0.634343E+00  -0.127712E+13
   0.705398E-03   0.155171E+08   0.155147E+08   0.166478E+06  -0.128526E+05   0.153203E+08   0.155157E+08   0.155167E+08   0.155158E+08  -0.595434E+00   0.832742E+07   0.832692E+07   0.237339E+03   0.291791E+03   0.621856E+00  -0.118056E+13
   0.778888E-03   0.159173E+08   0.159147E+08   0.352125E+06   0.258224E+06   0.156788E+08   0.159157E+08   0.159169E+08   0.159158E+08  -0.610765E+00   0.850234E+07   0.850179E+07   0.235892E+03   0.253298E+03   0.609772E+00  -0.109163E+13
   0.860035E-03   0.163217E+08   0.163188E+08   0.722789E+06   0.714222E+06   0.160331E+08   0.163198E+08   0.163212E+08   0.163200E+08  -0.626262E+00   0.867986E+07   0.867926E+07   0.231330E+03   0.219270E+03   0.598297E+00  -0.100927E+13
   0.949635E-03   0.167217E+08   0.167185E+08   0.108755E+07   0.115404E+07   0.163734E+08   0.167195E+08   0.167212E+08   0.167198E+08  -0.641595E+00   0.885610E+07   0.885546E+07   0.223814E+03   0.189150E+03   0.587594E+00  -0.932602E+12
   0.104857E-02   0.171087E+08   0.171052E+08   0.127018E+07   0.139879E+07   0.166894E+08   0.171061E+08   0.171081E+08   0.171065E+08  -0.656428E+00   0.902705E+07   0.902638E+07   0.213651E+03   0.162507E+03   0.577775E+00  -0.860912E+12
   0.115781E-02   0.174744E+08   0.174706E+08   0.120557E+07   0.139294E+07   0.169712E+08   0.174714E+08   0.174738E+08   0.174717E+08  -0.670441E+00   0.918883E+07   0.918814E+07   0.201219E+03   0.138998E+03   0.568900E+00  -0.793656E+12
   0.127844E-02   0.178115E+08   0.178075E+08   0.979532E+06   0.124061E+07   0.172102E+08   0.178080E+08   0.178108E+08   0.178082E+08  -0.683353E+00   0.933795E+07   0.933723E+07   0.186938E+03   0.118336E+03   0.560988E+00  -0.730437E+12
   0.141163E-02   0.181139E+08   0.181098E+08   0.738863E+06   0.110131E+07   0.173993E+08   0.181098E+08   0.181132E+08   0.181100E+08  -0.694931E+00   0.947143E+07   0.947071E+07   0.171326E+03   0.100270E+03   0.554019E+00  -0.670974E+12
   0.155869E-02   0.183771E+08   0.183730E+08   0.531340E+06   0.462357E+06   0.175331E+08   0.183724E+08   0.183764E+08   0.183726E+08  -0.705001E+00   0.958709E+07   0.958636E+07   0.155079E+03   0.845653E+02   0.547950E+00  -0.615086E+12
   0.172108E-02   0.185982E+08   0.185940E+08   0.295218E+06   0.383785E+06   0.176075E+08   0.185928E+08   0.185975E+08   0.185929E+08  -0.713450E+00   0.968314E+07   0.968243E+07   0.139038E+03   0.710038E+02   0.542708E+00  -0.562633E+12
   0.190039E-02   0.187752E+08   0.187711E+08   0.628315E+05   0.317776E+06   0.176209E+08   0.187691E+08   0.187745E+08   0.187691E+08  -0.720210E+00   0.975868E+07   0.975798E+07   0.123992E+03   0.593641E+02   0.538217E+00  -0.513522E+12
   0.209838E-02   0.189078E+08   0.189036E+08  -0.117695E+05   0.262479E+06   0.175731E+08   0.189008E+08   0.189071E+08   0.189008E+08  -0.725259E+00   0.981331E+07   0.981261E+07   0.110518E+03   0.494346E+02   0.534397E+00  -0.467673E+12
   0.231699E-02   0.189962E+08   0.189921E+08   0.401561E+05   0.216292E+06   0.174654E+08   0.189883E+08   0.189955E+08   0.189883E+08  -0.728614E+00   0.984712E+07   0.984643E+07   0.989641E+02   0.410141E+02   0.531169E+00  -0.425007E+12
   0.255838E-02   0.190418E+08   0.190375E+08   0.738225E+05   0.177828E+06   0.173002E+08   0.190329E+08   0.190411E+08   0.190329E+08  -0.730322E+00   0.986050E+07   0.985982E+07   0.893352E+02   0.339125E+02   0.528453E+00  -0.385429E+12
   0.282492E-02   0.190453E+08   0.190409E+08   0.111880E+06   0.145880E+06   0.170799E+08   0.190353E+08   0.190446E+08   0.190353E+08  -0.730414E+00   0.985364E+07   0.985296E+07   0.811979E+02   0.279519E+02   0.526173E+00  -0.348820E+12
   0.311923E-02   0.190084E+08   0.190037E+08   0.785367E+05   0.119418E+06   0.168068E+08   0.189972E+08   0.190076E+08   0.189972E+08  -0.728950E+00   0.982720E+07   0.982651E+07   0.739366E+02   0.229715E+02   0.524267E+00  -0.315060E+12
   0.344419E-02   0.189323E+08   0.189273E+08   0.165523E+05   0.975544E+05   0.164829E+08   0.189199E+08   0.189315E+08   0.189199E+08  -0.725984E+00   0.978172E+07   0.978103E+07   0.670299E+02   0.188266E+02   0.522676E+00  -0.284013E+12
   0.380302E-02   0.188184E+08   0.188132E+08  -0.181720E+05   0.795324E+05   0.161098E+08   0.188047E+08   0.188176E+08   0.188048E+08  -0.721564E+00   0.971771E+07   0.971702E+07   0.603503E+02   0.153896E+02   0.521351E+00  -0.255533E+12
   0.419923E-02   0.186678E+08   0.186623E+08   0.950750E+04   0.647099E+05   0.156891E+08   0.186528E+08   0.186669E+08   0.186528E+08  -0.715733E+00   0.963557E+07   0.963488E+07   0.541538E+02   0.125488E+02   0.520248E+00  -0.229466E+12
   0.463671E-02   0.184813E+08   0.184754E+08   0.211786E+05   0.525445E+05   0.152226E+08   0.184649E+08   0.184803E+08   0.184649E+08  -0.708523E+00   0.953560E+07   0.953492E+07   0.487219E+02   0.102080E+02   0.519330E+00  -0.205659E+12
   0.511978E-02   0.182595E+08   0.182530E+08  -0.217506E+04   0.425794E+05   0.147136E+08   0.182417E+08   0.182584E+08   0.182417E+08  -0.699956E+00   0.941800E+07   0.941732E+07   0.439869E+02   0.828422E+01   0.518566E+00  -0.183958E+12
   0.565317E-02   0.180033E+08   0.179962E+08  -0.137899E+05   0.344332E+05   0.141403E+08   0.179838E+08   0.180021E+08   0.179838E+08  -0.690062E+00   0.928308E+07   0.928241E+07   0.396526E+02   0.670728E+01   0.517926E+00  -0.164214E+12
   0.624213E-02   0.177117E+08   0.177038E+08  -0.172678E+05   0.277843E+05   0.135369E+08   0.176906E+08   0.177103E+08   0.176906E+08  -0.678810E+00   0.913032E+07   0.912966E+07   0.356317E+02   0.541739E+01   0.517392E+00  -0.146273E+12
   0.689245E-02   0.173850E+08   0.173762E+08  -0.416214E+05   0.223680E+05   0.128926E+08   0.173623E+08   0.173835E+08   0.173622E+08  -0.666210E+00   0.895982E+07   0.895915E+07   0.320652E+02   0.436474E+01   0.516944E+00  -0.129998E+12
   0.761052E-02   0.170230E+08   0.170132E+08  -0.357200E+05   0.179640E+05   0.122173E+08   0.169986E+08   0.170213E+08   0.169986E+08  -0.652256E+00   0.877138E+07   0.877072E+07   0.289013E+02   0.350753E+01   0.516567E+00  -0.115256E+12
   0.840340E-02   0.166252E+08   0.166141E+08  -0.122514E+05   0.143895E+05   0.115204E+08   0.165992E+08   0.166233E+08   0.165992E+08  -0.636930E+00   0.856473E+07   0.856407E+07   0.260220E+02   0.281104E+01   0.516249E+00  -0.101922E+12
   0.927889E-02   0.161911E+08   0.161786E+08  -0.225724E+05   0.114938E+05   0.108025E+08   0.161635E+08   0.161890E+08   0.161635E+08  -0.620212E+00   0.833958E+07   0.833893E+07   0.234660E+02   0.224626E+01   0.515979E+00  -0.898790E+11
   0.102456E-01   0.157202E+08   0.157059E+08  -0.107809E+05   0.915282E+04   0.100645E+08   0.156910E+08   0.157178E+08   0.156910E+08  -0.602083E+00   0.809560E+07   0.809495E+07   0.211839E+02   0.178930E+01   0.515748E+00  -0.790173E+11
   0.113130E-01   0.152116E+08   0.151953E+08  -0.122079E+05   0.726405E+04   0.931381E+07   0.151810E+08   0.152089E+08   0.151810E+08  -0.582511E+00   0.783237E+07   0.783172E+07   0.191483E+02   0.142042E+01   0.515550E+00  -0.692349E+11
   0.124916E-01   0.146647E+08   0.146460E+08  -0.691729E+04   0.574355E+04   0.855870E+07   0.146327E+08   0.146616E+08   0.146327E+08  -0.561473E+00   0.754951E+07   0.754886E+07   0.173377E+02   0.112331E+01   0.515379E+00  -0.604380E+11
   0.137930E-01   0.140789E+08   0.140575E+08  -0.897917E+04   0.452249E+04   0.780551E+07   0.140457E+08   0.140753E+08   0.140457E+08  -0.538948E+00   0.724674E+07   0.724609E+07   0.157253E+02   0.884627E+00   0.515230E+00  -0.525403E+11
   0.152300E-01   0.134541E+08   0.134296E+08  -0.415553E+02   0.354454E+04   0.705750E+07   0.134198E+08   0.134500E+08   0.134198E+08  -0.514931E+00   0.692396E+07   0.692331E+07   0.142847E+02   0.693406E+00   0.515099E+00  -0.454636E+11
   0.168167E-01   0.128055E+08   0.127776E+08  -0.371241E+04   0.276690E+04   0.633230E+07   0.127702E+08   0.128008E+08   0.127702E+08  -0.490007E+00   0.658903E+07   0.658837E+07   0.130035E+02   0.541322E+00   0.514984E+00  -0.391822E+11
   0.185687E-01   0.121080E+08   0.120765E+08  -0.387587E+04   0.214564E+04   0.562148E+07   0.120721E+08   0.121027E+08   0.120721E+08  -0.463218E+00   0.622903E+07   0.622837E+07   0.118348E+02   0.419803E+00   0.514882E+00  -0.335464E+11
   0.205033E-01   0.113769E+08   0.113416E+08   0.126763E+04   0.165345E+04   0.493933E+07   0.113406E+08   0.113710E+08   0.113406E+08  -0.435150E+00   0.585183E+07   0.585117E+07   0.107625E+02   0.323518E+00   0.514791E+00  -0.285415E+11
   0.226393E-01   0.106066E+08   0.105673E+08  -0.497667E+03   0.126420E+04   0.428813E+07   0.105701E+08   0.106000E+08   0.105701E+08  -0.405586E+00   0.545450E+07   0.545384E+07   0.975563E+01   0.247363E+00   0.514710E+00  -0.240934E+11
   0.249980E-01   0.982456E+07   0.978175E+07  -0.477605E+03   0.960337E+03   0.368362E+07   0.978835E+07   0.981737E+07   0.978835E+07  -0.375590E+00   0.505134E+07   0.505068E+07   0.879766E+01   0.187912E+00   0.514636E+00  -0.202073E+11
   0.276023E-01   0.904036E+07   0.899452E+07  -0.102297E+03   0.724707E+03   0.313027E+07   0.900473E+07   0.903266E+07   0.900473E+07  -0.345521E+00   0.464718E+07   0.464653E+07   0.786568E+01   0.141808E+00   0.514570E+00  -0.168364E+11
   0.304780E-01   0.825745E+07   0.820957E+07  -0.884878E+02   0.542860E+03   0.262924E+07   0.822281E+07   0.824941E+07   0.822281E+07  -0.315518E+00   0.424386E+07   0.424323E+07   0.693444E+01   0.106227E+00   0.514511E+00  -0.139245E+11
   0.336533E-01   0.749714E+07   0.744866E+07  -0.220335E+03   0.404210E+03   0.218580E+07   0.746391E+07   0.748900E+07   0.746391E+07  -0.286398E+00   0.385238E+07   0.385178E+07   0.599434E+01   0.790965E-01   0.514457E+00  -0.114474E+11
   0.371593E-01   0.678695E+07   0.673973E+07  -0.313203E+03   0.300102E+03   0.180414E+07   0.675548E+07   0.677902E+07   0.675548E+07  -0.259215E+00   0.348691E+07   0.348635E+07   0.504781E+01   0.587250E-01   0.514408E+00  -0.938377E+10
   0.410307E-01   0.614432E+07   0.610051E+07  -0.173620E+03   0.222830E+03   0.148282E+07   0.611493E+07   0.613696E+07   0.611493E+07  -0.234637E+00   0.315645E+07   0.315594E+07   0.410878E+01   0.436046E-01   0.514363E+00  -0.769297E+10
   0.451338E-01   0.560798E+07   0.556943E+07   0.168089E+03   0.168089E+03   0.122832E+07   0.558081E+07   0.560151E+07   0.558081E+07  -0.214142E+00   0.288088E+07   0.288044E+07   0.324189E+01   0.328931E-01   0.514327E+00  -0.638306E+10
   0.492368E-01   0.518380E+07   0.515137E+07   0.130572E+03   0.130572E+03   0.103563E+07   0.515875E+07   0.517836E+07   0.515875E+07  -0.197947E+00   0.266311E+07   0.266274E+07   0.251880E+01   0.255516E-01   0.514295E+00  -0.540885E+10
   0.533399E-01   0.484200E+07   0.481567E+07   0.103935E+03   0.103935E+03   0.886232E+06   0.481888E+07   0.483758E+07   0.481888E+07  -0.184906E+00   0.248774E+07   0.248743E+07   0.194286E+01   0.203393E-01   0.514268E+00  -0.466402E+10
   0.574430E-01   0.455420E+07   0.453322E+07   0.843025E+02   0.843025E+02   0.766655E+06   0.453277E+07   0.455068E+07   0.453277E+07  -0.173927E+00   0.234011E+07   0.233985E+07   0.151013E+01   0.164975E-01   0.514245E+00  -0.407387E+10
   0.615460E-01   0.429824E+07   0.428136E+07   0.693173E+02   0.693173E+02   0.667823E+06   0.427823E+07   0.429540E+07   0.427823E+07  -0.164161E+00   0.220876E+07   0.220854E+07   0.120726E+01   0.135652E-01   0.514225E+00  -0.358886E+10
   0.656491E-01   0.405701E+07   0.404274E+07   0.575082E+02   0.575082E+02   0.583599E+06   0.403819E+07   0.405462E+07   0.403819E+07  -0.154950E+00   0.208488E+07   0.208468E+07   0.101308E+01   0.112543E-01   0.514208E+00  -0.317586E+10
   0.697522E-01   0.381841E+07   0.380529E+07   0.479462E+02   0.479462E+02   0.509980E+06   0.380056E+07   0.381620E+07   0.380056E+07  -0.145832E+00   0.196224E+07   0.196205E+07   0.901470E+00   0.938310E-02   0.514193E+00  -0.281322E+10
   0.738552E-01   0.358445E+07   0.357128E+07   0.401448E+02   0.401448E+02   0.445651E+06   0.356739E+07   0.358224E+07   0.356739E+07  -0.136885E+00   0.184190E+07   0.184171E+07   0.846442E+00   0.785644E-02   0.514180E+00  -0.249398E+10
   0.779583E-01   0.334759E+07   0.333356E+07   0.336465E+02   0.336465E+02   0.388377E+06   0.333124E+07   0.334523E+07   0.333124E+07  -0.127823E+00   0.172000E+07   0.171981E+07   0.821080E+00   0.658476E-02   0.514168E+00  -0.220635E+10
   0.820614E-01   0.311940E+07   0.310418E+07   0.282928E+02   0.282928E+02   0.338483E+06   0.310370E+07   0.311685E+07   0.310370E+07  -0.119092E+00   0.160255E+07   0.160235E+07   0.805713E+00   0.553707E-02   0.514158E+00  -0.195290E+10
   0.861644E-01   0.290619E+07   0.288986E+07   0.239053E+02   0.239053E+02   0.295579E+06   0.289110E+07   0.290344E+07   0.289110E+07  -0.110935E+00   0.149281E+07   0.149260E+07   0.785410E+00   0.467845E-02   0.514148E+00  -0.173253E+10
   0.912856E-01   0.266908E+07   0.265200E+07   0.195582E+02   0.195582E+02   0.251116E+06   0.265478E+07   0.266621E+07   0.265478E+07  -0.101867E+00   0.137081E+07   0.137061E+07   0.740651E+00   0.382771E-02   0.514138E+00  -0.150169E+10
   0.964067E-01   0.247136E+07   0.245453E+07   0.162353E+02   0.162353E+02   0.215739E+06   0.245787E+07   0.246853E+07   0.245787E+07  -0.943111E-01   0.126916E+07   0.126896E+07   0.671249E+00   0.317743E-02   0.514129E+00  -0.131648E+10
   0.101528E+00   0.231545E+07   0.229988E+07   0.137155E+02   0.137155E+02   0.188083E+06   0.230278E+07   0.231283E+07   0.230278E+07  -0.883601E-01   0.118909E+07   0.118891E+07   0.583765E+00   0.268429E-02   0.514121E+00  -0.117121E+10
   0.106649E+00   0.219566E+07   0.218208E+07   0.117880E+02   0.117880E+02   0.166405E+06   0.218379E+07   0.219338E+07   0.218379E+07  -0.837944E-01   0.112766E+07   0.112750E+07   0.490119E+00   0.230706E-02   0.514113E+00  -0.105737E+10
   0.111770E+00   0.210021E+07   0.208886E+07   0.102672E+02   0.102672E+02   0.148882E+06   0.208908E+07   0.209830E+07   0.208908E+07  -0.801601E-01   0.107876E+07   0.107863E+07   0.402823E+00   0.200945E-02   0.514107E+00  -0.965176E+09
   0.116891E+00   0.201633E+07   0.200702E+07   0.901361E+01   0.901361E+01   0.134018E+06   0.200587E+07   0.201477E+07   0.200587E+07  -0.769674E-01   0.103580E+07   0.103569E+07   0.331530E+00   0.176411E-02   0.514101E+00  -0.886142E+09
   0.122012E+00   0.193410E+07   0.192626E+07   0.793620E+01   0.793620E+01   0.120806E+06   0.192421E+07   0.193278E+07   0.192421E+07  -0.738339E-01   0.993643E+06   0.993540E+06   0.281098E+00   0.155325E-02   0.514096E+00  -0.814395E+09
   0.127134E+00   0.184766E+07   0.184060E+07   0.698330E+01   0.698330E+01   0.108689E+06   0.183825E+07   0.184648E+07   0.183825E+07  -0.705357E-01   0.949265E+06   0.949169E+06   0.251261E+00   0.136675E-02   0.514091E+00  -0.746682E+09
   0.132255E+00   0.175542E+07   0.174846E+07   0.613065E+01   0.613065E+01   0.974545E+05   0.174641E+07   0.175425E+07   0.174641E+07  -0.670116E-01   0.901845E+06   0.901751E+06   0.237666E+00   0.119988E-02   0.514087E+00  -0.681913E+09
   0.137376E+00   0.165925E+07   0.165193E+07   0.537040E+01   0.537040E+01   0.871035E+05   0.165059E+07   0.165802E+07   0.165059E+07  -0.633348E-01   0.852370E+06   0.852274E+06   0.233735E+00   0.105109E-02   0.514083E+00  -0.620477E+09
   0.142497E+00   0.156330E+07   0.155543E+07   0.470219E+01   0.470219E+01   0.777418E+05   0.155495E+07   0.156198E+07   0.155495E+07  -0.596651E-01   0.802990E+06   0.802891E+06   0.232685E+00   0.920313E-03   0.514079E+00  -0.563523E+09
   0.147618E+00   0.147283E+07   0.146449E+07   0.412761E+01   0.412761E+01   0.694994E+05   0.146480E+07   0.147143E+07   0.146480E+07  -0.562059E-01   0.756441E+06   0.756339E+06   0.229181E+00   0.807860E-03   0.514076E+00  -0.512438E+09
   0.152739E+00   0.139286E+07   0.138433E+07   0.364582E+01   0.364582E+01   0.624626E+05   0.138513E+07   0.139142E+07   0.138513E+07  -0.531491E-01   0.715306E+06   0.715205E+06   0.220254E+00   0.713568E-03   0.514073E+00  -0.468324E+09
   0.157860E+00   0.132612E+07   0.131779E+07   0.324950E+01   0.324950E+01   0.565993E+05   0.131872E+07   0.132472E+07   0.131872E+07  -0.506008E-01   0.681014E+06   0.680916E+06   0.205397E+00   0.636001E-03   0.514070E+00  -0.431408E+09
   0.162982E+00   0.127215E+07   0.126435E+07   0.292449E+01   0.292449E+01   0.517451E+05   0.126507E+07   0.127084E+07   0.126507E+07  -0.485420E-01   0.653308E+06   0.653217E+06   0.186068E+00   0.572393E-03   0.514068E+00  -0.400853E+09
   0.168103E+00   0.122812E+07   0.122109E+07   0.265407E+01   0.265407E+01   0.476697E+05   0.122136E+07   0.122694E+07   0.122136E+07  -0.468649E-01   0.630739E+06   0.630656E+06   0.164869E+00   0.519467E-03   0.514065E+00  -0.375216E+09
   0.173224E+00   0.119053E+07   0.118432E+07   0.242315E+01   0.242315E+01   0.441512E+05   0.118406E+07   0.118948E+07   0.118406E+07  -0.454338E-01   0.611480E+06   0.611404E+06   0.144643E+00   0.474273E-03   0.514063E+00  -0.353005E+09
   0.178345E+00   0.115577E+07   0.115030E+07   0.221943E+01   0.221943E+01   0.410003E+05   0.114958E+07   0.115485E+07   0.114958E+07  -0.441106E-01   0.593672E+06   0.593604E+06   0.127668E+00   0.434401E-03   0.514061E+00  -0.332885E+09
   0.183466E+00   0.112053E+07   0.111560E+07   0.203342E+01   0.203342E+01   0.380655E+05   0.111458E+07   0.111970E+07   0.111458E+07  -0.427677E-01   0.575601E+06   0.575538E+06   0.115155E+00   0.397996E-03   0.514059E+00  -0.313743E+09
   0.188587E+00   0.108266E+07   0.107801E+07   0.185948E+01   0.185948E+01   0.352574E+05   0.107693E+07   0.108188E+07   0.107693E+07  -0.413229E-01   0.556157E+06   0.556096E+06   0.107156E+00   0.363952E-03   0.514057E+00  -0.294912E+09
   0.193708E+00   0.104195E+07   0.103736E+07   0.169616E+01   0.169616E+01   0.325597E+05   0.103641E+07   0.104118E+07   0.103641E+07  -0.397680E-01   0.535232E+06   0.535172E+06   0.102800E+00   0.331986E-03   0.514056E+00  -0.276313E+09
   0.198830E+00   0.999732E+06   0.995036E+06   0.154460E+01   0.154460E+01   0.300056E+05   0.994358E+06   0.998943E+06   0.994358E+06  -0.381546E-01   0.513519E+06   0.513459E+06   0.100665E+00   0.302323E-03   0.514054E+00  -0.258275E+09
   0.203951E+00   0.957865E+06   0.953005E+06   0.140644E+01   0.140644E+01   0.276370E+05   0.952651E+06   0.957049E+06   0.952651E+06  -0.365542E-01   0.491982E+06   0.491922E+06   0.992160E-01   0.275282E-03   0.514053E+00  -0.241230E+09
   0.209072E+00   0.918157E+06   0.913168E+06   0.128282E+01   0.128282E+01   0.254876E+05   0.913098E+06   0.917319E+06   0.913098E+06  -0.350366E-01   0.471558E+06   0.471497E+06   0.971823E-01   0.251087E-03   0.514051E+00  -0.225552E+09
   0.214193E+00   0.882150E+06   0.877134E+06   0.117423E+01   0.117423E+01   0.235780E+05   0.877249E+06   0.881308E+06   0.877249E+06  -0.336610E-01   0.453045E+06   0.452985E+06   0.938194E-01   0.229834E-03   0.514050E+00  -0.211516E+09
   0.219314E+00   0.850778E+06   0.845866E+06   0.108019E+01   0.108019E+01   0.219087E+05   0.846034E+06   0.849953E+06   0.846034E+06  -0.324633E-01   0.436926E+06   0.436868E+06   0.889714E-01   0.211427E-03   0.514049E+00  -0.199227E+09
   0.224435E+00   0.824031E+06   0.819346E+06   0.999043E+00   0.999043E+00   0.204562E+05   0.819445E+06   0.823245E+06   0.819445E+06  -0.314430E-01   0.423195E+06   0.423140E+06   0.829726E-01   0.195545E-03   0.514048E+00  -0.188563E+09
   0.229556E+00   0.801056E+06   0.796677E+06   0.928373E+00   0.928373E+00   0.191789E+05   0.796624E+06   0.800321E+06   0.796624E+06  -0.305673E-01   0.411410E+06   0.411358E+06   0.764560E-01   0.181714E-03   0.514047E+00  -0.179222E+09
   0.234678E+00   0.780550E+06   0.776503E+06   0.865600E+00   0.865600E+00   0.180306E+05   0.776265E+06   0.779871E+06   0.776265E+06  -0.297861E-01   0.400897E+06   0.400847E+06   0.701331E-01   0.169427E-03   0.514046E+00  -0.170831E+09
   0.239799E+00   0.761130E+06   0.757384E+06   0.808432E+00   0.808432E+00   0.169694E+05   0.756982E+06   0.760501E+06   0.756982E+06  -0.290462E-01   0.390938E+06   0.390892E+06   0.645979E-01   0.158238E-03   0.514045E+00  -0.163031E+09
   0.244920E+00   0.741620E+06   0.738106E+06   0.755136E+00   0.755136E+00   0.159637E+05   0.737598E+06   0.741030E+06   0.737598E+06  -0.283025E-01   0.380929E+06   0.380884E+06   0.601982E-01   0.147807E-03   0.514044E+00  -0.155535E+09
   0.250041E+00   0.721336E+06   0.717966E+06   0.704712E+00   0.704712E+00   0.149967E+05   0.717430E+06   0.720770E+06   0.717430E+06  -0.275286E-01   0.370513E+06   0.370471E+06   0.569950E-01   0.137937E-03   0.514043E+00  -0.148184E+09
   0.255162E+00   0.700202E+06   0.696893E+06   0.656876E+00   0.656876E+00   0.140657E+05   0.696402E+06   0.699646E+06   0.696402E+06  -0.267217E-01   0.359654E+06   0.359612E+06   0.548002E-01   0.128575E-03   0.514042E+00  -0.140954E+09
   0.260283E+00   0.678610E+06   0.675304E+06   0.611800E+00   0.611800E+00   0.131777E+05   0.674908E+06   0.678055E+06   0.674908E+06  -0.258970E-01   0.348555E+06   0.348513E+06   0.532664E-01   0.119752E-03   0.514042E+00  -0.133916E+09
   0.265404E+00   0.657179E+06   0.653851E+06   0.569817E+00   0.569817E+00   0.123424E+05   0.653571E+06   0.656620E+06   0.653571E+06  -0.250782E-01   0.337536E+06   0.337495E+06   0.519967E-01   0.111534E-03   0.514041E+00  -0.127180E+09
   0.270526E+00   0.636584E+06   0.633240E+06   0.531243E+00   0.531243E+00   0.115690E+05   0.633067E+06   0.636023E+06   0.633067E+06  -0.242915E-01   0.326948E+06   0.326906E+06   0.506486E-01   0.103984E-03   0.514040E+00  -0.120858E+09
   0.275647E+00   0.617417E+06   0.614090E+06   0.496269E+00   0.496269E+00   0.108637E+05   0.613990E+06   0.616858E+06   0.613990E+06  -0.235595E-01   0.317096E+06   0.317055E+06   0.490034E-01   0.971385E-04   0.514040E+00  -0.115039E+09
   0.280768E+00   0.600030E+06   0.596764E+06   0.464856E+00   0.464856E+00   0.102277E+05   0.596693E+06   0.599482E+06   0.596693E+06  -0.228958E-01   0.308163E+06   0.308123E+06   0.469920E-01   0.909899E-04   0.514039E+00  -0.109759E+09
   0.285889E+00   0.584438E+06   0.581276E+06   0.436703E+00   0.436703E+00   0.965626E+04   0.581189E+06   0.583907E+06   0.581189E+06  -0.223009E-01   0.300156E+06   0.300118E+06   0.446784E-01   0.854794E-04   0.514038E+00  -0.104992E+09
   0.291010E+00   0.570366E+06   0.567337E+06   0.411327E+00   0.411327E+00   0.914017E+04   0.567203E+06   0.569857E+06   0.567203E+06  -0.217642E-01   0.292934E+06   0.292897E+06   0.422168E-01   0.805123E-04   0.514038E+00  -0.100663E+09
   0.296131E+00   0.557379E+06   0.554495E+06   0.388188E+00   0.388188E+00   0.866878E+04   0.554301E+06   0.556895E+06   0.554301E+06  -0.212691E-01   0.286270E+06   0.286235E+06   0.397952E-01   0.759833E-04   0.514037E+00  -0.966716E+08
   0.301252E+00   0.545007E+06   0.542258E+06   0.366784E+00   0.366784E+00   0.823174E+04   0.542007E+06   0.544545E+06   0.542007E+06  -0.207974E-01   0.279921E+06   0.279887E+06   0.375810E-01   0.717937E-04   0.514037E+00  -0.929208E+08
   0.306374E+00   0.532826E+06   0.530192E+06   0.346705E+00   0.346705E+00   0.782051E+04   0.529902E+06   0.532384E+06   0.529902E+06  -0.203329E-01   0.273670E+06   0.273637E+06   0.356821E-01   0.678635E-04   0.514036E+00  -0.893270E+08
   0.311495E+00   0.520558E+06   0.518007E+06   0.327678E+00   0.327678E+00   0.742922E+04   0.517703E+06   0.520130E+06   0.517703E+06  -0.198648E-01   0.267370E+06   0.267338E+06   0.341318E-01   0.641393E-04   0.514036E+00  -0.858360E+08
   0.316616E+00   0.508118E+06   0.505621E+06   0.309584E+00   0.309584E+00   0.705532E+04   0.505330E+06   0.507699E+06   0.505330E+06  -0.193900E-01   0.260980E+06   0.260949E+06   0.328933E-01   0.605976E-04   0.514035E+00  -0.824294E+08
   0.321737E+00   0.495609E+06   0.493142E+06   0.292423E+00   0.292423E+00   0.669888E+04   0.492883E+06   0.495194E+06   0.492883E+06  -0.189124E-01   0.254552E+06   0.254521E+06   0.318811E-01   0.572385E-04   0.514035E+00  -0.791193E+08
   0.326858E+00   0.483239E+06   0.480791E+06   0.276256E+00   0.276256E+00   0.636136E+04   0.480573E+06   0.482828E+06   0.480573E+06  -0.184401E-01   0.248195E+06   0.248165E+06   0.309889E-01   0.540741E-04   0.514034E+00  -0.759348E+08
   0.331979E+00   0.471247E+06   0.468817E+06   0.261149E+00   0.261149E+00   0.604438E+04   0.468639E+06   0.470839E+06   0.468639E+06  -0.179822E-01   0.242032E+06   0.242002E+06   0.301175E-01   0.511171E-04   0.514034E+00  -0.729069E+08
   0.337100E+00   0.459834E+06   0.457431E+06   0.247138E+00   0.247138E+00   0.574884E+04   0.457284E+06   0.459431E+06   0.457284E+06  -0.175465E-01   0.236168E+06   0.236138E+06   0.291970E-01   0.483747E-04   0.514034E+00  -0.700596E+08
   0.342222E+00   0.449129E+06   0.446767E+06   0.234213E+00   0.234213E+00   0.547469E+04   0.446635E+06   0.448733E+06   0.446635E+06  -0.171379E-01   0.230668E+06   0.230639E+06   0.281964E-01   0.458448E-04   0.514033E+00  -0.674042E+08
   0.347343E+00   0.439162E+06   0.436854E+06   0.222312E+00   0.222312E+00   0.522061E+04   0.436723E+06   0.438775E+06   0.436723E+06  -0.167575E-01   0.225549E+06   0.225521E+06   0.271232E-01   0.435154E-04   0.514033E+00  -0.649366E+08
   0.352464E+00   0.429864E+06   0.427621E+06   0.211329E+00   0.211329E+00   0.498433E+04   0.427478E+06   0.429487E+06   0.427478E+06  -0.164028E-01   0.220775E+06   0.220747E+06   0.260126E-01   0.413656E-04   0.514033E+00  -0.626386E+08
   0.357585E+00   0.421095E+06   0.418923E+06   0.201133E+00   0.201133E+00   0.476303E+04   0.418762E+06   0.420730E+06   0.418762E+06  -0.160683E-01   0.216273E+06   0.216246E+06   0.249139E-01   0.393699E-04   0.514032E+00  -0.604826E+08
   0.362706E+00   0.412693E+06   0.410589E+06   0.191594E+00   0.191594E+00   0.455399E+04   0.410410E+06   0.412340E+06   0.410410E+06  -0.157479E-01   0.211960E+06   0.211934E+06   0.238751E-01   0.375030E-04   0.514032E+00  -0.584394E+08
   0.367827E+00   0.404508E+06   0.402466E+06   0.182603E+00   0.182603E+00   0.435501E+04   0.402273E+06   0.404165E+06   0.402273E+06  -0.154357E-01   0.207758E+06   0.207732E+06   0.229310E-01   0.357431E-04   0.514032E+00  -0.564833E+08
   0.372948E+00   0.396428E+06   0.394438E+06   0.174076E+00   0.174076E+00   0.416454E+04   0.394239E+06   0.396094E+06   0.394239E+06  -0.151274E-01   0.203609E+06   0.203584E+06   0.220969E-01   0.340739E-04   0.514031E+00  -0.545952E+08
   0.378070E+00   0.388395E+06   0.386446E+06   0.165959E+00   0.165959E+00   0.398180E+04   0.386250E+06   0.388068E+06   0.386250E+06  -0.148208E-01   0.199483E+06   0.199458E+06   0.213676E-01   0.324852E-04   0.514031E+00  -0.527644E+08
   0.383191E+00   0.380418E+06   0.378500E+06   0.158234E+00   0.158234E+00   0.380670E+04   0.378315E+06   0.380096E+06   0.378315E+06  -0.145164E-01   0.195385E+06   0.195361E+06   0.207227E-01   0.309732E-04   0.514031E+00  -0.509897E+08
   0.388312E+00   0.372562E+06   0.370671E+06   0.150905E+00   0.150905E+00   0.363970E+04   0.370500E+06   0.372245E+06   0.370500E+06  -0.142165E-01   0.191349E+06   0.191325E+06   0.201340E-01   0.295386E-04   0.514030E+00  -0.492779E+08
   0.393433E+00   0.364907E+06   0.363040E+06   0.143981E+00   0.143981E+00   0.348123E+04   0.362884E+06   0.364593E+06   0.362884E+06  -0.139243E-01   0.187416E+06   0.187393E+06   0.195724E-01   0.281832E-04   0.514030E+00  -0.476368E+08
   0.398554E+00   0.357514E+06   0.355673E+06   0.137461E+00   0.137461E+00   0.333148E+04   0.355530E+06   0.357205E+06   0.355530E+06  -0.136421E-01   0.183618E+06   0.183595E+06   0.190147E-01   0.269071E-04   0.514030E+00  -0.460717E+08
   0.403675E+00   0.350426E+06   0.348614E+06   0.131339E+00   0.131339E+00   0.319040E+04   0.348480E+06   0.350122E+06   0.348480E+06  -0.133716E-01   0.179977E+06   0.179954E+06   0.184476E-01   0.257086E-04   0.514030E+00  -0.445853E+08
   0.408796E+00   0.343668E+06   0.341889E+06   0.125599E+00   0.125599E+00   0.305773E+04   0.341759E+06   0.343369E+06   0.341759E+06  -0.131137E-01   0.176505E+06   0.176484E+06   0.178691E-01   0.245851E-04   0.514029E+00  -0.431775E+08
   0.413918E+00   0.337232E+06   0.335491E+06   0.120216E+00   0.120216E+00   0.293300E+04   0.335359E+06   0.336940E+06   0.335359E+06  -0.128681E-01   0.173200E+06   0.173179E+06   0.172862E-01   0.235315E-04   0.514029E+00  -0.418448E+08
   0.419039E+00   0.331076E+06   0.329374E+06   0.115155E+00   0.115155E+00   0.281541E+04   0.329239E+06   0.330791E+06   0.329239E+06  -0.126332E-01   0.170039E+06   0.170018E+06   0.167110E-01   0.225408E-04   0.514029E+00  -0.405791E+08
   0.424160E+00   0.325139E+06   0.323476E+06   0.110376E+00   0.110376E+00   0.270413E+04   0.323335E+06   0.324860E+06   0.323335E+06  -0.124067E-01   0.166991E+06   0.166970E+06   0.161567E-01   0.216054E-04   0.514029E+00  -0.393704E+08
   0.429281E+00   0.319365E+06   0.317739E+06   0.105845E+00   0.105845E+00   0.259840E+04   0.317594E+06   0.319092E+06   0.317594E+06  -0.121864E-01   0.164026E+06   0.164006E+06   0.156342E-01   0.207185E-04   0.514029E+00  -0.382100E+08
   0.434402E+00   0.313716E+06   0.312124E+06   0.101536E+00   0.101536E+00   0.249768E+04   0.311977E+06   0.313449E+06   0.311977E+06  -0.119709E-01   0.161125E+06   0.161105E+06   0.151497E-01   0.198750E-04   0.514028E+00  -0.370918E+08
   0.439523E+00   0.308166E+06   0.306604E+06   0.974291E-01   0.974291E-01   0.240155E+04   0.306458E+06   0.307904E+06   0.306458E+06  -0.117591E-01   0.158274E+06   0.158255E+06   0.147038E-01   0.190711E-04   0.514028E+00  -0.360111E+08
   0.444644E+00   0.302704E+06   0.301167E+06   0.935102E-01   0.935102E-01   0.230974E+04   0.301025E+06   0.302446E+06   0.301025E+06  -0.115507E-01   0.155469E+06   0.155450E+06   0.142921E-01   0.183041E-04   0.514028E+00  -0.349653E+08
   0.449766E+00   0.297335E+06   0.295822E+06   0.897718E-01   0.897718E-01   0.222214E+04   0.295686E+06   0.297081E+06   0.295686E+06  -0.113458E-01   0.152711E+06   0.152692E+06   0.139069E-01   0.175723E-04   0.514028E+00  -0.339540E+08
   0.454887E+00   0.292083E+06   0.290592E+06   0.862115E-01   0.862115E-01   0.213873E+04   0.290462E+06   0.291833E+06   0.290462E+06  -0.111453E-01   0.150013E+06   0.149995E+06   0.135399E-01   0.168754E-04   0.514028E+00  -0.329787E+08
   0.460008E+00   0.286974E+06   0.285505E+06   0.828278E-01   0.828278E-01   0.205951E+04   0.285380E+06   0.286728E+06   0.285380E+06  -0.109504E-01   0.147389E+06   0.147371E+06   0.131835E-01   0.162131E-04   0.514028E+00  -0.320410E+08
   0.465129E+00   0.282026E+06   0.280579E+06   0.796169E-01   0.796169E-01   0.198441E+04   0.280459E+06   0.281783E+06   0.280459E+06  -0.107615E-01   0.144847E+06   0.144829E+06   0.128327E-01   0.155845E-04   0.514027E+00  -0.311418E+08
   0.470250E+00   0.277244E+06   0.275820E+06   0.765714E-01   0.765714E-01   0.191323E+04   0.275703E+06   0.277005E+06   0.275703E+06  -0.105790E-01   0.142391E+06   0.142373E+06   0.124851E-01   0.149884E-04   0.514027E+00  -0.302803E+08
   0.475371E+00   0.272623E+06   0.271223E+06   0.736817E-01   0.736817E-01   0.184571E+04   0.271108E+06   0.272388E+06   0.271108E+06  -0.104027E-01   0.140018E+06   0.140000E+06   0.121413E-01   0.144228E-04   0.514027E+00  -0.294548E+08
   0.480492E+00   0.268154E+06   0.266779E+06   0.709373E-01   0.709373E-01   0.178154E+04   0.266664E+06   0.267923E+06   0.266664E+06  -0.102322E-01   0.137722E+06   0.137705E+06   0.118037E-01   0.138856E-04   0.514027E+00  -0.286632E+08
   0.485614E+00   0.263823E+06   0.262473E+06   0.683274E-01   0.683274E-01   0.172044E+04   0.262357E+06   0.263596E+06   0.262357E+06  -0.100669E-01   0.135498E+06   0.135482E+06   0.114760E-01   0.133747E-04   0.514027E+00  -0.279029E+08
   0.490735E+00   0.259611E+06   0.258286E+06   0.658408E-01   0.658408E-01   0.166207E+04   0.258169E+06   0.259389E+06   0.258169E+06  -0.990622E-02   0.133335E+06   0.133319E+06   0.111613E-01   0.128880E-04   0.514027E+00  -0.271710E+08
   0.495856E+00   0.255497E+06   0.254195E+06   0.634660E-01   0.634660E-01   0.160617E+04   0.254078E+06   0.255279E+06   0.254078E+06  -0.974925E-02   0.131223E+06   0.131207E+06   0.108616E-01   0.124231E-04   0.514027E+00  -0.264643E+08
   0.500977E+00   0.251466E+06   0.250185E+06   0.611941E-01   0.611941E-01   0.155248E+04   0.250069E+06   0.251251E+06   0.250069E+06  -0.959542E-02   0.129152E+06   0.129136E+06   0.105776E-01   0.119784E-04   0.514026E+00  -0.257805E+08
   0.506098E+00   0.247512E+06   0.246251E+06   0.590191E-01   0.590191E-01   0.150089E+04   0.246137E+06   0.247300E+06   0.246137E+06  -0.944455E-02   0.127121E+06   0.127106E+06   0.103087E-01   0.115527E-04   0.514026E+00  -0.251184E+08
   0.511219E+00   0.243639E+06   0.242397E+06   0.569374E-01   0.569374E-01   0.145129E+04   0.242285E+06   0.243430E+06   0.242285E+06  -0.929674E-02   0.125132E+06   0.125117E+06   0.100529E-01   0.111452E-04   0.514026E+00  -0.244776E+08
   0.516340E+00   0.239849E+06   0.238625E+06   0.549453E-01   0.549453E-01   0.140359E+04   0.238516E+06   0.239643E+06   0.238516E+06  -0.915211E-02   0.123185E+06   0.123170E+06   0.980796E-02   0.107553E-04   0.514026E+00  -0.238578E+08
   0.521462E+00   0.236144E+06   0.234937E+06   0.530392E-01   0.530392E-01   0.135768E+04   0.234831E+06   0.235941E+06   0.234831E+06  -0.901072E-02   0.121282E+06   0.121267E+06   0.957125E-02   0.103822E-04   0.514026E+00  -0.232585E+08
   0.526583E+00   0.232529E+06   0.231339E+06   0.512162E-01   0.512162E-01   0.131350E+04   0.231236E+06   0.232329E+06   0.231236E+06  -0.887276E-02   0.119425E+06   0.119411E+06   0.934086E-02   0.100253E-04   0.514026E+00  -0.226797E+08
   0.531704E+00   0.229009E+06   0.227837E+06   0.494740E-01   0.494740E-01   0.127098E+04   0.227735E+06   0.228812E+06   0.227735E+06  -0.873846E-02   0.117618E+06   0.117603E+06   0.911565E-02   0.968432E-05   0.514026E+00  -0.221213E+08
   0.536825E+00   0.225587E+06   0.224432E+06   0.478093E-01   0.478093E-01   0.123004E+04   0.224332E+06   0.225393E+06   0.224332E+06  -0.860786E-02   0.115860E+06   0.115846E+06   0.889528E-02   0.935846E-05   0.514026E+00  -0.215828E+08
   0.541946E+00   0.222256E+06   0.221119E+06   0.462174E-01   0.462174E-01   0.119062E+04   0.221020E+06   0.222065E+06   0.221020E+06  -0.848077E-02   0.114150E+06   0.114135E+06   0.867997E-02   0.904687E-05   0.514025E+00  -0.210632E+08
   0.547067E+00   0.219009E+06   0.217889E+06   0.446936E-01   0.446936E-01   0.115262E+04   0.217791E+06   0.218821E+06   0.217791E+06  -0.835687E-02   0.112482E+06   0.112468E+06   0.847037E-02   0.874859E-05   0.514025E+00  -0.205612E+08
   0.559946E+00   0.211181E+06   0.210103E+06   0.411365E-01   0.411365E-01   0.106310E+04   0.210006E+06   0.211000E+06   0.210006E+06  -0.805817E-02   0.108461E+06   0.108448E+06   0.797334E-02   0.805233E-05   0.514025E+00  -0.193703E+08
   0.593872E+00   0.192429E+06   0.191445E+06   0.333234E-01   0.333234E-01   0.866425E+03   0.191358E+06   0.192264E+06   0.191358E+06  -0.734260E-02   0.988302E+05   0.988179E+05   0.686496E-02   0.652293E-05   0.514024E+00  -0.166419E+08
   0.629853E+00   0.175296E+06   0.174401E+06   0.269872E-01   0.269872E-01   0.710513E+03   0.174320E+06   0.175145E+06   0.174320E+06  -0.668884E-02   0.900308E+05   0.900197E+05   0.590047E-02   0.528265E-05   0.514024E+00  -0.142942E+08
   0.879031E+00   0.102473E+06   0.101949E+06   0.809961E-02   0.809961E-02   0.223016E+03   0.101901E+06   0.102385E+06   0.101901E+06  -0.391006E-02   0.526291E+05   0.526225E+05   0.250094E-02   0.158549E-05   0.514022E+00  -0.598727E+07
   0.122679E+01   0.591790E+05   0.588769E+05   0.240157E-02   0.240157E-02   0.678391E+02   0.588488E+05   0.591283E+05   0.588488E+05  -0.225809E-02   0.303938E+05   0.303899E+05   0.105905E-02   0.470106E-06   0.514021E+00  -0.247755E+07
   0.171212E+01   0.338213E+05   0.336484E+05   0.704671E-03   0.704671E-03   0.202466E+02   0.336324E+05   0.337922E+05   0.336324E+05  -0.129051E-02   0.173703E+05   0.173679E+05   0.453187E-03   0.137940E-06   0.514020E+00  -0.101456E+07
   0.238945E+01   0.191559E+05   0.190578E+05   0.204913E-03   0.204913E-03   0.596162E+01   0.190489E+05   0.191394E+05   0.190489E+05  -0.730927E-03   0.983828E+04   0.983685E+04   0.199417E-03   0.401120E-07   0.514019E+00  -0.411743E+06
