#          k/h    CDM            baryon         photon         nu             mass_nu        total          no_nu          total_de       Weyl           v_CDM          v_b            v_b-v_c        ISW            log_grow       pert_vel    
   0.994668E-05   0.146785E+08   0.146785E+08   0.195586E+08   0.195582E+08   0.146807E+08   0.146785E+08   0.146785E+08   0.146838E+08  -0.464329E+00   0.799959E+07   0.799959E+07   0.613122E+01   0.887080E+06   0.673910E+00  -0.804277E+14
   0.109829E-04   0.146787E+08   0.146787E+08   0.195561E+08   0.195556E+08   0.146809E+08   0.146788E+08   0.146787E+08   0.146840E+08  -0.464336E+00   0.799969E+07   0.799969E+07   0.676979E+01   0.727620E+06   0.673898E+00  -0.728400E+14
   0.121272E-04   0.146790E+08   0.146790E+08   0.195531E+08   0.195524E+08   0.146812E+08   0.146790E+08   0.146790E+08   0.146842E+08  -0.464345E+00   0.799980E+07   0.799980E+07   0.747481E+01   0.596832E+06   0.673882E+00  -0.659683E+14
   0.133906E-04   0.146793E+08   0.146793E+08   0.195494E+08   0.195486E+08   0.146815E+08   0.146794E+08   0.146793E+08   0.146846E+08  -0.464355E+00   0.799995E+07   0.799995E+07   0.825319E+01   0.489559E+06   0.673863E+00  -0.597451E+14
   0.147857E-04   0.146797E+08   0.146797E+08   0.195448E+08   0.195439E+08   0.146819E+08   0.146798E+08   0.146797E+08   0.146850E+08  -0.464368E+00   0.800012E+07   0.800012E+07   0.911253E+01   0.401574E+06   0.673840E+00  -0.541092E+14
   0.163261E-04   0.146802E+08   0.146802E+08   0.195393E+08   0.195382E+08   0.146823E+08   0.146802E+08   0.146802E+08   0.146855E+08  -0.464383E+00   0.800033E+07   0.800033E+07   0.100612E+02   0.329410E+06   0.673811E+00  -0.490052E+14
   0.180270E-04   0.146808E+08   0.146808E+08   0.195326E+08   0.195312E+08   0.146829E+08   0.146808E+08   0.146808E+08   0.146860E+08  -0.464402E+00   0.800059E+07   0.800059E+07   0.111086E+02   0.270220E+06   0.673777E+00  -0.443828E+14
   0.199051E-04   0.146815E+08   0.146815E+08   0.195244E+08   0.195227E+08   0.146836E+08   0.146816E+08   0.146815E+08   0.146868E+08  -0.464424E+00   0.800091E+07   0.800090E+07   0.122647E+02   0.221673E+06   0.673734E+00  -0.401968E+14
   0.219788E-04   0.146824E+08   0.146824E+08   0.195144E+08   0.195123E+08   0.146844E+08   0.146824E+08   0.146824E+08   0.146876E+08  -0.464452E+00   0.800129E+07   0.800129E+07   0.135408E+02   0.181855E+06   0.673683E+00  -0.364058E+14
   0.242687E-04   0.146835E+08   0.146835E+08   0.195022E+08   0.194997E+08   0.146855E+08   0.146835E+08   0.146835E+08   0.146887E+08  -0.464486E+00   0.800176E+07   0.800176E+07   0.149494E+02   0.149196E+06   0.673621E+00  -0.329728E+14
   0.267970E-04   0.146848E+08   0.146848E+08   0.194874E+08   0.194843E+08   0.146867E+08   0.146848E+08   0.146848E+08   0.146900E+08  -0.464527E+00   0.800233E+07   0.800233E+07   0.165039E+02   0.122410E+06   0.673544E+00  -0.298639E+14
   0.295888E-04   0.146864E+08   0.146864E+08   0.194693E+08   0.194656E+08   0.146883E+08   0.146864E+08   0.146864E+08   0.146916E+08  -0.464577E+00   0.800302E+07   0.800302E+07   0.182194E+02   0.100439E+06   0.673452E+00  -0.270485E+14
   0.326714E-04   0.146883E+08   0.146883E+08   0.194473E+08   0.194427E+08   0.146901E+08   0.146884E+08   0.146883E+08   0.146935E+08  -0.464638E+00   0.800387E+07   0.800387E+07   0.201122E+02   0.824194E+05   0.673339E+00  -0.244990E+14
   0.360752E-04   0.146907E+08   0.146907E+08   0.194204E+08   0.194149E+08   0.146924E+08   0.146907E+08   0.146907E+08   0.146959E+08  -0.464712E+00   0.800490E+07   0.800490E+07   0.222004E+02   0.676394E+05   0.673201E+00  -0.221903E+14
   0.398336E-04   0.146936E+08   0.146936E+08   0.193878E+08   0.193810E+08   0.146952E+08   0.146936E+08   0.146936E+08   0.146988E+08  -0.464803E+00   0.800615E+07   0.800615E+07   0.245037E+02   0.555168E+05   0.673034E+00  -0.200997E+14
   0.439836E-04   0.146971E+08   0.146971E+08   0.193480E+08   0.193398E+08   0.146985E+08   0.146971E+08   0.146971E+08   0.147023E+08  -0.464913E+00   0.800768E+07   0.800768E+07   0.270437E+02   0.455738E+05   0.672830E+00  -0.182067E+14
   0.485659E-04   0.147014E+08   0.147014E+08   0.192996E+08   0.192897E+08   0.147026E+08   0.147014E+08   0.147014E+08   0.147065E+08  -0.465047E+00   0.800955E+07   0.800954E+07   0.298438E+02   0.374185E+05   0.672583E+00  -0.164927E+14
   0.536256E-04   0.147066E+08   0.147066E+08   0.192408E+08   0.192287E+08   0.147076E+08   0.147066E+08   0.147066E+08   0.147117E+08  -0.465211E+00   0.801181E+07   0.801181E+07   0.329296E+02   0.307294E+05   0.672282E+00  -0.149408E+14
   0.592125E-04   0.147129E+08   0.147129E+08   0.191692E+08   0.191545E+08   0.147137E+08   0.147129E+08   0.147129E+08   0.147180E+08  -0.465410E+00   0.801457E+07   0.801456E+07   0.363289E+02   0.252429E+05   0.671918E+00  -0.135358E+14
   0.653814E-04   0.147206E+08   0.147206E+08   0.190823E+08   0.190644E+08   0.147211E+08   0.147206E+08   0.147206E+08   0.147257E+08  -0.465652E+00   0.801793E+07   0.801792E+07   0.400715E+02   0.207428E+05   0.671475E+00  -0.122638E+14
   0.721930E-04   0.147300E+08   0.147300E+08   0.189768E+08   0.189551E+08   0.147301E+08   0.147300E+08   0.147300E+08   0.147351E+08  -0.465946E+00   0.802200E+07   0.802200E+07   0.441895E+02   0.170516E+05   0.670939E+00  -0.111123E+14
   0.797142E-04   0.147414E+08   0.147413E+08   0.188489E+08   0.188225E+08   0.147410E+08   0.147414E+08   0.147414E+08   0.147464E+08  -0.466303E+00   0.802696E+07   0.802695E+07   0.487170E+02   0.140239E+05   0.670291E+00  -0.100700E+14
   0.880190E-04   0.147552E+08   0.147551E+08   0.186939E+08   0.186619E+08   0.147542E+08   0.147552E+08   0.147552E+08   0.147602E+08  -0.466736E+00   0.803297E+07   0.803296E+07   0.536901E+02   0.115403E+05   0.669509E+00  -0.912674E+13
   0.971891E-04   0.147719E+08   0.147719E+08   0.185064E+08   0.184676E+08   0.147702E+08   0.147719E+08   0.147719E+08   0.147768E+08  -0.467262E+00   0.804027E+07   0.804025E+07   0.591462E+02   0.950295E+04   0.668565E+00  -0.827311E+13
   0.107314E-03   0.147922E+08   0.147921E+08   0.182799E+08   0.182331E+08   0.147896E+08   0.147922E+08   0.147922E+08   0.147971E+08  -0.467899E+00   0.804910E+07   0.804908E+07   0.651239E+02   0.783153E+04   0.667431E+00  -0.750076E+13
   0.118495E-03   0.148167E+08   0.148166E+08   0.180071E+08   0.179506E+08   0.148131E+08   0.148167E+08   0.148167E+08   0.148215E+08  -0.468669E+00   0.805979E+07   0.805977E+07   0.716616E+02   0.646019E+04   0.666072E+00  -0.680206E+13
   0.130840E-03   0.148464E+08   0.148462E+08   0.176792E+08   0.176112E+08   0.148415E+08   0.148463E+08   0.148463E+08   0.148510E+08  -0.469600E+00   0.807270E+07   0.807267E+07   0.787966E+02   0.533487E+04   0.664449E+00  -0.617013E+13
   0.144471E-03   0.148820E+08   0.148819E+08   0.172864E+08   0.172048E+08   0.148756E+08   0.148820E+08   0.148820E+08   0.148866E+08  -0.470721E+00   0.808826E+07   0.808822E+07   0.865634E+02   0.441125E+04   0.662518E+00  -0.559873E+13
   0.159522E-03   0.149250E+08   0.149248E+08   0.168177E+08   0.167200E+08   0.149166E+08   0.149249E+08   0.149249E+08   0.149294E+08  -0.472068E+00   0.810696E+07   0.810692E+07   0.949908E+02   0.365294E+04   0.660233E+00  -0.508221E+13
   0.176142E-03   0.149764E+08   0.149762E+08   0.162610E+08   0.161447E+08   0.149658E+08   0.149763E+08   0.149764E+08   0.149806E+08  -0.473683E+00   0.812939E+07   0.812933E+07   0.104099E+03   0.303009E+04   0.657545E+00  -0.461542E+13
   0.194493E-03   0.150378E+08   0.150376E+08   0.156039E+08   0.154661E+08   0.150244E+08   0.150377E+08   0.150378E+08   0.150419E+08  -0.475612E+00   0.815618E+07   0.815611E+07   0.113897E+03   0.251820E+04   0.654404E+00  -0.419371E+13
   0.214755E-03   0.151108E+08   0.151105E+08   0.148339E+08   0.146716E+08   0.150940E+08   0.151107E+08   0.151108E+08   0.151147E+08  -0.477905E+00   0.818805E+07   0.818797E+07   0.124373E+03   0.209717E+04   0.650763E+00  -0.381287E+13
   0.237129E-03   0.151973E+08   0.151969E+08   0.139398E+08   0.137501E+08   0.151762E+08   0.151971E+08   0.151972E+08   0.152008E+08  -0.480619E+00   0.822578E+07   0.822568E+07   0.135491E+03   0.175050E+04   0.646581E+00  -0.346902E+13
   0.261834E-03   0.152989E+08   0.152985E+08   0.129132E+08   0.126937E+08   0.152728E+08   0.152987E+08   0.152988E+08   0.153021E+08  -0.483812E+00   0.827018E+07   0.827006E+07   0.147184E+03   0.146465E+04   0.641830E+00  -0.315867E+13
   0.289112E-03   0.154176E+08   0.154171E+08   0.117510E+08   0.115001E+08   0.153854E+08   0.154174E+08   0.154176E+08   0.154205E+08  -0.487541E+00   0.832207E+07   0.832194E+07   0.159340E+03   0.122852E+04   0.636494E+00  -0.287859E+13
   0.319233E-03   0.155552E+08   0.155546E+08   0.104585E+08   0.101758E+08   0.155154E+08   0.155549E+08   0.155551E+08   0.155577E+08  -0.491862E+00   0.838224E+07   0.838207E+07   0.171797E+03   0.103302E+04   0.630583E+00  -0.262583E+13
   0.352491E-03   0.157131E+08   0.157123E+08   0.905292E+07   0.874020E+07   0.156642E+08   0.157127E+08   0.157130E+08   0.157151E+08  -0.496821E+00   0.845134E+07   0.845115E+07   0.184329E+03   0.870705E+03   0.624130E+00  -0.239768E+13
   0.389215E-03   0.158923E+08   0.158914E+08   0.756758E+07   0.722955E+07   0.158323E+08   0.158919E+08   0.158922E+08   0.158939E+08  -0.502452E+00   0.852986E+07   0.852963E+07   0.196639E+03   0.735498E+03   0.617197E+00  -0.219163E+13
   0.429764E-03   0.160933E+08   0.160922E+08   0.605517E+07   0.570028E+07   0.160198E+08   0.160928E+08   0.160931E+08   0.160944E+08  -0.508768E+00   0.861800E+07   0.861773E+07   0.208358E+03   0.622456E+03   0.609874E+00  -0.200535E+13
   0.474538E-03   0.163156E+08   0.163143E+08   0.458894E+07   0.422996E+07   0.162258E+08   0.163150E+08   0.163154E+08   0.163162E+08  -0.515755E+00   0.871555E+07   0.871524E+07   0.219045E+03   0.527562E+03   0.602276E+00  -0.183670E+13
   0.523976E-03   0.165577E+08   0.165562E+08   0.325931E+07   0.291333E+07   0.164480E+08   0.165569E+08   0.165574E+08   0.165578E+08  -0.523366E+00   0.882188E+07   0.882152E+07   0.228208E+03   0.447571E+03   0.594540E+00  -0.168369E+13
   0.578566E-03   0.168168E+08   0.168151E+08   0.216311E+07   0.185044E+07   0.166832E+08   0.168159E+08   0.168165E+08   0.168165E+08  -0.531518E+00   0.893581E+07   0.893540E+07   0.235332E+03   0.379867E+03   0.586809E+00  -0.154452E+13
   0.638842E-03   0.170892E+08   0.170872E+08   0.138344E+07   0.112506E+07   0.169265E+08   0.170881E+08   0.170889E+08   0.170884E+08  -0.540089E+00   0.905561E+07   0.905515E+07   0.239933E+03   0.322351E+03   0.579228E+00  -0.141754E+13
   0.705398E-03   0.173698E+08   0.173674E+08   0.961235E+06   0.774649E+06   0.171722E+08   0.173684E+08   0.173694E+08   0.173687E+08  -0.548924E+00   0.917906E+07   0.917855E+07   0.241617E+03   0.273338E+03   0.571930E+00  -0.130130E+13
   0.778888E-03   0.176527E+08   0.176501E+08   0.866164E+06   0.760408E+06   0.174132E+08   0.176512E+08   0.176523E+08   0.176514E+08  -0.557840E+00   0.930355E+07   0.930299E+07   0.240145E+03   0.231477E+03   0.565030E+00  -0.119450E+13
   0.860035E-03   0.179318E+08   0.179288E+08   0.983409E+06   0.955311E+06   0.176420E+08   0.179299E+08   0.179313E+08   0.179302E+08  -0.566636E+00   0.942620E+07   0.942559E+07   0.235477E+03   0.195678E+03   0.558614E+00  -0.109605E+13
   0.949635E-03   0.182004E+08   0.181972E+08   0.113798E+07   0.117269E+07   0.178508E+08   0.181982E+08   0.181999E+08   0.181985E+08  -0.575108E+00   0.954409E+07   0.954344E+07   0.227771E+03   0.165054E+03   0.552742E+00  -0.100505E+13
   0.104857E-02   0.184526E+08   0.184491E+08   0.116724E+07   0.124547E+07   0.180318E+08   0.184500E+08   0.184520E+08   0.184503E+08  -0.583060E+00   0.965443E+07   0.965375E+07   0.217337E+03   0.138873E+03   0.547442E+00  -0.920746E+12
   0.115781E-02   0.186829E+08   0.186792E+08   0.101418E+07   0.112452E+07   0.181781E+08   0.186799E+08   0.186823E+08   0.186802E+08  -0.590320E+00   0.975472E+07   0.975401E+07   0.204564E+03   0.116525E+03   0.542720E+00  -0.842533E+12
   0.127844E-02   0.188869E+08   0.188830E+08   0.764325E+06   0.912727E+06   0.182839E+08   0.188834E+08   0.188863E+08   0.188837E+08  -0.596747E+00   0.984285E+07   0.984212E+07   0.189894E+03   0.974913E+02   0.538561E+00  -0.769932E+12
   0.141163E-02   0.190613E+08   0.190572E+08   0.553948E+06   0.759922E+06   0.183448E+08   0.190572E+08   0.190606E+08   0.190574E+08  -0.602233E+00   0.991722E+07   0.991648E+07   0.173868E+03   0.813294E+02   0.534934E+00  -0.702555E+12
   0.155869E-02   0.192036E+08   0.191995E+08   0.410438E+06   0.483152E+06   0.183575E+08   0.191989E+08   0.192029E+08   0.191991E+08  -0.606705E+00   0.997670E+07   0.997597E+07   0.157210E+03   0.676513E+02   0.531801E+00  -0.640084E+12
   0.172108E-02   0.193127E+08   0.193085E+08   0.245427E+06   0.398530E+06   0.183198E+08   0.193073E+08   0.193120E+08   0.193074E+08  -0.610125E+00   0.100205E+08   0.100198E+08   0.140785E+03   0.561187E+02   0.529113E+00  -0.582237E+12
   0.190039E-02   0.193878E+08   0.193837E+08   0.654100E+05   0.328144E+06   0.182311E+08   0.193816E+08   0.193871E+08   0.193817E+08  -0.612471E+00   0.100484E+08   0.100477E+08   0.125402E+03   0.464283E+02   0.526823E+00  -0.528767E+12
   0.209838E-02   0.194290E+08   0.194248E+08   0.851379E+04   0.269715E+06   0.180919E+08   0.194220E+08   0.194283E+08   0.194220E+08  -0.613742E+00   0.100601E+08   0.100594E+08   0.111648E+03   0.383140E+02   0.524883E+00  -0.479436E+12
   0.231699E-02   0.194366E+08   0.194325E+08   0.451524E+05   0.221307E+06   0.179033E+08   0.194287E+08   0.194359E+08   0.194287E+08  -0.613952E+00   0.100559E+08   0.100552E+08   0.998672E+02   0.315426E+02   0.523247E+00  -0.434017E+12
   0.255838E-02   0.194115E+08   0.194072E+08   0.498370E+05   0.181280E+06   0.176673E+08   0.194025E+08   0.194108E+08   0.194025E+08  -0.613123E+00   0.100358E+08   0.100352E+08   0.900556E+02   0.259097E+02   0.521873E+00  -0.392283E+12
   0.282492E-02   0.193540E+08   0.193495E+08   0.713920E+05   0.148244E+06   0.173859E+08   0.193439E+08   0.193532E+08   0.193439E+08  -0.611269E+00   0.100001E+08   0.999944E+07   0.817675E+02   0.212370E+02   0.520721E+00  -0.354006E+12
   0.311923E-02   0.192647E+08   0.192600E+08   0.474140E+05   0.121029E+06   0.170605E+08   0.192535E+08   0.192639E+08   0.192535E+08  -0.608412E+00   0.994895E+07   0.994825E+07   0.743789E+02   0.173715E+02   0.519757E+00  -0.318964E+12
   0.344419E-02   0.191443E+08   0.191393E+08   0.853562E+04   0.986467E+05   0.166922E+08   0.191319E+08   0.191435E+08   0.191319E+08  -0.604567E+00   0.988244E+07   0.988174E+07   0.673672E+02   0.141812E+02   0.518951E+00  -0.286938E+12
   0.380302E-02   0.189930E+08   0.189878E+08  -0.149681E+05   0.802701E+05   0.162816E+08   0.189793E+08   0.189921E+08   0.189793E+08  -0.599745E+00   0.980068E+07   0.979999E+07   0.606061E+02   0.115543E+02   0.518279E+00  -0.257714E+12
   0.419923E-02   0.188111E+08   0.188055E+08   0.478585E+04   0.652064E+05   0.158296E+08   0.187960E+08   0.188101E+08   0.187960E+08  -0.593953E+00   0.970366E+07   0.970298E+07   0.543494E+02   0.939587E+01   0.517716E+00  -0.231088E+12
   0.463671E-02   0.185984E+08   0.185924E+08   0.105542E+05   0.528774E+05   0.153370E+08   0.185820E+08   0.185974E+08   0.185820E+08  -0.587189E+00   0.959128E+07   0.959060E+07   0.488709E+02   0.762588E+01   0.517245E+00  -0.206860E+12
   0.511978E-02   0.183550E+08   0.183484E+08  -0.410977E+04   0.428019E+05   0.148064E+08   0.183371E+08   0.183539E+08   0.183371E+08  -0.579449E+00   0.946339E+07   0.946271E+07   0.440980E+02   0.617712E+01   0.516851E+00  -0.184844E+12
   0.565317E-02   0.180808E+08   0.180737E+08  -0.978691E+04   0.345815E+05   0.142152E+08   0.180613E+08   0.180796E+08   0.180613E+08  -0.570736E+00   0.931996E+07   0.931929E+07   0.397349E+02   0.499353E+01   0.516516E+00  -0.164867E+12
   0.624213E-02   0.177744E+08   0.177666E+08  -0.118695E+05   0.278828E+05   0.135971E+08   0.177534E+08   0.177731E+08   0.177534E+08  -0.561003E+00   0.916020E+07   0.915953E+07   0.356925E+02   0.402804E+01   0.516233E+00  -0.146752E+12
   0.689245E-02   0.174357E+08   0.174269E+08  -0.254698E+05   0.224333E+05   0.129407E+08   0.174129E+08   0.174342E+08   0.174129E+08  -0.550246E+00   0.898394E+07   0.898328E+07   0.321087E+02   0.324193E+01   0.515992E+00  -0.130348E+12
   0.761052E-02   0.170638E+08   0.170540E+08  -0.222777E+05   0.180071E+05   0.122555E+08   0.170394E+08   0.170622E+08   0.170394E+08  -0.538442E+00   0.879080E+07   0.879014E+07   0.289330E+02   0.260297E+01   0.515785E+00  -0.115511E+12
   0.840340E-02   0.166579E+08   0.166469E+08  -0.845432E+04   0.144178E+05   0.115507E+08   0.166319E+08   0.166561E+08   0.166319E+08  -0.525566E+00   0.858032E+07   0.857966E+07   0.260464E+02   0.208460E+01   0.515606E+00  -0.102108E+12
   0.927889E-02   0.162173E+08   0.162048E+08  -0.139877E+05   0.115125E+05   0.108264E+08   0.161897E+08   0.162152E+08   0.161897E+08  -0.511591E+00   0.835205E+07   0.835140E+07   0.234833E+02   0.166479E+01   0.515452E+00  -0.900135E+11
   0.102456E-01   0.157411E+08   0.157268E+08  -0.722377E+04   0.916499E+04   0.100832E+08   0.157119E+08   0.157387E+08   0.157119E+08  -0.496493E+00   0.810554E+07   0.810489E+07   0.211967E+02   0.132548E+01   0.515316E+00  -0.791144E+11
   0.113130E-01   0.152282E+08   0.152119E+08  -0.784758E+04   0.727199E+04   0.932830E+07   0.151976E+08   0.152255E+08   0.151976E+08  -0.480240E+00   0.784027E+07   0.783962E+07   0.191575E+02   0.105180E+01   0.515195E+00  -0.693048E+11
   0.124916E-01   0.146779E+08   0.146591E+08  -0.459620E+04   0.574870E+04   0.856985E+07   0.146458E+08   0.146747E+08   0.146458E+08  -0.462804E+00   0.755576E+07   0.755511E+07   0.173444E+02   0.831520E+00   0.515087E+00  -0.604880E+11
   0.137930E-01   0.140893E+08   0.140679E+08  -0.573416E+04   0.452582E+04   0.781401E+07   0.140560E+08   0.140857E+08   0.140560E+08  -0.444167E+00   0.725167E+07   0.725102E+07   0.157301E+02   0.654661E+00   0.514991E+00  -0.525760E+11
   0.152300E-01   0.134622E+08   0.134377E+08  -0.499935E+03   0.354668E+04   0.706389E+07   0.134279E+08   0.134581E+08   0.134279E+08  -0.424317E+00   0.692782E+07   0.692717E+07   0.142883E+02   0.513036E+00   0.514903E+00  -0.454889E+11
   0.168167E-01   0.128118E+08   0.127840E+08  -0.247969E+04   0.276827E+04   0.633705E+07   0.127765E+08   0.128072E+08   0.127765E+08  -0.403736E+00   0.659204E+07   0.659138E+07   0.130059E+02   0.400440E+00   0.514823E+00  -0.392001E+11
   0.185687E-01   0.121129E+08   0.120814E+08  -0.253668E+04   0.214651E+04   0.562496E+07   0.120770E+08   0.121076E+08   0.120770E+08  -0.381629E+00   0.623136E+07   0.623070E+07   0.118365E+02   0.310500E+00   0.514750E+00  -0.335590E+11
   0.205033E-01   0.113807E+08   0.113454E+08   0.536067E+03   0.165400E+04   0.494183E+07   0.113444E+08   0.113748E+08   0.113444E+08  -0.358479E+00   0.585363E+07   0.585296E+07   0.107637E+02   0.239255E+00   0.514683E+00  -0.285503E+11
   0.226393E-01   0.106094E+08   0.105702E+08  -0.460722E+03   0.126454E+04   0.428990E+07   0.105730E+08   0.106029E+08   0.105730E+08  -0.334104E+00   0.545588E+07   0.545522E+07   0.975649E+01   0.182917E+00   0.514621E+00  -0.240995E+11
   0.249980E-01   0.982676E+07   0.978395E+07  -0.408058E+03   0.960553E+03   0.368484E+07   0.979054E+07   0.981957E+07   0.979054E+07  -0.309378E+00   0.505238E+07   0.505172E+07   0.879825E+01   0.138944E+00   0.514563E+00  -0.202115E+11
   0.276023E-01   0.904202E+07   0.899618E+07  -0.153059E+03   0.724840E+03   0.313109E+07   0.900638E+07   0.903432E+07   0.900638E+07  -0.284599E+00   0.464797E+07   0.464732E+07   0.786609E+01   0.104847E+00   0.514510E+00  -0.168393E+11
   0.304780E-01   0.825869E+07   0.821082E+07  -0.134098E+03   0.542942E+03   0.262979E+07   0.822405E+07   0.825065E+07   0.822405E+07  -0.259878E+00   0.424445E+07   0.424382E+07   0.693472E+01   0.785351E-01   0.514461E+00  -0.139265E+11
   0.336533E-01   0.749807E+07   0.744959E+07  -0.181021E+03   0.404260E+03   0.218616E+07   0.746483E+07   0.748993E+07   0.746483E+07  -0.235886E+00   0.385282E+07   0.385222E+07   0.599453E+01   0.584748E-01   0.514416E+00  -0.114487E+11
   0.371593E-01   0.678763E+07   0.674042E+07  -0.221150E+03   0.300132E+03   0.180437E+07   0.675616E+07   0.677970E+07   0.675616E+07  -0.213493E+00   0.348724E+07   0.348668E+07   0.504793E+01   0.434128E-01   0.514374E+00  -0.938465E+10
   0.410307E-01   0.614482E+07   0.610101E+07  -0.137751E+03   0.222848E+03   0.148297E+07   0.611544E+07   0.613747E+07   0.611544E+07  -0.193246E+00   0.315669E+07   0.315618E+07   0.410887E+01   0.322340E-01   0.514336E+00  -0.769355E+10
   0.451338E-01   0.560836E+07   0.556981E+07   0.168101E+03   0.168101E+03   0.122841E+07   0.558119E+07   0.560189E+07   0.558119E+07  -0.176364E+00   0.288105E+07   0.288062E+07   0.324191E+01   0.243151E-01   0.514304E+00  -0.638344E+10
   0.492368E-01   0.518410E+07   0.515166E+07   0.130579E+03   0.130579E+03   0.103569E+07   0.515904E+07   0.517865E+07   0.515904E+07  -0.163024E+00   0.266324E+07   0.266287E+07   0.251881E+01   0.188878E-01   0.514275E+00  -0.540912E+10
   0.533399E-01   0.484223E+07   0.481590E+07   0.103940E+03   0.103940E+03   0.886267E+06   0.481911E+07   0.483781E+07   0.481911E+07  -0.152283E+00   0.248785E+07   0.248754E+07   0.194288E+01   0.150346E-01   0.514251E+00  -0.466421E+10
   0.574430E-01   0.455439E+07   0.453341E+07   0.843059E+02   0.843059E+02   0.766677E+06   0.453296E+07   0.455086E+07   0.453296E+07  -0.143240E+00   0.234019E+07   0.233993E+07   0.151013E+01   0.121947E-01   0.514231E+00  -0.407401E+10
   0.615460E-01   0.429839E+07   0.428151E+07   0.693197E+02   0.693197E+02   0.667836E+06   0.427839E+07   0.429555E+07   0.427839E+07  -0.135196E+00   0.220883E+07   0.220861E+07   0.120726E+01   0.100270E-01   0.514213E+00  -0.358898E+10
   0.656491E-01   0.405714E+07   0.404287E+07   0.575100E+02   0.575100E+02   0.583606E+06   0.403831E+07   0.405474E+07   0.403831E+07  -0.127610E+00   0.208494E+07   0.208474E+07   0.101308E+01   0.831884E-02   0.514197E+00  -0.317595E+10
   0.697522E-01   0.381851E+07   0.380540E+07   0.479475E+02   0.479475E+02   0.509983E+06   0.380066E+07   0.381631E+07   0.380066E+07  -0.120100E+00   0.196229E+07   0.196210E+07   0.901474E+00   0.693567E-02   0.514183E+00  -0.281329E+10
   0.738552E-01   0.358453E+07   0.357137E+07   0.401458E+02   0.401458E+02   0.445652E+06   0.356748E+07   0.358232E+07   0.356748E+07  -0.112731E+00   0.184194E+07   0.184175E+07   0.846445E+00   0.580719E-02   0.514171E+00  -0.249403E+10
   0.779583E-01   0.334766E+07   0.333364E+07   0.336472E+02   0.336472E+02   0.388378E+06   0.333131E+07   0.334531E+07   0.333131E+07  -0.105269E+00   0.172004E+07   0.171984E+07   0.821083E+00   0.486718E-02   0.514160E+00  -0.220639E+10
   0.820614E-01   0.311946E+07   0.310424E+07   0.282933E+02   0.282933E+02   0.338483E+06   0.310376E+07   0.311691E+07   0.310376E+07  -0.980779E-01   0.160258E+07   0.160238E+07   0.805715E+00   0.409276E-02   0.514150E+00  -0.195293E+10
   0.861644E-01   0.290624E+07   0.288991E+07   0.239058E+02   0.239058E+02   0.295579E+06   0.289115E+07   0.290349E+07   0.289115E+07  -0.913596E-01   0.149283E+07   0.149263E+07   0.785412E+00   0.345810E-02   0.514141E+00  -0.173256E+10
   0.912856E-01   0.266912E+07   0.265204E+07   0.195585E+02   0.195585E+02   0.251116E+06   0.265482E+07   0.266625E+07   0.265482E+07  -0.838917E-01   0.137083E+07   0.137063E+07   0.740652E+00   0.282926E-02   0.514132E+00  -0.150171E+10
   0.964067E-01   0.247139E+07   0.245456E+07   0.162356E+02   0.162356E+02   0.215740E+06   0.245790E+07   0.246856E+07   0.245790E+07  -0.776690E-01   0.126917E+07   0.126898E+07   0.671250E+00   0.234860E-02   0.514123E+00  -0.131649E+10
   0.101528E+00   0.231547E+07   0.229991E+07   0.137157E+02   0.137157E+02   0.188085E+06   0.230281E+07   0.231286E+07   0.230281E+07  -0.727680E-01   0.118910E+07   0.118892E+07   0.583766E+00   0.198408E-02   0.514115E+00  -0.117122E+10
   0.106649E+00   0.219569E+07   0.218210E+07   0.117881E+02   0.117881E+02   0.166408E+06   0.218381E+07   0.219341E+07   0.218381E+07  -0.690079E-01   0.112767E+07   0.112751E+07   0.490119E+00   0.170525E-02   0.514109E+00  -0.105738E+10
   0.111770E+00   0.210023E+07   0.208888E+07   0.102673E+02   0.102673E+02   0.148886E+06   0.208910E+07   0.209832E+07   0.208910E+07  -0.660148E-01   0.107877E+07   0.107863E+07   0.402824E+00   0.148527E-02   0.514103E+00  -0.965183E+09
   0.116891E+00   0.201635E+07   0.200703E+07   0.901369E+01   0.901369E+01   0.134023E+06   0.200589E+07   0.201479E+07   0.200589E+07  -0.633854E-01   0.103581E+07   0.103569E+07   0.331530E+00   0.130393E-02   0.514097E+00  -0.886148E+09
   0.122012E+00   0.193411E+07   0.192628E+07   0.793626E+01   0.793626E+01   0.120811E+06   0.192422E+07   0.193280E+07   0.192422E+07  -0.608049E-01   0.993649E+06   0.993546E+06   0.281098E+00   0.114807E-02   0.514092E+00  -0.814399E+09
   0.127134E+00   0.184767E+07   0.184061E+07   0.698335E+01   0.698335E+01   0.108694E+06   0.183826E+07   0.184649E+07   0.183826E+07  -0.580887E-01   0.949269E+06   0.949174E+06   0.251261E+00   0.101022E-02   0.514087E+00  -0.746686E+09
   0.132255E+00   0.175543E+07   0.174847E+07   0.613069E+01   0.613069E+01   0.974590E+05   0.174642E+07   0.175426E+07   0.174642E+07  -0.551864E-01   0.901849E+06   0.901755E+06   0.237666E+00   0.886881E-03   0.514083E+00  -0.681916E+09
   0.137376E+00   0.165926E+07   0.165194E+07   0.537043E+01   0.537043E+01   0.871073E+05   0.165060E+07   0.165803E+07   0.165060E+07  -0.521584E-01   0.852373E+06   0.852277E+06   0.233735E+00   0.776903E-03   0.514080E+00  -0.620479E+09
   0.142497E+00   0.156330E+07   0.155543E+07   0.470222E+01   0.470222E+01   0.777448E+05   0.155496E+07   0.156198E+07   0.155496E+07  -0.491363E-01   0.802993E+06   0.802893E+06   0.232685E+00   0.680239E-03   0.514076E+00  -0.563524E+09
   0.147618E+00   0.147284E+07   0.146450E+07   0.412763E+01   0.412763E+01   0.695017E+05   0.146481E+07   0.147144E+07   0.146481E+07  -0.462875E-01   0.756443E+06   0.756341E+06   0.229182E+00   0.597120E-03   0.514073E+00  -0.512439E+09
   0.152739E+00   0.139286E+07   0.138434E+07   0.364584E+01   0.364584E+01   0.624644E+05   0.138514E+07   0.139143E+07   0.138514E+07  -0.437701E-01   0.715308E+06   0.715207E+06   0.220254E+00   0.527425E-03   0.514070E+00  -0.468326E+09
   0.157860E+00   0.132613E+07   0.131779E+07   0.324951E+01   0.324951E+01   0.566007E+05   0.131873E+07   0.132473E+07   0.131873E+07  -0.416714E-01   0.681015E+06   0.680918E+06   0.205397E+00   0.470093E-03   0.514068E+00  -0.431409E+09
   0.162982E+00   0.127215E+07   0.126435E+07   0.292450E+01   0.292450E+01   0.517464E+05   0.126507E+07   0.127084E+07   0.126507E+07  -0.399759E-01   0.653309E+06   0.653218E+06   0.186068E+00   0.423077E-03   0.514065E+00  -0.400854E+09
   0.168103E+00   0.122813E+07   0.122109E+07   0.265408E+01   0.265408E+01   0.476708E+05   0.122137E+07   0.122695E+07   0.122137E+07  -0.385948E-01   0.630740E+06   0.630657E+06   0.164869E+00   0.383957E-03   0.514063E+00  -0.375217E+09
   0.173224E+00   0.119053E+07   0.118432E+07   0.242316E+01   0.242316E+01   0.441522E+05   0.118407E+07   0.118949E+07   0.118407E+07  -0.374162E-01   0.611480E+06   0.611405E+06   0.144643E+00   0.350552E-03   0.514061E+00  -0.353006E+09
   0.178345E+00   0.115577E+07   0.115030E+07   0.221944E+01   0.221944E+01   0.410012E+05   0.114958E+07   0.115485E+07   0.114958E+07  -0.363265E-01   0.593673E+06   0.593605E+06   0.127668E+00   0.321081E-03   0.514059E+00  -0.332885E+09
   0.183466E+00   0.112053E+07   0.111560E+07   0.203343E+01   0.203343E+01   0.380663E+05   0.111459E+07   0.111970E+07   0.111459E+07  -0.352206E-01   0.575601E+06   0.575538E+06   0.115155E+00   0.294173E-03   0.514057E+00  -0.313743E+09
   0.188587E+00   0.108266E+07   0.107802E+07   0.185949E+01   0.185949E+01   0.352580E+05   0.107693E+07   0.108188E+07   0.107693E+07  -0.340307E-01   0.556157E+06   0.556097E+06   0.107156E+00   0.269010E-03   0.514055E+00  -0.294913E+09
   0.193708E+00   0.104195E+07   0.103736E+07   0.169616E+01   0.169616E+01   0.325602E+05   0.103641E+07   0.104118E+07   0.103641E+07  -0.327502E-01   0.535232E+06   0.535172E+06   0.102800E+00   0.245382E-03   0.514054E+00  -0.276313E+09
   0.198830E+00   0.999734E+06   0.995038E+06   0.154460E+01   0.154460E+01   0.300059E+05   0.994360E+06   0.998945E+06   0.994360E+06  -0.314215E-01   0.513519E+06   0.513459E+06   0.100665E+00   0.223458E-03   0.514052E+00  -0.258276E+09
   0.203951E+00   0.957867E+06   0.953007E+06   0.140644E+01   0.140644E+01   0.276372E+05   0.952652E+06   0.957051E+06   0.952652E+06  -0.301035E-01   0.491982E+06   0.491922E+06   0.992160E-01   0.203470E-03   0.514051E+00  -0.241230E+09
   0.209072E+00   0.918158E+06   0.913169E+06   0.128283E+01   0.128283E+01   0.254876E+05   0.913100E+06   0.917321E+06   0.913100E+06  -0.288537E-01   0.471558E+06   0.471497E+06   0.971823E-01   0.185587E-03   0.514050E+00  -0.225552E+09
   0.214193E+00   0.882152E+06   0.877135E+06   0.117424E+01   0.117424E+01   0.235778E+05   0.877250E+06   0.881309E+06   0.877250E+06  -0.277208E-01   0.453045E+06   0.452985E+06   0.938194E-01   0.169878E-03   0.514048E+00  -0.211516E+09
   0.219314E+00   0.850779E+06   0.845867E+06   0.108019E+01   0.108019E+01   0.219085E+05   0.846036E+06   0.849954E+06   0.846036E+06  -0.267345E-01   0.436926E+06   0.436867E+06   0.889714E-01   0.156273E-03   0.514047E+00  -0.199227E+09
   0.224435E+00   0.824032E+06   0.819346E+06   0.999044E+00   0.999044E+00   0.204559E+05   0.819446E+06   0.823246E+06   0.819446E+06  -0.258943E-01   0.423195E+06   0.423139E+06   0.829727E-01   0.144534E-03   0.514046E+00  -0.188563E+09
   0.229556E+00   0.801057E+06   0.796678E+06   0.928375E+00   0.928375E+00   0.191786E+05   0.796625E+06   0.800322E+06   0.796625E+06  -0.251731E-01   0.411410E+06   0.411357E+06   0.764561E-01   0.134311E-03   0.514045E+00  -0.179222E+09
   0.234678E+00   0.780551E+06   0.776504E+06   0.865600E+00   0.865600E+00   0.180303E+05   0.776266E+06   0.779872E+06   0.776266E+06  -0.245298E-01   0.400896E+06   0.400847E+06   0.701331E-01   0.125229E-03   0.514044E+00  -0.170831E+09
   0.239799E+00   0.761130E+06   0.757385E+06   0.808433E+00   0.808433E+00   0.169692E+05   0.756983E+06   0.760502E+06   0.756983E+06  -0.239204E-01   0.390938E+06   0.390892E+06   0.645979E-01   0.116959E-03   0.514043E+00  -0.163030E+09
   0.244920E+00   0.741621E+06   0.738106E+06   0.755137E+00   0.755137E+00   0.159636E+05   0.737599E+06   0.741030E+06   0.737599E+06  -0.233079E-01   0.380928E+06   0.380884E+06   0.601982E-01   0.109249E-03   0.514042E+00  -0.155534E+09
   0.250041E+00   0.721337E+06   0.717966E+06   0.704713E+00   0.704713E+00   0.149967E+05   0.717431E+06   0.720771E+06   0.717431E+06  -0.226706E-01   0.370513E+06   0.370470E+06   0.569950E-01   0.101954E-03   0.514042E+00  -0.148183E+09
   0.255162E+00   0.700202E+06   0.696894E+06   0.656877E+00   0.656877E+00   0.140658E+05   0.696402E+06   0.699647E+06   0.696402E+06  -0.220061E-01   0.359654E+06   0.359612E+06   0.548002E-01   0.950337E-04   0.514041E+00  -0.140954E+09
   0.260283E+00   0.678610E+06   0.675304E+06   0.611801E+00   0.611801E+00   0.131779E+05   0.674909E+06   0.678055E+06   0.674909E+06  -0.213269E-01   0.348554E+06   0.348513E+06   0.532664E-01   0.885125E-04   0.514040E+00  -0.133916E+09
   0.265404E+00   0.657180E+06   0.653851E+06   0.569817E+00   0.569817E+00   0.123426E+05   0.653572E+06   0.656621E+06   0.653572E+06  -0.206527E-01   0.337536E+06   0.337494E+06   0.519967E-01   0.824386E-04   0.514040E+00  -0.127180E+09
   0.270526E+00   0.636584E+06   0.633241E+06   0.531244E+00   0.531244E+00   0.115692E+05   0.633068E+06   0.636023E+06   0.633068E+06  -0.200048E-01   0.326947E+06   0.326906E+06   0.506486E-01   0.768581E-04   0.514039E+00  -0.120858E+09
   0.275647E+00   0.617417E+06   0.614091E+06   0.496269E+00   0.496269E+00   0.108639E+05   0.613991E+06   0.616859E+06   0.613991E+06  -0.194019E-01   0.317095E+06   0.317055E+06   0.490034E-01   0.717982E-04   0.514038E+00  -0.115039E+09
   0.280768E+00   0.600030E+06   0.596765E+06   0.464856E+00   0.464856E+00   0.102279E+05   0.596693E+06   0.599482E+06   0.596693E+06  -0.188553E-01   0.308163E+06   0.308123E+06   0.469920E-01   0.672536E-04   0.514038E+00  -0.109759E+09
   0.285889E+00   0.584438E+06   0.581276E+06   0.436703E+00   0.436703E+00   0.965648E+04   0.581189E+06   0.583907E+06   0.581189E+06  -0.183654E-01   0.300156E+06   0.300118E+06   0.446784E-01   0.631806E-04   0.514037E+00  -0.104992E+09
   0.291010E+00   0.570366E+06   0.567337E+06   0.411327E+00   0.411327E+00   0.914039E+04   0.567203E+06   0.569857E+06   0.567203E+06  -0.179235E-01   0.292933E+06   0.292896E+06   0.422169E-01   0.595093E-04   0.514036E+00  -0.100662E+09
   0.296131E+00   0.557379E+06   0.554495E+06   0.388188E+00   0.388188E+00   0.866901E+04   0.554301E+06   0.556895E+06   0.554301E+06  -0.175157E-01   0.286270E+06   0.286234E+06   0.397953E-01   0.561617E-04   0.514036E+00  -0.966714E+08
   0.301252E+00   0.545007E+06   0.542258E+06   0.366784E+00   0.366784E+00   0.823196E+04   0.542007E+06   0.544545E+06   0.542007E+06  -0.171273E-01   0.279921E+06   0.279887E+06   0.375810E-01   0.530650E-04   0.514035E+00  -0.929206E+08
   0.306374E+00   0.532826E+06   0.530192E+06   0.346705E+00   0.346705E+00   0.782073E+04   0.529902E+06   0.532384E+06   0.529902E+06  -0.167447E-01   0.273669E+06   0.273636E+06   0.356821E-01   0.501601E-04   0.514035E+00  -0.893268E+08
   0.311495E+00   0.520558E+06   0.518007E+06   0.327678E+00   0.327678E+00   0.742942E+04   0.517703E+06   0.520130E+06   0.517703E+06  -0.163593E-01   0.267370E+06   0.267338E+06   0.341318E-01   0.474074E-04   0.514034E+00  -0.858359E+08
   0.316616E+00   0.508118E+06   0.505621E+06   0.309584E+00   0.309584E+00   0.705550E+04   0.505330E+06   0.507699E+06   0.505330E+06  -0.159683E-01   0.260980E+06   0.260948E+06   0.328933E-01   0.447896E-04   0.514034E+00  -0.824292E+08
   0.321737E+00   0.495608E+06   0.493142E+06   0.292423E+00   0.292423E+00   0.669903E+04   0.492882E+06   0.495194E+06   0.492882E+06  -0.155749E-01   0.254551E+06   0.254521E+06   0.318811E-01   0.423068E-04   0.514034E+00  -0.791192E+08
   0.326858E+00   0.483239E+06   0.480791E+06   0.276256E+00   0.276256E+00   0.636147E+04   0.480573E+06   0.482828E+06   0.480573E+06  -0.151860E-01   0.248195E+06   0.248164E+06   0.309889E-01   0.399679E-04   0.514033E+00  -0.759347E+08
   0.331979E+00   0.471247E+06   0.468817E+06   0.261149E+00   0.261149E+00   0.604446E+04   0.468639E+06   0.470839E+06   0.468639E+06  -0.148089E-01   0.242032E+06   0.242002E+06   0.301175E-01   0.377823E-04   0.514033E+00  -0.729068E+08
   0.337100E+00   0.459834E+06   0.457431E+06   0.247138E+00   0.247138E+00   0.574888E+04   0.457284E+06   0.459431E+06   0.457284E+06  -0.144500E-01   0.236167E+06   0.236138E+06   0.291970E-01   0.357553E-04   0.514032E+00  -0.700595E+08
   0.342222E+00   0.449129E+06   0.446767E+06   0.234213E+00   0.234213E+00   0.547469E+04   0.446635E+06   0.448733E+06   0.446635E+06  -0.141135E-01   0.230668E+06   0.230639E+06   0.281964E-01   0.338854E-04   0.514032E+00  -0.674041E+08
   0.347343E+00   0.439162E+06   0.436854E+06   0.222312E+00   0.222312E+00   0.522058E+04   0.436723E+06   0.438775E+06   0.436723E+06  -0.138003E-01   0.225549E+06   0.225520E+06   0.271232E-01   0.321636E-04   0.514032E+00  -0.649365E+08
   0.352464E+00   0.429864E+06   0.427621E+06   0.211329E+00   0.211329E+00   0.498429E+04   0.427478E+06   0.429487E+06   0.427478E+06  -0.135082E-01   0.220774E+06   0.220747E+06   0.260126E-01   0.305747E-04   0.514031E+00  -0.626384E+08
   0.357585E+00   0.421095E+06   0.418922E+06   0.201133E+00   0.201133E+00   0.476298E+04   0.418762E+06   0.420730E+06   0.418762E+06  -0.132327E-01   0.216273E+06   0.216246E+06   0.249140E-01   0.290996E-04   0.514031E+00  -0.604825E+08
   0.362706E+00   0.412693E+06   0.410589E+06   0.191594E+00   0.191594E+00   0.455394E+04   0.410410E+06   0.412340E+06   0.410410E+06  -0.129688E-01   0.211959E+06   0.211933E+06   0.238751E-01   0.277196E-04   0.514031E+00  -0.584393E+08
   0.367827E+00   0.404508E+06   0.402466E+06   0.182603E+00   0.182603E+00   0.435497E+04   0.402273E+06   0.404165E+06   0.402273E+06  -0.127117E-01   0.207757E+06   0.207732E+06   0.229310E-01   0.264189E-04   0.514030E+00  -0.564832E+08
   0.372948E+00   0.396428E+06   0.394438E+06   0.174076E+00   0.174076E+00   0.416451E+04   0.394239E+06   0.396094E+06   0.394239E+06  -0.124578E-01   0.203608E+06   0.203583E+06   0.220969E-01   0.251851E-04   0.514030E+00  -0.545951E+08
   0.378070E+00   0.388395E+06   0.386446E+06   0.165959E+00   0.165959E+00   0.398179E+04   0.386250E+06   0.388068E+06   0.386250E+06  -0.122054E-01   0.199482E+06   0.199458E+06   0.213676E-01   0.240109E-04   0.514030E+00  -0.527642E+08
   0.383191E+00   0.380417E+06   0.378500E+06   0.158234E+00   0.158234E+00   0.380670E+04   0.378315E+06   0.380096E+06   0.378315E+06  -0.119546E-01   0.195384E+06   0.195360E+06   0.207227E-01   0.228932E-04   0.514030E+00  -0.509896E+08
   0.388312E+00   0.372562E+06   0.370671E+06   0.150905E+00   0.150905E+00   0.363971E+04   0.370500E+06   0.372245E+06   0.370500E+06  -0.117077E-01   0.191349E+06   0.191325E+06   0.201340E-01   0.218329E-04   0.514029E+00  -0.492778E+08
   0.393433E+00   0.364907E+06   0.363040E+06   0.143981E+00   0.143981E+00   0.348125E+04   0.362884E+06   0.364593E+06   0.362884E+06  -0.114670E-01   0.187415E+06   0.187392E+06   0.195724E-01   0.208311E-04   0.514029E+00  -0.476367E+08
   0.398554E+00   0.357514E+06   0.355672E+06   0.137461E+00   0.137461E+00   0.333150E+04   0.355530E+06   0.357205E+06   0.355530E+06  -0.112346E-01   0.183617E+06   0.183595E+06   0.190147E-01   0.198879E-04   0.514029E+00  -0.460716E+08
   0.403675E+00   0.350426E+06   0.348614E+06   0.131339E+00   0.131339E+00   0.319043E+04   0.348480E+06   0.350122E+06   0.348480E+06  -0.110119E-01   0.179976E+06   0.179954E+06   0.184476E-01   0.190021E-04   0.514029E+00  -0.445852E+08
   0.408796E+00   0.343668E+06   0.341889E+06   0.125599E+00   0.125599E+00   0.305776E+04   0.341758E+06   0.343369E+06   0.341758E+06  -0.107995E-01   0.176505E+06   0.176483E+06   0.178691E-01   0.181716E-04   0.514028E+00  -0.431774E+08
   0.413918E+00   0.337232E+06   0.335491E+06   0.120216E+00   0.120216E+00   0.293303E+04   0.335359E+06   0.336940E+06   0.335359E+06  -0.105972E-01   0.173200E+06   0.173178E+06   0.172862E-01   0.173928E-04   0.514028E+00  -0.418447E+08
   0.419039E+00   0.331076E+06   0.329374E+06   0.115155E+00   0.115155E+00   0.281545E+04   0.329238E+06   0.330790E+06   0.329238E+06  -0.104038E-01   0.170039E+06   0.170018E+06   0.167110E-01   0.166606E-04   0.514028E+00  -0.405790E+08
   0.424160E+00   0.325139E+06   0.323476E+06   0.110376E+00   0.110376E+00   0.270417E+04   0.323335E+06   0.324860E+06   0.323335E+06  -0.102173E-01   0.166990E+06   0.166970E+06   0.161567E-01   0.159692E-04   0.514028E+00  -0.393703E+08
   0.429281E+00   0.319365E+06   0.317739E+06   0.105845E+00   0.105845E+00   0.259845E+04   0.317594E+06   0.319092E+06   0.317594E+06  -0.100359E-01   0.164025E+06   0.164005E+06   0.156342E-01   0.153137E-04   0.514028E+00  -0.382100E+08
   0.434402E+00   0.313716E+06   0.312124E+06   0.101536E+00   0.101536E+00   0.249773E+04   0.311977E+06   0.313449E+06   0.311977E+06  -0.985838E-02   0.161124E+06   0.161105E+06   0.151497E-01   0.146903E-04   0.514027E+00  -0.370917E+08
   0.439523E+00   0.308166E+06   0.306603E+06   0.974290E-01   0.974290E-01   0.240161E+04   0.306458E+06   0.307904E+06   0.306458E+06  -0.968398E-02   0.158274E+06   0.158255E+06   0.147038E-01   0.140961E-04   0.514027E+00  -0.360110E+08
   0.444644E+00   0.302703E+06   0.301167E+06   0.935101E-01   0.935101E-01   0.230980E+04   0.301025E+06   0.302445E+06   0.301025E+06  -0.951230E-02   0.155468E+06   0.155449E+06   0.142921E-01   0.135291E-04   0.514027E+00  -0.349652E+08
   0.449766E+00   0.297335E+06   0.295822E+06   0.897718E-01   0.897718E-01   0.222220E+04   0.295685E+06   0.297081E+06   0.295685E+06  -0.934357E-02   0.152711E+06   0.152692E+06   0.139069E-01   0.129882E-04   0.514027E+00  -0.339539E+08
   0.454887E+00   0.292083E+06   0.290592E+06   0.862114E-01   0.862114E-01   0.213878E+04   0.290462E+06   0.291833E+06   0.290462E+06  -0.917851E-02   0.150013E+06   0.149994E+06   0.135399E-01   0.124731E-04   0.514027E+00  -0.329786E+08
   0.460008E+00   0.286974E+06   0.285505E+06   0.828278E-01   0.828278E-01   0.205956E+04   0.285380E+06   0.286727E+06   0.285380E+06  -0.901793E-02   0.147388E+06   0.147370E+06   0.131835E-01   0.119836E-04   0.514027E+00  -0.320409E+08
   0.465129E+00   0.282026E+06   0.280579E+06   0.796169E-01   0.796169E-01   0.198446E+04   0.280459E+06   0.281783E+06   0.280459E+06  -0.886241E-02   0.144847E+06   0.144829E+06   0.128327E-01   0.115190E-04   0.514026E+00  -0.311417E+08
   0.470250E+00   0.277244E+06   0.275820E+06   0.765714E-01   0.765714E-01   0.191327E+04   0.275703E+06   0.277004E+06   0.275703E+06  -0.871212E-02   0.142390E+06   0.142373E+06   0.124851E-01   0.110784E-04   0.514026E+00  -0.302802E+08
   0.475371E+00   0.272623E+06   0.271223E+06   0.736816E-01   0.736816E-01   0.184574E+04   0.271107E+06   0.272388E+06   0.271107E+06  -0.856692E-02   0.140017E+06   0.140000E+06   0.121413E-01   0.106603E-04   0.514026E+00  -0.294548E+08
   0.480492E+00   0.268154E+06   0.266779E+06   0.709372E-01   0.709372E-01   0.178157E+04   0.266663E+06   0.267923E+06   0.266663E+06  -0.842648E-02   0.137722E+06   0.137705E+06   0.118037E-01   0.102633E-04   0.514026E+00  -0.286632E+08
   0.485614E+00   0.263823E+06   0.262473E+06   0.683274E-01   0.683274E-01   0.172045E+04   0.262357E+06   0.263596E+06   0.262357E+06  -0.829040E-02   0.135498E+06   0.135481E+06   0.114760E-01   0.988567E-05   0.514026E+00  -0.279029E+08
   0.490735E+00   0.259611E+06   0.258286E+06   0.658407E-01   0.658407E-01   0.166208E+04   0.258169E+06   0.259388E+06   0.258169E+06  -0.815806E-02   0.133335E+06   0.133319E+06   0.111613E-01   0.952590E-05   0.514026E+00  -0.271709E+08
   0.495856E+00   0.255497E+06   0.254195E+06   0.634659E-01   0.634659E-01   0.160617E+04   0.254078E+06   0.255278E+06   0.254078E+06  -0.802879E-02   0.131222E+06   0.131206E+06   0.108616E-01   0.918232E-05   0.514026E+00  -0.264642E+08
   0.500977E+00   0.251466E+06   0.250185E+06   0.611940E-01   0.611940E-01   0.155249E+04   0.250069E+06   0.251250E+06   0.250069E+06  -0.790210E-02   0.129152E+06   0.129136E+06   0.105776E-01   0.885362E-05   0.514025E+00  -0.257804E+08
   0.506098E+00   0.247512E+06   0.246251E+06   0.590191E-01   0.590191E-01   0.150089E+04   0.246137E+06   0.247300E+06   0.246137E+06  -0.777786E-02   0.127121E+06   0.127105E+06   0.103087E-01   0.853895E-05   0.514025E+00  -0.251183E+08
   0.511219E+00   0.243639E+06   0.242397E+06   0.569373E-01   0.569373E-01   0.145129E+04   0.242285E+06   0.243430E+06   0.242285E+06  -0.765613E-02   0.125132E+06   0.125116E+06   0.100529E-01   0.823777E-05   0.514025E+00  -0.244775E+08
   0.516340E+00   0.239848E+06   0.238625E+06   0.549452E-01   0.549452E-01   0.140358E+04   0.238515E+06   0.239643E+06   0.238515E+06  -0.753702E-02   0.123185E+06   0.123170E+06   0.980796E-02   0.794955E-05   0.514025E+00  -0.238577E+08
   0.521462E+00   0.236144E+06   0.234937E+06   0.530391E-01   0.530391E-01   0.135768E+04   0.234831E+06   0.235941E+06   0.234831E+06  -0.742059E-02   0.121282E+06   0.121267E+06   0.957126E-02   0.767378E-05   0.514025E+00  -0.232585E+08
   0.526583E+00   0.232528E+06   0.231339E+06   0.512162E-01   0.512162E-01   0.131349E+04   0.231235E+06   0.232329E+06   0.231235E+06  -0.730697E-02   0.119425E+06   0.119410E+06   0.934086E-02   0.741004E-05   0.514025E+00  -0.226796E+08
   0.531704E+00   0.229009E+06   0.227837E+06   0.494740E-01   0.494740E-01   0.127097E+04   0.227735E+06   0.228812E+06   0.227735E+06  -0.719637E-02   0.117617E+06   0.117603E+06   0.911565E-02   0.715798E-05   0.514025E+00  -0.221212E+08
   0.536825E+00   0.225587E+06   0.224432E+06   0.478092E-01   0.478092E-01   0.123004E+04   0.224332E+06   0.225393E+06   0.224332E+06  -0.708882E-02   0.115860E+06   0.115845E+06   0.889528E-02   0.691713E-05   0.514025E+00  -0.215828E+08
   0.541946E+00   0.222256E+06   0.221119E+06   0.462174E-01   0.462174E-01   0.119061E+04   0.221020E+06   0.222065E+06   0.221020E+06  -0.698416E-02   0.114149E+06   0.114135E+06   0.867997E-02   0.668683E-05   0.514024E+00  -0.210632E+08
   0.547067E+00   0.219009E+06   0.217889E+06   0.446935E-01   0.446935E-01   0.115261E+04   0.217791E+06   0.218821E+06   0.217791E+06  -0.688212E-02   0.112482E+06   0.112468E+06   0.847037E-02   0.646635E-05   0.514024E+00  -0.205612E+08
   0.559946E+00   0.211181E+06   0.210103E+06   0.411365E-01   0.411365E-01   0.106311E+04   0.210006E+06   0.211000E+06   0.210006E+06  -0.663613E-02   0.108461E+06   0.108448E+06   0.797334E-02   0.595173E-05   0.514024E+00  -0.193702E+08
   0.593872E+00   0.192428E+06   0.191445E+06   0.333233E-01   0.333233E-01   0.866449E+03   0.191357E+06   0.192263E+06   0.191357E+06  -0.604684E-02   0.988299E+05   0.988177E+05   0.686496E-02   0.482130E-05   0.514024E+00  -0.166419E+08
   0.629853E+00   0.175295E+06   0.174401E+06   0.269872E-01   0.269872E-01   0.710521E+03   0.174320E+06   0.175145E+06   0.174320E+06  -0.550845E-02   0.900305E+05   0.900194E+05   0.590047E-02   0.390457E-05   0.514023E+00  -0.142941E+08
   0.879031E+00   0.102472E+06   0.101949E+06   0.809960E-02   0.809960E-02   0.223020E+03   0.101901E+06   0.102385E+06   0.101901E+06  -0.322005E-02   0.526290E+05   0.526224E+05   0.250094E-02   0.117188E-05   0.514021E+00  -0.598725E+07
   0.122679E+01   0.591790E+05   0.588768E+05   0.240156E-02   0.240156E-02   0.678398E+02   0.588487E+05   0.591282E+05   0.588487E+05  -0.185960E-02   0.303937E+05   0.303898E+05   0.105905E-02   0.347470E-06   0.514020E+00  -0.247755E+07
   0.171212E+01   0.338212E+05   0.336484E+05   0.704670E-03   0.704670E-03   0.202467E+02   0.336324E+05   0.337922E+05   0.336324E+05  -0.106277E-02   0.173702E+05   0.173679E+05   0.453187E-03   0.101956E-06   0.514019E+00  -0.101456E+07
   0.238945E+01   0.191559E+05   0.190578E+05   0.204913E-03   0.204913E-03   0.596169E+01   0.190489E+05   0.191394E+05   0.190489E+05  -0.601939E-03   0.983825E+04   0.983682E+04   0.199417E-03   0.296480E-07   0.514018E+00  -0.411741E+06
