#          k/h    CDM            baryon         photon         nu             mass_nu        total          no_nu          total_de       Weyl           v_CDM          v_b            v_b-v_c        ISW            log_grow       pert_vel    
   0.994668E-05   0.156122E+08   0.156122E+08   0.208030E+08   0.208026E+08   0.156144E+08   0.156122E+08   0.156122E+08   0.156178E+08  -0.458588E+00   0.992964E+07   0.992964E+07   0.622301E+01   0.112836E+07   0.489691E+00  -0.998324E+14
   0.109829E-04   0.156126E+08   0.156126E+08   0.208005E+08   0.208000E+08   0.156148E+08   0.156126E+08   0.156126E+08   0.156181E+08  -0.458598E+00   0.992976E+07   0.992976E+07   0.687113E+01   0.925471E+06   0.489704E+00  -0.904140E+14
   0.121272E-04   0.156130E+08   0.156130E+08   0.207975E+08   0.207969E+08   0.156152E+08   0.156130E+08   0.156130E+08   0.156185E+08  -0.458610E+00   0.992990E+07   0.992990E+07   0.758671E+01   0.759065E+06   0.489720E+00  -0.818844E+14
   0.133906E-04   0.156135E+08   0.156135E+08   0.207939E+08   0.207931E+08   0.156156E+08   0.156135E+08   0.156135E+08   0.156190E+08  -0.458625E+00   0.993007E+07   0.993007E+07   0.837674E+01   0.622580E+06   0.489739E+00  -0.741597E+14
   0.147857E-04   0.156141E+08   0.156141E+08   0.207894E+08   0.207885E+08   0.156162E+08   0.156141E+08   0.156141E+08   0.156196E+08  -0.458642E+00   0.993029E+07   0.993029E+07   0.924895E+01   0.510635E+06   0.489762E+00  -0.671640E+14
   0.163261E-04   0.156148E+08   0.156148E+08   0.207840E+08   0.207828E+08   0.156170E+08   0.156148E+08   0.156148E+08   0.156204E+08  -0.458664E+00   0.993055E+07   0.993055E+07   0.102119E+02   0.418818E+06   0.489791E+00  -0.608285E+14
   0.180270E-04   0.156157E+08   0.156157E+08   0.207774E+08   0.207760E+08   0.156178E+08   0.156157E+08   0.156157E+08   0.156213E+08  -0.458691E+00   0.993086E+07   0.993086E+07   0.112749E+02   0.343510E+06   0.489825E+00  -0.550909E+14
   0.199051E-04   0.156168E+08   0.156168E+08   0.207693E+08   0.207676E+08   0.156189E+08   0.156168E+08   0.156168E+08   0.156224E+08  -0.458723E+00   0.993125E+07   0.993125E+07   0.124483E+02   0.281742E+06   0.489867E+00  -0.498949E+14
   0.219788E-04   0.156182E+08   0.156182E+08   0.207594E+08   0.207574E+08   0.156202E+08   0.156182E+08   0.156182E+08   0.156237E+08  -0.458762E+00   0.993172E+07   0.993172E+07   0.137435E+02   0.231081E+06   0.489919E+00  -0.451893E+14
   0.242687E-04   0.156198E+08   0.156198E+08   0.207474E+08   0.207449E+08   0.156218E+08   0.156198E+08   0.156198E+08   0.156254E+08  -0.458810E+00   0.993229E+07   0.993229E+07   0.151732E+02   0.189529E+06   0.489981E+00  -0.409279E+14
   0.267970E-04   0.156218E+08   0.156218E+08   0.207328E+08   0.207297E+08   0.156238E+08   0.156218E+08   0.156218E+08   0.156274E+08  -0.458869E+00   0.993298E+07   0.993298E+07   0.167510E+02   0.155447E+06   0.490057E+00  -0.370689E+14
   0.295888E-04   0.156243E+08   0.156243E+08   0.207150E+08   0.207112E+08   0.156262E+08   0.156243E+08   0.156243E+08   0.156298E+08  -0.458940E+00   0.993383E+07   0.993383E+07   0.184922E+02   0.127494E+06   0.490150E+00  -0.335742E+14
   0.326714E-04   0.156272E+08   0.156272E+08   0.206933E+08   0.206887E+08   0.156290E+08   0.156272E+08   0.156272E+08   0.156328E+08  -0.459027E+00   0.993487E+07   0.993486E+07   0.204134E+02   0.104567E+06   0.490263E+00  -0.304095E+14
   0.360752E-04   0.156308E+08   0.156308E+08   0.206668E+08   0.206613E+08   0.156326E+08   0.156309E+08   0.156308E+08   0.156364E+08  -0.459132E+00   0.993612E+07   0.993612E+07   0.225329E+02   0.857624E+05   0.490400E+00  -0.275438E+14
   0.398336E-04   0.156352E+08   0.156352E+08   0.206346E+08   0.206279E+08   0.156368E+08   0.156353E+08   0.156352E+08   0.156408E+08  -0.459261E+00   0.993766E+07   0.993766E+07   0.248707E+02   0.703388E+05   0.490566E+00  -0.249488E+14
   0.439836E-04   0.156406E+08   0.156406E+08   0.205954E+08   0.205872E+08   0.156420E+08   0.156406E+08   0.156406E+08   0.156461E+08  -0.459417E+00   0.993952E+07   0.993952E+07   0.274487E+02   0.576885E+05   0.490769E+00  -0.225991E+14
   0.485659E-04   0.156471E+08   0.156471E+08   0.205477E+08   0.205378E+08   0.156484E+08   0.156471E+08   0.156471E+08   0.156526E+08  -0.459608E+00   0.994180E+07   0.994179E+07   0.302908E+02   0.473128E+05   0.491014E+00  -0.204715E+14
   0.536256E-04   0.156550E+08   0.156550E+08   0.204897E+08   0.204776E+08   0.156561E+08   0.156550E+08   0.156550E+08   0.156605E+08  -0.459839E+00   0.994456E+07   0.994456E+07   0.334230E+02   0.388027E+05   0.491311E+00  -0.185451E+14
   0.592125E-04   0.156647E+08   0.156646E+08   0.204192E+08   0.204044E+08   0.156655E+08   0.156647E+08   0.156647E+08   0.156701E+08  -0.460121E+00   0.994792E+07   0.994792E+07   0.368733E+02   0.318229E+05   0.491671E+00  -0.168010E+14
   0.653814E-04   0.156764E+08   0.156763E+08   0.203334E+08   0.203154E+08   0.156768E+08   0.156764E+08   0.156764E+08   0.156818E+08  -0.460463E+00   0.995200E+07   0.995200E+07   0.406721E+02   0.260981E+05   0.492105E+00  -0.152220E+14
   0.721930E-04   0.156906E+08   0.156905E+08   0.202293E+08   0.202074E+08   0.156906E+08   0.156906E+08   0.156906E+08   0.156960E+08  -0.460877E+00   0.995697E+07   0.995696E+07   0.448520E+02   0.214028E+05   0.492629E+00  -0.137927E+14
   0.797142E-04   0.157078E+08   0.157077E+08   0.201029E+08   0.200764E+08   0.157074E+08   0.157078E+08   0.157078E+08   0.157131E+08  -0.461380E+00   0.996298E+07   0.996297E+07   0.494477E+02   0.175519E+05   0.493259E+00  -0.124988E+14
   0.880190E-04   0.157286E+08   0.157285E+08   0.199498E+08   0.199177E+08   0.157276E+08   0.157286E+08   0.157286E+08   0.157339E+08  -0.461989E+00   0.997028E+07   0.997027E+07   0.544956E+02   0.143935E+05   0.494015E+00  -0.113278E+14
   0.971891E-04   0.157538E+08   0.157537E+08   0.197644E+08   0.197256E+08   0.157521E+08   0.157538E+08   0.157538E+08   0.157590E+08  -0.462725E+00   0.997911E+07   0.997910E+07   0.600340E+02   0.118032E+05   0.494919E+00  -0.102681E+14
   0.107314E-03   0.157842E+08   0.157841E+08   0.195404E+08   0.194935E+08   0.157816E+08   0.157841E+08   0.157842E+08   0.157894E+08  -0.463613E+00   0.998979E+07   0.998977E+07   0.661020E+02   0.967893E+04   0.495996E+00  -0.930924E+13
   0.118495E-03   0.158208E+08   0.158207E+08   0.192703E+08   0.192136E+08   0.158172E+08   0.158207E+08   0.158207E+08   0.158259E+08  -0.464682E+00   0.100027E+08   0.100026E+08   0.727386E+02   0.793684E+04   0.497271E+00  -0.844176E+13
   0.130840E-03   0.158647E+08   0.158646E+08   0.189453E+08   0.188770E+08   0.158599E+08   0.158647E+08   0.158647E+08   0.158697E+08  -0.465966E+00   0.100182E+08   0.100182E+08   0.799818E+02   0.650828E+04   0.498773E+00  -0.765711E+13
   0.144471E-03   0.159174E+08   0.159172E+08   0.185554E+08   0.184735E+08   0.159109E+08   0.159173E+08   0.159173E+08   0.159223E+08  -0.467504E+00   0.100368E+08   0.100368E+08   0.878667E+02   0.533694E+04   0.500530E+00  -0.694754E+13
   0.159522E-03   0.159802E+08   0.159800E+08   0.180895E+08   0.179915E+08   0.159718E+08   0.159801E+08   0.159801E+08   0.159849E+08  -0.469339E+00   0.100591E+08   0.100591E+08   0.964227E+02   0.437660E+04   0.502569E+00  -0.630600E+13
   0.176142E-03   0.160548E+08   0.160546E+08   0.175352E+08   0.174185E+08   0.160441E+08   0.160547E+08   0.160548E+08   0.160594E+08  -0.471519E+00   0.100857E+08   0.100857E+08   0.105671E+03   0.358938E+04   0.504912E+00  -0.572612E+13
   0.194493E-03   0.161430E+08   0.161427E+08   0.168795E+08   0.167412E+08   0.161295E+08   0.161429E+08   0.161429E+08   0.161474E+08  -0.474096E+00   0.101173E+08   0.101172E+08   0.115619E+03   0.294417E+04   0.507576E+00  -0.520208E+13
   0.214755E-03   0.162466E+08   0.162463E+08   0.161091E+08   0.159463E+08   0.162297E+08   0.162465E+08   0.162466E+08   0.162508E+08  -0.477124E+00   0.101546E+08   0.101545E+08   0.126257E+03   0.241547E+04   0.510565E+00  -0.472862E+13
   0.237129E-03   0.163676E+08   0.163672E+08   0.152120E+08   0.150218E+08   0.163465E+08   0.163674E+08   0.163675E+08   0.163714E+08  -0.480656E+00   0.101984E+08   0.101983E+08   0.137548E+03   0.198234E+04   0.513872E+00  -0.430093E+13
   0.261834E-03   0.165076E+08   0.165071E+08   0.141784E+08   0.139584E+08   0.164814E+08   0.165074E+08   0.165075E+08   0.165111E+08  -0.484746E+00   0.102494E+08   0.102493E+08   0.149424E+03   0.162760E+04   0.517470E+00  -0.391462E+13
   0.289112E-03   0.166682E+08   0.166677E+08   0.130035E+08   0.127520E+08   0.166358E+08   0.166679E+08   0.166681E+08   0.166714E+08  -0.489438E+00   0.103084E+08   0.103083E+08   0.161773E+03   0.133712E+04   0.521315E+00  -0.356566E+13
   0.319233E-03   0.168506E+08   0.168499E+08   0.116907E+08   0.114074E+08   0.168106E+08   0.168503E+08   0.168505E+08   0.168534E+08  -0.494764E+00   0.103759E+08   0.103757E+08   0.174428E+03   0.109928E+04   0.525344E+00  -0.325037E+13
   0.352491E-03   0.170553E+08   0.170545E+08   0.102549E+08   0.994165E+07   0.170061E+08   0.170549E+08   0.170551E+08   0.170576E+08  -0.500743E+00   0.104523E+08   0.104521E+08   0.187162E+03   0.904554E+03   0.529474E+00  -0.296536E+13
   0.389215E-03   0.172820E+08   0.172811E+08   0.872690E+07   0.838856E+07   0.172218E+08   0.172816E+08   0.172819E+08   0.172839E+08  -0.507366E+00   0.105376E+08   0.105374E+08   0.199674E+03   0.745078E+03   0.533614E+00  -0.270750E+13
   0.429764E-03   0.175297E+08   0.175286E+08   0.715733E+07   0.680242E+07   0.174559E+08   0.175292E+08   0.175296E+08   0.175311E+08  -0.514600E+00   0.106317E+08   0.106314E+08   0.211587E+03   0.614399E+03   0.537668E+00  -0.247392E+13
   0.474538E-03   0.177961E+08   0.177948E+08   0.561771E+07   0.525915E+07   0.177058E+08   0.177954E+08   0.177959E+08   0.177969E+08  -0.522379E+00   0.107337E+08   0.107334E+08   0.222456E+03   0.507218E+03   0.541543E+00  -0.226199E+13
   0.523976E-03   0.180777E+08   0.180762E+08   0.419777E+07   0.385281E+07   0.179675E+08   0.180769E+08   0.180774E+08   0.180780E+08  -0.530605E+00   0.108424E+08   0.108420E+08   0.231779E+03   0.419194E+03   0.545159E+00  -0.206932E+13
   0.578566E-03   0.183700E+08   0.183683E+08   0.299512E+07   0.268427E+07   0.182358E+08   0.183691E+08   0.183697E+08   0.183699E+08  -0.539147E+00   0.109561E+08   0.109557E+08   0.239032E+03   0.346783E+03   0.548457E+00  -0.189373E+13
   0.638842E-03   0.186677E+08   0.186657E+08   0.209552E+07   0.183989E+07   0.185044E+08   0.186666E+08   0.186674E+08   0.186671E+08  -0.547847E+00   0.110727E+08   0.110722E+08   0.243724E+03   0.287101E+03   0.551399E+00  -0.173329E+13
   0.705398E-03   0.189647E+08   0.189624E+08   0.154458E+07   0.136170E+07   0.187664E+08   0.189634E+08   0.189643E+08   0.189638E+08  -0.556531E+00   0.111895E+08   0.111890E+08   0.245451E+03   0.237811E+03   0.553971E+00  -0.158631E+13
   0.778888E-03   0.192547E+08   0.192521E+08   0.131857E+07   0.121726E+07   0.190143E+08   0.192531E+08   0.192542E+08   0.192535E+08  -0.565013E+00   0.113039E+08   0.113033E+08   0.243969E+03   0.197023E+03   0.556179E+00  -0.145132E+13
   0.860035E-03   0.195315E+08   0.195285E+08   0.131057E+07   0.128707E+07   0.192407E+08   0.195296E+08   0.195310E+08   0.195300E+08  -0.573113E+00   0.114131E+08   0.114125E+08   0.239235E+03   0.163213E+03   0.558043E+00  -0.132709E+13
   0.949635E-03   0.197894E+08   0.197861E+08   0.135384E+07   0.139216E+07   0.194386E+08   0.197872E+08   0.197888E+08   0.197875E+08  -0.580661E+00   0.115145E+08   0.115139E+08   0.231406E+03   0.135147E+03   0.559596E+00  -0.121256E+13
   0.104857E-02   0.200235E+08   0.200200E+08   0.129306E+07   0.137206E+07   0.196014E+08   0.200209E+08   0.200229E+08   0.200213E+08  -0.587514E+00   0.116060E+08   0.116053E+08   0.220797E+03   0.111828E+03   0.560873E+00  -0.110687E+13
   0.115781E-02   0.202300E+08   0.202263E+08   0.107616E+07   0.118182E+07   0.197238E+08   0.202270E+08   0.202294E+08   0.202273E+08  -0.593555E+00   0.116854E+08   0.116847E+08   0.207807E+03   0.924434E+02   0.561914E+00  -0.100929E+13
   0.127844E-02   0.204061E+08   0.204021E+08   0.789990E+06   0.925079E+06   0.198014E+08   0.204026E+08   0.204054E+08   0.204028E+08  -0.598701E+00   0.117515E+08   0.117507E+08   0.192886E+03   0.763303E+02   0.562754E+00  -0.919229E+12
   0.141163E-02   0.205499E+08   0.205458E+08   0.567852E+06   0.748660E+06   0.198316E+08   0.205458E+08   0.205492E+08   0.205460E+08  -0.602899E+00   0.118030E+08   0.118023E+08   0.176590E+03   0.629448E+02   0.563428E+00  -0.836150E+12
   0.155869E-02   0.206606E+08   0.206564E+08   0.430007E+06   0.519809E+06   0.198124E+08   0.206559E+08   0.206599E+08   0.206560E+08  -0.606121E+00   0.118394E+08   0.118387E+08   0.159658E+03   0.518352E+02   0.563968E+00  -0.759594E+12
   0.172108E-02   0.207378E+08   0.207337E+08   0.278193E+06   0.427940E+06   0.197427E+08   0.207324E+08   0.207371E+08   0.207325E+08  -0.608363E+00   0.118603E+08   0.118596E+08   0.142968E+03   0.426286E+02   0.564397E+00  -0.689139E+12
   0.190039E-02   0.207819E+08   0.207777E+08   0.108823E+06   0.351740E+06   0.196226E+08   0.207757E+08   0.207812E+08   0.207757E+08  -0.609629E+00   0.118655E+08   0.118648E+08   0.127339E+03   0.350075E+02   0.564737E+00  -0.624391E+12
   0.209838E-02   0.207932E+08   0.207890E+08   0.531549E+05   0.288653E+06   0.194532E+08   0.207861E+08   0.207925E+08   0.207862E+08  -0.609933E+00   0.118550E+08   0.118543E+08   0.113362E+03   0.287079E+02   0.565005E+00  -0.564977E+12
   0.231699E-02   0.207724E+08   0.207682E+08   0.808246E+05   0.236516E+06   0.192358E+08   0.207644E+08   0.207717E+08   0.207645E+08  -0.609293E+00   0.118288E+08   0.118281E+08   0.101384E+03   0.235088E+02   0.565215E+00  -0.510539E+12
   0.255838E-02   0.207202E+08   0.207159E+08   0.718974E+05   0.193502E+06   0.189724E+08   0.207112E+08   0.207195E+08   0.207112E+08  -0.607730E+00   0.117870E+08   0.117863E+08   0.913982E+02   0.192243E+02   0.565379E+00  -0.460734E+12
   0.282492E-02   0.206371E+08   0.206326E+08   0.837009E+05   0.158073E+06   0.186649E+08   0.206270E+08   0.206363E+08   0.206270E+08  -0.605257E+00   0.117296E+08   0.117289E+08   0.829549E+02   0.156982E+02   0.565506E+00  -0.415228E+12
   0.311923E-02   0.205234E+08   0.205187E+08   0.586007E+05   0.128937E+06   0.183145E+08   0.205122E+08   0.205226E+08   0.205122E+08  -0.601887E+00   0.116564E+08   0.116557E+08   0.754271E+02   0.128006E+02   0.565602E+00  -0.373706E+12
   0.344419E-02   0.203795E+08   0.203745E+08   0.236718E+05   0.105012E+06   0.179221E+08   0.203670E+08   0.203787E+08   0.203671E+08  -0.597628E+00   0.115676E+08   0.115668E+08   0.682914E+02   0.104225E+02   0.565674E+00  -0.335865E+12
   0.380302E-02   0.202054E+08   0.202001E+08   0.894419E+03   0.853943E+05   0.174879E+08   0.201917E+08   0.202045E+08   0.201917E+08  -0.592480E+00   0.114627E+08   0.114620E+08   0.614216E+02   0.847341E+01   0.565726E+00  -0.301419E+12
   0.419923E-02   0.200009E+08   0.199954E+08   0.155830E+05   0.693312E+05   0.170124E+08   0.199859E+08   0.200000E+08   0.199859E+08  -0.586441E+00   0.113417E+08   0.113410E+08   0.550701E+02   0.687811E+01   0.565762E+00  -0.270097E+12
   0.463671E-02   0.197659E+08   0.197599E+08   0.172696E+05   0.561967E+05   0.164962E+08   0.197494E+08   0.197648E+08   0.197494E+08  -0.579501E+00   0.112041E+08   0.112034E+08   0.495079E+02   0.557412E+01   0.565783E+00  -0.241645E+12
   0.511978E-02   0.194997E+08   0.194932E+08   0.362986E+04   0.454714E+05   0.159415E+08   0.194817E+08   0.194986E+08   0.194817E+08  -0.571648E+00   0.110496E+08   0.110489E+08   0.446603E+02   0.450961E+01   0.565794E+00  -0.215827E+12
   0.565317E-02   0.192023E+08   0.191952E+08  -0.162561E+04   0.367266E+05   0.153255E+08   0.191828E+08   0.192011E+08   0.191828E+08  -0.562876E+00   0.108779E+08   0.108773E+08   0.402312E+02   0.364183E+01   0.565792E+00  -0.192427E+12
   0.624213E-02   0.188720E+08   0.188641E+08  -0.456456E+04   0.296046E+05   0.146815E+08   0.188508E+08   0.188706E+08   0.188508E+08  -0.553134E+00   0.106881E+08   0.106874E+08   0.361304E+02   0.293524E+01   0.565782E+00  -0.171229E+12
   0.689245E-02   0.185082E+08   0.184995E+08  -0.157751E+05   0.238133E+05   0.139979E+08   0.184854E+08   0.185067E+08   0.184854E+08  -0.542411E+00   0.104796E+08   0.104790E+08   0.324944E+02   0.236078E+01   0.565765E+00  -0.152049E+12
   0.761052E-02   0.181101E+08   0.181003E+08  -0.144986E+05   0.191113E+05   0.132839E+08   0.180857E+08   0.181085E+08   0.180857E+08  -0.530682E+00   0.102521E+08   0.102514E+08   0.292727E+02   0.189443E+01   0.565741E+00  -0.134713E+12
   0.840340E-02   0.176767E+08   0.176656E+08  -0.424180E+04   0.152997E+05   0.125483E+08   0.176506E+08   0.176748E+08   0.176506E+08  -0.517915E+00   0.100048E+08   0.100042E+08   0.263456E+02   0.151645E+01   0.565713E+00  -0.119060E+12
   0.927889E-02   0.172069E+08   0.171944E+08  -0.882921E+04   0.122151E+05   0.117913E+08   0.171792E+08   0.172048E+08   0.171792E+08  -0.504084E+00   0.973721E+07   0.973655E+07   0.237457E+02   0.121061E+01   0.565681E+00  -0.104942E+12
   0.102456E-01   0.166999E+08   0.166855E+08  -0.428939E+04   0.972331E+04   0.110132E+08   0.166706E+08   0.166975E+08   0.166706E+08  -0.489158E+00   0.944865E+07   0.944799E+07   0.214265E+02   0.963570E+00   0.565645E+00  -0.922240E+11
   0.113130E-01   0.161543E+08   0.161380E+08  -0.489881E+04   0.771431E+04   0.102211E+08   0.161235E+08   0.161516E+08   0.161235E+08  -0.473107E+00   0.913848E+07   0.913782E+07   0.193583E+02   0.764421E+00   0.565606E+00  -0.807806E+11
   0.124916E-01   0.155693E+08   0.155506E+08  -0.268501E+04   0.609793E+04   0.942295E+07   0.155371E+08   0.155662E+08   0.155371E+08  -0.455900E+00   0.880611E+07   0.880545E+07   0.175192E+02   0.604205E+00   0.565564E+00  -0.704979E+11
   0.137930E-01   0.149441E+08   0.149226E+08  -0.371414E+04   0.480046E+04   0.862488E+07   0.149106E+08   0.149405E+08   0.149106E+08  -0.437516E+00   0.845110E+07   0.845044E+07   0.158817E+02   0.475616E+00   0.565521E+00  -0.612723E+11
   0.152300E-01   0.142782E+08   0.142537E+08   0.569181E+02   0.376171E+04   0.782987E+07   0.142436E+08   0.142741E+08   0.142436E+08  -0.417945E+00   0.807321E+07   0.807255E+07   0.144192E+02   0.372675E+00   0.565477E+00  -0.530098E+11
   0.168167E-01   0.135878E+08   0.135599E+08  -0.149801E+04   0.293598E+04   0.705631E+07   0.135522E+08   0.135831E+08   0.135522E+08  -0.397657E+00   0.768153E+07   0.768087E+07   0.131186E+02   0.290853E+00   0.565431E+00  -0.456790E+11
   0.185687E-01   0.128460E+08   0.128145E+08  -0.163952E+04   0.227648E+04   0.629426E+07   0.128097E+08   0.128407E+08   0.128097E+08  -0.375871E+00   0.726094E+07   0.726027E+07   0.119329E+02   0.225508E+00   0.565386E+00  -0.391039E+11
   0.205033E-01   0.120691E+08   0.120337E+08   0.630236E+03   0.175409E+04   0.555896E+07   0.120323E+08   0.120631E+08   0.120323E+08  -0.353060E+00   0.682055E+07   0.681988E+07   0.108456E+02   0.173753E+00   0.565341E+00  -0.332664E+11
   0.226393E-01   0.112508E+08   0.112115E+08  -0.192413E+03   0.134103E+04   0.485258E+07   0.112139E+08   0.112442E+08   0.112139E+08  -0.329046E+00   0.635691E+07   0.635624E+07   0.982557E+01   0.132833E+00   0.565296E+00  -0.280796E+11
   0.249980E-01   0.104205E+08   0.103777E+08  -0.190873E+03   0.101863E+04   0.419263E+07   0.103838E+08   0.104133E+08   0.103838E+08  -0.304689E+00   0.588662E+07   0.588596E+07   0.885606E+01   0.100896E+00   0.565252E+00  -0.235488E+11
   0.276023E-01   0.958806E+07   0.954223E+07  -0.232665E+02   0.768651E+03   0.358437E+07   0.955199E+07   0.958037E+07   0.955199E+07  -0.280280E+00   0.541531E+07   0.541466E+07   0.791430E+01   0.761342E-01   0.565209E+00  -0.196194E+11
   0.304780E-01   0.875723E+07   0.870935E+07  -0.388860E+02   0.575749E+03   0.302950E+07   0.872212E+07   0.874919E+07   0.872212E+07  -0.255930E+00   0.494508E+07   0.494445E+07   0.697458E+01   0.570270E-01   0.565167E+00  -0.162253E+11
   0.336533E-01   0.795053E+07   0.790204E+07  -0.852741E+02   0.428681E+03   0.253467E+07   0.791679E+07   0.794239E+07   0.791679E+07  -0.232299E+00   0.448873E+07   0.448812E+07   0.602728E+01   0.424601E-01   0.565128E+00  -0.133384E+11
   0.371593E-01   0.719710E+07   0.714988E+07  -0.129489E+03   0.318259E+03   0.210564E+07   0.716511E+07   0.718917E+07   0.716511E+07  -0.210243E+00   0.406274E+07   0.406218E+07   0.507477E+01   0.315231E-01   0.565090E+00  -0.109334E+11
   0.410307E-01   0.651543E+07   0.647162E+07  -0.808540E+02   0.236305E+03   0.174179E+07   0.648552E+07   0.650808E+07   0.648552E+07  -0.190302E+00   0.367759E+07   0.367708E+07   0.413086E+01   0.234059E-01   0.565054E+00  -0.896314E+10
   0.451338E-01   0.594662E+07   0.590807E+07   0.178251E+03   0.178251E+03   0.145166E+07   0.591891E+07   0.594015E+07   0.591891E+07  -0.173676E+00   0.335650E+07   0.335606E+07   0.324594E+01   0.176553E-01   0.565029E+00  -0.743688E+10
   0.492368E-01   0.549676E+07   0.546432E+07   0.138463E+03   0.138463E+03   0.123048E+07   0.547115E+07   0.549131E+07   0.547115E+07  -0.160538E+00   0.310271E+07   0.310234E+07   0.252223E+01   0.137146E-01   0.565000E+00  -0.630171E+10
   0.533399E-01   0.513429E+07   0.510795E+07   0.110215E+03   0.110215E+03   0.105785E+07   0.511059E+07   0.512986E+07   0.511059E+07  -0.149958E+00   0.289834E+07   0.289803E+07   0.194582E+01   0.109169E-01   0.564976E+00  -0.543383E+10
   0.574430E-01   0.482909E+07   0.480811E+07   0.893949E+02   0.893949E+02   0.918700E+06   0.480708E+07   0.482557E+07   0.480708E+07  -0.141052E+00   0.272630E+07   0.272604E+07   0.151271E+01   0.885483E-02   0.564955E+00  -0.474621E+10
   0.615460E-01   0.455766E+07   0.454078E+07   0.735038E+02   0.735038E+02   0.802844E+06   0.453707E+07   0.455483E+07   0.453707E+07  -0.133129E+00   0.257325E+07   0.257303E+07   0.120953E+01   0.728092E-02   0.564936E+00  -0.418111E+10
   0.656491E-01   0.430186E+07   0.428759E+07   0.609810E+02   0.609810E+02   0.703386E+06   0.428244E+07   0.429946E+07   0.428244E+07  -0.125658E+00   0.242890E+07   0.242870E+07   0.101509E+01   0.604060E-02   0.564919E+00  -0.369991E+10
   0.697522E-01   0.404883E+07   0.403572E+07   0.508412E+02   0.508412E+02   0.615850E+06   0.403039E+07   0.404663E+07   0.403039E+07  -0.118262E+00   0.228601E+07   0.228582E+07   0.903252E+00   0.503627E-02   0.564904E+00  -0.327740E+10
   0.738552E-01   0.380072E+07   0.378755E+07   0.425685E+02   0.425685E+02   0.538916E+06   0.378308E+07   0.379851E+07   0.378308E+07  -0.111005E+00   0.214579E+07   0.214560E+07   0.848021E+00   0.421686E-02   0.564890E+00  -0.290546E+10
   0.779583E-01   0.354953E+07   0.353551E+07   0.356776E+02   0.356776E+02   0.470090E+06   0.353261E+07   0.354718E+07   0.353261E+07  -0.103656E+00   0.200377E+07   0.200358E+07   0.822477E+00   0.353431E-02   0.564878E+00  -0.257036E+10
   0.820614E-01   0.330754E+07   0.329232E+07   0.300006E+02   0.300006E+02   0.409917E+06   0.329129E+07   0.330499E+07   0.329129E+07  -0.965749E-01   0.186692E+07   0.186673E+07   0.806949E+00   0.297197E-02   0.564867E+00  -0.227508E+10
   0.861644E-01   0.308143E+07   0.306510E+07   0.253482E+02   0.253482E+02   0.358038E+06   0.306582E+07   0.307869E+07   0.306582E+07  -0.899590E-01   0.173906E+07   0.173886E+07   0.786507E+00   0.251112E-02   0.564857E+00  -0.201834E+10
   0.912856E-01   0.283000E+07   0.281291E+07   0.207386E+02   0.207386E+02   0.304161E+06   0.281519E+07   0.282713E+07   0.281519E+07  -0.826049E-01   0.159693E+07   0.159673E+07   0.741601E+00   0.205449E-02   0.564846E+00  -0.174941E+10
   0.964067E-01   0.262033E+07   0.260351E+07   0.172151E+02   0.172151E+02   0.261221E+06   0.260635E+07   0.261751E+07   0.260635E+07  -0.764772E-01   0.147850E+07   0.147831E+07   0.672083E+00   0.170546E-02   0.564836E+00  -0.153363E+10
   0.101528E+00   0.245502E+07   0.243945E+07   0.145432E+02   0.145432E+02   0.227609E+06   0.244187E+07   0.245240E+07   0.244187E+07  -0.716509E-01   0.138522E+07   0.138504E+07   0.584507E+00   0.144077E-02   0.564827E+00  -0.136439E+10
   0.106649E+00   0.232802E+07   0.231443E+07   0.124993E+02   0.124993E+02   0.201244E+06   0.231568E+07   0.232574E+07   0.231568E+07  -0.679481E-01   0.131365E+07   0.131349E+07   0.490788E+00   0.123830E-02   0.564819E+00  -0.123177E+10
   0.111770E+00   0.222682E+07   0.221547E+07   0.108868E+02   0.108868E+02   0.179933E+06   0.221523E+07   0.222491E+07   0.221523E+07  -0.650007E-01   0.125668E+07   0.125655E+07   0.403434E+00   0.107856E-02   0.564811E+00  -0.112437E+10
   0.116891E+00   0.213790E+07   0.212858E+07   0.955746E+01   0.955746E+01   0.161881E+06   0.212699E+07   0.213634E+07   0.212699E+07  -0.624114E-01   0.120664E+07   0.120652E+07   0.332091E+00   0.946867E-03   0.564805E+00  -0.103229E+10
   0.122012E+00   0.205071E+07   0.204288E+07   0.841502E+01   0.841502E+01   0.145879E+06   0.204039E+07   0.204940E+07   0.204039E+07  -0.598703E-01   0.115752E+07   0.115741E+07   0.281614E+00   0.833688E-03   0.564799E+00  -0.948709E+09
   0.127134E+00   0.195906E+07   0.195200E+07   0.740462E+01   0.740462E+01   0.131254E+06   0.194923E+07   0.195788E+07   0.194923E+07  -0.571956E-01   0.110582E+07   0.110572E+07   0.251734E+00   0.733588E-03   0.564793E+00  -0.869826E+09
   0.132255E+00   0.186125E+07   0.185430E+07   0.650052E+01   0.650052E+01   0.117736E+06   0.185184E+07   0.186009E+07   0.185184E+07  -0.543378E-01   0.105057E+07   0.105048E+07   0.238098E+00   0.644020E-03   0.564789E+00  -0.794373E+09
   0.137376E+00   0.175928E+07   0.175196E+07   0.569439E+01   0.569439E+01   0.105312E+06   0.175023E+07   0.175805E+07   0.175023E+07  -0.513562E-01   0.992936E+06   0.992839E+06   0.234129E+00   0.564158E-03   0.564784E+00  -0.722803E+09
   0.142497E+00   0.165753E+07   0.164966E+07   0.498586E+01   0.498586E+01   0.940927E+05   0.164881E+07   0.165621E+07   0.164881E+07  -0.483804E-01   0.935410E+06   0.935310E+06   0.233043E+00   0.493965E-03   0.564780E+00  -0.656454E+09
   0.147618E+00   0.156160E+07   0.155326E+07   0.437661E+01   0.437661E+01   0.842204E+05   0.155321E+07   0.156020E+07   0.155321E+07  -0.455753E-01   0.881182E+06   0.881081E+06   0.229507E+00   0.433608E-03   0.564776E+00  -0.596944E+09
   0.152739E+00   0.147679E+07   0.146827E+07   0.386576E+01   0.386576E+01   0.757933E+05   0.146874E+07   0.147536E+07   0.146874E+07  -0.430966E-01   0.833262E+06   0.833161E+06   0.220551E+00   0.382998E-03   0.564773E+00  -0.545554E+09
   0.157860E+00   0.140604E+07   0.139770E+07   0.344552E+01   0.344552E+01   0.687719E+05   0.139831E+07   0.140464E+07   0.139831E+07  -0.410302E-01   0.793314E+06   0.793216E+06   0.205672E+00   0.341366E-03   0.564770E+00  -0.502549E+09
   0.162982E+00   0.134881E+07   0.134101E+07   0.310090E+01   0.310090E+01   0.629602E+05   0.134142E+07   0.134750E+07   0.134142E+07  -0.393607E-01   0.761038E+06   0.760947E+06   0.186323E+00   0.307225E-03   0.564767E+00  -0.466955E+09
   0.168103E+00   0.130213E+07   0.129510E+07   0.281417E+01   0.281417E+01   0.580832E+05   0.129507E+07   0.130095E+07   0.129507E+07  -0.380007E-01   0.734746E+06   0.734663E+06   0.165107E+00   0.278818E-03   0.564764E+00  -0.437090E+09
   0.173224E+00   0.126228E+07   0.125607E+07   0.256932E+01   0.256932E+01   0.538753E+05   0.125552E+07   0.126123E+07   0.125552E+07  -0.368402E-01   0.712310E+06   0.712235E+06   0.144868E+00   0.254561E-03   0.564761E+00  -0.411216E+09
   0.178345E+00   0.122543E+07   0.121996E+07   0.235331E+01   0.235331E+01   0.501086E+05   0.121895E+07   0.122451E+07   0.121895E+07  -0.357672E-01   0.691566E+06   0.691498E+06   0.127880E+00   0.233161E-03   0.564759E+00  -0.387776E+09
   0.183466E+00   0.118807E+07   0.118314E+07   0.215608E+01   0.215608E+01   0.465996E+05   0.118184E+07   0.118724E+07   0.118184E+07  -0.346783E-01   0.670514E+06   0.670450E+06   0.115355E+00   0.213621E-03   0.564757E+00  -0.365478E+09
   0.188587E+00   0.114792E+07   0.114327E+07   0.197164E+01   0.197164E+01   0.432385E+05   0.114191E+07   0.114714E+07   0.114191E+07  -0.335067E-01   0.647863E+06   0.647802E+06   0.107345E+00   0.195348E-03   0.564755E+00  -0.343542E+09
   0.193708E+00   0.110475E+07   0.110016E+07   0.179846E+01   0.179846E+01   0.400046E+05   0.109894E+07   0.110398E+07   0.109894E+07  -0.322459E-01   0.623487E+06   0.623427E+06   0.102976E+00   0.178191E-03   0.564753E+00  -0.321875E+09
   0.198830E+00   0.105998E+07   0.105529E+07   0.163777E+01   0.163777E+01   0.369374E+05   0.105436E+07   0.105920E+07   0.105436E+07  -0.309376E-01   0.598193E+06   0.598133E+06   0.100830E+00   0.162270E-03   0.564751E+00  -0.300863E+09
   0.203951E+00   0.101559E+07   0.101073E+07   0.149127E+01   0.149127E+01   0.340879E+05   0.101013E+07   0.101477E+07   0.101013E+07  -0.296399E-01   0.573104E+06   0.573044E+06   0.993702E-01   0.147756E-03   0.564750E+00  -0.281007E+09
   0.209072E+00   0.973486E+06   0.968497E+06   0.136020E+01   0.136020E+01   0.314970E+05   0.968194E+06   0.972648E+06   0.968194E+06  -0.284093E-01   0.549312E+06   0.549251E+06   0.973266E-01   0.134770E-03   0.564748E+00  -0.262743E+09
   0.214193E+00   0.935307E+06   0.930290E+06   0.124506E+01   0.124506E+01   0.291898E+05   0.930180E+06   0.934464E+06   0.930180E+06  -0.272939E-01   0.527746E+06   0.527686E+06   0.939548E-01   0.123363E-03   0.564747E+00  -0.246393E+09
   0.219314E+00   0.902043E+06   0.897131E+06   0.114534E+01   0.114534E+01   0.271669E+05   0.897081E+06   0.901218E+06   0.897081E+06  -0.263227E-01   0.508969E+06   0.508910E+06   0.890990E-01   0.113483E-03   0.564745E+00  -0.232077E+09
   0.224435E+00   0.873685E+06   0.868999E+06   0.105930E+01   0.105930E+01   0.253991E+05   0.868887E+06   0.872898E+06   0.868887E+06  -0.254954E-01   0.492974E+06   0.492918E+06   0.830936E-01   0.104959E-03   0.564744E+00  -0.219655E+09
   0.229556E+00   0.849327E+06   0.844948E+06   0.984367E+00   0.984367E+00   0.238357E+05   0.844688E+06   0.848591E+06   0.844688E+06  -0.247853E-01   0.479245E+06   0.479192E+06   0.765711E-01   0.975351E-04   0.564743E+00  -0.208774E+09
   0.234678E+00   0.827587E+06   0.823540E+06   0.917807E+00   0.917807E+00   0.224203E+05   0.823100E+06   0.826908E+06   0.823100E+06  -0.241519E-01   0.466998E+06   0.466948E+06   0.702428E-01   0.909407E-04   0.564742E+00  -0.198999E+09
   0.239799E+00   0.806998E+06   0.803252E+06   0.857191E+00   0.857191E+00   0.211028E+05   0.802653E+06   0.806369E+06   0.802653E+06  -0.235519E-01   0.455398E+06   0.455351E+06   0.647027E-01   0.849352E-04   0.564741E+00  -0.189912E+09
   0.244920E+00   0.786314E+06   0.782799E+06   0.800681E+00   0.800681E+00   0.198465E+05   0.782099E+06   0.785724E+06   0.782099E+06  -0.229488E-01   0.443737E+06   0.443693E+06   0.602983E-01   0.793363E-04   0.564740E+00  -0.181180E+09
   0.250041E+00   0.764808E+06   0.761437E+06   0.747215E+00   0.747215E+00   0.186331E+05   0.760713E+06   0.764242E+06   0.760713E+06  -0.223213E-01   0.431604E+06   0.431561E+06   0.570904E-01   0.740390E-04   0.564739E+00  -0.172617E+09
   0.255162E+00   0.742399E+06   0.739090E+06   0.696494E+00   0.696494E+00   0.174621E+05   0.738416E+06   0.741844E+06   0.738416E+06  -0.216670E-01   0.418954E+06   0.418912E+06   0.548911E-01   0.690135E-04   0.564738E+00  -0.164195E+09
   0.260283E+00   0.719505E+06   0.716199E+06   0.648699E+00   0.648699E+00   0.163439E+05   0.715625E+06   0.718950E+06   0.715625E+06  -0.209983E-01   0.406025E+06   0.405983E+06   0.533528E-01   0.642779E-04   0.564737E+00  -0.155996E+09
   0.265404E+00   0.696781E+06   0.693453E+06   0.604184E+00   0.604184E+00   0.152919E+05   0.693000E+06   0.696222E+06   0.693000E+06  -0.203344E-01   0.393189E+06   0.393147E+06   0.520789E-01   0.598671E-04   0.564736E+00  -0.148150E+09
   0.270526E+00   0.674944E+06   0.671600E+06   0.563283E+00   0.563283E+00   0.143186E+05   0.671258E+06   0.674382E+06   0.671258E+06  -0.196965E-01   0.380854E+06   0.380813E+06   0.507267E-01   0.558145E-04   0.564735E+00  -0.140786E+09
   0.275647E+00   0.654620E+06   0.651294E+06   0.526200E+00   0.526200E+00   0.134320E+05   0.651030E+06   0.654062E+06   0.651030E+06  -0.191029E-01   0.369378E+06   0.369338E+06   0.490779E-01   0.521400E-04   0.564734E+00  -0.134007E+09
   0.280768E+00   0.636185E+06   0.632920E+06   0.492892E+00   0.492892E+00   0.126339E+05   0.632689E+06   0.635637E+06   0.632689E+06  -0.185647E-01   0.358972E+06   0.358933E+06   0.470631E-01   0.488397E-04   0.564733E+00  -0.127856E+09
   0.285889E+00   0.619654E+06   0.616492E+06   0.463041E+00   0.463041E+00   0.119184E+05   0.616249E+06   0.619123E+06   0.616249E+06  -0.180823E-01   0.349645E+06   0.349607E+06   0.447464E-01   0.458818E-04   0.564733E+00  -0.122303E+09
   0.291010E+00   0.604734E+06   0.601705E+06   0.436134E+00   0.436134E+00   0.112747E+05   0.601419E+06   0.604225E+06   0.601419E+06  -0.176472E-01   0.341232E+06   0.341195E+06   0.422822E-01   0.432157E-04   0.564732E+00  -0.117260E+09
   0.296131E+00   0.590966E+06   0.588081E+06   0.411600E+00   0.411600E+00   0.106894E+05   0.587738E+06   0.590482E+06   0.587738E+06  -0.172457E-01   0.333470E+06   0.333434E+06   0.398581E-01   0.407846E-04   0.564731E+00  -0.112611E+09
   0.301252E+00   0.577848E+06   0.575100E+06   0.388905E+00   0.388905E+00   0.101499E+05   0.574702E+06   0.577387E+06   0.574702E+06  -0.168633E-01   0.326074E+06   0.326040E+06   0.376414E-01   0.385358E-04   0.564731E+00  -0.108241E+09
   0.306374E+00   0.564934E+06   0.562300E+06   0.367615E+00   0.367615E+00   0.964515E+04   0.561866E+06   0.564492E+06   0.561866E+06  -0.164866E-01   0.318791E+06   0.318758E+06   0.357403E-01   0.364261E-04   0.564730E+00  -0.104055E+09
   0.311495E+00   0.551927E+06   0.549375E+06   0.347440E+00   0.347440E+00   0.916751E+04   0.548932E+06   0.551498E+06   0.548932E+06  -0.161071E-01   0.311453E+06   0.311421E+06   0.341877E-01   0.344271E-04   0.564729E+00  -0.999885E+08
   0.316616E+00   0.538737E+06   0.536240E+06   0.328255E+00   0.328255E+00   0.871315E+04   0.535812E+06   0.538318E+06   0.535812E+06  -0.157221E-01   0.304009E+06   0.303978E+06   0.329471E-01   0.325261E-04   0.564729E+00  -0.960202E+08
   0.321737E+00   0.525473E+06   0.523007E+06   0.310059E+00   0.310059E+00   0.828145E+04   0.522614E+06   0.525059E+06   0.522614E+06  -0.153348E-01   0.296521E+06   0.296490E+06   0.319328E-01   0.307231E-04   0.564728E+00  -0.921644E+08
   0.326858E+00   0.512358E+06   0.509910E+06   0.292917E+00   0.292917E+00   0.787355E+04   0.509562E+06   0.511947E+06   0.509562E+06  -0.149519E-01   0.289116E+06   0.289086E+06   0.310385E-01   0.290245E-04   0.564728E+00  -0.884548E+08
   0.331979E+00   0.499643E+06   0.497213E+06   0.276898E+00   0.276898E+00   0.749079E+04   0.496908E+06   0.499235E+06   0.496908E+06  -0.145806E-01   0.281937E+06   0.281907E+06   0.301653E-01   0.274374E-04   0.564727E+00  -0.849276E+08
   0.337100E+00   0.487542E+06   0.485139E+06   0.262042E+00   0.262042E+00   0.713374E+04   0.484867E+06   0.487139E+06   0.484867E+06  -0.142273E-01   0.275105E+06   0.275076E+06   0.292429E-01   0.259654E-04   0.564727E+00  -0.816109E+08
   0.342222E+00   0.476192E+06   0.473829E+06   0.248338E+00   0.248338E+00   0.680184E+04   0.473576E+06   0.475795E+06   0.473576E+06  -0.138959E-01   0.268699E+06   0.268670E+06   0.282407E-01   0.246075E-04   0.564726E+00  -0.785176E+08
   0.347343E+00   0.465624E+06   0.463316E+06   0.235719E+00   0.235719E+00   0.649304E+04   0.463066E+06   0.465237E+06   0.463066E+06  -0.135875E-01   0.262736E+06   0.262708E+06   0.271658E-01   0.233572E-04   0.564726E+00  -0.756432E+08
   0.352464E+00   0.455766E+06   0.453523E+06   0.224074E+00   0.224074E+00   0.620426E+04   0.453263E+06   0.455389E+06   0.453263E+06  -0.132999E-01   0.257175E+06   0.257147E+06   0.260538E-01   0.222033E-04   0.564726E+00  -0.729662E+08
   0.357585E+00   0.446469E+06   0.444296E+06   0.213263E+00   0.213263E+00   0.593192E+04   0.444021E+06   0.446104E+06   0.444021E+06  -0.130287E-01   0.251931E+06   0.251904E+06   0.249538E-01   0.211322E-04   0.564725E+00  -0.704547E+08
   0.362706E+00   0.437560E+06   0.435457E+06   0.203149E+00   0.203149E+00   0.567277E+04   0.435165E+06   0.437207E+06   0.435165E+06  -0.127689E-01   0.246906E+06   0.246880E+06   0.239137E-01   0.201301E-04   0.564725E+00  -0.680747E+08
   0.367827E+00   0.428883E+06   0.426841E+06   0.193616E+00   0.193616E+00   0.542439E+04   0.426537E+06   0.428540E+06   0.426537E+06  -0.125157E-01   0.242011E+06   0.241986E+06   0.229683E-01   0.191855E-04   0.564724E+00  -0.657961E+08
   0.372948E+00   0.420316E+06   0.418326E+06   0.184574E+00   0.184574E+00   0.518528E+04   0.418018E+06   0.419982E+06   0.418018E+06  -0.122657E-01   0.237178E+06   0.237153E+06   0.221330E-01   0.182896E-04   0.564724E+00  -0.635966E+08
   0.378070E+00   0.411799E+06   0.409849E+06   0.175968E+00   0.175968E+00   0.495497E+04   0.409547E+06   0.411471E+06   0.409547E+06  -0.120172E-01   0.232372E+06   0.232347E+06   0.214025E-01   0.174369E-04   0.564724E+00  -0.614639E+08
   0.383191E+00   0.403340E+06   0.401423E+06   0.167777E+00   0.167777E+00   0.473378E+04   0.401134E+06   0.403018E+06   0.401134E+06  -0.117703E-01   0.227598E+06   0.227574E+06   0.207565E-01   0.166253E-04   0.564723E+00  -0.593966E+08
   0.388312E+00   0.395012E+06   0.393120E+06   0.160006E+00   0.160006E+00   0.452260E+04   0.392848E+06   0.394694E+06   0.392848E+06  -0.115272E-01   0.222897E+06   0.222873E+06   0.201667E-01   0.158552E-04   0.564723E+00  -0.574026E+08
   0.393433E+00   0.386895E+06   0.385028E+06   0.152664E+00   0.152664E+00   0.432216E+04   0.384772E+06   0.386581E+06   0.384772E+06  -0.112902E-01   0.218315E+06   0.218292E+06   0.196041E-01   0.151277E-04   0.564723E+00  -0.554908E+08
   0.398554E+00   0.379056E+06   0.377215E+06   0.145751E+00   0.145751E+00   0.413277E+04   0.376974E+06   0.378747E+06   0.376974E+06  -0.110614E-01   0.213891E+06   0.213868E+06   0.190454E-01   0.144427E-04   0.564723E+00  -0.536677E+08
   0.403675E+00   0.371541E+06   0.369729E+06   0.139259E+00   0.139259E+00   0.395440E+04   0.369499E+06   0.371237E+06   0.369499E+06  -0.108421E-01   0.209650E+06   0.209627E+06   0.184773E-01   0.137995E-04   0.564722E+00  -0.519362E+08
   0.408796E+00   0.364376E+06   0.362597E+06   0.133173E+00   0.133173E+00   0.378673E+04   0.362372E+06   0.364077E+06   0.362372E+06  -0.106329E-01   0.205606E+06   0.205584E+06   0.178979E-01   0.131964E-04   0.564722E+00  -0.502964E+08
   0.413918E+00   0.357552E+06   0.355811E+06   0.127466E+00   0.127466E+00   0.362916E+04   0.355586E+06   0.357260E+06   0.355586E+06  -0.104338E-01   0.201756E+06   0.201734E+06   0.173142E-01   0.126308E-04   0.564722E+00  -0.487439E+08
   0.419039E+00   0.351026E+06   0.349323E+06   0.122100E+00   0.122100E+00   0.348075E+04   0.349096E+06   0.350740E+06   0.349096E+06  -0.102434E-01   0.198074E+06   0.198053E+06   0.167382E-01   0.120991E-04   0.564721E+00  -0.472695E+08
   0.424160E+00   0.344730E+06   0.343067E+06   0.117032E+00   0.117032E+00   0.334049E+04   0.342837E+06   0.344451E+06   0.342837E+06  -0.100597E-01   0.194522E+06   0.194502E+06   0.161831E-01   0.115970E-04   0.564721E+00  -0.458615E+08
   0.429281E+00   0.338609E+06   0.336983E+06   0.112228E+00   0.112228E+00   0.320748E+04   0.336750E+06   0.338336E+06   0.336750E+06  -0.988111E-02   0.191069E+06   0.191049E+06   0.156599E-01   0.111209E-04   0.564721E+00  -0.445099E+08
   0.434402E+00   0.332619E+06   0.331027E+06   0.107659E+00   0.107659E+00   0.308107E+04   0.330794E+06   0.332352E+06   0.330794E+06  -0.970634E-02   0.187689E+06   0.187670E+06   0.151746E-01   0.106682E-04   0.564721E+00  -0.432072E+08
   0.439523E+00   0.326735E+06   0.325172E+06   0.103305E+00   0.103305E+00   0.296080E+04   0.324942E+06   0.326472E+06   0.324942E+06  -0.953462E-02   0.184369E+06   0.184350E+06   0.147280E-01   0.102367E-04   0.564720E+00  -0.419483E+08
   0.444644E+00   0.320943E+06   0.319407E+06   0.991495E-01   0.991495E-01   0.284634E+04   0.319181E+06   0.320685E+06   0.319181E+06  -0.936559E-02   0.181101E+06   0.181082E+06   0.143157E-01   0.982494E-05   0.564720E+00  -0.407301E+08
   0.449766E+00   0.315251E+06   0.313738E+06   0.951857E-01   0.951857E-01   0.273758E+04   0.313519E+06   0.314997E+06   0.313519E+06  -0.919947E-02   0.177888E+06   0.177870E+06   0.139299E-01   0.943215E-05   0.564720E+00  -0.395521E+08
   0.454887E+00   0.309683E+06   0.308192E+06   0.914106E-01   0.914106E-01   0.263451E+04   0.307980E+06   0.309432E+06   0.307980E+06  -0.903694E-02   0.174746E+06   0.174727E+06   0.135622E-01   0.905807E-05   0.564720E+00  -0.384159E+08
   0.460008E+00   0.304266E+06   0.302797E+06   0.878229E-01   0.878229E-01   0.253713E+04   0.302592E+06   0.304019E+06   0.302592E+06  -0.887884E-02   0.171689E+06   0.171670E+06   0.132053E-01   0.870255E-05   0.564720E+00  -0.373237E+08
   0.465129E+00   0.299019E+06   0.297572E+06   0.844183E-01   0.844183E-01   0.244528E+04   0.297374E+06   0.298776E+06   0.297374E+06  -0.872572E-02   0.168728E+06   0.168710E+06   0.128539E-01   0.836518E-05   0.564719E+00  -0.362762E+08
   0.470250E+00   0.293949E+06   0.292525E+06   0.811892E-01   0.811892E-01   0.235866E+04   0.292331E+06   0.293710E+06   0.292331E+06  -0.857775E-02   0.165867E+06   0.165849E+06   0.125057E-01   0.804520E-05   0.564719E+00  -0.352727E+08
   0.475371E+00   0.289050E+06   0.287650E+06   0.781251E-01   0.781251E-01   0.227681E+04   0.287459E+06   0.288815E+06   0.287459E+06  -0.843478E-02   0.163102E+06   0.163085E+06   0.121613E-01   0.774158E-05   0.564719E+00  -0.343111E+08
   0.480492E+00   0.284311E+06   0.282937E+06   0.752152E-01   0.752152E-01   0.219926E+04   0.282746E+06   0.284080E+06   0.282746E+06  -0.829651E-02   0.160428E+06   0.160411E+06   0.118233E-01   0.745323E-05   0.564719E+00  -0.333890E+08
   0.485614E+00   0.279719E+06   0.278370E+06   0.724480E-01   0.724480E-01   0.212553E+04   0.278180E+06   0.279493E+06   0.278180E+06  -0.816253E-02   0.157838E+06   0.157821E+06   0.114951E-01   0.717903E-05   0.564719E+00  -0.325033E+08
   0.490735E+00   0.275254E+06   0.273928E+06   0.698114E-01   0.698114E-01   0.205513E+04   0.273740E+06   0.275031E+06   0.273740E+06  -0.803223E-02   0.155318E+06   0.155302E+06   0.111799E-01   0.691776E-05   0.564718E+00  -0.316507E+08
   0.495856E+00   0.270892E+06   0.269590E+06   0.672934E-01   0.672934E-01   0.198766E+04   0.269402E+06   0.270674E+06   0.269402E+06  -0.790495E-02   0.152857E+06   0.152841E+06   0.108797E-01   0.666826E-05   0.564718E+00  -0.308275E+08
   0.500977E+00   0.266618E+06   0.265337E+06   0.648844E-01   0.648844E-01   0.192278E+04   0.265151E+06   0.266403E+06   0.265151E+06  -0.778022E-02   0.150445E+06   0.150429E+06   0.105953E-01   0.642955E-05   0.564718E+00  -0.300309E+08
   0.506098E+00   0.262426E+06   0.261165E+06   0.625783E-01   0.625783E-01   0.186030E+04   0.260982E+06   0.262214E+06   0.260982E+06  -0.765789E-02   0.148080E+06   0.148064E+06   0.103259E-01   0.620105E-05   0.564718E+00  -0.292596E+08
   0.511219E+00   0.258319E+06   0.257077E+06   0.603711E-01   0.603711E-01   0.180006E+04   0.256898E+06   0.258111E+06   0.256898E+06  -0.753804E-02   0.145762E+06   0.145747E+06   0.100698E-01   0.598233E-05   0.564718E+00  -0.285132E+08
   0.516340E+00   0.254301E+06   0.253077E+06   0.582588E-01   0.582588E-01   0.174191E+04   0.252901E+06   0.254095E+06   0.252901E+06  -0.742076E-02   0.143495E+06   0.143479E+06   0.982442E-02   0.577303E-05   0.564718E+00  -0.277912E+08
   0.521462E+00   0.250372E+06   0.249166E+06   0.562377E-01   0.562377E-01   0.168568E+04   0.248994E+06   0.250170E+06   0.248994E+06  -0.730613E-02   0.141278E+06   0.141263E+06   0.958733E-02   0.557276E-05   0.564717E+00  -0.270932E+08
   0.526583E+00   0.246539E+06   0.245350E+06   0.543049E-01   0.543049E-01   0.163123E+04   0.245182E+06   0.246340E+06   0.245182E+06  -0.719426E-02   0.139115E+06   0.139100E+06   0.935656E-02   0.538124E-05   0.564717E+00  -0.264189E+08
   0.531704E+00   0.242808E+06   0.241636E+06   0.524576E-01   0.524576E-01   0.157847E+04   0.241470E+06   0.242611E+06   0.241470E+06  -0.708536E-02   0.137009E+06   0.136995E+06   0.913099E-02   0.519820E-05   0.564717E+00  -0.257684E+08
   0.536825E+00   0.239179E+06   0.238025E+06   0.506925E-01   0.506925E-01   0.152731E+04   0.237862E+06   0.238985E+06   0.237862E+06  -0.697948E-02   0.134962E+06   0.134947E+06   0.891027E-02   0.502330E-05   0.564717E+00  -0.251412E+08
   0.541946E+00   0.235648E+06   0.234511E+06   0.490046E-01   0.490046E-01   0.147768E+04   0.234350E+06   0.235457E+06   0.234350E+06  -0.687643E-02   0.132969E+06   0.132955E+06   0.869463E-02   0.485605E-05   0.564717E+00  -0.245359E+08
   0.547067E+00   0.232205E+06   0.231085E+06   0.473888E-01   0.473888E-01   0.142954E+04   0.230926E+06   0.232017E+06   0.230926E+06  -0.677596E-02   0.131026E+06   0.131012E+06   0.848470E-02   0.469594E-05   0.564717E+00  -0.239511E+08
   0.559946E+00   0.223905E+06   0.222828E+06   0.436173E-01   0.436173E-01   0.131532E+04   0.222672E+06   0.223724E+06   0.222672E+06  -0.653377E-02   0.126343E+06   0.126330E+06   0.798691E-02   0.432222E-05   0.564717E+00  -0.225639E+08
   0.593872E+00   0.204023E+06   0.203040E+06   0.353330E-01   0.353330E-01   0.106712E+04   0.202898E+06   0.203858E+06   0.202898E+06  -0.595356E-02   0.115124E+06   0.115112E+06   0.687677E-02   0.350128E-05   0.564716E+00  -0.193857E+08
   0.629853E+00   0.185858E+06   0.184963E+06   0.286146E-01   0.286146E-01   0.879751E+03   0.184833E+06   0.185708E+06   0.184833E+06  -0.542348E-02   0.104874E+06   0.104863E+06   0.591075E-02   0.283553E-05   0.564715E+00  -0.166508E+08
   0.879031E+00   0.108647E+06   0.108124E+06   0.858806E-02   0.858806E-02   0.278054E+03   0.108047E+06   0.108559E+06   0.108047E+06  -0.317037E-02   0.613058E+05   0.612991E+05   0.250576E-02   0.851041E-06   0.564713E+00  -0.697437E+07
   0.122679E+01   0.627447E+05   0.624425E+05   0.254639E-02   0.254639E-02   0.844690E+02   0.623977E+05   0.626940E+05   0.623977E+05  -0.183091E-02   0.354046E+05   0.354007E+05   0.106145E-02   0.252338E-06   0.564711E+00  -0.288602E+07
   0.171212E+01   0.358591E+05   0.356862E+05   0.747166E-03   0.747166E-03   0.252162E+02   0.356606E+05   0.358300E+05   0.356606E+05  -0.104637E-02   0.202340E+05   0.202316E+05   0.454496E-03   0.740418E-07   0.564710E+00  -0.118183E+07
   0.238945E+01   0.203101E+05   0.202120E+05   0.217270E-03   0.217270E-03   0.745019E+01   0.201976E+05   0.202936E+05   0.201976E+05  -0.592651E-03   0.114602E+05   0.114588E+05   0.200207E-03   0.215309E-07   0.564709E+00  -0.479625E+06
