#          k/h    CDM            baryon         photon         nu             mass_nu        total          no_nu          total_de       Weyl           v_CDM          v_b            v_b-v_c        ISW            log_grow       pert_vel    
   0.994668E-05   0.107336E+08   0.107336E+08   0.142996E+08   0.142992E+08   0.107356E+08   0.107336E+08   0.107336E+08   0.107374E+08  -0.460866E+00   0.632987E+07   0.632987E+07   0.599023E+01   0.596642E+06   0.811520E+00  -0.636404E+14
   0.109829E-04   0.107339E+08   0.107339E+08   0.142973E+08   0.142968E+08   0.107359E+08   0.107339E+08   0.107339E+08   0.107377E+08  -0.460878E+00   0.632998E+07   0.632998E+07   0.661410E+01   0.489415E+06   0.811506E+00  -0.576367E+14
   0.121272E-04   0.107342E+08   0.107342E+08   0.142946E+08   0.142940E+08   0.107362E+08   0.107342E+08   0.107342E+08   0.107380E+08  -0.460893E+00   0.633011E+07   0.633011E+07   0.730291E+01   0.401468E+06   0.811488E+00  -0.521996E+14
   0.133906E-04   0.107346E+08   0.107346E+08   0.142913E+08   0.142905E+08   0.107366E+08   0.107346E+08   0.107346E+08   0.107385E+08  -0.460910E+00   0.633027E+07   0.633027E+07   0.806338E+01   0.329334E+06   0.811466E+00  -0.472757E+14
   0.147857E-04   0.107351E+08   0.107351E+08   0.142873E+08   0.142863E+08   0.107371E+08   0.107351E+08   0.107351E+08   0.107390E+08  -0.460932E+00   0.633047E+07   0.633047E+07   0.890296E+01   0.270170E+06   0.811439E+00  -0.428164E+14
   0.163261E-04   0.107358E+08   0.107358E+08   0.142823E+08   0.142812E+08   0.107377E+08   0.107358E+08   0.107358E+08   0.107396E+08  -0.460958E+00   0.633071E+07   0.633071E+07   0.982984E+01   0.221643E+06   0.811406E+00  -0.387781E+14
   0.180270E-04   0.107365E+08   0.107365E+08   0.142763E+08   0.142749E+08   0.107385E+08   0.107365E+08   0.107365E+08   0.107403E+08  -0.460990E+00   0.633100E+07   0.633100E+07   0.108531E+02   0.181842E+06   0.811366E+00  -0.351209E+14
   0.199051E-04   0.107374E+08   0.107374E+08   0.142690E+08   0.142673E+08   0.107393E+08   0.107374E+08   0.107374E+08   0.107412E+08  -0.461029E+00   0.633136E+07   0.633136E+07   0.119826E+02   0.149197E+06   0.811317E+00  -0.318089E+14
   0.219788E-04   0.107385E+08   0.107385E+08   0.142601E+08   0.142580E+08   0.107404E+08   0.107385E+08   0.107385E+08   0.107424E+08  -0.461077E+00   0.633179E+07   0.633179E+07   0.132293E+02   0.122422E+06   0.811258E+00  -0.288096E+14
   0.242687E-04   0.107399E+08   0.107399E+08   0.142492E+08   0.142467E+08   0.107417E+08   0.107399E+08   0.107399E+08   0.107437E+08  -0.461135E+00   0.633232E+07   0.633232E+07   0.146055E+02   0.100461E+06   0.811186E+00  -0.260936E+14
   0.267970E-04   0.107416E+08   0.107416E+08   0.142359E+08   0.142329E+08   0.107433E+08   0.107416E+08   0.107416E+08   0.107454E+08  -0.461206E+00   0.633297E+07   0.633296E+07   0.161242E+02   0.824488E+05   0.811098E+00  -0.236340E+14
   0.295888E-04   0.107436E+08   0.107436E+08   0.142198E+08   0.142161E+08   0.107453E+08   0.107436E+08   0.107436E+08   0.107474E+08  -0.461292E+00   0.633375E+07   0.633375E+07   0.178002E+02   0.676751E+05   0.810990E+00  -0.214067E+14
   0.326714E-04   0.107460E+08   0.107460E+08   0.142001E+08   0.141956E+08   0.107477E+08   0.107460E+08   0.107460E+08   0.107498E+08  -0.461397E+00   0.633471E+07   0.633471E+07   0.196494E+02   0.555577E+05   0.810860E+00  -0.193899E+14
   0.360752E-04   0.107490E+08   0.107490E+08   0.141762E+08   0.141707E+08   0.107506E+08   0.107490E+08   0.107490E+08   0.107528E+08  -0.461525E+00   0.633588E+07   0.633588E+07   0.216895E+02   0.456191E+05   0.810700E+00  -0.175636E+14
   0.398336E-04   0.107527E+08   0.107527E+08   0.141470E+08   0.141403E+08   0.107541E+08   0.107527E+08   0.107527E+08   0.107565E+08  -0.461681E+00   0.633730E+07   0.633730E+07   0.239396E+02   0.374674E+05   0.810506E+00  -0.159100E+14
   0.439836E-04   0.107571E+08   0.107571E+08   0.141115E+08   0.141034E+08   0.107584E+08   0.107572E+08   0.107571E+08   0.107609E+08  -0.461871E+00   0.633903E+07   0.633903E+07   0.264209E+02   0.307814E+05   0.810270E+00  -0.144128E+14
   0.485659E-04   0.107626E+08   0.107626E+08   0.140683E+08   0.140584E+08   0.107637E+08   0.107626E+08   0.107626E+08   0.107663E+08  -0.462103E+00   0.634114E+07   0.634114E+07   0.291564E+02   0.252975E+05   0.809983E+00  -0.130573E+14
   0.536256E-04   0.107692E+08   0.107692E+08   0.140158E+08   0.140038E+08   0.107701E+08   0.107692E+08   0.107692E+08   0.107729E+08  -0.462385E+00   0.634371E+07   0.634371E+07   0.321709E+02   0.207996E+05   0.809633E+00  -0.118301E+14
   0.592125E-04   0.107772E+08   0.107772E+08   0.139520E+08   0.139373E+08   0.107778E+08   0.107772E+08   0.107772E+08   0.107809E+08  -0.462728E+00   0.634684E+07   0.634684E+07   0.354914E+02   0.171103E+05   0.809207E+00  -0.107192E+14
   0.653814E-04   0.107870E+08   0.107870E+08   0.138745E+08   0.138566E+08   0.107873E+08   0.107870E+08   0.107870E+08   0.107907E+08  -0.463145E+00   0.635065E+07   0.635065E+07   0.391473E+02   0.140843E+05   0.808690E+00  -0.971360E+13
   0.721930E-04   0.107989E+08   0.107988E+08   0.137804E+08   0.137588E+08   0.107988E+08   0.107989E+08   0.107989E+08   0.108025E+08  -0.463652E+00   0.635529E+07   0.635528E+07   0.431696E+02   0.116023E+05   0.808062E+00  -0.880352E+13
   0.797142E-04   0.108133E+08   0.108133E+08   0.136664E+08   0.136401E+08   0.108128E+08   0.108133E+08   0.108133E+08   0.108170E+08  -0.464269E+00   0.636092E+07   0.636091E+07   0.475918E+02   0.956650E+04   0.807299E+00  -0.797995E+13
   0.880190E-04   0.108309E+08   0.108308E+08   0.135283E+08   0.134965E+08   0.108298E+08   0.108309E+08   0.108309E+08   0.108345E+08  -0.465019E+00   0.636777E+07   0.636776E+07   0.524488E+02   0.789657E+04   0.806374E+00  -0.723481E+13
   0.971891E-04   0.108522E+08   0.108521E+08   0.133614E+08   0.133229E+08   0.108504E+08   0.108522E+08   0.108522E+08   0.108557E+08  -0.465928E+00   0.637609E+07   0.637608E+07   0.577772E+02   0.652672E+04   0.805254E+00  -0.656074E+13
   0.107314E-03   0.108780E+08   0.108779E+08   0.131601E+08   0.131135E+08   0.108754E+08   0.108780E+08   0.108780E+08   0.108815E+08  -0.467031E+00   0.638619E+07   0.638617E+07   0.636143E+02   0.540298E+04   0.803899E+00  -0.595113E+13
   0.118495E-03   0.109093E+08   0.109092E+08   0.129177E+08   0.128615E+08   0.109056E+08   0.109093E+08   0.109093E+08   0.109127E+08  -0.468367E+00   0.639843E+07   0.639840E+07   0.699976E+02   0.448104E+04   0.802263E+00  -0.539995E+13
   0.130840E-03   0.109471E+08   0.109470E+08   0.126268E+08   0.125591E+08   0.109422E+08   0.109471E+08   0.109471E+08   0.109505E+08  -0.469982E+00   0.641325E+07   0.641322E+07   0.769632E+02   0.372456E+04   0.800291E+00  -0.490178E+13
   0.144471E-03   0.109928E+08   0.109927E+08   0.122788E+08   0.121976E+08   0.109864E+08   0.109928E+08   0.109928E+08   0.109961E+08  -0.471933E+00   0.643117E+07   0.643113E+07   0.845442E+02   0.310373E+04   0.797922E+00  -0.445169E+13
   0.159522E-03   0.110479E+08   0.110477E+08   0.118644E+08   0.117673E+08   0.110395E+08   0.110478E+08   0.110479E+08   0.110510E+08  -0.474283E+00   0.645279E+07   0.645275E+07   0.927686E+02   0.259409E+04   0.795082E+00  -0.404522E+13
   0.176142E-03   0.111141E+08   0.111138E+08   0.113735E+08   0.112578E+08   0.111034E+08   0.111140E+08   0.111140E+08   0.111170E+08  -0.477108E+00   0.647884E+07   0.647879E+07   0.101655E+03   0.217554E+04   0.791691E+00  -0.367833E+13
   0.194493E-03   0.111933E+08   0.111931E+08   0.107957E+08   0.106586E+08   0.111799E+08   0.111932E+08   0.111933E+08   0.111961E+08  -0.480493E+00   0.651013E+07   0.651006E+07   0.111212E+03   0.183160E+04   0.787660E+00  -0.334735E+13
   0.214755E-03   0.112880E+08   0.112877E+08   0.101213E+08   0.995980E+07   0.112712E+08   0.112879E+08   0.112880E+08   0.112906E+08  -0.484536E+00   0.654760E+07   0.654752E+07   0.121426E+03   0.154872E+04   0.782893E+00  -0.304897E+13
   0.237129E-03   0.114006E+08   0.114003E+08   0.934189E+07   0.915322E+07   0.113797E+08   0.114005E+08   0.114006E+08   0.114030E+08  -0.489344E+00   0.659231E+07   0.659222E+07   0.132262E+03   0.131578E+04   0.777290E+00  -0.278015E+13
   0.261834E-03   0.115339E+08   0.115335E+08   0.845256E+07   0.823425E+07   0.115079E+08   0.115337E+08   0.115338E+08   0.115359E+08  -0.495034E+00   0.664543E+07   0.664532E+07   0.143652E+03   0.112360E+04   0.770754E+00  -0.253812E+13
   0.289112E-03   0.116907E+08   0.116902E+08   0.745386E+07   0.720424E+07   0.116586E+08   0.116904E+08   0.116906E+08   0.116924E+08  -0.501730E+00   0.670820E+07   0.670807E+07   0.155486E+03   0.964669E+03   0.763193E+00  -0.232035E+13
   0.319233E-03   0.118739E+08   0.118733E+08   0.635483E+07   0.607361E+07   0.118344E+08   0.118736E+08   0.118738E+08   0.118753E+08  -0.509556E+00   0.678194E+07   0.678178E+07   0.167603E+03   0.832770E+03   0.754535E+00  -0.212452E+13
   0.352491E-03   0.120864E+08   0.120857E+08   0.517654E+07   0.486553E+07   0.120378E+08   0.120861E+08   0.120863E+08   0.120874E+08  -0.518633E+00   0.686795E+07   0.686776E+07   0.179783E+03   0.722800E+03   0.744736E+00  -0.194846E+13
   0.389215E-03   0.123307E+08   0.123298E+08   0.395568E+07   0.361961E+07   0.122711E+08   0.123303E+08   0.123305E+08   0.123313E+08  -0.529068E+00   0.696743E+07   0.696720E+07   0.191733E+03   0.630554E+03   0.733789E+00  -0.179018E+13
   0.429764E-03   0.126086E+08   0.126075E+08   0.274739E+07   0.239476E+07   0.125356E+08   0.126081E+08   0.126084E+08   0.126088E+08  -0.540943E+00   0.708140E+07   0.708114E+07   0.203094E+03   0.552584E+03   0.721740E+00  -0.164779E+13
   0.474538E-03   0.129212E+08   0.129199E+08   0.162568E+07   0.126940E+07   0.128319E+08   0.129205E+08   0.129210E+08   0.129210E+08  -0.554304E+00   0.721055E+07   0.721025E+07   0.213437E+03   0.486072E+03   0.708695E+00  -0.151953E+13
   0.523976E-03   0.132683E+08   0.132668E+08   0.679095E+06   0.336528E+06   0.131594E+08   0.132676E+08   0.132681E+08   0.132677E+08  -0.569147E+00   0.735511E+07   0.735476E+07   0.222283E+03   0.428738E+03   0.694819E+00  -0.140375E+13
   0.578566E-03   0.136484E+08   0.136467E+08  -0.101341E+04  -0.309008E+06   0.135157E+08   0.136475E+08   0.136482E+08   0.136475E+08  -0.585405E+00   0.751468E+07   0.751429E+07   0.229137E+03   0.378761E+03   0.680340E+00  -0.129888E+13
   0.638842E-03   0.140583E+08   0.140563E+08  -0.341644E+06  -0.593072E+06   0.138967E+08   0.140572E+08   0.140579E+08   0.140571E+08  -0.602941E+00   0.768814E+07   0.768769E+07   0.233535E+03   0.334714E+03   0.665527E+00  -0.120348E+13
   0.705398E-03   0.144928E+08   0.144905E+08  -0.317183E+06  -0.492750E+06   0.142965E+08   0.144915E+08   0.144924E+08   0.144914E+08  -0.621542E+00   0.787352E+07   0.787302E+07   0.235105E+03   0.295505E+03   0.650679E+00  -0.111621E+13
   0.778888E-03   0.149453E+08   0.149426E+08   0.216007E+05  -0.660401E+05   0.147073E+08   0.149437E+08   0.149448E+08   0.149437E+08  -0.640920E+00   0.806806E+07   0.806752E+07   0.233628E+03   0.260324E+03   0.636096E+00  -0.103587E+13
   0.860035E-03   0.154075E+08   0.154046E+08   0.535554E+06   0.537500E+06   0.151196E+08   0.154057E+08   0.154070E+08   0.154058E+08  -0.660725E+00   0.826824E+07   0.826765E+07   0.229079E+03   0.228587E+03   0.622055E+00  -0.961408E+12
   0.949635E-03   0.158703E+08   0.158671E+08   0.102411E+07   0.110805E+07   0.155227E+08   0.158681E+08   0.158698E+08   0.158684E+08  -0.680557E+00   0.846994E+07   0.846931E+07   0.221625E+03   0.199886E+03   0.608792E+00  -0.891937E+12
   0.104857E-02   0.163240E+08   0.163204E+08   0.130187E+07   0.145869E+07   0.159055E+08   0.163214E+08   0.163234E+08   0.163217E+08  -0.699996E+00   0.866873E+07   0.866806E+07   0.211571E+03   0.173938E+03   0.596484E+00  -0.826739E+12
   0.115781E-02   0.167588E+08   0.167551E+08   0.129703E+07   0.152835E+07   0.162566E+08   0.167558E+08   0.167582E+08   0.167562E+08  -0.718627E+00   0.886012E+07   0.885943E+07   0.199295E+03   0.150545E+03   0.585249E+00  -0.765264E+12
   0.127844E-02   0.171661E+08   0.171621E+08   0.109326E+07   0.141984E+07   0.165658E+08   0.171626E+08   0.171654E+08   0.171629E+08  -0.736069E+00   0.903986E+07   0.903915E+07   0.185207E+03   0.129560E+03   0.575144E+00  -0.707119E+12
   0.141163E-02   0.175380E+08   0.175340E+08   0.841544E+06   0.129656E+07   0.168247E+08   0.175340E+08   0.175374E+08   0.175343E+08  -0.751994E+00   0.920422E+07   0.920350E+07   0.169812E+03   0.110856E+03   0.566176E+00  -0.652044E+12
   0.155869E-02   0.178688E+08   0.178646E+08   0.600463E+06   0.449566E+06   0.170259E+08   0.178641E+08   0.178681E+08   0.178642E+08  -0.766141E+00   0.935023E+07   0.934952E+07   0.153790E+03   0.943104E+02   0.558317E+00  -0.599890E+12
   0.172108E-02   0.181538E+08   0.181497E+08   0.323922E+06   0.374616E+06   0.171645E+08   0.181485E+08   0.181532E+08   0.181486E+08  -0.778332E+00   0.947539E+07   0.947468E+07   0.137966E+03   0.797969E+02   0.551492E+00  -0.550561E+12
   0.190039E-02   0.183905E+08   0.183864E+08   0.605216E+05   0.311265E+06   0.172376E+08   0.183844E+08   0.183898E+08   0.183844E+08  -0.788443E+00   0.957822E+07   0.957752E+07   0.123116E+03   0.671653E+02   0.545619E+00  -0.504026E+12
   0.209838E-02   0.185775E+08   0.185734E+08  -0.248197E+05   0.257894E+06   0.172443E+08   0.185705E+08   0.185768E+08   0.185705E+08  -0.796420E+00   0.965797E+07   0.965728E+07   0.109809E+03   0.562571E+02   0.540606E+00  -0.460271E+12
   0.231699E-02   0.187150E+08   0.187108E+08   0.366618E+05   0.213089E+06   0.171857E+08   0.187070E+08   0.187143E+08   0.187070E+08  -0.802272E+00   0.971454E+07   0.971386E+07   0.983918E+02   0.469083E+02   0.536358E+00  -0.419285E+12
   0.255838E-02   0.188042E+08   0.187999E+08   0.887438E+05   0.175608E+06   0.170642E+08   0.187952E+08   0.188034E+08   0.187952E+08  -0.806051E+00   0.974830E+07   0.974762E+07   0.888751E+02   0.389522E+02   0.532776E+00  -0.381044E+12
   0.282492E-02   0.188458E+08   0.188413E+08   0.137558E+06   0.144352E+06   0.168820E+08   0.188357E+08   0.188450E+08   0.188358E+08  -0.807787E+00   0.975929E+07   0.975860E+07   0.808315E+02   0.322225E+02   0.529765E+00  -0.345480E+12
   0.311923E-02   0.188418E+08   0.188371E+08   0.984582E+05   0.118372E+06   0.166419E+08   0.188306E+08   0.188410E+08   0.188306E+08  -0.807564E+00   0.974833E+07   0.974764E+07   0.736504E+02   0.265625E+02   0.527244E+00  -0.312532E+12
   0.344419E-02   0.187940E+08   0.187890E+08   0.217047E+05   0.968414E+05   0.163463E+08   0.187815E+08   0.187931E+08   0.187816E+08  -0.805461E+00   0.971616E+07   0.971547E+07   0.668106E+02   0.218258E+02   0.525139E+00  -0.282110E+12
   0.380302E-02   0.187041E+08   0.186988E+08  -0.202619E+05   0.790491E+05   0.159972E+08   0.186904E+08   0.187032E+08   0.186904E+08  -0.801551E+00   0.966348E+07   0.966279E+07   0.601832E+02   0.178797E+02   0.523386E+00  -0.254107E+12
   0.419923E-02   0.185737E+08   0.185682E+08   0.125852E+05   0.643838E+05   0.155968E+08   0.185587E+08   0.185728E+08   0.185587E+08  -0.795903E+00   0.959091E+07   0.959023E+07   0.540257E+02   0.146055E+02   0.521927E+00  -0.228403E+12
   0.463671E-02   0.184042E+08   0.183982E+08   0.281296E+05   0.523252E+05   0.151473E+08   0.183878E+08   0.184032E+08   0.183878E+08  -0.788572E+00   0.949897E+07   0.949830E+07   0.486241E+02   0.118988E+02   0.520714E+00  -0.204869E+12
   0.511978E-02   0.181966E+08   0.181900E+08  -0.910520E+03   0.424325E+05   0.146524E+08   0.181787E+08   0.181955E+08   0.181787E+08  -0.779603E+00   0.938808E+07   0.938740E+07   0.439137E+02   0.966840E+01   0.519705E+00  -0.183373E+12
   0.565317E-02   0.179520E+08   0.179449E+08  -0.164287E+05   0.343351E+05   0.140908E+08   0.179326E+08   0.179508E+08   0.179326E+08  -0.769048E+00   0.925872E+07   0.925805E+07   0.395983E+02   0.783602E+01   0.518863E+00  -0.163783E+12
   0.624213E-02   0.176701E+08   0.176622E+08  -0.208380E+05   0.277190E+05   0.134971E+08   0.176490E+08   0.176688E+08   0.176490E+08  -0.756887E+00   0.911056E+07   0.910989E+07   0.355914E+02   0.633443E+01   0.518163E+00  -0.145956E+12
   0.689245E-02   0.173514E+08   0.173426E+08  -0.523106E+05   0.223248E+05   0.128607E+08   0.173286E+08   0.173499E+08   0.173286E+08  -0.743147E+00   0.894383E+07   0.894317E+07   0.320363E+02   0.510718E+01   0.517577E+00  -0.129766E+12
   0.761052E-02   0.169959E+08   0.169861E+08  -0.446260E+05   0.179354E+05   0.121918E+08   0.169715E+08   0.169942E+08   0.169715E+08  -0.727831E+00   0.875849E+07   0.875784E+07   0.288802E+02   0.410652E+01   0.517087E+00  -0.115087E+12
   0.840340E-02   0.166034E+08   0.165924E+08  -0.147714E+05   0.143706E+05   0.115003E+08   0.165774E+08   0.166016E+08   0.165774E+08  -0.710930E+00   0.855438E+07   0.855372E+07   0.260058E+02   0.329267E+01   0.516676E+00  -0.101799E+12
   0.927889E-02   0.161737E+08   0.161611E+08  -0.282711E+05   0.114815E+05   0.107867E+08   0.161461E+08   0.161716E+08   0.161461E+08  -0.692432E+00   0.833129E+07   0.833064E+07   0.234545E+02   0.263215E+01   0.516330E+00  -0.897897E+11
   0.102456E-01   0.157063E+08   0.156920E+08  -0.131443E+05   0.914472E+04   0.100521E+08   0.156771E+08   0.157039E+08   0.156771E+08  -0.672320E+00   0.808899E+07   0.808834E+07   0.211755E+02   0.209737E+01   0.516037E+00  -0.789528E+11
   0.113130E-01   0.152006E+08   0.151842E+08  -0.151065E+05   0.725878E+04   0.930417E+07   0.151699E+08   0.151978E+08   0.151699E+08  -0.650569E+00   0.782711E+07   0.782647E+07   0.191421E+02   0.166542E+01   0.515787E+00  -0.691885E+11
   0.124916E-01   0.146560E+08   0.146372E+08  -0.846071E+04   0.574013E+04   0.855128E+07   0.146239E+08   0.146528E+08   0.146239E+08  -0.627154E+00   0.754535E+07   0.754470E+07   0.173332E+02   0.131735E+01   0.515573E+00  -0.604046E+11
   0.137930E-01   0.140721E+08   0.140506E+08  -0.111383E+05   0.452028E+04   0.779986E+07   0.140388E+08   0.140685E+08   0.140388E+08  -0.602059E+00   0.724347E+07   0.724282E+07   0.157221E+02   0.103762E+01   0.515390E+00  -0.525166E+11
   0.152300E-01   0.134487E+08   0.134242E+08   0.263502E+03   0.354311E+04   0.705324E+07   0.134144E+08   0.134446E+08   0.134144E+08  -0.575280E+00   0.692139E+07   0.692074E+07   0.142824E+02   0.813449E+00   0.515230E+00  -0.454467E+11
   0.168167E-01   0.128013E+08   0.127734E+08  -0.453304E+04   0.276599E+04   0.632914E+07   0.127660E+08   0.127966E+08   0.127660E+08  -0.547475E+00   0.658702E+07   0.658636E+07   0.130018E+02   0.635113E+00   0.515092E+00  -0.391703E+11
   0.185687E-01   0.121048E+08   0.120732E+08  -0.476767E+04   0.214506E+04   0.561917E+07   0.120688E+08   0.120995E+08   0.120688E+08  -0.517575E+00   0.622747E+07   0.622681E+07   0.118337E+02   0.492588E+00   0.514970E+00  -0.335381E+11
   0.205033E-01   0.113744E+08   0.113390E+08   0.175479E+04   0.165308E+04   0.493767E+07   0.113381E+08   0.113685E+08   0.113381E+08  -0.486236E+00   0.585063E+07   0.584997E+07   0.107616E+02   0.379640E+00   0.514864E+00  -0.285356E+11
   0.226393E-01   0.106046E+08   0.105654E+08  -0.522227E+03   0.126397E+04   0.428696E+07   0.105682E+08   0.105980E+08   0.105682E+08  -0.453220E+00   0.545359E+07   0.545292E+07   0.975506E+01   0.290294E+00   0.514769E+00  -0.240894E+11
   0.249980E-01   0.982310E+07   0.978029E+07  -0.523914E+03   0.960194E+03   0.368281E+07   0.978688E+07   0.981591E+07   0.978688E+07  -0.419714E+00   0.505064E+07   0.504998E+07   0.879726E+01   0.220537E+00   0.514685E+00  -0.202045E+11
   0.276023E-01   0.903925E+07   0.899342E+07  -0.684587E+02   0.724619E+03   0.312972E+07   0.900363E+07   0.903156E+07   0.900363E+07  -0.386124E+00   0.464666E+07   0.464600E+07   0.786540E+01   0.166436E+00   0.514610E+00  -0.168345E+11
   0.304780E-01   0.825662E+07   0.820875E+07  -0.581079E+02   0.542806E+03   0.262888E+07   0.822199E+07   0.824858E+07   0.822199E+07  -0.352603E+00   0.424347E+07   0.424284E+07   0.693426E+01   0.124680E+00   0.514543E+00  -0.139232E+11
   0.336533E-01   0.749653E+07   0.744805E+07  -0.246534E+03   0.404177E+03   0.218556E+07   0.746329E+07   0.748839E+07   0.746329E+07  -0.320066E+00   0.385209E+07   0.385149E+07   0.599422E+01   0.928396E-01   0.514483E+00  -0.114465E+11
   0.371593E-01   0.678649E+07   0.673927E+07  -0.374548E+03   0.300082E+03   0.180399E+07   0.675502E+07   0.677856E+07   0.675502E+07  -0.289691E+00   0.348670E+07   0.348614E+07   0.504773E+01   0.689302E-01   0.514430E+00  -0.938319E+10
   0.410307E-01   0.614398E+07   0.610017E+07  -0.197525E+03   0.222818E+03   0.148273E+07   0.611460E+07   0.613662E+07   0.611460E+07  -0.262227E+00   0.315629E+07   0.315578E+07   0.410873E+01   0.511833E-01   0.514382E+00  -0.769258E+10
   0.451338E-01   0.560773E+07   0.556918E+07   0.168082E+03   0.168082E+03   0.122826E+07   0.558056E+07   0.560126E+07   0.558056E+07  -0.239324E+00   0.288076E+07   0.288033E+07   0.324187E+01   0.386106E-01   0.514342E+00  -0.638280E+10
   0.492368E-01   0.518361E+07   0.515117E+07   0.130567E+03   0.130567E+03   0.103560E+07   0.515856E+07   0.517816E+07   0.515856E+07  -0.221226E+00   0.266302E+07   0.266265E+07   0.251879E+01   0.299935E-01   0.514308E+00  -0.540867E+10
   0.533399E-01   0.484185E+07   0.481551E+07   0.103932E+03   0.103932E+03   0.886209E+06   0.481873E+07   0.483743E+07   0.481873E+07  -0.206653E+00   0.248767E+07   0.248736E+07   0.194286E+01   0.238752E-01   0.514279E+00  -0.466388E+10
   0.574430E-01   0.455408E+07   0.453310E+07   0.843001E+02   0.843001E+02   0.766641E+06   0.453265E+07   0.455055E+07   0.453265E+07  -0.194384E+00   0.234005E+07   0.233979E+07   0.151012E+01   0.193658E-01   0.514255E+00  -0.407377E+10
   0.615460E-01   0.429813E+07   0.428126E+07   0.693156E+02   0.693156E+02   0.667815E+06   0.427813E+07   0.429530E+07   0.427813E+07  -0.183469E+00   0.220871E+07   0.220849E+07   0.120725E+01   0.159237E-01   0.514234E+00  -0.358879E+10
   0.656491E-01   0.405693E+07   0.404266E+07   0.575070E+02   0.575070E+02   0.583595E+06   0.403810E+07   0.405453E+07   0.403810E+07  -0.173175E+00   0.208484E+07   0.208464E+07   0.101307E+01   0.132111E-01   0.514216E+00  -0.317580E+10
   0.697522E-01   0.381834E+07   0.380523E+07   0.479453E+02   0.479453E+02   0.509978E+06   0.380049E+07   0.381614E+07   0.380049E+07  -0.162985E+00   0.196221E+07   0.196202E+07   0.901468E+00   0.110146E-01   0.514200E+00  -0.281318E+10
   0.738552E-01   0.358439E+07   0.357122E+07   0.401441E+02   0.401441E+02   0.445650E+06   0.356733E+07   0.358218E+07   0.356733E+07  -0.152986E+00   0.184187E+07   0.184168E+07   0.846440E+00   0.922252E-02   0.514186E+00  -0.249394E+10
   0.779583E-01   0.334754E+07   0.333352E+07   0.336460E+02   0.336460E+02   0.388377E+06   0.333119E+07   0.334519E+07   0.333119E+07  -0.142859E+00   0.171998E+07   0.171979E+07   0.821078E+00   0.772974E-02   0.514174E+00  -0.220633E+10
   0.820614E-01   0.311936E+07   0.310414E+07   0.282924E+02   0.282924E+02   0.338483E+06   0.310366E+07   0.311681E+07   0.310366E+07  -0.133101E+00   0.160253E+07   0.160234E+07   0.805712E+00   0.649988E-02   0.514163E+00  -0.195288E+10
   0.861644E-01   0.290615E+07   0.288982E+07   0.239051E+02   0.239051E+02   0.295578E+06   0.289107E+07   0.290341E+07   0.289107E+07  -0.123984E+00   0.149279E+07   0.149259E+07   0.785409E+00   0.549198E-02   0.514153E+00  -0.173252E+10
   0.912856E-01   0.266905E+07   0.265197E+07   0.195580E+02   0.195580E+02   0.251115E+06   0.265476E+07   0.266619E+07   0.265476E+07  -0.113850E+00   0.137080E+07   0.137060E+07   0.740650E+00   0.449332E-02   0.514142E+00  -0.150168E+10
   0.964067E-01   0.247133E+07   0.245451E+07   0.162352E+02   0.162352E+02   0.215739E+06   0.245785E+07   0.246851E+07   0.245785E+07  -0.105406E+00   0.126915E+07   0.126895E+07   0.671249E+00   0.372997E-02   0.514133E+00  -0.131647E+10
   0.101528E+00   0.231543E+07   0.229986E+07   0.137154E+02   0.137154E+02   0.188082E+06   0.230276E+07   0.231281E+07   0.230276E+07  -0.987546E-01   0.118908E+07   0.118890E+07   0.583765E+00   0.315107E-02   0.514124E+00  -0.117120E+10
   0.106649E+00   0.219565E+07   0.218206E+07   0.117879E+02   0.117879E+02   0.166403E+06   0.218377E+07   0.219337E+07   0.218377E+07  -0.936519E-01   0.112765E+07   0.112750E+07   0.490118E+00   0.270825E-02   0.514117E+00  -0.105736E+10
   0.111770E+00   0.210019E+07   0.208884E+07   0.102672E+02   0.102672E+02   0.148880E+06   0.208906E+07   0.209829E+07   0.208906E+07  -0.895901E-01   0.107876E+07   0.107862E+07   0.402823E+00   0.235889E-02   0.514110E+00  -0.965171E+09
   0.116891E+00   0.201632E+07   0.200700E+07   0.901356E+01   0.901356E+01   0.134015E+06   0.200586E+07   0.201476E+07   0.200586E+07  -0.860219E-01   0.103580E+07   0.103568E+07   0.331529E+00   0.207088E-02   0.514104E+00  -0.886138E+09
   0.122012E+00   0.193409E+07   0.192625E+07   0.793615E+01   0.793615E+01   0.120802E+06   0.192420E+07   0.193277E+07   0.192420E+07  -0.825198E-01   0.993640E+06   0.993537E+06   0.281098E+00   0.182336E-02   0.514098E+00  -0.814391E+09
   0.127134E+00   0.184765E+07   0.184059E+07   0.698327E+01   0.698327E+01   0.108686E+06   0.183824E+07   0.184647E+07   0.183824E+07  -0.788337E-01   0.949261E+06   0.949166E+06   0.251260E+00   0.160443E-02   0.514093E+00  -0.746679E+09
   0.132255E+00   0.175541E+07   0.174846E+07   0.613063E+01   0.613063E+01   0.974514E+05   0.174640E+07   0.175424E+07   0.174640E+07  -0.748950E-01   0.901843E+06   0.901748E+06   0.237666E+00   0.140854E-02   0.514089E+00  -0.681911E+09
   0.137376E+00   0.165924E+07   0.165193E+07   0.537038E+01   0.537038E+01   0.871009E+05   0.165058E+07   0.165801E+07   0.165058E+07  -0.707857E-01   0.852368E+06   0.852272E+06   0.233735E+00   0.123388E-02   0.514085E+00  -0.620475E+09
   0.142497E+00   0.156329E+07   0.155542E+07   0.470217E+01   0.470217E+01   0.777398E+05   0.155495E+07   0.156197E+07   0.155495E+07  -0.666843E-01   0.802988E+06   0.802889E+06   0.232685E+00   0.108036E-02   0.514081E+00  -0.563521E+09
   0.147618E+00   0.147283E+07   0.146449E+07   0.412760E+01   0.412760E+01   0.694978E+05   0.146479E+07   0.147143E+07   0.146479E+07  -0.628182E-01   0.756439E+06   0.756338E+06   0.229181E+00   0.948350E-03   0.514078E+00  -0.512437E+09
   0.152739E+00   0.139285E+07   0.138433E+07   0.364581E+01   0.364581E+01   0.624614E+05   0.138513E+07   0.139142E+07   0.138513E+07  -0.594018E-01   0.715305E+06   0.715204E+06   0.220254E+00   0.837661E-03   0.514075E+00  -0.468324E+09
   0.157860E+00   0.132612E+07   0.131779E+07   0.324949E+01   0.324949E+01   0.565983E+05   0.131872E+07   0.132472E+07   0.131872E+07  -0.565537E-01   0.681013E+06   0.680915E+06   0.205397E+00   0.746606E-03   0.514072E+00  -0.431407E+09
   0.162982E+00   0.127214E+07   0.126434E+07   0.292448E+01   0.292448E+01   0.517443E+05   0.126506E+07   0.127083E+07   0.126506E+07  -0.542527E-01   0.653307E+06   0.653216E+06   0.186068E+00   0.671935E-03   0.514069E+00  -0.400853E+09
   0.168103E+00   0.122812E+07   0.122108E+07   0.265406E+01   0.265406E+01   0.476690E+05   0.122136E+07   0.122694E+07   0.122136E+07  -0.523784E-01   0.630738E+06   0.630655E+06   0.164868E+00   0.609805E-03   0.514067E+00  -0.375216E+09
   0.173224E+00   0.119052E+07   0.118432E+07   0.242315E+01   0.242315E+01   0.441505E+05   0.118406E+07   0.118948E+07   0.118406E+07  -0.507789E-01   0.611479E+06   0.611404E+06   0.144643E+00   0.556752E-03   0.514065E+00  -0.353005E+09
   0.178345E+00   0.115577E+07   0.115030E+07   0.221943E+01   0.221943E+01   0.409997E+05   0.114958E+07   0.115485E+07   0.114958E+07  -0.493000E-01   0.593672E+06   0.593604E+06   0.127668E+00   0.509946E-03   0.514063E+00  -0.332884E+09
   0.183466E+00   0.112053E+07   0.111559E+07   0.203342E+01   0.203342E+01   0.380650E+05   0.111458E+07   0.111970E+07   0.111458E+07  -0.477991E-01   0.575601E+06   0.575537E+06   0.115154E+00   0.467210E-03   0.514061E+00  -0.313742E+09
   0.188587E+00   0.108266E+07   0.107801E+07   0.185948E+01   0.185948E+01   0.352570E+05   0.107693E+07   0.108188E+07   0.107693E+07  -0.461843E-01   0.556157E+06   0.556096E+06   0.107156E+00   0.427246E-03   0.514059E+00  -0.294912E+09
   0.193708E+00   0.104195E+07   0.103735E+07   0.169615E+01   0.169615E+01   0.325594E+05   0.103640E+07   0.104118E+07   0.103640E+07  -0.444465E-01   0.535232E+06   0.535172E+06   0.102799E+00   0.389721E-03   0.514057E+00  -0.276313E+09
   0.198830E+00   0.999730E+06   0.995034E+06   0.154460E+01   0.154460E+01   0.300054E+05   0.994356E+06   0.998942E+06   0.994356E+06  -0.426433E-01   0.513519E+06   0.513459E+06   0.100665E+00   0.354900E-03   0.514056E+00  -0.258275E+09
   0.203951E+00   0.957864E+06   0.953004E+06   0.140644E+01   0.140644E+01   0.276369E+05   0.952649E+06   0.957048E+06   0.952649E+06  -0.408547E-01   0.491982E+06   0.491922E+06   0.992160E-01   0.323156E-03   0.514054E+00  -0.241230E+09
   0.209072E+00   0.918156E+06   0.913167E+06   0.128282E+01   0.128282E+01   0.254877E+05   0.913097E+06   0.917318E+06   0.913097E+06  -0.391585E-01   0.471558E+06   0.471497E+06   0.971823E-01   0.294754E-03   0.514053E+00  -0.225552E+09
   0.214193E+00   0.882149E+06   0.877133E+06   0.117423E+01   0.117423E+01   0.235781E+05   0.877248E+06   0.881307E+06   0.877248E+06  -0.376211E-01   0.453045E+06   0.452985E+06   0.938194E-01   0.269804E-03   0.514051E+00  -0.211516E+09
   0.219314E+00   0.850777E+06   0.845865E+06   0.108019E+01   0.108019E+01   0.219089E+05   0.846034E+06   0.849952E+06   0.846034E+06  -0.362824E-01   0.436926E+06   0.436868E+06   0.889713E-01   0.248196E-03   0.514050E+00  -0.199227E+09
   0.224435E+00   0.824031E+06   0.819345E+06   0.999042E+00   0.999042E+00   0.204564E+05   0.819445E+06   0.823244E+06   0.819445E+06  -0.351422E-01   0.423196E+06   0.423140E+06   0.829726E-01   0.229552E-03   0.514049E+00  -0.188563E+09
   0.229556E+00   0.801056E+06   0.796676E+06   0.928373E+00   0.928373E+00   0.191791E+05   0.796623E+06   0.800320E+06   0.796623E+06  -0.341635E-01   0.411410E+06   0.411358E+06   0.764560E-01   0.213315E-03   0.514048E+00  -0.179222E+09
   0.234678E+00   0.780550E+06   0.776503E+06   0.865599E+00   0.865599E+00   0.180308E+05   0.776265E+06   0.779870E+06   0.776265E+06  -0.332904E-01   0.400897E+06   0.400848E+06   0.701331E-01   0.198892E-03   0.514047E+00  -0.170832E+09
   0.239799E+00   0.761129E+06   0.757384E+06   0.808432E+00   0.808432E+00   0.169695E+05   0.756982E+06   0.760500E+06   0.756982E+06  -0.324634E-01   0.390939E+06   0.390892E+06   0.645979E-01   0.185757E-03   0.514046E+00  -0.163031E+09
   0.244920E+00   0.741620E+06   0.738105E+06   0.755136E+00   0.755136E+00   0.159638E+05   0.737598E+06   0.741030E+06   0.737598E+06  -0.316321E-01   0.380929E+06   0.380885E+06   0.601982E-01   0.173512E-03   0.514045E+00  -0.155535E+09
   0.250041E+00   0.721336E+06   0.717965E+06   0.704712E+00   0.704712E+00   0.149967E+05   0.717430E+06   0.720770E+06   0.717430E+06  -0.307672E-01   0.370514E+06   0.370471E+06   0.569950E-01   0.161926E-03   0.514044E+00  -0.148184E+09
   0.255162E+00   0.700202E+06   0.696893E+06   0.656876E+00   0.656876E+00   0.140657E+05   0.696402E+06   0.699646E+06   0.696402E+06  -0.298654E-01   0.359654E+06   0.359613E+06   0.548002E-01   0.150935E-03   0.514043E+00  -0.140954E+09
   0.260283E+00   0.678610E+06   0.675304E+06   0.611800E+00   0.611800E+00   0.131776E+05   0.674908E+06   0.678055E+06   0.674908E+06  -0.289437E-01   0.348555E+06   0.348513E+06   0.532663E-01   0.140578E-03   0.514043E+00  -0.133916E+09
   0.265404E+00   0.657179E+06   0.653851E+06   0.569817E+00   0.569817E+00   0.123423E+05   0.653571E+06   0.656620E+06   0.653571E+06  -0.280286E-01   0.337536E+06   0.337495E+06   0.519967E-01   0.130931E-03   0.514042E+00  -0.127180E+09
   0.270526E+00   0.636584E+06   0.633240E+06   0.531243E+00   0.531243E+00   0.115688E+05   0.633067E+06   0.636022E+06   0.633067E+06  -0.271493E-01   0.326948E+06   0.326907E+06   0.506486E-01   0.122068E-03   0.514041E+00  -0.120858E+09
   0.275647E+00   0.617417E+06   0.614090E+06   0.496269E+00   0.496269E+00   0.108636E+05   0.613990E+06   0.616858E+06   0.613990E+06  -0.263312E-01   0.317096E+06   0.317056E+06   0.490034E-01   0.114032E-03   0.514040E+00  -0.115039E+09
   0.280768E+00   0.600030E+06   0.596764E+06   0.464856E+00   0.464856E+00   0.102276E+05   0.596693E+06   0.599482E+06   0.596693E+06  -0.255894E-01   0.308163E+06   0.308124E+06   0.469920E-01   0.106814E-03   0.514040E+00  -0.109759E+09
   0.285889E+00   0.584438E+06   0.581276E+06   0.436703E+00   0.436703E+00   0.965612E+04   0.581189E+06   0.583907E+06   0.581189E+06  -0.249245E-01   0.300157E+06   0.300118E+06   0.446784E-01   0.100345E-03   0.514039E+00  -0.104992E+09
   0.291010E+00   0.570365E+06   0.567337E+06   0.411327E+00   0.411327E+00   0.914002E+04   0.567203E+06   0.569857E+06   0.567203E+06  -0.243247E-01   0.292934E+06   0.292897E+06   0.422168E-01   0.945143E-04   0.514039E+00  -0.100663E+09
   0.296131E+00   0.557379E+06   0.554495E+06   0.388188E+00   0.388188E+00   0.866863E+04   0.554301E+06   0.556895E+06   0.554301E+06  -0.237714E-01   0.286271E+06   0.286235E+06   0.397952E-01   0.891976E-04   0.514038E+00  -0.966717E+08
   0.301252E+00   0.545007E+06   0.542258E+06   0.366784E+00   0.366784E+00   0.823158E+04   0.542007E+06   0.544545E+06   0.542007E+06  -0.232441E-01   0.279922E+06   0.279888E+06   0.375809E-01   0.842794E-04   0.514038E+00  -0.929209E+08
   0.306374E+00   0.532826E+06   0.530192E+06   0.346705E+00   0.346705E+00   0.782036E+04   0.529902E+06   0.532384E+06   0.529902E+06  -0.227250E-01   0.273670E+06   0.273637E+06   0.356821E-01   0.796657E-04   0.514037E+00  -0.893271E+08
   0.311495E+00   0.520558E+06   0.518007E+06   0.327678E+00   0.327678E+00   0.742908E+04   0.517703E+06   0.520130E+06   0.517703E+06  -0.222019E-01   0.267370E+06   0.267339E+06   0.341318E-01   0.752938E-04   0.514037E+00  -0.858361E+08
   0.316616E+00   0.508118E+06   0.505621E+06   0.309584E+00   0.309584E+00   0.705520E+04   0.505330E+06   0.507699E+06   0.505330E+06  -0.216712E-01   0.260980E+06   0.260949E+06   0.328933E-01   0.711362E-04   0.514036E+00  -0.824294E+08
   0.321737E+00   0.495609E+06   0.493142E+06   0.292423E+00   0.292423E+00   0.669878E+04   0.492883E+06   0.495194E+06   0.492883E+06  -0.211374E-01   0.254552E+06   0.254521E+06   0.318811E-01   0.671930E-04   0.514036E+00  -0.791194E+08
   0.326858E+00   0.483239E+06   0.480791E+06   0.276256E+00   0.276256E+00   0.636128E+04   0.480573E+06   0.482828E+06   0.480573E+06  -0.206095E-01   0.248195E+06   0.248165E+06   0.309889E-01   0.634782E-04   0.514035E+00  -0.759349E+08
   0.331979E+00   0.471247E+06   0.468817E+06   0.261149E+00   0.261149E+00   0.604433E+04   0.468640E+06   0.470839E+06   0.468640E+06  -0.200978E-01   0.242032E+06   0.242002E+06   0.301175E-01   0.600070E-04   0.514035E+00  -0.729070E+08
   0.337100E+00   0.459835E+06   0.457431E+06   0.247138E+00   0.247138E+00   0.574881E+04   0.457284E+06   0.459431E+06   0.457284E+06  -0.196108E-01   0.236168E+06   0.236138E+06   0.291970E-01   0.567876E-04   0.514034E+00  -0.700597E+08
   0.342222E+00   0.449130E+06   0.446767E+06   0.234213E+00   0.234213E+00   0.547469E+04   0.446635E+06   0.448733E+06   0.446635E+06  -0.191541E-01   0.230668E+06   0.230639E+06   0.281964E-01   0.538177E-04   0.514034E+00  -0.674043E+08
   0.347343E+00   0.439162E+06   0.436854E+06   0.222312E+00   0.222312E+00   0.522063E+04   0.436723E+06   0.438775E+06   0.436723E+06  -0.187290E-01   0.225549E+06   0.225521E+06   0.271232E-01   0.510832E-04   0.514034E+00  -0.649367E+08
   0.352464E+00   0.429864E+06   0.427621E+06   0.211329E+00   0.211329E+00   0.498436E+04   0.427478E+06   0.429487E+06   0.427478E+06  -0.183326E-01   0.220775E+06   0.220748E+06   0.260126E-01   0.485596E-04   0.514033E+00  -0.626387E+08
   0.357585E+00   0.421095E+06   0.418923E+06   0.201133E+00   0.201133E+00   0.476307E+04   0.418762E+06   0.420730E+06   0.418762E+06  -0.179587E-01   0.216273E+06   0.216247E+06   0.249139E-01   0.462168E-04   0.514033E+00  -0.604827E+08
   0.362706E+00   0.412693E+06   0.410589E+06   0.191594E+00   0.191594E+00   0.455402E+04   0.410410E+06   0.412340E+06   0.410410E+06  -0.176006E-01   0.211960E+06   0.211934E+06   0.238751E-01   0.440252E-04   0.514033E+00  -0.584395E+08
   0.367827E+00   0.404508E+06   0.402466E+06   0.182603E+00   0.182603E+00   0.435504E+04   0.402273E+06   0.404165E+06   0.402273E+06  -0.172516E-01   0.207758E+06   0.207733E+06   0.229310E-01   0.419592E-04   0.514032E+00  -0.564834E+08
   0.372948E+00   0.396428E+06   0.394438E+06   0.174076E+00   0.174076E+00   0.416456E+04   0.394239E+06   0.396094E+06   0.394239E+06  -0.169071E-01   0.203609E+06   0.203584E+06   0.220969E-01   0.399998E-04   0.514032E+00  -0.545953E+08
   0.378070E+00   0.388395E+06   0.386446E+06   0.165959E+00   0.165959E+00   0.398181E+04   0.386250E+06   0.388068E+06   0.386250E+06  -0.165645E-01   0.199483E+06   0.199459E+06   0.213676E-01   0.381348E-04   0.514032E+00  -0.527644E+08
   0.383191E+00   0.380418E+06   0.378501E+06   0.158234E+00   0.158234E+00   0.380670E+04   0.378315E+06   0.380096E+06   0.378315E+06  -0.162242E-01   0.195385E+06   0.195361E+06   0.207227E-01   0.363598E-04   0.514031E+00  -0.509898E+08
   0.388312E+00   0.372562E+06   0.370671E+06   0.150905E+00   0.150905E+00   0.363969E+04   0.370501E+06   0.372245E+06   0.370501E+06  -0.158890E-01   0.191349E+06   0.191326E+06   0.201340E-01   0.346757E-04   0.514031E+00  -0.492780E+08
   0.393433E+00   0.364907E+06   0.363040E+06   0.143981E+00   0.143981E+00   0.348122E+04   0.362885E+06   0.364594E+06   0.362885E+06  -0.155624E-01   0.187416E+06   0.187393E+06   0.195724E-01   0.330846E-04   0.514031E+00  -0.476368E+08
   0.398554E+00   0.357514E+06   0.355673E+06   0.137461E+00   0.137461E+00   0.333147E+04   0.355530E+06   0.357205E+06   0.355530E+06  -0.152470E-01   0.183618E+06   0.183595E+06   0.190147E-01   0.315865E-04   0.514031E+00  -0.460718E+08
   0.403675E+00   0.350427E+06   0.348614E+06   0.131339E+00   0.131339E+00   0.319039E+04   0.348481E+06   0.350122E+06   0.348481E+06  -0.149447E-01   0.179977E+06   0.179955E+06   0.184476E-01   0.301797E-04   0.514030E+00  -0.445853E+08
   0.408796E+00   0.343668E+06   0.341889E+06   0.125599E+00   0.125599E+00   0.305772E+04   0.341759E+06   0.343369E+06   0.341759E+06  -0.146564E-01   0.176506E+06   0.176484E+06   0.178691E-01   0.288607E-04   0.514030E+00  -0.431776E+08
   0.413918E+00   0.337232E+06   0.335491E+06   0.120216E+00   0.120216E+00   0.293298E+04   0.335359E+06   0.336940E+06   0.335359E+06  -0.143820E-01   0.173201E+06   0.173179E+06   0.172862E-01   0.276239E-04   0.514030E+00  -0.418449E+08
   0.419039E+00   0.331077E+06   0.329374E+06   0.115155E+00   0.115155E+00   0.281539E+04   0.329239E+06   0.330791E+06   0.329239E+06  -0.141195E-01   0.170040E+06   0.170019E+06   0.167110E-01   0.264609E-04   0.514030E+00  -0.405792E+08
   0.424160E+00   0.325139E+06   0.323476E+06   0.110376E+00   0.110376E+00   0.270410E+04   0.323336E+06   0.324860E+06   0.323336E+06  -0.138663E-01   0.166991E+06   0.166970E+06   0.161567E-01   0.253628E-04   0.514030E+00  -0.393705E+08
   0.429281E+00   0.319365E+06   0.317740E+06   0.105845E+00   0.105845E+00   0.259837E+04   0.317595E+06   0.319092E+06   0.317595E+06  -0.136201E-01   0.164026E+06   0.164006E+06   0.156342E-01   0.243217E-04   0.514029E+00  -0.382101E+08
   0.434402E+00   0.313716E+06   0.312124E+06   0.101536E+00   0.101536E+00   0.249764E+04   0.311977E+06   0.313449E+06   0.311977E+06  -0.133793E-01   0.161125E+06   0.161105E+06   0.151497E-01   0.233316E-04   0.514029E+00  -0.370918E+08
   0.439523E+00   0.308166E+06   0.306604E+06   0.974292E-01   0.974292E-01   0.240152E+04   0.306458E+06   0.307904E+06   0.306458E+06  -0.131426E-01   0.158275E+06   0.158255E+06   0.147038E-01   0.223879E-04   0.514029E+00  -0.360111E+08
   0.444644E+00   0.302704E+06   0.301167E+06   0.935103E-01   0.935103E-01   0.230970E+04   0.301025E+06   0.302446E+06   0.301025E+06  -0.129096E-01   0.155469E+06   0.155450E+06   0.142921E-01   0.214873E-04   0.514029E+00  -0.349653E+08
   0.449766E+00   0.297335E+06   0.295822E+06   0.897719E-01   0.897719E-01   0.222210E+04   0.295686E+06   0.297081E+06   0.295686E+06  -0.126806E-01   0.152711E+06   0.152692E+06   0.139069E-01   0.206283E-04   0.514029E+00  -0.339541E+08
   0.454887E+00   0.292083E+06   0.290593E+06   0.862116E-01   0.862116E-01   0.213869E+04   0.290462E+06   0.291833E+06   0.290462E+06  -0.124566E-01   0.150013E+06   0.149995E+06   0.135399E-01   0.198102E-04   0.514028E+00  -0.329787E+08
   0.460008E+00   0.286974E+06   0.285505E+06   0.828279E-01   0.828279E-01   0.205948E+04   0.285380E+06   0.286728E+06   0.285380E+06  -0.122386E-01   0.147389E+06   0.147371E+06   0.131835E-01   0.190327E-04   0.514028E+00  -0.320411E+08
   0.465129E+00   0.282026E+06   0.280579E+06   0.796170E-01   0.796170E-01   0.198438E+04   0.280459E+06   0.281783E+06   0.280459E+06  -0.120276E-01   0.144847E+06   0.144829E+06   0.128327E-01   0.182949E-04   0.514028E+00  -0.311418E+08
   0.470250E+00   0.277244E+06   0.275820E+06   0.765715E-01   0.765715E-01   0.191321E+04   0.275703E+06   0.277005E+06   0.275703E+06  -0.118236E-01   0.142391E+06   0.142373E+06   0.124851E-01   0.175951E-04   0.514028E+00  -0.302803E+08
   0.475371E+00   0.272623E+06   0.271224E+06   0.736817E-01   0.736817E-01   0.184569E+04   0.271108E+06   0.272388E+06   0.271108E+06  -0.116265E-01   0.140018E+06   0.140001E+06   0.121413E-01   0.169311E-04   0.514028E+00  -0.294549E+08
   0.480492E+00   0.268154E+06   0.266779E+06   0.709373E-01   0.709373E-01   0.178153E+04   0.266664E+06   0.267923E+06   0.266664E+06  -0.114360E-01   0.137723E+06   0.137706E+06   0.118037E-01   0.163004E-04   0.514028E+00  -0.286633E+08
   0.485614E+00   0.263823E+06   0.262473E+06   0.683275E-01   0.683275E-01   0.172043E+04   0.262357E+06   0.263596E+06   0.262357E+06  -0.112513E-01   0.135499E+06   0.135482E+06   0.114760E-01   0.157007E-04   0.514027E+00  -0.279030E+08
   0.490735E+00   0.259611E+06   0.258286E+06   0.658408E-01   0.658408E-01   0.166207E+04   0.258169E+06   0.259389E+06   0.258169E+06  -0.110717E-01   0.133336E+06   0.133319E+06   0.111613E-01   0.151293E-04   0.514027E+00  -0.271710E+08
   0.495856E+00   0.255498E+06   0.254195E+06   0.634660E-01   0.634660E-01   0.160616E+04   0.254078E+06   0.255279E+06   0.254078E+06  -0.108962E-01   0.131223E+06   0.131207E+06   0.108616E-01   0.145837E-04   0.514027E+00  -0.264643E+08
   0.500977E+00   0.251466E+06   0.250185E+06   0.611941E-01   0.611941E-01   0.155248E+04   0.250069E+06   0.251251E+06   0.250069E+06  -0.107243E-01   0.129152E+06   0.129136E+06   0.105776E-01   0.140616E-04   0.514027E+00  -0.257805E+08
   0.506098E+00   0.247512E+06   0.246252E+06   0.590192E-01   0.590192E-01   0.150089E+04   0.246137E+06   0.247301E+06   0.246137E+06  -0.105557E-01   0.127122E+06   0.127106E+06   0.103087E-01   0.135618E-04   0.514027E+00  -0.251184E+08
   0.511219E+00   0.243639E+06   0.242397E+06   0.569374E-01   0.569374E-01   0.145129E+04   0.242285E+06   0.243430E+06   0.242285E+06  -0.103905E-01   0.125132E+06   0.125117E+06   0.100529E-01   0.130835E-04   0.514027E+00  -0.244776E+08
   0.516340E+00   0.239849E+06   0.238625E+06   0.549453E-01   0.549453E-01   0.140359E+04   0.238516E+06   0.239643E+06   0.238516E+06  -0.102288E-01   0.123186E+06   0.123170E+06   0.980796E-02   0.126257E-04   0.514027E+00  -0.238578E+08
   0.521462E+00   0.236144E+06   0.234937E+06   0.530392E-01   0.530392E-01   0.135769E+04   0.234831E+06   0.235941E+06   0.234831E+06  -0.100708E-01   0.121283E+06   0.121268E+06   0.957125E-02   0.121878E-04   0.514027E+00  -0.232586E+08
   0.526583E+00   0.232529E+06   0.231340E+06   0.512163E-01   0.512163E-01   0.131350E+04   0.231236E+06   0.232329E+06   0.231236E+06  -0.991662E-02   0.119426E+06   0.119411E+06   0.934086E-02   0.117689E-04   0.514026E+00  -0.226797E+08
   0.531704E+00   0.229009E+06   0.227837E+06   0.494741E-01   0.494741E-01   0.127098E+04   0.227736E+06   0.228812E+06   0.227736E+06  -0.976652E-02   0.117618E+06   0.117603E+06   0.911565E-02   0.113685E-04   0.514026E+00  -0.221213E+08
   0.536825E+00   0.225587E+06   0.224432E+06   0.478093E-01   0.478093E-01   0.123005E+04   0.224332E+06   0.225393E+06   0.224332E+06  -0.962056E-02   0.115860E+06   0.115846E+06   0.889528E-02   0.109860E-04   0.514026E+00  -0.215828E+08
   0.541946E+00   0.222256E+06   0.221119E+06   0.462175E-01   0.462175E-01   0.119062E+04   0.221020E+06   0.222065E+06   0.221020E+06  -0.947852E-02   0.114150E+06   0.114136E+06   0.867997E-02   0.106202E-04   0.514026E+00  -0.210633E+08
   0.547067E+00   0.219009E+06   0.217889E+06   0.446936E-01   0.446936E-01   0.115262E+04   0.217791E+06   0.218821E+06   0.217791E+06  -0.934004E-02   0.112482E+06   0.112468E+06   0.847037E-02   0.102701E-04   0.514026E+00  -0.205612E+08
   0.559946E+00   0.211181E+06   0.210103E+06   0.411366E-01   0.411366E-01   0.106310E+04   0.210006E+06   0.211000E+06   0.210006E+06  -0.900620E-02   0.108462E+06   0.108448E+06   0.797334E-02   0.945273E-05   0.514026E+00  -0.193703E+08
   0.593872E+00   0.192429E+06   0.191446E+06   0.333234E-01   0.333234E-01   0.866409E+03   0.191358E+06   0.192264E+06   0.191358E+06  -0.820644E-02   0.988303E+05   0.988181E+05   0.686496E-02   0.765735E-05   0.514025E+00  -0.166420E+08
   0.629853E+00   0.175296E+06   0.174401E+06   0.269872E-01   0.269872E-01   0.710508E+03   0.174320E+06   0.175146E+06   0.174320E+06  -0.747577E-02   0.900310E+05   0.900198E+05   0.590047E-02   0.620137E-05   0.514025E+00  -0.142942E+08
   0.879031E+00   0.102473E+06   0.101950E+06   0.809962E-02   0.809962E-02   0.223013E+03   0.101901E+06   0.102385E+06   0.101901E+06  -0.437007E-02   0.526292E+05   0.526226E+05   0.250094E-02   0.186123E-05   0.514022E+00  -0.598728E+07
   0.122679E+01   0.591791E+05   0.588769E+05   0.240157E-02   0.240157E-02   0.678386E+02   0.588489E+05   0.591284E+05   0.588489E+05  -0.252375E-02   0.303939E+05   0.303900E+05   0.105905E-02   0.551864E-06   0.514021E+00  -0.247756E+07
   0.171212E+01   0.338213E+05   0.336484E+05   0.704672E-03   0.704672E-03   0.202465E+02   0.336324E+05   0.337923E+05   0.336324E+05  -0.144234E-02   0.173703E+05   0.173680E+05   0.453187E-03   0.161929E-06   0.514020E+00  -0.101456E+07
   0.238945E+01   0.191559E+05   0.190578E+05   0.204913E-03   0.204913E-03   0.596158E+01   0.190489E+05   0.191395E+05   0.190489E+05  -0.816919E-03   0.983830E+04   0.983687E+04   0.199417E-03   0.470880E-07   0.514019E+00  -0.411743E+06
