#          k/h    CDM            baryon         photon         nu             mass_nu        total          no_nu          total_de       Weyl           v_CDM          v_b            v_b-v_c        ISW            log_grow       pert_vel    
   0.994668E-05   0.135307E+08   0.135307E+08   0.180280E+08   0.180275E+08   0.135328E+08   0.135307E+08   0.135307E+08   0.135355E+08  -0.458618E+00   0.992948E+07   0.992948E+07   0.615986E+01   0.112838E+07   0.489753E+00  -0.998307E+14
   0.109829E-04   0.135311E+08   0.135311E+08   0.180257E+08   0.180252E+08   0.135332E+08   0.135311E+08   0.135311E+08   0.135359E+08  -0.458632E+00   0.992965E+07   0.992965E+07   0.680141E+01   0.925486E+06   0.489772E+00  -0.904130E+14
   0.121272E-04   0.135316E+08   0.135316E+08   0.180229E+08   0.180223E+08   0.135337E+08   0.135316E+08   0.135316E+08   0.135364E+08  -0.458650E+00   0.992986E+07   0.992986E+07   0.750973E+01   0.759076E+06   0.489794E+00  -0.818840E+14
   0.133906E-04   0.135322E+08   0.135322E+08   0.180196E+08   0.180188E+08   0.135343E+08   0.135322E+08   0.135322E+08   0.135370E+08  -0.458671E+00   0.993011E+07   0.993011E+07   0.829175E+01   0.622587E+06   0.489822E+00  -0.741600E+14
   0.147857E-04   0.135330E+08   0.135330E+08   0.180155E+08   0.180145E+08   0.135351E+08   0.135330E+08   0.135330E+08   0.135378E+08  -0.458697E+00   0.993042E+07   0.993042E+07   0.915511E+01   0.510639E+06   0.489856E+00  -0.671649E+14
   0.163261E-04   0.135339E+08   0.135339E+08   0.180105E+08   0.180093E+08   0.135360E+08   0.135339E+08   0.135339E+08   0.135387E+08  -0.458728E+00   0.993080E+07   0.993080E+07   0.101083E+02   0.418820E+06   0.489897E+00  -0.608300E+14
   0.180270E-04   0.135351E+08   0.135351E+08   0.180044E+08   0.180030E+08   0.135371E+08   0.135351E+08   0.135351E+08   0.135399E+08  -0.458767E+00   0.993126E+07   0.993126E+07   0.111605E+02   0.343510E+06   0.489947E+00  -0.550931E+14
   0.199051E-04   0.135365E+08   0.135365E+08   0.179970E+08   0.179953E+08   0.135385E+08   0.135365E+08   0.135365E+08   0.135413E+08  -0.458814E+00   0.993182E+07   0.993182E+07   0.123220E+02   0.281741E+06   0.490008E+00  -0.498977E+14
   0.219788E-04   0.135382E+08   0.135381E+08   0.179879E+08   0.179859E+08   0.135401E+08   0.135382E+08   0.135382E+08   0.135430E+08  -0.458871E+00   0.993250E+07   0.993250E+07   0.136041E+02   0.231079E+06   0.490082E+00  -0.451929E+14
   0.242687E-04   0.135402E+08   0.135402E+08   0.179769E+08   0.179744E+08   0.135422E+08   0.135402E+08   0.135402E+08   0.135450E+08  -0.458941E+00   0.993333E+07   0.993333E+07   0.150193E+02   0.189525E+06   0.490173E+00  -0.409322E+14
   0.267970E-04   0.135427E+08   0.135427E+08   0.179635E+08   0.179604E+08   0.135446E+08   0.135427E+08   0.135427E+08   0.135475E+08  -0.459026E+00   0.993435E+07   0.993434E+07   0.165811E+02   0.155443E+06   0.490283E+00  -0.370739E+14
   0.295888E-04   0.135458E+08   0.135458E+08   0.179471E+08   0.179434E+08   0.135476E+08   0.135458E+08   0.135458E+08   0.135506E+08  -0.459129E+00   0.993558E+07   0.993558E+07   0.183046E+02   0.127490E+06   0.490417E+00  -0.335801E+14
   0.326714E-04   0.135495E+08   0.135495E+08   0.179271E+08   0.179226E+08   0.135513E+08   0.135495E+08   0.135495E+08   0.135543E+08  -0.459255E+00   0.993709E+07   0.993709E+07   0.202063E+02   0.104562E+06   0.490580E+00  -0.304163E+14
   0.360752E-04   0.135541E+08   0.135541E+08   0.179028E+08   0.178973E+08   0.135557E+08   0.135541E+08   0.135541E+08   0.135589E+08  -0.459409E+00   0.993892E+07   0.993892E+07   0.223044E+02   0.857566E+05   0.490779E+00  -0.275516E+14
   0.398336E-04   0.135596E+08   0.135596E+08   0.178733E+08   0.178665E+08   0.135612E+08   0.135596E+08   0.135596E+08   0.135644E+08  -0.459596E+00   0.994116E+07   0.994116E+07   0.246185E+02   0.703327E+05   0.491020E+00  -0.249576E+14
   0.439836E-04   0.135664E+08   0.135664E+08   0.178373E+08   0.178291E+08   0.135678E+08   0.135664E+08   0.135664E+08   0.135711E+08  -0.459823E+00   0.994388E+07   0.994388E+07   0.271705E+02   0.576821E+05   0.491313E+00  -0.226090E+14
   0.485659E-04   0.135746E+08   0.135746E+08   0.177934E+08   0.177835E+08   0.135758E+08   0.135746E+08   0.135746E+08   0.135793E+08  -0.460101E+00   0.994720E+07   0.994719E+07   0.299838E+02   0.473062E+05   0.491668E+00  -0.204826E+14
   0.536256E-04   0.135846E+08   0.135846E+08   0.177401E+08   0.177280E+08   0.135856E+08   0.135846E+08   0.135846E+08   0.135893E+08  -0.460438E+00   0.995123E+07   0.995122E+07   0.330843E+02   0.387960E+05   0.492099E+00  -0.185575E+14
   0.592125E-04   0.135967E+08   0.135967E+08   0.176753E+08   0.176606E+08   0.135974E+08   0.135967E+08   0.135967E+08   0.136014E+08  -0.460848E+00   0.995614E+07   0.995613E+07   0.364997E+02   0.318160E+05   0.492621E+00  -0.168149E+14
   0.653814E-04   0.136115E+08   0.136114E+08   0.175966E+08   0.175787E+08   0.136119E+08   0.136115E+08   0.136115E+08   0.136162E+08  -0.461346E+00   0.996210E+07   0.996209E+07   0.402602E+02   0.260911E+05   0.493253E+00  -0.152375E+14
   0.721930E-04   0.136294E+08   0.136294E+08   0.175010E+08   0.174792E+08   0.136294E+08   0.136294E+08   0.136294E+08   0.136341E+08  -0.461951E+00   0.996935E+07   0.996934E+07   0.443980E+02   0.213958E+05   0.494015E+00  -0.138098E+14
   0.797142E-04   0.136512E+08   0.136511E+08   0.173850E+08   0.173586E+08   0.136507E+08   0.136512E+08   0.136512E+08   0.136558E+08  -0.462685E+00   0.997816E+07   0.997814E+07   0.489474E+02   0.175448E+05   0.494933E+00  -0.125179E+14
   0.880190E-04   0.136775E+08   0.136775E+08   0.172445E+08   0.172125E+08   0.136765E+08   0.136775E+08   0.136775E+08   0.136821E+08  -0.463575E+00   0.998884E+07   0.998883E+07   0.539446E+02   0.143864E+05   0.496035E+00  -0.113489E+14
   0.971891E-04   0.137095E+08   0.137094E+08   0.170745E+08   0.170357E+08   0.137077E+08   0.137094E+08   0.137095E+08   0.137140E+08  -0.464653E+00   0.100018E+08   0.100018E+08   0.594275E+02   0.117962E+05   0.497357E+00  -0.102914E+14
   0.107314E-03   0.137481E+08   0.137480E+08   0.168691E+08   0.168223E+08   0.137455E+08   0.137480E+08   0.137481E+08   0.137526E+08  -0.465956E+00   0.100175E+08   0.100174E+08   0.654348E+02   0.967194E+04   0.498933E+00  -0.933502E+13
   0.118495E-03   0.137947E+08   0.137946E+08   0.166216E+08   0.165650E+08   0.137910E+08   0.137946E+08   0.137947E+08   0.137991E+08  -0.467529E+00   0.100364E+08   0.100364E+08   0.720053E+02   0.792995E+04   0.500806E+00  -0.847023E+13
   0.130840E-03   0.138508E+08   0.138507E+08   0.163239E+08   0.162558E+08   0.138459E+08   0.138507E+08   0.138508E+08   0.138551E+08  -0.469423E+00   0.100593E+08   0.100592E+08   0.791767E+02   0.650155E+04   0.503019E+00  -0.768851E+13
   0.144471E-03   0.139182E+08   0.139180E+08   0.159671E+08   0.158854E+08   0.139117E+08   0.139181E+08   0.139182E+08   0.139224E+08  -0.471698E+00   0.100868E+08   0.100868E+08   0.869838E+02   0.533040E+04   0.505619E+00  -0.698213E+13
   0.159522E-03   0.139989E+08   0.139987E+08   0.155411E+08   0.154434E+08   0.139905E+08   0.139988E+08   0.139989E+08   0.140030E+08  -0.474422E+00   0.101198E+08   0.101198E+08   0.954560E+02   0.437030E+04   0.508649E+00  -0.634406E+13
   0.176142E-03   0.140952E+08   0.140950E+08   0.150349E+08   0.149185E+08   0.140846E+08   0.140951E+08   0.140952E+08   0.140992E+08  -0.477673E+00   0.101594E+08   0.101593E+08   0.104614E+03   0.358337E+04   0.512149E+00  -0.576794E+13
   0.194493E-03   0.142097E+08   0.142094E+08   0.144369E+08   0.142990E+08   0.141962E+08   0.142096E+08   0.142096E+08   0.142134E+08  -0.481536E+00   0.102065E+08   0.102065E+08   0.114467E+03   0.293853E+04   0.516153E+00  -0.524797E+13
   0.214755E-03   0.143450E+08   0.143447E+08   0.137356E+08   0.135732E+08   0.143281E+08   0.143448E+08   0.143449E+08   0.143485E+08  -0.486102E+00   0.102625E+08   0.102624E+08   0.125004E+03   0.241028E+04   0.520679E+00  -0.477887E+13
   0.237129E-03   0.145040E+08   0.145036E+08   0.129206E+08   0.127309E+08   0.144829E+08   0.145038E+08   0.145039E+08   0.145072E+08  -0.491468E+00   0.103286E+08   0.103285E+08   0.136190E+03   0.197768E+04   0.525726E+00  -0.435584E+13
   0.261834E-03   0.146896E+08   0.146891E+08   0.119841E+08   0.117647E+08   0.146634E+08   0.146894E+08   0.146895E+08   0.146926E+08  -0.497731E+00   0.104062E+08   0.104060E+08   0.147958E+03   0.162355E+04   0.531268E+00  -0.397448E+13
   0.289112E-03   0.149045E+08   0.149039E+08   0.109233E+08   0.106725E+08   0.148721E+08   0.149042E+08   0.149044E+08   0.149071E+08  -0.504985E+00   0.104965E+08   0.104963E+08   0.160197E+03   0.133378E+04   0.537251E+00  -0.363072E+13
   0.319233E-03   0.151511E+08   0.151505E+08   0.974307E+07   0.946069E+07   0.151112E+08   0.151508E+08   0.151510E+08   0.151534E+08  -0.513308E+00   0.106008E+08   0.106006E+08   0.172746E+03   0.109673E+04   0.543590E+00  -0.332083E+13
   0.352491E-03   0.154312E+08   0.154305E+08   0.845975E+07   0.814769E+07   0.153822E+08   0.154309E+08   0.154311E+08   0.154331E+08  -0.522762E+00   0.107201E+08   0.107199E+08   0.185378E+03   0.902866E+03   0.550169E+00  -0.304134E+13
   0.389215E-03   0.157458E+08   0.157448E+08   0.710483E+07   0.676796E+07   0.156856E+08   0.157453E+08   0.157456E+08   0.157472E+08  -0.533377E+00   0.108550E+08   0.108548E+08   0.197798E+03   0.744303E+03   0.556850E+00  -0.278905E+13
   0.429764E-03   0.160944E+08   0.160933E+08   0.572827E+07   0.537530E+07   0.160207E+08   0.160938E+08   0.160942E+08   0.160953E+08  -0.545143E+00   0.110057E+08   0.110054E+08   0.209636E+03   0.614558E+03   0.563483E+00  -0.256095E+13
   0.474538E-03   0.164753E+08   0.164740E+08   0.439965E+07   0.404373E+07   0.163852E+08   0.164746E+08   0.164750E+08   0.164758E+08  -0.558001E+00   0.111715E+08   0.111712E+08   0.220450E+03   0.508296E+03   0.569916E+00  -0.235427E+13
   0.523976E-03   0.168850E+08   0.168835E+08   0.320481E+07   0.286358E+07   0.167751E+08   0.168842E+08   0.168848E+08   0.168851E+08  -0.571835E+00   0.113513E+08   0.113509E+08   0.229746E+03   0.421134E+03   0.576010E+00  -0.216644E+13
   0.578566E-03   0.173184E+08   0.173167E+08   0.223534E+07   0.192991E+07   0.171845E+08   0.173175E+08   0.173181E+08   0.173181E+08  -0.586470E+00   0.115427E+08   0.115423E+08   0.237009E+03   0.349491E+03   0.581655E+00  -0.199512E+13
   0.638842E-03   0.177686E+08   0.177666E+08   0.156880E+07   0.132120E+07   0.176056E+08   0.177675E+08   0.177683E+08   0.177679E+08  -0.601676E+00   0.117428E+08   0.117424E+08   0.241751E+03   0.290446E+03   0.586769E+00  -0.183820E+13
   0.705398E-03   0.182274E+08   0.182250E+08   0.124070E+07   0.106988E+07   0.180294E+08   0.182260E+08   0.182270E+08   0.182263E+08  -0.617176E+00   0.119478E+08   0.119473E+08   0.243574E+03   0.241641E+03   0.591312E+00  -0.169382E+13
   0.778888E-03   0.186854E+08   0.186828E+08   0.121601E+07   0.113289E+07   0.184455E+08   0.186839E+08   0.186850E+08   0.186842E+08  -0.632658E+00   0.121534E+08   0.121529E+08   0.242236E+03   0.201173E+03   0.595272E+00  -0.156040E+13
   0.860035E-03   0.191333E+08   0.191304E+08   0.137654E+07   0.138035E+07   0.188430E+08   0.191315E+08   0.191328E+08   0.191318E+08  -0.647800E+00   0.123550E+08   0.123544E+08   0.237690E+03   0.167518E+03   0.598671E+00  -0.143662E+13
   0.949635E-03   0.195617E+08   0.195585E+08   0.154580E+07   0.162461E+07   0.192114E+08   0.195595E+08   0.195612E+08   0.195599E+08  -0.662286E+00   0.125481E+08   0.125474E+08   0.230092E+03   0.139459E+03   0.601546E+00  -0.132139E+13
   0.104857E-02   0.199622E+08   0.199587E+08   0.156206E+07   0.169989E+07   0.195406E+08   0.199596E+08   0.199616E+08   0.199601E+08  -0.675828E+00   0.127283E+08   0.127276E+08   0.219745E+03   0.116018E+03   0.603949E+00  -0.121390E+13
   0.115781E-02   0.203277E+08   0.203240E+08   0.137191E+07   0.156081E+07   0.198219E+08   0.203247E+08   0.203271E+08   0.203251E+08  -0.688183E+00   0.128920E+08   0.128913E+08   0.207035E+03   0.964099E+02   0.605939E+00  -0.111351E+13
   0.127844E-02   0.206527E+08   0.206488E+08   0.106718E+07   0.131611E+07   0.200484E+08   0.206492E+08   0.206521E+08   0.206495E+08  -0.699163E+00   0.130363E+08   0.130356E+08   0.192398E+03   0.800022E+02   0.607572E+00  -0.101973E+13
   0.141163E-02   0.209334E+08   0.209293E+08   0.792791E+06   0.112288E+07   0.202154E+08   0.209293E+08   0.209327E+08   0.209296E+08  -0.708641E+00   0.131590E+08   0.131583E+08   0.176373E+03   0.662782E+02   0.608905E+00  -0.932213E+12
   0.155869E-02   0.211676E+08   0.211634E+08   0.586135E+06   0.532564E+06   0.203196E+08   0.211628E+08   0.211669E+08   0.211630E+08  -0.716538E+00   0.132588E+08   0.132580E+08   0.159683E+03   0.548092E+02   0.609991E+00  -0.850658E+12
   0.172108E-02   0.213543E+08   0.213501E+08   0.368492E+06   0.440662E+06   0.203593E+08   0.213489E+08   0.213536E+08   0.213490E+08  -0.722832E+00   0.133348E+08   0.133341E+08   0.143194E+03   0.452448E+02   0.610869E+00  -0.774812E+12
   0.190039E-02   0.214938E+08   0.214897E+08   0.153243E+06   0.363791E+06   0.203346E+08   0.214876E+08   0.214931E+08   0.214877E+08  -0.727525E+00   0.133868E+08   0.133861E+08   0.127717E+03   0.372802E+02   0.611578E+00  -0.704444E+12
   0.209838E-02   0.215870E+08   0.215829E+08   0.803033E+05   0.299674E+06   0.202468E+08   0.215800E+08   0.215863E+08   0.215800E+08  -0.730647E+00   0.134150E+08   0.134142E+08   0.113844E+03   0.306609E+02   0.612147E+00  -0.639320E+12
   0.231699E-02   0.216352E+08   0.216310E+08   0.115368E+06   0.246341E+06   0.200981E+08   0.216273E+08   0.216345E+08   0.216273E+08  -0.732245E+00   0.134197E+08   0.134190E+08   0.101929E+03   0.251715E+02   0.612606E+00  -0.579202E+12
   0.255838E-02   0.216402E+08   0.216359E+08   0.122945E+06   0.202094E+06   0.198915E+08   0.216312E+08   0.216395E+08   0.216312E+08  -0.732376E+00   0.134015E+08   0.134008E+08   0.919754E+02   0.206285E+02   0.612973E+00  -0.523842E+12
   0.282492E-02   0.216033E+08   0.215989E+08   0.141593E+06   0.165475E+06   0.196298E+08   0.215932E+08   0.216026E+08   0.215933E+08  -0.731089E+00   0.133609E+08   0.133602E+08   0.835446E+02   0.168761E+02   0.613265E+00  -0.472978E+12
   0.311923E-02   0.215262E+08   0.215215E+08   0.105065E+06   0.135237E+06   0.193154E+08   0.215150E+08   0.215254E+08   0.215150E+08  -0.728437E+00   0.132983E+08   0.132976E+08   0.760169E+02   0.137826E+02   0.613497E+00  -0.426344E+12
   0.344419E-02   0.214101E+08   0.214051E+08   0.498263E+05   0.110322E+06   0.189500E+08   0.213976E+08   0.214092E+08   0.213976E+08  -0.724462E+00   0.132141E+08   0.132134E+08   0.688707E+02   0.112368E+02   0.613680E+00  -0.383673E+12
   0.380302E-02   0.212560E+08   0.212507E+08   0.159133E+05   0.898345E+05   0.185350E+08   0.212422E+08   0.212551E+08   0.212422E+08  -0.719200E+00   0.131086E+08   0.131079E+08   0.619791E+02   0.914546E+01   0.613823E+00  -0.344699E+12
   0.419923E-02   0.210646E+08   0.210590E+08   0.332861E+05   0.730184E+05   0.180717E+08   0.210495E+08   0.210637E+08   0.210495E+08  -0.712675E+00   0.129820E+08   0.129813E+08   0.555966E+02   0.743045E+01   0.613932E+00  -0.309160E+12
   0.463671E-02   0.208365E+08   0.208305E+08   0.365674E+05   0.592407E+05   0.175613E+08   0.208200E+08   0.208354E+08   0.208200E+08  -0.704902E+00   0.128342E+08   0.128335E+08   0.499996E+02   0.602635E+01   0.614014E+00  -0.276802E+12
   0.511978E-02   0.205717E+08   0.205652E+08   0.148479E+05   0.479715E+05   0.170067E+08   0.205538E+08   0.205706E+08   0.205538E+08  -0.695889E+00   0.126651E+08   0.126644E+08   0.451166E+02   0.487859E+01   0.614073E+00  -0.247382E+12
   0.565317E-02   0.202710E+08   0.202638E+08   0.375527E+04   0.387706E+05   0.163856E+08   0.202514E+08   0.202698E+08   0.202514E+08  -0.685651E+00   0.124747E+08   0.124741E+08   0.406509E+02   0.394188E+01   0.614111E+00  -0.220674E+12
   0.624213E-02   0.199327E+08   0.199248E+08  -0.166358E+04   0.312686E+05   0.157317E+08   0.199115E+08   0.199313E+08   0.199115E+08  -0.674142E+00   0.122622E+08   0.122615E+08   0.365134E+02   0.317847E+01   0.614133E+00  -0.196448E+12
   0.689245E-02   0.195569E+08   0.195481E+08  -0.215194E+05   0.251627E+05   0.150338E+08   0.195340E+08   0.195554E+08   0.195340E+08  -0.661363E+00   0.120273E+08   0.120266E+08   0.328424E+02   0.255733E+01   0.614142E+00  -0.174504E+12
   0.761052E-02   0.191431E+08   0.191332E+08  -0.196262E+05   0.202015E+05   0.143012E+08   0.191185E+08   0.191414E+08   0.191185E+08  -0.647294E+00   0.117696E+08   0.117689E+08   0.295863E+02   0.205276E+01   0.614139E+00  -0.154653E+12
   0.840340E-02   0.186903E+08   0.186792E+08  -0.326366E+04   0.161771E+05   0.135432E+08   0.186641E+08   0.186885E+08   0.186641E+08  -0.631909E+00   0.114884E+08   0.114877E+08   0.266256E+02   0.164361E+01   0.614127E+00  -0.136715E+12
   0.927889E-02   0.181979E+08   0.181854E+08  -0.118370E+05   0.129187E+05   0.127598E+08   0.181701E+08   0.181958E+08   0.181701E+08  -0.615184E+00   0.111833E+08   0.111826E+08   0.239956E+02   0.131239E+01   0.614108E+00  -0.120527E+12
   0.102456E-01   0.176651E+08   0.176508E+08  -0.458888E+04   0.102854E+05   0.119516E+08   0.176357E+08   0.176627E+08   0.176357E+08  -0.597089E+00   0.108536E+08   0.108529E+08   0.216481E+02   0.104476E+01   0.614082E+00  -0.105937E+12
   0.113130E-01   0.170907E+08   0.170744E+08  -0.602146E+04   0.816155E+04   0.111259E+08   0.170598E+08   0.170880E+08   0.170598E+08  -0.577591E+00   0.104986E+08   0.104980E+08   0.195538E+02   0.828952E+00   0.614051E+00  -0.928040E+11
   0.124916E-01   0.164739E+08   0.164552E+08  -0.287648E+04   0.645230E+04   0.102908E+08   0.164415E+08   0.164708E+08   0.164415E+08  -0.556659E+00   0.101179E+08   0.101172E+08   0.176909E+02   0.655289E+00   0.614015E+00  -0.809994E+11
   0.137930E-01   0.158140E+08   0.157925E+08  -0.475444E+04   0.507997E+04   0.945224E+07   0.157803E+08   0.158104E+08   0.157803E+08  -0.534271E+00   0.971082E+07   0.971015E+07   0.160317E+02   0.515881E+00   0.613976E+00  -0.704056E+11
   0.152300E-01   0.151106E+08   0.150861E+08   0.121360E+04   0.398108E+04   0.861343E+07   0.150758E+08   0.151065E+08   0.150758E+08  -0.510418E+00   0.927725E+07   0.927659E+07   0.145495E+02   0.404261E+00   0.613934E+00  -0.609158E+11
   0.168167E-01   0.143809E+08   0.143530E+08  -0.163483E+04   0.310741E+04   0.779366E+07   0.143450E+08   0.143762E+08   0.143450E+08  -0.485678E+00   0.882766E+07   0.882699E+07   0.132313E+02   0.315528E+00   0.613891E+00  -0.524946E+11
   0.185687E-01   0.135965E+08   0.135650E+08  -0.199035E+04   0.240953E+04   0.698167E+07   0.135600E+08   0.135912E+08   0.135600E+08  -0.459097E+00   0.834470E+07   0.834403E+07   0.120296E+02   0.244655E+00   0.613846E+00  -0.449406E+11
   0.205033E-01   0.127747E+08   0.127393E+08   0.152494E+04   0.185670E+04   0.619380E+07   0.127376E+08   0.127688E+08   0.127376E+08  -0.431257E+00   0.783886E+07   0.783819E+07   0.109281E+02   0.188517E+00   0.613800E+00  -0.382331E+11
   0.226393E-01   0.119089E+08   0.118697E+08   0.903739E+02   0.141952E+04   0.543223E+07   0.118717E+08   0.119023E+08   0.118717E+08  -0.401939E+00   0.730621E+07   0.730554E+07   0.989532E+01   0.144127E+00   0.613754E+00  -0.322729E+11
   0.249980E-01   0.110303E+08   0.109875E+08  -0.432488E+01   0.107828E+04   0.471640E+07   0.109933E+08   0.110231E+08   0.109933E+08  -0.372198E+00   0.676585E+07   0.676518E+07   0.891457E+01   0.109480E+00   0.613709E+00  -0.270662E+11
   0.276023E-01   0.101494E+08   0.101035E+08   0.186795E+03   0.813685E+03   0.405248E+07   0.101129E+08   0.101417E+08   0.101129E+08  -0.342389E+00   0.622425E+07   0.622359E+07   0.796318E+01   0.826157E-01   0.613664E+00  -0.225502E+11
   0.304780E-01   0.927000E+07   0.922212E+07   0.124229E+03   0.609492E+03   0.344277E+07   0.923442E+07   0.926196E+07   0.923442E+07  -0.312649E+00   0.568386E+07   0.568322E+07   0.701505E+01   0.618845E-01   0.613621E+00  -0.186494E+11
   0.336533E-01   0.841613E+07   0.836765E+07  -0.121414E+02   0.453812E+03   0.289543E+07   0.838190E+07   0.840799E+07   0.838190E+07  -0.283785E+00   0.515937E+07   0.515876E+07   0.606058E+01   0.460787E-01   0.613578E+00  -0.153312E+11
   0.371593E-01   0.761863E+07   0.757141E+07  -0.117595E+03   0.336920E+03   0.241784E+07   0.758613E+07   0.761070E+07   0.758613E+07  -0.256842E+00   0.466977E+07   0.466921E+07   0.510209E+01   0.342109E-01   0.613537E+00  -0.125671E+11
   0.410307E-01   0.689709E+07   0.685327E+07  -0.508005E+02   0.250163E+03   0.201035E+07   0.686664E+07   0.688973E+07   0.686664E+07  -0.232483E+00   0.422709E+07   0.422658E+07   0.415327E+01   0.254026E-01   0.613498E+00  -0.103024E+11
   0.451338E-01   0.629507E+07   0.625652E+07   0.188707E+03   0.188707E+03   0.168360E+07   0.626681E+07   0.628860E+07   0.626681E+07  -0.212174E+00   0.385812E+07   0.385768E+07   0.325002E+01   0.191611E-01   0.613478E+00  -0.854834E+10
   0.492368E-01   0.581891E+07   0.578647E+07   0.146586E+03   0.146586E+03   0.143312E+07   0.579273E+07   0.581346E+07   0.579273E+07  -0.196124E+00   0.356641E+07   0.356604E+07   0.252569E+01   0.148848E-01   0.613446E+00  -0.724352E+10
   0.533399E-01   0.543525E+07   0.540891E+07   0.116681E+03   0.116681E+03   0.123655E+07   0.541097E+07   0.543082E+07   0.541097E+07  -0.183198E+00   0.333150E+07   0.333119E+07   0.194881E+01   0.118486E-01   0.613419E+00  -0.624593E+10
   0.574430E-01   0.511221E+07   0.509123E+07   0.946397E+02   0.946397E+02   0.107724E+07   0.508961E+07   0.510869E+07   0.508961E+07  -0.172318E+00   0.313375E+07   0.313349E+07   0.151531E+01   0.961084E-02   0.613394E+00  -0.545553E+10
   0.615460E-01   0.482490E+07   0.480802E+07   0.778163E+02   0.778163E+02   0.943820E+06   0.480371E+07   0.482207E+07   0.480371E+07  -0.162638E+00   0.295781E+07   0.295759E+07   0.121183E+01   0.790273E-02   0.613373E+00  -0.480597E+10
   0.656491E-01   0.455412E+07   0.453985E+07   0.645588E+02   0.645588E+02   0.828628E+06   0.453410E+07   0.455172E+07   0.453410E+07  -0.153510E+00   0.279189E+07   0.279169E+07   0.101712E+01   0.655661E-02   0.613353E+00  -0.425285E+10
   0.697522E-01   0.428625E+07   0.427314E+07   0.538241E+02   0.538241E+02   0.726699E+06   0.426722E+07   0.428405E+07   0.426722E+07  -0.144474E+00   0.262763E+07   0.262744E+07   0.905054E+00   0.546660E-02   0.613336E+00  -0.376719E+10
   0.738552E-01   0.402359E+07   0.401042E+07   0.450661E+02   0.450661E+02   0.636707E+06   0.400536E+07   0.402138E+07   0.400536E+07  -0.135609E+00   0.246645E+07   0.246627E+07   0.849619E+00   0.457724E-02   0.613320E+00  -0.333966E+10
   0.779583E-01   0.375765E+07   0.374363E+07   0.377709E+02   0.377709E+02   0.555895E+06   0.374016E+07   0.375530E+07   0.374016E+07  -0.126630E+00   0.230321E+07   0.230301E+07   0.823891E+00   0.383641E-02   0.613306E+00  -0.295448E+10
   0.820614E-01   0.350146E+07   0.348623E+07   0.317608E+02   0.317608E+02   0.485040E+06   0.348464E+07   0.349890E+07   0.348464E+07  -0.117979E+00   0.214591E+07   0.214571E+07   0.808201E+00   0.322604E-02   0.613293E+00  -0.261506E+10
   0.861644E-01   0.326207E+07   0.324574E+07   0.268355E+02   0.268355E+02   0.423820E+06   0.324591E+07   0.325933E+07   0.324591E+07  -0.109896E+00   0.199893E+07   0.199873E+07   0.787618E+00   0.272582E-02   0.613281E+00  -0.231995E+10
   0.912856E-01   0.299587E+07   0.297879E+07   0.219553E+02   0.219553E+02   0.360130E+06   0.298054E+07   0.299300E+07   0.298054E+07  -0.100912E+00   0.183556E+07   0.183536E+07   0.742565E+00   0.223018E-02   0.613268E+00  -0.201083E+10
   0.964067E-01   0.277390E+07   0.275708E+07   0.182252E+02   0.182252E+02   0.309296E+06   0.275943E+07   0.277108E+07   0.275943E+07  -0.934255E-01   0.169942E+07   0.169923E+07   0.672928E+00   0.185131E-02   0.613256E+00  -0.176280E+10
   0.101528E+00   0.259890E+07   0.258334E+07   0.153964E+02   0.153964E+02   0.269463E+06   0.258528E+07   0.259629E+07   0.258528E+07  -0.875292E-01   0.159220E+07   0.159202E+07   0.585259E+00   0.156400E-02   0.613245E+00  -0.156827E+10
   0.106649E+00   0.246447E+07   0.245088E+07   0.132326E+02   0.132326E+02   0.238194E+06   0.245166E+07   0.246219E+07   0.245166E+07  -0.830056E-01   0.150994E+07   0.150978E+07   0.491467E+00   0.134421E-02   0.613235E+00  -0.141583E+10
   0.111770E+00   0.235735E+07   0.234600E+07   0.115255E+02   0.115255E+02   0.212918E+06   0.234531E+07   0.235545E+07   0.234531E+07  -0.794047E-01   0.144445E+07   0.144432E+07   0.404055E+00   0.117081E-02   0.613226E+00  -0.129237E+10
   0.116891E+00   0.226324E+07   0.225392E+07   0.101182E+02   0.101182E+02   0.191522E+06   0.225188E+07   0.226167E+07   0.225188E+07  -0.762414E-01   0.138692E+07   0.138681E+07   0.332661E+00   0.102786E-02   0.613218E+00  -0.118653E+10
   0.122012E+00   0.217095E+07   0.216311E+07   0.890872E+01   0.890872E+01   0.172586E+06   0.216018E+07   0.216963E+07   0.216018E+07  -0.731369E-01   0.133046E+07   0.133036E+07   0.282138E+00   0.905004E-03   0.613210E+00  -0.109046E+10
   0.127134E+00   0.207393E+07   0.206687E+07   0.783904E+01   0.783904E+01   0.155313E+06   0.206367E+07   0.207274E+07   0.206367E+07  -0.698693E-01   0.127104E+07   0.127094E+07   0.252215E+00   0.796343E-03   0.613204E+00  -0.999788E+09
   0.132255E+00   0.197038E+07   0.196343E+07   0.688189E+01   0.688189E+01   0.139380E+06   0.196055E+07   0.196921E+07   0.196055E+07  -0.663781E-01   0.120754E+07   0.120744E+07   0.238537E+00   0.699113E-03   0.613198E+00  -0.913061E+09
   0.137376E+00   0.186242E+07   0.185510E+07   0.602847E+01   0.602847E+01   0.124757E+06   0.185297E+07   0.186119E+07   0.185297E+07  -0.627357E-01   0.114129E+07   0.114119E+07   0.234528E+00   0.612420E-03   0.613192E+00  -0.830795E+09
   0.142497E+00   0.175469E+07   0.174682E+07   0.527836E+01   0.527836E+01   0.111562E+06   0.174560E+07   0.175337E+07   0.174560E+07  -0.591005E-01   0.107516E+07   0.107506E+07   0.233406E+00   0.536224E-03   0.613187E+00  -0.754533E+09
   0.147618E+00   0.165313E+07   0.164479E+07   0.463337E+01   0.463337E+01   0.999539E+05   0.164439E+07   0.165173E+07   0.164439E+07  -0.556737E-01   0.101283E+07   0.101273E+07   0.229837E+00   0.470704E-03   0.613183E+00  -0.686130E+09
   0.152739E+00   0.156335E+07   0.155482E+07   0.409254E+01   0.409254E+01   0.900446E+05   0.155495E+07   0.156191E+07   0.155495E+07  -0.526456E-01   0.957752E+06   0.957651E+06   0.220854E+00   0.415767E-03   0.613178E+00  -0.627062E+09
   0.157860E+00   0.148844E+07   0.148010E+07   0.364765E+01   0.364765E+01   0.817875E+05   0.148039E+07   0.148704E+07   0.148039E+07  -0.501213E-01   0.911834E+06   0.911736E+06   0.205950E+00   0.370574E-03   0.613174E+00  -0.577631E+09
   0.162982E+00   0.142786E+07   0.142006E+07   0.328282E+01   0.328282E+01   0.749535E+05   0.142015E+07   0.142655E+07   0.142015E+07  -0.480818E-01   0.874735E+06   0.874644E+06   0.186582E+00   0.333514E-03   0.613171E+00  -0.536718E+09
   0.168103E+00   0.137845E+07   0.137142E+07   0.297926E+01   0.297926E+01   0.692199E+05   0.137108E+07   0.137727E+07   0.137108E+07  -0.464205E-01   0.844515E+06   0.844432E+06   0.165350E+00   0.302677E-03   0.613168E+00  -0.502391E+09
   0.173224E+00   0.133627E+07   0.133006E+07   0.272005E+01   0.272005E+01   0.642748E+05   0.132921E+07   0.133522E+07   0.132921E+07  -0.450028E-01   0.818726E+06   0.818651E+06   0.145096E+00   0.276345E-03   0.613165E+00  -0.472651E+09
   0.178345E+00   0.129726E+07   0.129180E+07   0.249136E+01   0.249136E+01   0.598492E+05   0.129049E+07   0.129635E+07   0.129049E+07  -0.436920E-01   0.794883E+06   0.794814E+06   0.128096E+00   0.253114E-03   0.613162E+00  -0.445709E+09
   0.183466E+00   0.125772E+07   0.125278E+07   0.228256E+01   0.228256E+01   0.557250E+05   0.125120E+07   0.125689E+07   0.125120E+07  -0.423618E-01   0.770685E+06   0.770621E+06   0.115558E+00   0.231902E-03   0.613159E+00  -0.420079E+09
   0.188587E+00   0.121521E+07   0.121057E+07   0.208731E+01   0.208731E+01   0.517712E+05   0.120893E+07   0.121443E+07   0.120893E+07  -0.409306E-01   0.744649E+06   0.744589E+06   0.107536E+00   0.212067E-03   0.613157E+00  -0.394866E+09
   0.193708E+00   0.116951E+07   0.116492E+07   0.190397E+01   0.190397E+01   0.479623E+05   0.116344E+07   0.116874E+07   0.116344E+07  -0.393903E-01   0.716631E+06   0.716571E+06   0.103155E+00   0.193441E-03   0.613154E+00  -0.369962E+09
   0.198830E+00   0.112212E+07   0.111742E+07   0.173384E+01   0.173384E+01   0.443450E+05   0.111623E+07   0.112133E+07   0.111623E+07  -0.377922E-01   0.687558E+06   0.687498E+06   0.100998E+00   0.176158E-03   0.613152E+00  -0.345811E+09
   0.203951E+00   0.107512E+07   0.107026E+07   0.157875E+01   0.157875E+01   0.409799E+05   0.106941E+07   0.107430E+07   0.106941E+07  -0.362070E-01   0.658721E+06   0.658660E+06   0.995269E-01   0.160403E-03   0.613150E+00  -0.322987E+09
   0.209072E+00   0.103054E+07   0.102555E+07   0.143999E+01   0.143999E+01   0.379159E+05   0.102501E+07   0.102971E+07   0.102501E+07  -0.347037E-01   0.631374E+06   0.631313E+06   0.974732E-01   0.146305E-03   0.613149E+00  -0.301995E+09
   0.214193E+00   0.990124E+06   0.985108E+06   0.131810E+01   0.131810E+01   0.351828E+05   0.984767E+06   0.989282E+06   0.984767E+06  -0.333411E-01   0.606586E+06   0.606526E+06   0.940924E-01   0.133922E-03   0.613147E+00  -0.283202E+09
   0.219314E+00   0.954910E+06   0.949998E+06   0.121253E+01   0.121253E+01   0.327815E+05   0.949725E+06   0.954085E+06   0.949725E+06  -0.321547E-01   0.585003E+06   0.584945E+06   0.892287E-01   0.123198E-03   0.613145E+00  -0.266748E+09
   0.224435E+00   0.924891E+06   0.920205E+06   0.112144E+01   0.112144E+01   0.306769E+05   0.919876E+06   0.924104E+06   0.919876E+06  -0.311441E-01   0.566619E+06   0.566563E+06   0.832164E-01   0.113944E-03   0.613144E+00  -0.252469E+09
   0.229556E+00   0.899106E+06   0.894727E+06   0.104211E+01   0.104211E+01   0.288083E+05   0.894256E+06   0.898371E+06   0.894256E+06  -0.302767E-01   0.550839E+06   0.550786E+06   0.766879E-01   0.105885E-03   0.613142E+00  -0.239963E+09
   0.234678E+00   0.876095E+06   0.872047E+06   0.971647E+00   0.971647E+00   0.271087E+05   0.871401E+06   0.875415E+06   0.871401E+06  -0.295029E-01   0.536762E+06   0.536712E+06   0.703543E-01   0.987270E-04   0.613141E+00  -0.228728E+09
   0.239799E+00   0.854301E+06   0.850555E+06   0.907475E+00   0.907475E+00   0.255190E+05   0.849753E+06   0.853672E+06   0.849753E+06  -0.287699E-01   0.523428E+06   0.523382E+06   0.648092E-01   0.922077E-04   0.613140E+00  -0.218283E+09
   0.244920E+00   0.832405E+06   0.828891E+06   0.847649E+00   0.847649E+00   0.239970E+05   0.827992E+06   0.831815E+06   0.827992E+06  -0.280332E-01   0.510026E+06   0.509981E+06   0.604000E-01   0.861297E-04   0.613138E+00  -0.208246E+09
   0.250041E+00   0.809639E+06   0.806268E+06   0.791048E+00   0.791048E+00   0.225225E+05   0.805350E+06   0.809073E+06   0.805350E+06  -0.272666E-01   0.496080E+06   0.496037E+06   0.571874E-01   0.803790E-04   0.613137E+00  -0.198404E+09
   0.255162E+00   0.785916E+06   0.782608E+06   0.737351E+00   0.737351E+00   0.210971E+05   0.781744E+06   0.785361E+06   0.781744E+06  -0.264674E-01   0.481540E+06   0.481498E+06   0.549834E-01   0.749233E-04   0.613136E+00  -0.188724E+09
   0.260283E+00   0.761679E+06   0.758373E+06   0.686752E+00   0.686752E+00   0.197350E+05   0.757615E+06   0.761124E+06   0.757615E+06  -0.256505E-01   0.466679E+06   0.466637E+06   0.534405E-01   0.697822E-04   0.613135E+00  -0.179300E+09
   0.265404E+00   0.737622E+06   0.734293E+06   0.639625E+00   0.639625E+00   0.184535E+05   0.733662E+06   0.737063E+06   0.733662E+06  -0.248395E-01   0.451926E+06   0.451884E+06   0.521623E-01   0.649938E-04   0.613134E+00  -0.170282E+09
   0.270526E+00   0.714503E+06   0.711159E+06   0.596326E+00   0.596326E+00   0.172683E+05   0.710645E+06   0.713942E+06   0.710645E+06  -0.240602E-01   0.437748E+06   0.437707E+06   0.508061E-01   0.605942E-04   0.613133E+00  -0.161817E+09
   0.275647E+00   0.692988E+06   0.689661E+06   0.557067E+00   0.557067E+00   0.161893E+05   0.689229E+06   0.692429E+06   0.689229E+06  -0.233351E-01   0.424557E+06   0.424517E+06   0.491535E-01   0.566051E-04   0.613132E+00  -0.154026E+09
   0.280768E+00   0.673472E+06   0.670206E+06   0.521805E+00   0.521805E+00   0.152190E+05   0.669811E+06   0.672924E+06   0.669811E+06  -0.226777E-01   0.412597E+06   0.412557E+06   0.471353E-01   0.530221E-04   0.613131E+00  -0.146956E+09
   0.285889E+00   0.655971E+06   0.652809E+06   0.490203E+00   0.490203E+00   0.143506E+05   0.652406E+06   0.655440E+06   0.652406E+06  -0.220884E-01   0.401877E+06   0.401838E+06   0.448156E-01   0.498109E-04   0.613130E+00  -0.140574E+09
   0.291010E+00   0.640178E+06   0.637149E+06   0.461718E+00   0.461718E+00   0.135709E+05   0.636706E+06   0.639669E+06   0.636706E+06  -0.215569E-01   0.392206E+06   0.392169E+06   0.423485E-01   0.469164E-04   0.613129E+00  -0.134777E+09
   0.296131E+00   0.625603E+06   0.622719E+06   0.435744E+00   0.435744E+00   0.128642E+05   0.622222E+06   0.625119E+06   0.622222E+06  -0.210665E-01   0.383284E+06   0.383249E+06   0.399219E-01   0.442771E-04   0.613128E+00  -0.129433E+09
   0.301252E+00   0.611718E+06   0.608969E+06   0.411718E+00   0.411718E+00   0.122151E+05   0.608421E+06   0.611256E+06   0.608421E+06  -0.205992E-01   0.374784E+06   0.374750E+06   0.377028E-01   0.418357E-04   0.613127E+00  -0.124411E+09
   0.306374E+00   0.598047E+06   0.595412E+06   0.389179E+00   0.389179E+00   0.116102E+05   0.594832E+06   0.597605E+06   0.594832E+06  -0.201391E-01   0.366413E+06   0.366380E+06   0.357994E-01   0.395454E-04   0.613126E+00  -0.119599E+09
   0.311495E+00   0.584278E+06   0.581726E+06   0.367821E+00   0.367821E+00   0.110397E+05   0.581138E+06   0.583849E+06   0.581138E+06  -0.196755E-01   0.357978E+06   0.357946E+06   0.342446E-01   0.373751E-04   0.613126E+00  -0.114925E+09
   0.316616E+00   0.570315E+06   0.567817E+06   0.347510E+00   0.347510E+00   0.104987E+05   0.567248E+06   0.569896E+06   0.567248E+06  -0.192052E-01   0.349423E+06   0.349391E+06   0.330017E-01   0.353113E-04   0.613125E+00  -0.110364E+09
   0.321737E+00   0.556273E+06   0.553806E+06   0.328246E+00   0.328246E+00   0.998579E+04   0.553276E+06   0.555859E+06   0.553276E+06  -0.187322E-01   0.340816E+06   0.340785E+06   0.319853E-01   0.333539E-04   0.613124E+00  -0.105932E+09
   0.326858E+00   0.542389E+06   0.539941E+06   0.310099E+00   0.310099E+00   0.950181E+04   0.539458E+06   0.541978E+06   0.539458E+06  -0.182643E-01   0.332305E+06   0.332274E+06   0.310890E-01   0.315099E-04   0.613124E+00  -0.101668E+09
   0.331979E+00   0.528928E+06   0.526498E+06   0.293141E+00   0.293141E+00   0.904792E+04   0.526061E+06   0.528520E+06   0.526061E+06  -0.178108E-01   0.324053E+06   0.324023E+06   0.302138E-01   0.297869E-04   0.613123E+00  -0.976144E+08
   0.337100E+00   0.516117E+06   0.513714E+06   0.277414E+00   0.277414E+00   0.862436E+04   0.513314E+06   0.515714E+06   0.513314E+06  -0.173792E-01   0.316201E+06   0.316171E+06   0.292896E-01   0.281888E-04   0.613123E+00  -0.938022E+08
   0.342222E+00   0.504102E+06   0.501739E+06   0.262905E+00   0.262905E+00   0.823004E+04   0.501360E+06   0.503705E+06   0.501360E+06  -0.169745E-01   0.308838E+06   0.308809E+06   0.282856E-01   0.267147E-04   0.613122E+00  -0.902468E+08
   0.347343E+00   0.492915E+06   0.490606E+06   0.249546E+00   0.249546E+00   0.786220E+04   0.490233E+06   0.492527E+06   0.490233E+06  -0.165977E-01   0.301984E+06   0.301955E+06   0.272092E-01   0.253574E-04   0.613121E+00  -0.869430E+08
   0.352464E+00   0.482478E+06   0.480235E+06   0.237218E+00   0.237218E+00   0.751689E+04   0.479856E+06   0.482102E+06   0.479856E+06  -0.162464E-01   0.295591E+06   0.295564E+06   0.260957E-01   0.241048E-04   0.613121E+00  -0.838661E+08
   0.357585E+00   0.472637E+06   0.470464E+06   0.225772E+00   0.225772E+00   0.718972E+04   0.470071E+06   0.472272E+06   0.470071E+06  -0.159151E-01   0.289564E+06   0.289537E+06   0.249943E-01   0.229420E-04   0.613120E+00  -0.809794E+08
   0.362706E+00   0.463206E+06   0.461103E+06   0.215066E+00   0.215066E+00   0.687686E+04   0.460695E+06   0.462853E+06   0.460695E+06  -0.155977E-01   0.283789E+06   0.283763E+06   0.239528E-01   0.218541E-04   0.613120E+00  -0.782438E+08
   0.367827E+00   0.454020E+06   0.451978E+06   0.204973E+00   0.204973E+00   0.657564E+04   0.451561E+06   0.453677E+06   0.451561E+06  -0.152884E-01   0.278163E+06   0.278138E+06   0.230062E-01   0.208287E-04   0.613119E+00  -0.756248E+08
   0.372948E+00   0.444951E+06   0.442961E+06   0.195401E+00   0.195401E+00   0.628460E+04   0.442543E+06   0.444617E+06   0.442543E+06  -0.149831E-01   0.272608E+06   0.272583E+06   0.221697E-01   0.198561E-04   0.613119E+00  -0.730968E+08
   0.378070E+00   0.435935E+06   0.433986E+06   0.186290E+00   0.186290E+00   0.600355E+04   0.433574E+06   0.435608E+06   0.433574E+06  -0.146795E-01   0.267083E+06   0.267059E+06   0.214380E-01   0.189303E-04   0.613119E+00  -0.706455E+08
   0.383191E+00   0.426981E+06   0.425064E+06   0.177619E+00   0.177619E+00   0.573322E+04   0.424667E+06   0.426659E+06   0.424667E+06  -0.143779E-01   0.261597E+06   0.261573E+06   0.207909E-01   0.180492E-04   0.613118E+00  -0.682694E+08
   0.388312E+00   0.418164E+06   0.416273E+06   0.169392E+00   0.169392E+00   0.547494E+04   0.415895E+06   0.417846E+06   0.415895E+06  -0.140809E-01   0.256193E+06   0.256170E+06   0.202000E-01   0.172133E-04   0.613118E+00  -0.659775E+08
   0.393433E+00   0.409571E+06   0.407704E+06   0.161619E+00   0.161619E+00   0.522975E+04   0.407345E+06   0.409257E+06   0.407345E+06  -0.137914E-01   0.250927E+06   0.250904E+06   0.196363E-01   0.164234E-04   0.613117E+00  -0.637802E+08
   0.398554E+00   0.401273E+06   0.399432E+06   0.154301E+00   0.154301E+00   0.499810E+04   0.399090E+06   0.400964E+06   0.399090E+06  -0.135119E-01   0.245842E+06   0.245819E+06   0.190766E-01   0.156798E-04   0.613117E+00  -0.616847E+08
   0.403675E+00   0.393318E+06   0.391505E+06   0.147428E+00   0.147428E+00   0.477995E+04   0.391176E+06   0.393013E+06   0.391176E+06  -0.132440E-01   0.240967E+06   0.240944E+06   0.185075E-01   0.149814E-04   0.613117E+00  -0.596945E+08
   0.408796E+00   0.385732E+06   0.383953E+06   0.140985E+00   0.140985E+00   0.457493E+04   0.383631E+06   0.385433E+06   0.383631E+06  -0.129885E-01   0.236319E+06   0.236297E+06   0.179272E-01   0.143267E-04   0.613116E+00  -0.578097E+08
   0.413918E+00   0.378508E+06   0.376767E+06   0.134943E+00   0.134943E+00   0.438231E+04   0.376447E+06   0.378216E+06   0.376447E+06  -0.127453E-01   0.231894E+06   0.231872E+06   0.173426E-01   0.137127E-04   0.613116E+00  -0.560254E+08
   0.419039E+00   0.371599E+06   0.369897E+06   0.129262E+00   0.129262E+00   0.420099E+04   0.369576E+06   0.371313E+06   0.369576E+06  -0.125127E-01   0.227662E+06   0.227641E+06   0.167658E-01   0.131354E-04   0.613116E+00  -0.543307E+08
   0.424160E+00   0.364935E+06   0.363272E+06   0.123897E+00   0.123897E+00   0.402975E+04   0.362949E+06   0.364656E+06   0.362949E+06  -0.122883E-01   0.223580E+06   0.223559E+06   0.162100E-01   0.125903E-04   0.613115E+00  -0.527123E+08
   0.429281E+00   0.358455E+06   0.356829E+06   0.118811E+00   0.118811E+00   0.386755E+04   0.356505E+06   0.358182E+06   0.356505E+06  -0.120701E-01   0.219610E+06   0.219590E+06   0.156859E-01   0.120735E-04   0.613115E+00  -0.511588E+08
   0.434402E+00   0.352114E+06   0.350522E+06   0.113974E+00   0.113974E+00   0.371363E+04   0.350199E+06   0.351847E+06   0.350199E+06  -0.118566E-01   0.215726E+06   0.215706E+06   0.152000E-01   0.115820E-04   0.613115E+00  -0.496615E+08
   0.439523E+00   0.345885E+06   0.344323E+06   0.109364E+00   0.109364E+00   0.356746E+04   0.344004E+06   0.345623E+06   0.344004E+06  -0.116469E-01   0.211910E+06   0.211890E+06   0.147527E-01   0.111135E-04   0.613114E+00  -0.482145E+08
   0.444644E+00   0.339754E+06   0.338218E+06   0.104965E+00   0.104965E+00   0.342866E+04   0.337905E+06   0.339496E+06   0.337905E+06  -0.114404E-01   0.208153E+06   0.208134E+06   0.143396E-01   0.106665E-04   0.613114E+00  -0.468144E+08
   0.449766E+00   0.333728E+06   0.332215E+06   0.100769E+00   0.100769E+00   0.329713E+04   0.331912E+06   0.333474E+06   0.331912E+06  -0.112375E-01   0.204461E+06   0.204442E+06   0.139532E-01   0.102400E-04   0.613114E+00  -0.454604E+08
   0.454887E+00   0.327833E+06   0.326342E+06   0.967726E-01   0.967726E-01   0.317286E+04   0.326048E+06   0.327583E+06   0.326048E+06  -0.110389E-01   0.200849E+06   0.200830E+06   0.135849E-01   0.983391E-05   0.613114E+00  -0.441545E+08
   0.460008E+00   0.322099E+06   0.320630E+06   0.929744E-01   0.929744E-01   0.305584E+04   0.320343E+06   0.321852E+06   0.320343E+06  -0.108458E-01   0.197335E+06   0.197317E+06   0.132273E-01   0.944794E-05   0.613113E+00  -0.428991E+08
   0.465129E+00   0.316545E+06   0.315098E+06   0.893701E-01   0.893701E-01   0.294585E+04   0.314819E+06   0.316302E+06   0.314819E+06  -0.106588E-01   0.193932E+06   0.193914E+06   0.128753E-01   0.908167E-05   0.613113E+00  -0.416951E+08
   0.470250E+00   0.311177E+06   0.309754E+06   0.859516E-01   0.859516E-01   0.284244E+04   0.309480E+06   0.310938E+06   0.309480E+06  -0.104780E-01   0.190643E+06   0.190626E+06   0.125266E-01   0.873427E-05   0.613113E+00  -0.405417E+08
   0.475371E+00   0.305991E+06   0.304591E+06   0.827078E-01   0.827078E-01   0.274500E+04   0.304322E+06   0.305756E+06   0.304322E+06  -0.103034E-01   0.187466E+06   0.187448E+06   0.121817E-01   0.840465E-05   0.613113E+00  -0.394365E+08
   0.480492E+00   0.300975E+06   0.299600E+06   0.796272E-01   0.796272E-01   0.265285E+04   0.299333E+06   0.300744E+06   0.299333E+06  -0.101345E-01   0.184393E+06   0.184376E+06   0.118432E-01   0.809160E-05   0.613112E+00  -0.383766E+08
   0.485614E+00   0.296114E+06   0.294764E+06   0.766977E-01   0.766977E-01   0.256533E+04   0.294499E+06   0.295887E+06   0.294499E+06  -0.997081E-02   0.181415E+06   0.181398E+06   0.115144E-01   0.779391E-05   0.613112E+00  -0.373587E+08
   0.490735E+00   0.291387E+06   0.290061E+06   0.739064E-01   0.739064E-01   0.248178E+04   0.289798E+06   0.291164E+06   0.289798E+06  -0.981164E-02   0.178519E+06   0.178503E+06   0.111987E-01   0.751028E-05   0.613112E+00  -0.363787E+08
   0.495856E+00   0.286769E+06   0.285467E+06   0.712407E-01   0.712407E-01   0.240166E+04   0.285206E+06   0.286551E+06   0.285206E+06  -0.965617E-02   0.175690E+06   0.175674E+06   0.108982E-01   0.723940E-05   0.613112E+00  -0.354325E+08
   0.500977E+00   0.282244E+06   0.280963E+06   0.686904E-01   0.686904E-01   0.232455E+04   0.280706E+06   0.282029E+06   0.280706E+06  -0.950380E-02   0.172918E+06   0.172902E+06   0.106133E-01   0.698026E-05   0.613111E+00  -0.345169E+08
   0.506098E+00   0.277807E+06   0.276546E+06   0.662490E-01   0.662490E-01   0.225019E+04   0.276292E+06   0.277595E+06   0.276292E+06  -0.935437E-02   0.170199E+06   0.170184E+06   0.103435E-01   0.673218E-05   0.613111E+00  -0.336304E+08
   0.511219E+00   0.273459E+06   0.272217E+06   0.639123E-01   0.639123E-01   0.217835E+04   0.271968E+06   0.273251E+06   0.271968E+06  -0.920797E-02   0.167536E+06   0.167520E+06   0.100869E-01   0.649474E-05   0.613111E+00  -0.327725E+08
   0.516340E+00   0.269205E+06   0.267981E+06   0.616761E-01   0.616761E-01   0.210883E+04   0.267737E+06   0.269000E+06   0.267737E+06  -0.906471E-02   0.164929E+06   0.164914E+06   0.984115E-02   0.626751E-05   0.613111E+00  -0.319426E+08
   0.521462E+00   0.265047E+06   0.263840E+06   0.595365E-01   0.595365E-01   0.204139E+04   0.263600E+06   0.264844E+06   0.263600E+06  -0.892468E-02   0.162381E+06   0.162366E+06   0.960367E-02   0.605010E-05   0.613111E+00  -0.311403E+08
   0.526583E+00   0.260989E+06   0.259800E+06   0.574902E-01   0.574902E-01   0.197582E+04   0.259565E+06   0.260789E+06   0.259565E+06  -0.878803E-02   0.159895E+06   0.159880E+06   0.937252E-02   0.584218E-05   0.613111E+00  -0.303653E+08
   0.531704E+00   0.257039E+06   0.255867E+06   0.555346E-01   0.555346E-01   0.191200E+04   0.255635E+06   0.256842E+06   0.255635E+06  -0.865501E-02   0.157475E+06   0.157460E+06   0.914659E-02   0.564347E-05   0.613110E+00  -0.296177E+08
   0.536825E+00   0.253198E+06   0.252043E+06   0.536659E-01   0.536659E-01   0.184983E+04   0.251815E+06   0.253004E+06   0.251815E+06  -0.852566E-02   0.155122E+06   0.155107E+06   0.892551E-02   0.545359E-05   0.613110E+00  -0.288967E+08
   0.541946E+00   0.249459E+06   0.248322E+06   0.518791E-01   0.518791E-01   0.178924E+04   0.248097E+06   0.249268E+06   0.248097E+06  -0.839978E-02   0.152831E+06   0.152817E+06   0.870953E-02   0.527202E-05   0.613110E+00  -0.282011E+08
   0.547067E+00   0.245815E+06   0.244695E+06   0.501685E-01   0.501685E-01   0.173022E+04   0.244472E+06   0.245627E+06   0.244472E+06  -0.827706E-02   0.150599E+06   0.150585E+06   0.849928E-02   0.509821E-05   0.613110E+00  -0.275289E+08
   0.559946E+00   0.237028E+06   0.235951E+06   0.461758E-01   0.461758E-01   0.158954E+04   0.235734E+06   0.236847E+06   0.235734E+06  -0.798121E-02   0.145216E+06   0.145202E+06   0.800071E-02   0.469248E-05   0.613109E+00  -0.259344E+08
   0.593872E+00   0.215981E+06   0.214998E+06   0.374055E-01   0.374055E-01   0.128597E+04   0.214800E+06   0.215816E+06   0.214800E+06  -0.727246E-02   0.132321E+06   0.132308E+06   0.688877E-02   0.380119E-05   0.613109E+00  -0.222815E+08
   0.629853E+00   0.196751E+06   0.195856E+06   0.302931E-01   0.302931E-01   0.106397E+04   0.195675E+06   0.196601E+06   0.195675E+06  -0.662495E-02   0.120539E+06   0.120528E+06   0.592121E-02   0.307842E-05   0.613108E+00  -0.191381E+08
   0.879031E+00   0.115015E+06   0.114491E+06   0.909180E-02   0.909180E-02   0.337963E+03   0.114384E+06   0.114927E+06   0.114384E+06  -0.387269E-02   0.704632E+05   0.704566E+05   0.251065E-02   0.923949E-06   0.613105E+00  -0.801618E+07
   0.122679E+01   0.664221E+05   0.661199E+05   0.269575E-02   0.269575E-02   0.102627E+03   0.660577E+05   0.663714E+05   0.660577E+05  -0.223651E-02   0.406931E+05   0.406892E+05   0.106390E-02   0.273956E-06   0.613103E+00  -0.331712E+07
   0.171212E+01   0.379607E+05   0.377878E+05   0.790991E-03   0.790991E-03   0.306502E+02   0.377523E+05   0.379317E+05   0.377523E+05  -0.127817E-02   0.232564E+05   0.232540E+05   0.455829E-03   0.803853E-07   0.613101E+00  -0.135837E+07
   0.238945E+01   0.215004E+05   0.214023E+05   0.230014E-03   0.230014E-03   0.907654E+01   0.213823E+05   0.214840E+05   0.213823E+05  -0.723938E-03   0.131721E+05   0.131706E+05   0.201011E-03   0.233755E-07   0.613101E+00  -0.551269E+06
