#          k/h    CDM            baryon         photon         nu             mass_nu        total          no_nu          total_de       Weyl           v_CDM          v_b            v_b-v_c        ISW            log_grow       pert_vel    
   0.994668E-05   0.181802E+08   0.181802E+08   0.242263E+08   0.242259E+08   0.181825E+08   0.181802E+08   0.181802E+08   0.181867E+08  -0.451844E+00   0.108062E+08   0.108062E+08   0.634339E+01   0.119830E+07   0.394833E+00  -0.108646E+15
   0.109829E-04   0.181805E+08   0.181805E+08   0.242236E+08   0.242231E+08   0.181828E+08   0.181805E+08   0.181805E+08   0.181870E+08  -0.451851E+00   0.108063E+08   0.108063E+08   0.700404E+01   0.982816E+06   0.394858E+00  -0.983953E+14
   0.121272E-04   0.181809E+08   0.181809E+08   0.242204E+08   0.242197E+08   0.181832E+08   0.181809E+08   0.181809E+08   0.181874E+08  -0.451860E+00   0.108064E+08   0.108064E+08   0.773346E+01   0.806079E+06   0.394889E+00  -0.891121E+14
   0.133906E-04   0.181813E+08   0.181813E+08   0.242164E+08   0.242156E+08   0.181836E+08   0.181813E+08   0.181813E+08   0.181878E+08  -0.451871E+00   0.108065E+08   0.108065E+08   0.853877E+01   0.661119E+06   0.394926E+00  -0.807048E+14
   0.147857E-04   0.181819E+08   0.181819E+08   0.242116E+08   0.242106E+08   0.181841E+08   0.181819E+08   0.181819E+08   0.181884E+08  -0.451884E+00   0.108066E+08   0.108066E+08   0.942785E+01   0.542224E+06   0.394971E+00  -0.730908E+14
   0.163261E-04   0.181825E+08   0.181825E+08   0.242057E+08   0.242045E+08   0.181848E+08   0.181825E+08   0.181825E+08   0.181890E+08  -0.451901E+00   0.108067E+08   0.108067E+08   0.104094E+02   0.444706E+06   0.395026E+00  -0.661954E+14
   0.180270E-04   0.181833E+08   0.181833E+08   0.241985E+08   0.241971E+08   0.181855E+08   0.181833E+08   0.181833E+08   0.181898E+08  -0.451920E+00   0.108069E+08   0.108069E+08   0.114929E+02   0.364722E+06   0.395093E+00  -0.599506E+14
   0.199051E-04   0.181843E+08   0.181843E+08   0.241897E+08   0.241880E+08   0.181865E+08   0.181843E+08   0.181843E+08   0.181908E+08  -0.451945E+00   0.108071E+08   0.108071E+08   0.126890E+02   0.299120E+06   0.395175E+00  -0.542951E+14
   0.219788E-04   0.181855E+08   0.181855E+08   0.241790E+08   0.241769E+08   0.181876E+08   0.181855E+08   0.181855E+08   0.181920E+08  -0.451974E+00   0.108073E+08   0.108073E+08   0.140093E+02   0.245313E+06   0.395274E+00  -0.491733E+14
   0.242687E-04   0.181869E+08   0.181869E+08   0.241660E+08   0.241635E+08   0.181890E+08   0.181870E+08   0.181869E+08   0.181934E+08  -0.452010E+00   0.108076E+08   0.108076E+08   0.154666E+02   0.201181E+06   0.395395E+00  -0.445349E+14
   0.267970E-04   0.181887E+08   0.181887E+08   0.241501E+08   0.241470E+08   0.181907E+08   0.181887E+08   0.181887E+08   0.181952E+08  -0.452053E+00   0.108080E+08   0.108080E+08   0.170749E+02   0.164984E+06   0.395543E+00  -0.403343E+14
   0.295888E-04   0.181908E+08   0.181908E+08   0.241308E+08   0.241270E+08   0.181928E+08   0.181909E+08   0.181908E+08   0.181973E+08  -0.452106E+00   0.108084E+08   0.108084E+08   0.188497E+02   0.135295E+06   0.395722E+00  -0.365302E+14
   0.326714E-04   0.181935E+08   0.181935E+08   0.241072E+08   0.241027E+08   0.181954E+08   0.181935E+08   0.181935E+08   0.181999E+08  -0.452171E+00   0.108090E+08   0.108090E+08   0.208079E+02   0.110944E+06   0.395940E+00  -0.330851E+14
   0.360752E-04   0.181966E+08   0.181966E+08   0.240785E+08   0.240730E+08   0.181984E+08   0.181966E+08   0.181966E+08   0.182031E+08  -0.452249E+00   0.108096E+08   0.108096E+08   0.229683E+02   0.909722E+05   0.396205E+00  -0.299653E+14
   0.398336E-04   0.182005E+08   0.182005E+08   0.240436E+08   0.240368E+08   0.182022E+08   0.182005E+08   0.182005E+08   0.182069E+08  -0.452345E+00   0.108104E+08   0.108104E+08   0.253512E+02   0.745912E+05   0.396527E+00  -0.271400E+14
   0.439836E-04   0.182052E+08   0.182052E+08   0.240010E+08   0.239928E+08   0.182067E+08   0.182052E+08   0.182052E+08   0.182116E+08  -0.452461E+00   0.108114E+08   0.108114E+08   0.279789E+02   0.611557E+05   0.396917E+00  -0.245815E+14
   0.485659E-04   0.182109E+08   0.182109E+08   0.239492E+08   0.239392E+08   0.182123E+08   0.182109E+08   0.182109E+08   0.182173E+08  -0.452602E+00   0.108126E+08   0.108126E+08   0.308756E+02   0.501360E+05   0.397391E+00  -0.222646E+14
   0.536256E-04   0.182179E+08   0.182178E+08   0.238862E+08   0.238740E+08   0.182190E+08   0.182179E+08   0.182179E+08   0.182242E+08  -0.452773E+00   0.108140E+08   0.108140E+08   0.340680E+02   0.410979E+05   0.397964E+00  -0.201665E+14
   0.592125E-04   0.182263E+08   0.182262E+08   0.238095E+08   0.237947E+08   0.182271E+08   0.182263E+08   0.182263E+08   0.182326E+08  -0.452981E+00   0.108158E+08   0.108158E+08   0.375845E+02   0.336851E+05   0.398657E+00  -0.182667E+14
   0.653814E-04   0.182364E+08   0.182364E+08   0.237163E+08   0.236982E+08   0.182370E+08   0.182364E+08   0.182364E+08   0.182428E+08  -0.453233E+00   0.108179E+08   0.108179E+08   0.414561E+02   0.276054E+05   0.399493E+00  -0.165464E+14
   0.721930E-04   0.182488E+08   0.182487E+08   0.236030E+08   0.235811E+08   0.182489E+08   0.182488E+08   0.182488E+08   0.182551E+08  -0.453537E+00   0.108205E+08   0.108205E+08   0.457158E+02   0.226192E+05   0.400499E+00  -0.149888E+14
   0.797142E-04   0.182637E+08   0.182636E+08   0.234656E+08   0.234390E+08   0.182633E+08   0.182636E+08   0.182636E+08   0.182699E+08  -0.453905E+00   0.108236E+08   0.108236E+08   0.503990E+02   0.185299E+05   0.401708E+00  -0.135785E+14
   0.880190E-04   0.182816E+08   0.182815E+08   0.232989E+08   0.232666E+08   0.182807E+08   0.182816E+08   0.182816E+08   0.182878E+08  -0.454348E+00   0.108273E+08   0.108273E+08   0.555429E+02   0.151763E+05   0.403154E+00  -0.123015E+14
   0.971891E-04   0.183032E+08   0.183031E+08   0.230969E+08   0.230579E+08   0.183015E+08   0.183031E+08   0.183032E+08   0.183093E+08  -0.454881E+00   0.108318E+08   0.108318E+08   0.611860E+02   0.124262E+05   0.404879E+00  -0.111455E+14
   0.107314E-03   0.183290E+08   0.183289E+08   0.228527E+08   0.228055E+08   0.183265E+08   0.183290E+08   0.183290E+08   0.183351E+08  -0.455519E+00   0.108372E+08   0.108372E+08   0.673682E+02   0.101711E+05   0.406927E+00  -0.100989E+14
   0.118495E-03   0.183599E+08   0.183598E+08   0.225578E+08   0.225009E+08   0.183564E+08   0.183599E+08   0.183599E+08   0.183659E+08  -0.456282E+00   0.108437E+08   0.108437E+08   0.741289E+02   0.832231E+04   0.409344E+00  -0.915157E+13
   0.130840E-03   0.183967E+08   0.183966E+08   0.222026E+08   0.221340E+08   0.183919E+08   0.183966E+08   0.183967E+08   0.184026E+08  -0.457190E+00   0.108515E+08   0.108515E+08   0.815067E+02   0.680673E+04   0.412180E+00  -0.829402E+13
   0.144471E-03   0.184402E+08   0.184401E+08   0.217758E+08   0.216936E+08   0.184338E+08   0.184402E+08   0.184402E+08   0.184460E+08  -0.458265E+00   0.108607E+08   0.108607E+08   0.895366E+02   0.556460E+04   0.415482E+00  -0.751784E+13
   0.159522E-03   0.184915E+08   0.184913E+08   0.212649E+08   0.211665E+08   0.184832E+08   0.184914E+08   0.184915E+08   0.184971E+08  -0.459531E+00   0.108716E+08   0.108716E+08   0.982482E+02   0.454688E+04   0.419292E+00  -0.681534E+13
   0.176142E-03   0.185515E+08   0.185512E+08   0.206559E+08   0.205387E+08   0.185408E+08   0.185514E+08   0.185514E+08   0.185569E+08  -0.461011E+00   0.108844E+08   0.108844E+08   0.107662E+03   0.371334E+04   0.423645E+00  -0.617958E+13
   0.194493E-03   0.186210E+08   0.186208E+08   0.199337E+08   0.197948E+08   0.186075E+08   0.186209E+08   0.186210E+08   0.186262E+08  -0.462728E+00   0.108994E+08   0.108993E+08   0.117786E+03   0.303097E+04   0.428561E+00  -0.560421E+13
   0.214755E-03   0.187010E+08   0.187007E+08   0.190829E+08   0.189194E+08   0.186841E+08   0.187009E+08   0.187010E+08   0.187060E+08  -0.464702E+00   0.109167E+08   0.109166E+08   0.128607E+03   0.247269E+04   0.434040E+00  -0.508351E+13
   0.237129E-03   0.187921E+08   0.187917E+08   0.180889E+08   0.178979E+08   0.187710E+08   0.187920E+08   0.187921E+08   0.187968E+08  -0.466949E+00   0.109366E+08   0.109365E+08   0.140088E+03   0.201625E+04   0.440057E+00  -0.461224E+13
   0.261834E-03   0.188946E+08   0.188941E+08   0.169393E+08   0.167183E+08   0.188683E+08   0.188944E+08   0.188945E+08   0.188989E+08  -0.469476E+00   0.109591E+08   0.109590E+08   0.152156E+03   0.164337E+04   0.446558E+00  -0.418567E+13
   0.289112E-03   0.190084E+08   0.190078E+08   0.156268E+08   0.153742E+08   0.189758E+08   0.190081E+08   0.190083E+08   0.190123E+08  -0.472281E+00   0.109843E+08   0.109842E+08   0.164696E+03   0.133904E+04   0.453461E+00  -0.379947E+13
   0.319233E-03   0.191329E+08   0.191323E+08   0.141523E+08   0.138677E+08   0.190928E+08   0.191326E+08   0.191328E+08   0.191364E+08  -0.475350E+00   0.110122E+08   0.110120E+08   0.177537E+03   0.109086E+04   0.460653E+00  -0.344970E+13
   0.352491E-03   0.192670E+08   0.192663E+08   0.125291E+08   0.122144E+08   0.192177E+08   0.192667E+08   0.192669E+08   0.192700E+08  -0.478655E+00   0.110425E+08   0.110423E+08   0.190443E+03   0.888656E+03   0.468000E+00  -0.313280E+13
   0.389215E-03   0.194091E+08   0.194082E+08   0.107875E+08   0.104474E+08   0.193485E+08   0.194086E+08   0.194089E+08   0.194115E+08  -0.482153E+00   0.110747E+08   0.110745E+08   0.203107E+03   0.724030E+03   0.475355E+00  -0.284550E+13
   0.429764E-03   0.195567E+08   0.195556E+08   0.897905E+07   0.862202E+07   0.194825E+08   0.195562E+08   0.195565E+08   0.195585E+08  -0.485786E+00   0.111085E+08   0.111082E+08   0.215144E+03   0.590071E+03   0.482569E+00  -0.258487E+13
   0.474538E-03   0.197071E+08   0.197058E+08   0.717840E+07   0.681719E+07   0.196164E+08   0.197064E+08   0.197069E+08   0.197083E+08  -0.489487E+00   0.111430E+08   0.111427E+08   0.226098E+03   0.481097E+03   0.489504E+00  -0.234825E+13
   0.523976E-03   0.198571E+08   0.198556E+08   0.548091E+07   0.513249E+07   0.197465E+08   0.198564E+08   0.198569E+08   0.198578E+08  -0.493178E+00   0.111774E+08   0.111770E+08   0.235458E+03   0.392447E+03   0.496043E+00  -0.213325E+13
   0.578566E-03   0.200036E+08   0.200018E+08   0.399248E+07   0.367684E+07   0.198688E+08   0.200026E+08   0.200033E+08   0.200037E+08  -0.496779E+00   0.112108E+08   0.112103E+08   0.242695E+03   0.320309E+03   0.502095E+00  -0.193774E+13
   0.638842E-03   0.201431E+08   0.201410E+08   0.280959E+07   0.254700E+07   0.199791E+08   0.201419E+08   0.201427E+08   0.201427E+08  -0.500209E+00   0.112421E+08   0.112416E+08   0.247307E+03   0.261576E+03   0.507603E+00  -0.175981E+13
   0.705398E-03   0.202726E+08   0.202703E+08   0.199042E+07   0.179707E+07   0.200736E+08   0.202713E+08   0.202722E+08   0.202718E+08  -0.503397E+00   0.112704E+08   0.112699E+08   0.248890E+03   0.213723E+03   0.512539E+00  -0.159779E+13
   0.778888E-03   0.203896E+08   0.203870E+08   0.152449E+07   0.140720E+07   0.201485E+08   0.203880E+08   0.203892E+08   0.203884E+08  -0.506276E+00   0.112948E+08   0.112943E+08   0.247200E+03   0.174702E+03   0.516902E+00  -0.145017E+13
   0.860035E-03   0.204919E+08   0.204889E+08   0.131744E+07   0.126953E+07   0.202003E+08   0.204900E+08   0.204914E+08   0.204903E+08  -0.508792E+00   0.113145E+08   0.113139E+08   0.242197E+03   0.142856E+03   0.520712E+00  -0.131562E+13
   0.949635E-03   0.205777E+08   0.205744E+08   0.121258E+07   0.121406E+07   0.202259E+08   0.205754E+08   0.205771E+08   0.205758E+08  -0.510904E+00   0.113287E+08   0.113281E+08   0.234051E+03   0.116842E+03   0.524004E+00  -0.119299E+13
   0.104857E-02   0.206458E+08   0.206423E+08   0.106038E+07   0.108498E+07   0.202228E+08   0.206432E+08   0.206452E+08   0.206435E+08  -0.512580E+00   0.113369E+08   0.113362E+08   0.223087E+03   0.955761E+02   0.526822E+00  -0.108120E+13
   0.115781E-02   0.206956E+08   0.206919E+08   0.808778E+06   0.836479E+06   0.201884E+08   0.206926E+08   0.206950E+08   0.206928E+08  -0.513799E+00   0.113385E+08   0.113378E+08   0.209721E+03   0.781783E+02   0.529215E+00  -0.979328E+12
   0.127844E-02   0.207266E+08   0.207226E+08   0.537857E+06   0.565284E+06   0.201208E+08   0.207231E+08   0.207259E+08   0.207232E+08  -0.514549E+00   0.113331E+08   0.113324E+08   0.194424E+03   0.639373E+02   0.531234E+00  -0.886506E+12
   0.141163E-02   0.207384E+08   0.207343E+08   0.367394E+06   0.406062E+06   0.200191E+08   0.207343E+08   0.207377E+08   0.207344E+08  -0.514823E+00   0.113204E+08   0.113196E+08   0.177769E+03   0.522770E+02   0.532926E+00  -0.801960E+12
   0.155869E-02   0.207310E+08   0.207269E+08   0.298839E+06   0.521581E+06   0.198818E+08   0.207263E+08   0.207303E+08   0.207264E+08  -0.514619E+00   0.112999E+08   0.112992E+08   0.160512E+03   0.427283E+02   0.534338E+00  -0.724980E+12
   0.172108E-02   0.207042E+08   0.207001E+08   0.213151E+06   0.427246E+06   0.197081E+08   0.206988E+08   0.207035E+08   0.206989E+08  -0.513934E+00   0.112714E+08   0.112707E+08   0.143544E+03   0.349094E+02   0.535512E+00  -0.654919E+12
   0.190039E-02   0.206579E+08   0.206538E+08   0.890749E+05   0.349642E+06   0.194978E+08   0.206517E+08   0.206572E+08   0.206518E+08  -0.512762E+00   0.112344E+08   0.112337E+08   0.127691E+03   0.285063E+02   0.536483E+00  -0.591178E+12
   0.209838E-02   0.205918E+08   0.205876E+08   0.490781E+05   0.285858E+06   0.192510E+08   0.205847E+08   0.205911E+08   0.205848E+08  -0.511096E+00   0.111885E+08   0.111878E+08   0.113546E+03   0.232634E+02   0.537284E+00  -0.533211E+12
   0.231699E-02   0.205055E+08   0.205013E+08   0.670053E+05   0.233477E+06   0.189682E+08   0.204975E+08   0.205048E+08   0.204975E+08  -0.508928E+00   0.111332E+08   0.111325E+08   0.101446E+03   0.189718E+02   0.537941E+00  -0.480515E+12
   0.255838E-02   0.203985E+08   0.203942E+08   0.389290E+05   0.190498E+06   0.186502E+08   0.203895E+08   0.203977E+08   0.203895E+08  -0.506245E+00   0.110681E+08   0.110674E+08   0.913732E+02   0.154599E+02   0.538478E+00  -0.432631E+12
   0.282492E-02   0.202702E+08   0.202657E+08   0.413546E+05   0.155263E+06   0.182977E+08   0.202601E+08   0.202694E+08   0.202601E+08  -0.503031E+00   0.109925E+08   0.109918E+08   0.828666E+02   0.125872E+02   0.538917E+00  -0.389137E+12
   0.311923E-02   0.201199E+08   0.201152E+08   0.254619E+05   0.126401E+06   0.179110E+08   0.201086E+08   0.201191E+08   0.201086E+08  -0.499270E+00   0.109060E+08   0.109053E+08   0.752918E+02   0.102385E+02   0.539272E+00  -0.349648E+12
   0.344419E-02   0.199467E+08   0.199418E+08   0.891534E+04   0.102782E+06   0.174896E+08   0.199343E+08   0.199459E+08   0.199343E+08  -0.494940E+00   0.108080E+08   0.108073E+08   0.681232E+02   0.831916E+01   0.539560E+00  -0.313810E+12
   0.380302E-02   0.197499E+08   0.197446E+08  -0.446537E+04   0.834691E+05   0.170331E+08   0.197362E+08   0.197490E+08   0.197362E+08  -0.490020E+00   0.106977E+08   0.106970E+08   0.612351E+02   0.675186E+01   0.539790E+00  -0.281303E+12
   0.419923E-02   0.195284E+08   0.195228E+08   0.595625E+04   0.676930E+05   0.165410E+08   0.195133E+08   0.195274E+08   0.195133E+08  -0.484486E+00   0.105747E+08   0.105740E+08   0.548777E+02   0.547289E+01   0.539973E+00  -0.251831E+12
   0.463671E-02   0.192811E+08   0.192751E+08   0.467305E+04   0.548183E+05   0.160132E+08   0.192646E+08   0.192801E+08   0.192646E+08  -0.478311E+00   0.104381E+08   0.104375E+08   0.493165E+02   0.443006E+01   0.540116E+00  -0.225125E+12
   0.511978E-02   0.190069E+08   0.190004E+08  -0.203717E+04   0.443223E+05   0.154513E+08   0.189890E+08   0.190058E+08   0.189890E+08  -0.471468E+00   0.102875E+08   0.102868E+08   0.444734E+02   0.358054E+01   0.540227E+00  -0.200941E+12
   0.565317E-02   0.187054E+08   0.186982E+08  -0.244216E+04   0.357760E+05   0.148319E+08   0.186858E+08   0.187042E+08   0.186858E+08  -0.463941E+00   0.101222E+08   0.101215E+08   0.400524E+02   0.288921E+01   0.540309E+00  -0.179058E+12
   0.624213E-02   0.183740E+08   0.183662E+08  -0.377077E+04   0.288234E+05   0.141879E+08   0.183529E+08   0.183727E+08   0.183529E+08  -0.455674E+00   0.994107E+07   0.994040E+07   0.359624E+02   0.232709E+01   0.540368E+00  -0.159262E+12
   0.689245E-02   0.180122E+08   0.180034E+08  -0.710647E+04   0.231751E+05   0.135074E+08   0.179894E+08   0.180107E+08   0.179894E+08  -0.446649E+00   0.974364E+07   0.974298E+07   0.323378E+02   0.187062E+01   0.540407E+00  -0.141371E+12
   0.761052E-02   0.176186E+08   0.176088E+08  -0.714186E+04   0.185926E+05   0.127992E+08   0.175942E+08   0.176170E+08   0.175942E+08  -0.436835E+00   0.952921E+07   0.952855E+07   0.291291E+02   0.150042E+01   0.540431E+00  -0.125214E+12
   0.840340E-02   0.171920E+08   0.171809E+08  -0.322610E+04   0.148801E+05   0.120721E+08   0.171659E+08   0.171901E+08   0.171659E+08  -0.426202E+00   0.929706E+07   0.929640E+07   0.262160E+02   0.120061E+01   0.540441E+00  -0.110637E+12
   0.927889E-02   0.167312E+08   0.167186E+08  -0.425947E+04   0.118773E+05   0.113259E+08   0.167035E+08   0.167291E+08   0.167035E+08  -0.414721E+00   0.904653E+07   0.904587E+07   0.236285E+02   0.958168E+00   0.540442E+00  -0.974982E+11
   0.102456E-01   0.162350E+08   0.162207E+08  -0.280918E+04   0.945259E+04   0.105608E+08   0.162057E+08   0.162326E+08   0.162057E+08  -0.402362E+00   0.877696E+07   0.877631E+07   0.213218E+02   0.762452E+00   0.540432E+00  -0.856679E+11
   0.113130E-01   0.157022E+08   0.156858E+08  -0.275830E+04   0.749834E+04   0.978384E+07   0.156714E+08   0.156994E+08   0.156714E+08  -0.389096E+00   0.848768E+07   0.848703E+07   0.192652E+02   0.604742E+00   0.540415E+00  -0.750277E+11
   0.124916E-01   0.151316E+08   0.151128E+08  -0.172197E+04   0.592644E+04   0.900276E+07   0.150994E+08   0.151284E+08   0.150994E+08  -0.374895E+00   0.817806E+07   0.817741E+07   0.174370E+02   0.477911E+00   0.540393E+00  -0.654699E+11
   0.137930E-01   0.145224E+08   0.145009E+08  -0.203390E+04   0.466497E+04   0.822364E+07   0.144890E+08   0.145188E+08   0.144890E+08  -0.359738E+00   0.784765E+07   0.784700E+07   0.158095E+02   0.376145E+00   0.540365E+00  -0.568971E+11
   0.152300E-01   0.138741E+08   0.138496E+08  -0.618699E+03   0.365522E+04   0.744940E+07   0.138396E+08   0.138700E+08   0.138396E+08  -0.343615E+00   0.749619E+07   0.749553E+07   0.143564E+02   0.294699E+00   0.540334E+00  -0.492209E+11
   0.168167E-01   0.132023E+08   0.131744E+08  -0.972199E+03   0.285267E+04   0.669793E+07   0.131669E+08   0.131976E+08   0.131669E+08  -0.326912E+00   0.713206E+07   0.713141E+07   0.130640E+02   0.229974E+00   0.540300E+00  -0.424115E+11
   0.185687E-01   0.124809E+08   0.124494E+08  -0.980854E+03   0.221175E+04   0.595993E+07   0.124448E+08   0.124756E+08   0.124448E+08  -0.308984E+00   0.674123E+07   0.674056E+07   0.118859E+02   0.178291E+00   0.540264E+00  -0.363049E+11
   0.205033E-01   0.117255E+08   0.116901E+08  -0.346709E+02   0.170413E+04   0.525004E+07   0.116890E+08   0.117196E+08   0.116890E+08  -0.290218E+00   0.633211E+07   0.633144E+07   0.108055E+02   0.137363E+00   0.540227E+00  -0.308840E+11
   0.226393E-01   0.109301E+08   0.108909E+08  -0.301047E+03   0.130279E+04   0.457044E+07   0.108935E+08   0.109235E+08   0.108935E+08  -0.270467E+00   0.590148E+07   0.590081E+07   0.979157E+01   0.105007E+00   0.540189E+00  -0.260678E+11
   0.249980E-01   0.101232E+08   0.100804E+08  -0.245471E+03   0.989552E+03   0.393766E+07   0.100868E+08   0.101160E+08   0.100868E+08  -0.250439E+00   0.546474E+07   0.546408E+07   0.882750E+01   0.797558E-01   0.540151E+00  -0.218611E+11
   0.276023E-01   0.931436E+07   0.926852E+07  -0.133554E+03   0.746691E+03   0.335651E+07   0.927851E+07   0.930666E+07   0.927851E+07  -0.230370E+00   0.502710E+07   0.502645E+07   0.789040E+01   0.601796E-01   0.540114E+00  -0.182129E+11
   0.304780E-01   0.850710E+07   0.845923E+07  -0.126896E+03   0.559289E+03   0.282838E+07   0.847223E+07   0.849906E+07   0.847223E+07  -0.210351E+00   0.459051E+07   0.458987E+07   0.695477E+01   0.450747E-01   0.540077E+00  -0.150619E+11
   0.336533E-01   0.772334E+07   0.767486E+07  -0.102154E+03   0.416419E+03   0.235917E+07   0.768985E+07   0.771520E+07   0.768985E+07  -0.190926E+00   0.416682E+07   0.416621E+07   0.601097E+01   0.335598E-01   0.540042E+00  -0.123818E+11
   0.371593E-01   0.699137E+07   0.694415E+07  -0.998744E+02   0.309151E+03   0.195382E+07   0.695964E+07   0.698344E+07   0.695964E+07  -0.172796E+00   0.377135E+07   0.377078E+07   0.506138E+01   0.249146E-01   0.540008E+00  -0.101492E+11
   0.410307E-01   0.632913E+07   0.628532E+07  -0.803381E+02   0.229540E+03   0.161129E+07   0.629948E+07   0.632177E+07   0.629948E+07  -0.156406E+00   0.341379E+07   0.341328E+07   0.411987E+01   0.184986E-01   0.539975E+00  -0.832019E+10
   0.451338E-01   0.577650E+07   0.573795E+07   0.173146E+03   0.173146E+03   0.133902E+07   0.574906E+07   0.577003E+07   0.574906E+07  -0.142740E+00   0.311567E+07   0.311524E+07   0.324394E+01   0.139536E-01   0.539950E+00  -0.690329E+10
   0.492368E-01   0.533946E+07   0.530702E+07   0.134497E+03   0.134497E+03   0.113216E+07   0.531413E+07   0.533402E+07   0.531413E+07  -0.131941E+00   0.288009E+07   0.287971E+07   0.252053E+01   0.108389E-01   0.539924E+00  -0.584954E+10
   0.533399E-01   0.498732E+07   0.496098E+07   0.107057E+03   0.107057E+03   0.971201E+06   0.496391E+07   0.498290E+07   0.496391E+07  -0.123246E+00   0.269038E+07   0.269007E+07   0.194435E+01   0.862767E-02   0.539902E+00  -0.504393E+10
   0.574430E-01   0.469083E+07   0.466985E+07   0.868335E+02   0.868335E+02   0.841898E+06   0.466911E+07   0.468731E+07   0.466911E+07  -0.115926E+00   0.253068E+07   0.253042E+07   0.151142E+01   0.699793E-02   0.539883E+00  -0.440564E+10
   0.615460E-01   0.442715E+07   0.441027E+07   0.713976E+02   0.713976E+02   0.734611E+06   0.440685E+07   0.442431E+07   0.440685E+07  -0.109415E+00   0.238860E+07   0.238838E+07   0.120840E+01   0.575400E-02   0.539866E+00  -0.388109E+10
   0.656491E-01   0.417865E+07   0.416439E+07   0.592335E+02   0.592335E+02   0.642825E+06   0.415953E+07   0.417626E+07   0.415953E+07  -0.103274E+00   0.225462E+07   0.225442E+07   0.101408E+01   0.477374E-02   0.539851E+00  -0.343442E+10
   0.697522E-01   0.393286E+07   0.391975E+07   0.493842E+02   0.493842E+02   0.562303E+06   0.391472E+07   0.393066E+07   0.391472E+07  -0.971960E-01   0.212197E+07   0.212178E+07   0.902363E+00   0.398001E-02   0.539837E+00  -0.304222E+10
   0.738552E-01   0.369186E+07   0.367869E+07   0.413485E+02   0.413485E+02   0.491725E+06   0.367451E+07   0.368965E+07   0.367451E+07  -0.912321E-01   0.199181E+07   0.199163E+07   0.847233E+00   0.333243E-02   0.539825E+00  -0.269697E+10
   0.779583E-01   0.344787E+07   0.343385E+07   0.346551E+02   0.346551E+02   0.428728E+06   0.343124E+07   0.344552E+07   0.343124E+07  -0.851920E-01   0.185999E+07   0.185980E+07   0.821779E+00   0.279301E-02   0.539814E+00  -0.238592E+10
   0.820614E-01   0.321282E+07   0.319760E+07   0.291408E+02   0.291408E+02   0.373744E+06   0.319684E+07   0.321027E+07   0.319684E+07  -0.793723E-01   0.173296E+07   0.173277E+07   0.806331E+00   0.234861E-02   0.539805E+00  -0.211183E+10
   0.861644E-01   0.299320E+07   0.297687E+07   0.246217E+02   0.246217E+02   0.326398E+06   0.297785E+07   0.299045E+07   0.297785E+07  -0.739350E-01   0.161428E+07   0.161408E+07   0.785959E+00   0.198441E-02   0.539796E+00  -0.187352E+10
   0.912856E-01   0.274897E+07   0.273189E+07   0.201442E+02   0.201442E+02   0.277277E+06   0.273442E+07   0.274610E+07   0.273442E+07  -0.678910E-01   0.148235E+07   0.148215E+07   0.741126E+00   0.162355E-02   0.539786E+00  -0.162388E+10
   0.964067E-01   0.254531E+07   0.252848E+07   0.167217E+02   0.167217E+02   0.238161E+06   0.253158E+07   0.254248E+07   0.253158E+07  -0.628549E-01   0.137241E+07   0.137222E+07   0.671666E+00   0.134772E-02   0.539777E+00  -0.142359E+10
   0.101528E+00   0.238473E+07   0.236916E+07   0.141263E+02   0.141263E+02   0.207561E+06   0.237182E+07   0.238211E+07   0.237182E+07  -0.588884E-01   0.128583E+07   0.128565E+07   0.584136E+00   0.113855E-02   0.539769E+00  -0.126649E+10
   0.106649E+00   0.226136E+07   0.224777E+07   0.121410E+02   0.121410E+02   0.183567E+06   0.224925E+07   0.225908E+07   0.224925E+07  -0.558453E-01   0.121940E+07   0.121924E+07   0.490453E+00   0.978546E-03   0.539762E+00  -0.114339E+10
   0.111770E+00   0.216305E+07   0.215170E+07   0.105747E+02   0.105747E+02   0.164173E+06   0.215169E+07   0.216114E+07   0.215169E+07  -0.534229E-01   0.116652E+07   0.116638E+07   0.403128E+00   0.852310E-03   0.539756E+00  -0.104369E+10
   0.116891E+00   0.207667E+07   0.206735E+07   0.928353E+01   0.928353E+01   0.147735E+06   0.206598E+07   0.207510E+07   0.206598E+07  -0.512949E-01   0.112006E+07   0.111994E+07   0.331810E+00   0.748245E-03   0.539750E+00  -0.958225E+09
   0.122012E+00   0.199197E+07   0.198414E+07   0.817383E+01   0.817383E+01   0.133146E+06   0.198187E+07   0.199066E+07   0.198187E+07  -0.492065E-01   0.107447E+07   0.107436E+07   0.281356E+00   0.658807E-03   0.539745E+00  -0.880639E+09
   0.127134E+00   0.190295E+07   0.189589E+07   0.719239E+01   0.719239E+01   0.119792E+06   0.189333E+07   0.190176E+07   0.189333E+07  -0.470082E-01   0.102648E+07   0.102638E+07   0.251497E+00   0.579705E-03   0.539740E+00  -0.807417E+09
   0.132255E+00   0.180794E+07   0.180098E+07   0.631420E+01   0.631420E+01   0.107432E+06   0.179873E+07   0.180677E+07   0.179873E+07  -0.446595E-01   0.975197E+06   0.975103E+06   0.237882E+00   0.508925E-03   0.539735E+00  -0.737378E+09
   0.137376E+00   0.170889E+07   0.170157E+07   0.553118E+01   0.553118E+01   0.960595E+05   0.170003E+07   0.170766E+07   0.170003E+07  -0.422090E-01   0.921696E+06   0.921600E+06   0.233931E+00   0.445815E-03   0.539731E+00  -0.670943E+09
   0.142497E+00   0.161006E+07   0.160219E+07   0.484296E+01   0.484296E+01   0.857825E+05   0.160153E+07   0.160873E+07   0.160153E+07  -0.397633E-01   0.868298E+06   0.868198E+06   0.232864E+00   0.390346E-03   0.539728E+00  -0.609355E+09
   0.147618E+00   0.151688E+07   0.150854E+07   0.425117E+01   0.425117E+01   0.767375E+05   0.150867E+07   0.151548E+07   0.150867E+07  -0.374578E-01   0.817961E+06   0.817860E+06   0.229344E+00   0.342649E-03   0.539725E+00  -0.554115E+09
   0.152739E+00   0.143451E+07   0.142598E+07   0.375496E+01   0.375496E+01   0.690164E+05   0.142662E+07   0.143307E+07   0.142662E+07  -0.354206E-01   0.773480E+06   0.773379E+06   0.220402E+00   0.302655E-03   0.539721E+00  -0.506413E+09
   0.157860E+00   0.136578E+07   0.135744E+07   0.334677E+01   0.334677E+01   0.625832E+05   0.135822E+07   0.136438E+07   0.135822E+07  -0.337223E-01   0.736398E+06   0.736300E+06   0.205534E+00   0.269756E-03   0.539719E+00  -0.466493E+09
   0.162982E+00   0.131018E+07   0.130238E+07   0.301203E+01   0.301203E+01   0.572581E+05   0.130295E+07   0.130888E+07   0.130295E+07  -0.323501E-01   0.706438E+06   0.706347E+06   0.186195E+00   0.242777E-03   0.539716E+00  -0.433453E+09
   0.168103E+00   0.126485E+07   0.125781E+07   0.273351E+01   0.273351E+01   0.527885E+05   0.125794E+07   0.126367E+07   0.125794E+07  -0.312324E-01   0.682033E+06   0.681950E+06   0.164988E+00   0.220329E-03   0.539714E+00  -0.405730E+09
   0.173224E+00   0.122613E+07   0.121992E+07   0.249568E+01   0.249568E+01   0.489311E+05   0.121952E+07   0.122509E+07   0.121952E+07  -0.302786E-01   0.661206E+06   0.661131E+06   0.144755E+00   0.201160E-03   0.539711E+00  -0.381713E+09
   0.178345E+00   0.119033E+07   0.118486E+07   0.228586E+01   0.228586E+01   0.454775E+05   0.118400E+07   0.118941E+07   0.118400E+07  -0.293968E-01   0.641951E+06   0.641882E+06   0.127774E+00   0.184248E-03   0.539709E+00  -0.359956E+09
   0.183466E+00   0.115404E+07   0.114911E+07   0.209428E+01   0.209428E+01   0.422606E+05   0.114795E+07   0.115321E+07   0.114795E+07  -0.285018E-01   0.622409E+06   0.622345E+06   0.115254E+00   0.168807E-03   0.539708E+00  -0.339257E+09
   0.188587E+00   0.111504E+07   0.111039E+07   0.191513E+01   0.191513E+01   0.391806E+05   0.110917E+07   0.111426E+07   0.110917E+07  -0.275389E-01   0.601383E+06   0.601323E+06   0.107250E+00   0.154368E-03   0.539706E+00  -0.318895E+09
   0.193708E+00   0.107311E+07   0.106852E+07   0.174692E+01   0.174692E+01   0.362195E+05   0.106743E+07   0.107234E+07   0.106743E+07  -0.265026E-01   0.578756E+06   0.578696E+06   0.102887E+00   0.140810E-03   0.539704E+00  -0.298783E+09
   0.198830E+00   0.102963E+07   0.102493E+07   0.159083E+01   0.159083E+01   0.334132E+05   0.102413E+07   0.102884E+07   0.102413E+07  -0.254274E-01   0.555277E+06   0.555217E+06   0.100748E+00   0.128228E-03   0.539703E+00  -0.279278E+09
   0.203951E+00   0.986506E+06   0.981646E+06   0.144853E+01   0.144853E+01   0.308083E+05   0.981171E+06   0.985690E+06   0.981171E+06  -0.243608E-01   0.531989E+06   0.531928E+06   0.992929E-01   0.116759E-03   0.539701E+00  -0.260846E+09
   0.209072E+00   0.945608E+06   0.940619E+06   0.132121E+01   0.132121E+01   0.284419E+05   0.940434E+06   0.944770E+06   0.940434E+06  -0.233494E-01   0.509903E+06   0.509842E+06   0.972542E-01   0.106497E-03   0.539700E+00  -0.243893E+09
   0.214193E+00   0.908524E+06   0.903507E+06   0.120937E+01   0.120937E+01   0.263368E+05   0.903510E+06   0.907681E+06   0.903510E+06  -0.224327E-01   0.489885E+06   0.489825E+06   0.938869E-01   0.974828E-04   0.539698E+00  -0.228716E+09
   0.219314E+00   0.876212E+06   0.871300E+06   0.111251E+01   0.111251E+01   0.244936E+05   0.871361E+06   0.875388E+06   0.871361E+06  -0.216344E-01   0.472455E+06   0.472396E+06   0.890350E-01   0.896757E-04   0.539697E+00  -0.215427E+09
   0.224435E+00   0.848666E+06   0.843980E+06   0.102894E+01   0.102894E+01   0.228861E+05   0.843975E+06   0.847880E+06   0.843975E+06  -0.209545E-01   0.457607E+06   0.457551E+06   0.830329E-01   0.829396E-04   0.539696E+00  -0.203896E+09
   0.229556E+00   0.825005E+06   0.820626E+06   0.956154E+00   0.956154E+00   0.214681E+05   0.820470E+06   0.824270E+06   0.820470E+06  -0.203709E-01   0.444863E+06   0.444811E+06   0.765134E-01   0.770731E-04   0.539695E+00  -0.193796E+09
   0.234678E+00   0.803887E+06   0.799840E+06   0.891501E+00   0.891501E+00   0.201884E+05   0.799502E+06   0.803207E+06   0.799502E+06  -0.198503E-01   0.433495E+06   0.433446E+06   0.701877E-01   0.718620E-04   0.539694E+00  -0.184723E+09
   0.239799E+00   0.783887E+06   0.780141E+06   0.832623E+00   0.832623E+00   0.190011E+05   0.779641E+06   0.783258E+06   0.779641E+06  -0.193572E-01   0.422727E+06   0.422680E+06   0.646501E-01   0.671163E-04   0.539693E+00  -0.176287E+09
   0.244920E+00   0.763794E+06   0.760280E+06   0.777732E+00   0.777732E+00   0.178721E+05   0.759676E+06   0.763204E+06   0.759676E+06  -0.188615E-01   0.411903E+06   0.411859E+06   0.602481E-01   0.626919E-04   0.539692E+00  -0.168182E+09
   0.250041E+00   0.742903E+06   0.739533E+06   0.725799E+00   0.725799E+00   0.167838E+05   0.738904E+06   0.742338E+06   0.738904E+06  -0.183458E-01   0.400641E+06   0.400598E+06   0.570425E-01   0.585059E-04   0.539691E+00  -0.160233E+09
   0.255162E+00   0.721137E+06   0.717828E+06   0.676532E+00   0.676532E+00   0.157346E+05   0.717246E+06   0.720582E+06   0.717246E+06  -0.178080E-01   0.388898E+06   0.388856E+06   0.548455E-01   0.545347E-04   0.539690E+00  -0.152415E+09
   0.260283E+00   0.698899E+06   0.695593E+06   0.630107E+00   0.630107E+00   0.147333E+05   0.695109E+06   0.698344E+06   0.695109E+06  -0.172584E-01   0.376896E+06   0.376855E+06   0.533094E-01   0.507925E-04   0.539690E+00  -0.144805E+09
   0.265404E+00   0.676827E+06   0.673498E+06   0.586867E+00   0.586867E+00   0.137912E+05   0.673132E+06   0.676268E+06   0.673132E+06  -0.167128E-01   0.364981E+06   0.364940E+06   0.520376E-01   0.473071E-04   0.539689E+00  -0.137521E+09
   0.270526E+00   0.655615E+06   0.652271E+06   0.547139E+00   0.547139E+00   0.129194E+05   0.652015E+06   0.655054E+06   0.652015E+06  -0.161884E-01   0.353532E+06   0.353491E+06   0.506875E-01   0.441047E-04   0.539688E+00  -0.130686E+09
   0.275647E+00   0.635874E+06   0.632548E+06   0.511118E+00   0.511118E+00   0.121248E+05   0.632366E+06   0.635316E+06   0.632366E+06  -0.157006E-01   0.342879E+06   0.342838E+06   0.490405E-01   0.412011E-04   0.539687E+00  -0.124393E+09
   0.280768E+00   0.617967E+06   0.614702E+06   0.478765E+00   0.478765E+00   0.114090E+05   0.614551E+06   0.617419E+06   0.614551E+06  -0.152583E-01   0.333220E+06   0.333180E+06   0.470274E-01   0.385932E-04   0.539687E+00  -0.118684E+09
   0.285889E+00   0.601909E+06   0.598747E+06   0.449770E+00   0.449770E+00   0.107667E+05   0.598583E+06   0.601378E+06   0.598583E+06  -0.148618E-01   0.324562E+06   0.324524E+06   0.447123E-01   0.362559E-04   0.539686E+00  -0.113529E+09
   0.291010E+00   0.587416E+06   0.584387E+06   0.423634E+00   0.423634E+00   0.101878E+05   0.584178E+06   0.586908E+06   0.584178E+06  -0.145042E-01   0.316752E+06   0.316715E+06   0.422494E-01   0.341491E-04   0.539685E+00  -0.108848E+09
   0.296131E+00   0.574042E+06   0.571157E+06   0.399803E+00   0.399803E+00   0.966038E+04   0.570889E+06   0.573558E+06   0.570889E+06  -0.141742E-01   0.309547E+06   0.309511E+06   0.398265E-01   0.322281E-04   0.539685E+00  -0.104532E+09
   0.301252E+00   0.561300E+06   0.558551E+06   0.377758E+00   0.377758E+00   0.917295E+04   0.558227E+06   0.560838E+06   0.558227E+06  -0.138599E-01   0.302681E+06   0.302648E+06   0.376111E-01   0.304511E-04   0.539684E+00  -0.100476E+09
   0.306374E+00   0.548756E+06   0.546121E+06   0.357078E+00   0.357078E+00   0.871579E+04   0.545760E+06   0.548313E+06   0.545760E+06  -0.135503E-01   0.295921E+06   0.295889E+06   0.357111E-01   0.287841E-04   0.539684E+00  -0.965902E+08
   0.311495E+00   0.536120E+06   0.533569E+06   0.337483E+00   0.337483E+00   0.828210E+04   0.533196E+06   0.535692E+06   0.533196E+06  -0.132384E-01   0.289110E+06   0.289078E+06   0.341596E-01   0.272044E-04   0.539683E+00  -0.928153E+08
   0.316616E+00   0.523309E+06   0.520811E+06   0.318847E+00   0.318847E+00   0.786871E+04   0.520452E+06   0.522889E+06   0.520452E+06  -0.129220E-01   0.282200E+06   0.282169E+06   0.329201E-01   0.257022E-04   0.539683E+00  -0.891316E+08
   0.321737E+00   0.510425E+06   0.507958E+06   0.301172E+00   0.301172E+00   0.747535E+04   0.507632E+06   0.510011E+06   0.507632E+06  -0.126037E-01   0.275249E+06   0.275218E+06   0.319069E-01   0.242775E-04   0.539682E+00  -0.855525E+08
   0.326858E+00   0.497685E+06   0.495237E+06   0.284521E+00   0.284521E+00   0.710330E+04   0.494955E+06   0.497274E+06   0.494955E+06  -0.122889E-01   0.268375E+06   0.268345E+06   0.310136E-01   0.229353E-04   0.539682E+00  -0.821090E+08
   0.331979E+00   0.485334E+06   0.482905E+06   0.268962E+00   0.268962E+00   0.675405E+04   0.482664E+06   0.484926E+06   0.482664E+06  -0.119837E-01   0.261711E+06   0.261681E+06   0.301413E-01   0.216811E-04   0.539681E+00  -0.788349E+08
   0.337100E+00   0.473580E+06   0.471177E+06   0.254532E+00   0.254532E+00   0.642833E+04   0.470968E+06   0.473177E+06   0.470968E+06  -0.116934E-01   0.255370E+06   0.255340E+06   0.292199E-01   0.205179E-04   0.539681E+00  -0.757561E+08
   0.342222E+00   0.462555E+06   0.460192E+06   0.241220E+00   0.241220E+00   0.612584E+04   0.460000E+06   0.462159E+06   0.460000E+06  -0.114210E-01   0.249423E+06   0.249394E+06   0.282185E-01   0.194449E-04   0.539681E+00  -0.728848E+08
   0.347343E+00   0.452290E+06   0.449982E+06   0.228963E+00   0.228963E+00   0.584490E+04   0.449792E+06   0.451903E+06   0.449792E+06  -0.111676E-01   0.243888E+06   0.243860E+06   0.271444E-01   0.184569E-04   0.539680E+00  -0.702165E+08
   0.352464E+00   0.442714E+06   0.440471E+06   0.217652E+00   0.217652E+00   0.558285E+04   0.440270E+06   0.442337E+06   0.440270E+06  -0.109312E-01   0.238725E+06   0.238698E+06   0.260332E-01   0.175451E-04   0.539680E+00  -0.677316E+08
   0.357585E+00   0.433683E+06   0.431510E+06   0.207150E+00   0.207150E+00   0.533648E+04   0.431293E+06   0.433318E+06   0.431293E+06  -0.107083E-01   0.233858E+06   0.233831E+06   0.249338E-01   0.166986E-04   0.539680E+00  -0.654003E+08
   0.362706E+00   0.425030E+06   0.422926E+06   0.197327E+00   0.197327E+00   0.510283E+04   0.422691E+06   0.424677E+06   0.422691E+06  -0.104947E-01   0.229194E+06   0.229168E+06   0.238943E-01   0.159068E-04   0.539679E+00  -0.631910E+08
   0.367827E+00   0.416600E+06   0.414559E+06   0.188067E+00   0.188067E+00   0.487959E+04   0.414311E+06   0.416258E+06   0.414311E+06  -0.102866E-01   0.224650E+06   0.224624E+06   0.229496E-01   0.151604E-04   0.539679E+00  -0.610759E+08
   0.372948E+00   0.408279E+06   0.406289E+06   0.179284E+00   0.179284E+00   0.466522E+04   0.406036E+06   0.407945E+06   0.406036E+06  -0.100812E-01   0.220163E+06   0.220138E+06   0.221149E-01   0.144524E-04   0.539679E+00  -0.590342E+08
   0.378070E+00   0.400006E+06   0.398056E+06   0.170925E+00   0.170925E+00   0.445910E+04   0.397808E+06   0.399678E+06   0.397808E+06  -0.987691E-02   0.215702E+06   0.215678E+06   0.213850E-01   0.137786E-04   0.539678E+00  -0.570545E+08
   0.383191E+00   0.391790E+06   0.389872E+06   0.162968E+00   0.162968E+00   0.426135E+04   0.389635E+06   0.391468E+06   0.389635E+06  -0.967400E-02   0.211271E+06   0.211247E+06   0.207396E-01   0.131372E-04   0.539678E+00  -0.551356E+08
   0.388312E+00   0.383699E+06   0.381808E+06   0.155420E+00   0.155420E+00   0.407263E+04   0.381587E+06   0.383382E+06   0.381587E+06  -0.947417E-02   0.206907E+06   0.206883E+06   0.201503E-01   0.125288E-04   0.539678E+00  -0.532846E+08
   0.393433E+00   0.375815E+06   0.373948E+06   0.148289E+00   0.148289E+00   0.389352E+04   0.373743E+06   0.375502E+06   0.373743E+06  -0.927942E-02   0.202654E+06   0.202631E+06   0.195882E-01   0.119539E-04   0.539677E+00  -0.515100E+08
   0.398554E+00   0.368201E+06   0.366360E+06   0.141574E+00   0.141574E+00   0.372427E+04   0.366168E+06   0.367892E+06   0.366168E+06  -0.909136E-02   0.198547E+06   0.198524E+06   0.190300E-01   0.114126E-04   0.539677E+00  -0.498176E+08
   0.403675E+00   0.360902E+06   0.359089E+06   0.135268E+00   0.135268E+00   0.356486E+04   0.358908E+06   0.360597E+06   0.358908E+06  -0.891108E-02   0.194610E+06   0.194588E+06   0.184624E-01   0.109043E-04   0.539677E+00  -0.482104E+08
   0.408796E+00   0.353941E+06   0.352162E+06   0.129356E+00   0.129356E+00   0.341498E+04   0.351985E+06   0.353642E+06   0.351985E+06  -0.873920E-02   0.190856E+06   0.190834E+06   0.178835E-01   0.104277E-04   0.539677E+00  -0.466882E+08
   0.413918E+00   0.347313E+06   0.345571E+06   0.123813E+00   0.123813E+00   0.327410E+04   0.345394E+06   0.347020E+06   0.345394E+06  -0.857555E-02   0.187282E+06   0.187261E+06   0.173002E-01   0.998084E-05   0.539676E+00  -0.452471E+08
   0.419039E+00   0.340973E+06   0.339271E+06   0.118600E+00   0.118600E+00   0.314137E+04   0.339090E+06   0.340687E+06   0.339090E+06  -0.841904E-02   0.183864E+06   0.183843E+06   0.167246E-01   0.956065E-05   0.539676E+00  -0.438784E+08
   0.424160E+00   0.334858E+06   0.333195E+06   0.113678E+00   0.113678E+00   0.301585E+04   0.333010E+06   0.334579E+06   0.333010E+06  -0.826809E-02   0.180568E+06   0.180547E+06   0.161699E-01   0.916389E-05   0.539676E+00  -0.425715E+08
   0.429281E+00   0.328912E+06   0.327286E+06   0.109012E+00   0.109012E+00   0.289672E+04   0.327097E+06   0.328639E+06   0.327097E+06  -0.812128E-02   0.177362E+06   0.177342E+06   0.156470E-01   0.878771E-05   0.539676E+00  -0.413168E+08
   0.434402E+00   0.323094E+06   0.321502E+06   0.104574E+00   0.104574E+00   0.278339E+04   0.321312E+06   0.322827E+06   0.321312E+06  -0.797764E-02   0.174225E+06   0.174205E+06   0.151621E-01   0.842997E-05   0.539676E+00  -0.401075E+08
   0.439523E+00   0.317378E+06   0.315816E+06   0.100344E+00   0.100344E+00   0.267541E+04   0.315628E+06   0.317116E+06   0.315628E+06  -0.783651E-02   0.171143E+06   0.171123E+06   0.147159E-01   0.808899E-05   0.539675E+00  -0.389390E+08
   0.444644E+00   0.311752E+06   0.310216E+06   0.963078E-01   0.963078E-01   0.257248E+04   0.310032E+06   0.311494E+06   0.310032E+06  -0.769759E-02   0.168109E+06   0.168090E+06   0.143038E-01   0.776363E-05   0.539675E+00  -0.378082E+08
   0.449766E+00   0.306223E+06   0.304710E+06   0.924576E-01   0.924576E-01   0.247450E+04   0.304533E+06   0.305969E+06   0.304533E+06  -0.756104E-02   0.165127E+06   0.165108E+06   0.139184E-01   0.745325E-05   0.539675E+00  -0.367147E+08
   0.454887E+00   0.300814E+06   0.299323E+06   0.887908E-01   0.887908E-01   0.238145E+04   0.299153E+06   0.300564E+06   0.299153E+06  -0.742747E-02   0.162210E+06   0.162191E+06   0.135510E-01   0.715766E-05   0.539675E+00  -0.356600E+08
   0.460008E+00   0.295552E+06   0.294083E+06   0.853059E-01   0.853059E-01   0.229333E+04   0.293919E+06   0.295306E+06   0.293919E+06  -0.729752E-02   0.159372E+06   0.159354E+06   0.131944E-01   0.687673E-05   0.539675E+00  -0.346461E+08
   0.465129E+00   0.290456E+06   0.289009E+06   0.819989E-01   0.819989E-01   0.221002E+04   0.288850E+06   0.290213E+06   0.288850E+06  -0.717167E-02   0.156624E+06   0.156606E+06   0.128432E-01   0.661015E-05   0.539674E+00  -0.336738E+08
   0.470250E+00   0.285531E+06   0.284107E+06   0.788623E-01   0.788623E-01   0.213127E+04   0.283952E+06   0.285292E+06   0.283952E+06  -0.705006E-02   0.153968E+06   0.153950E+06   0.124954E-01   0.635730E-05   0.539674E+00  -0.327422E+08
   0.475371E+00   0.280772E+06   0.279373E+06   0.758860E-01   0.758860E-01   0.205674E+04   0.279219E+06   0.280537E+06   0.279219E+06  -0.693255E-02   0.151402E+06   0.151384E+06   0.121513E-01   0.611738E-05   0.539674E+00  -0.318497E+08
   0.480492E+00   0.276169E+06   0.274795E+06   0.730595E-01   0.730595E-01   0.198602E+04   0.274642E+06   0.275939E+06   0.274642E+06  -0.681891E-02   0.148920E+06   0.148903E+06   0.118135E-01   0.588953E-05   0.539674E+00  -0.309937E+08
   0.485614E+00   0.271709E+06   0.270359E+06   0.703716E-01   0.703716E-01   0.191873E+04   0.270207E+06   0.271482E+06   0.270207E+06  -0.670879E-02   0.146515E+06   0.146498E+06   0.114855E-01   0.567285E-05   0.539674E+00  -0.301716E+08
   0.490735E+00   0.267372E+06   0.266046E+06   0.678106E-01   0.678106E-01   0.185449E+04   0.265893E+06   0.267149E+06   0.265893E+06  -0.660169E-02   0.144176E+06   0.144160E+06   0.111705E-01   0.546640E-05   0.539674E+00  -0.293801E+08
   0.495856E+00   0.263135E+06   0.261832E+06   0.653647E-01   0.653647E-01   0.179292E+04   0.261680E+06   0.262916E+06   0.261680E+06  -0.649709E-02   0.141892E+06   0.141875E+06   0.108706E-01   0.526924E-05   0.539673E+00  -0.286160E+08
   0.500977E+00   0.258983E+06   0.257702E+06   0.630248E-01   0.630248E-01   0.173377E+04   0.257551E+06   0.258767E+06   0.257551E+06  -0.639457E-02   0.139653E+06   0.139637E+06   0.105864E-01   0.508061E-05   0.539673E+00  -0.278765E+08
   0.506098E+00   0.254911E+06   0.253650E+06   0.607848E-01   0.607848E-01   0.167685E+04   0.253502E+06   0.254699E+06   0.253502E+06  -0.629402E-02   0.137457E+06   0.137441E+06   0.103173E-01   0.490005E-05   0.539673E+00  -0.271606E+08
   0.511219E+00   0.250922E+06   0.249680E+06   0.586408E-01   0.586408E-01   0.162205E+04   0.249534E+06   0.250713E+06   0.249534E+06  -0.619552E-02   0.135306E+06   0.135290E+06   0.100613E-01   0.472722E-05   0.539673E+00  -0.264677E+08
   0.516340E+00   0.247018E+06   0.245794E+06   0.565891E-01   0.565891E-01   0.156923E+04   0.245652E+06   0.246813E+06   0.245652E+06  -0.609913E-02   0.133201E+06   0.133185E+06   0.981615E-02   0.456182E-05   0.539673E+00  -0.257975E+08
   0.521462E+00   0.243202E+06   0.241996E+06   0.546259E-01   0.546259E-01   0.151827E+04   0.241857E+06   0.243000E+06   0.241857E+06  -0.600491E-02   0.131143E+06   0.131128E+06   0.957926E-02   0.440357E-05   0.539673E+00  -0.251496E+08
   0.526583E+00   0.239479E+06   0.238290E+06   0.527485E-01   0.527485E-01   0.146906E+04   0.238154E+06   0.239280E+06   0.238154E+06  -0.591297E-02   0.129135E+06   0.129120E+06   0.934868E-02   0.425223E-05   0.539673E+00  -0.245237E+08
   0.531704E+00   0.235854E+06   0.234683E+06   0.509541E-01   0.509541E-01   0.142152E+04   0.234549E+06   0.235658E+06   0.234549E+06  -0.582347E-02   0.127180E+06   0.127166E+06   0.912329E-02   0.410759E-05   0.539673E+00  -0.239198E+08
   0.536825E+00   0.232330E+06   0.231175E+06   0.492396E-01   0.492396E-01   0.137557E+04   0.231044E+06   0.232136E+06   0.231044E+06  -0.573644E-02   0.125280E+06   0.125265E+06   0.890275E-02   0.396938E-05   0.539672E+00  -0.233376E+08
   0.541946E+00   0.228900E+06   0.227763E+06   0.476001E-01   0.476001E-01   0.133114E+04   0.227633E+06   0.228709E+06   0.227633E+06  -0.565174E-02   0.123430E+06   0.123416E+06   0.868727E-02   0.383722E-05   0.539672E+00  -0.227758E+08
   0.547067E+00   0.225555E+06   0.224436E+06   0.460307E-01   0.460307E-01   0.128816E+04   0.224307E+06   0.225367E+06   0.224307E+06  -0.556917E-02   0.121627E+06   0.121613E+06   0.847751E-02   0.371071E-05   0.539672E+00  -0.222329E+08
   0.559946E+00   0.217493E+06   0.216416E+06   0.423672E-01   0.423672E-01   0.118652E+04   0.216290E+06   0.217312E+06   0.216290E+06  -0.537011E-02   0.117280E+06   0.117266E+06   0.798010E-02   0.341539E-05   0.539672E+00  -0.209452E+08
   0.593872E+00   0.198180E+06   0.197197E+06   0.343203E-01   0.343203E-01   0.964572E+03   0.197083E+06   0.198015E+06   0.197083E+06  -0.489324E-02   0.106865E+06   0.106853E+06   0.687084E-02   0.276669E-05   0.539671E+00  -0.179950E+08
   0.629853E+00   0.180535E+06   0.179641E+06   0.277945E-01   0.277945E-01   0.793301E+03   0.179535E+06   0.180385E+06   0.179535E+06  -0.445756E-02   0.973505E+05   0.973394E+05   0.590559E-02   0.224062E-05   0.539671E+00  -0.154563E+08
   0.879031E+00   0.105536E+06   0.105012E+06   0.834192E-02   0.834192E-02   0.249942E+03   0.104950E+06   0.105448E+06   0.104950E+06  -0.260573E-02   0.569079E+05   0.569013E+05   0.250334E-02   0.672485E-06   0.539669E+00  -0.647405E+07
   0.122679E+01   0.609479E+05   0.606457E+05   0.247341E-02   0.247341E-02   0.759676E+02   0.606093E+05   0.608972E+05   0.606093E+05  -0.150483E-02   0.328649E+05   0.328610E+05   0.106025E-02   0.199395E-06   0.539667E+00  -0.267898E+07
   0.171212E+01   0.348322E+05   0.346593E+05   0.725752E-03   0.725752E-03   0.226746E+02   0.346385E+05   0.348031E+05   0.346385E+05  -0.860018E-03   0.187825E+05   0.187801E+05   0.453839E-03   0.585071E-07   0.539666E+00  -0.109705E+07
   0.238945E+01   0.197285E+05   0.196304E+05   0.211043E-03   0.211043E-03   0.668911E+01   0.196188E+05   0.197120E+05   0.196188E+05  -0.487101E-03   0.106381E+05   0.106367E+05   0.199810E-03   0.170135E-07   0.539665E+00  -0.445218E+06
