#          k/h    CDM            baryon         photon         nu             mass_nu        total          no_nu          total_de       Weyl           v_CDM          v_b            v_b-v_c        ISW            log_grow       pert_vel    
   0.994668E-05   0.155534E+08   0.155534E+08   0.207229E+08   0.207224E+08   0.155556E+08   0.155534E+08   0.155534E+08   0.155589E+08  -0.386613E+00   0.144734E+08   0.144734E+08   0.652371E+01   0.113266E+07  -0.114413E+00  -0.145515E+15
   0.109829E-04   0.155547E+08   0.155547E+08   0.207214E+08   0.207208E+08   0.155569E+08   0.155547E+08   0.155547E+08   0.155602E+08  -0.386646E+00   0.144737E+08   0.144737E+08   0.720315E+01   0.928940E+06  -0.114242E+00  -0.131788E+15
   0.121272E-04   0.155563E+08   0.155563E+08   0.207195E+08   0.207189E+08   0.155585E+08   0.155563E+08   0.155563E+08   0.155619E+08  -0.386687E+00   0.144741E+08   0.144741E+08   0.795330E+01   0.761851E+06  -0.114034E+00  -0.119357E+15
   0.133906E-04   0.155583E+08   0.155583E+08   0.207173E+08   0.207165E+08   0.155605E+08   0.155583E+08   0.155583E+08   0.155638E+08  -0.386736E+00   0.144745E+08   0.144745E+08   0.878150E+01   0.624806E+06  -0.113780E+00  -0.108098E+15
   0.147857E-04   0.155607E+08   0.155607E+08   0.207146E+08   0.207137E+08   0.155629E+08   0.155607E+08   0.155607E+08   0.155663E+08  -0.386796E+00   0.144750E+08   0.144750E+08   0.969585E+01   0.512402E+06  -0.113471E+00  -0.979024E+14
   0.163261E-04   0.155637E+08   0.155637E+08   0.207113E+08   0.207102E+08   0.155658E+08   0.155637E+08   0.155637E+08   0.155692E+08  -0.386869E+00   0.144756E+08   0.144756E+08   0.107053E+02   0.420208E+06  -0.113095E+00  -0.886690E+14
   0.180270E-04   0.155673E+08   0.155673E+08   0.207073E+08   0.207059E+08   0.155694E+08   0.155673E+08   0.155673E+08   0.155728E+08  -0.386958E+00   0.144764E+08   0.144764E+08   0.118196E+02   0.344591E+06  -0.112637E+00  -0.803071E+14
   0.199051E-04   0.155716E+08   0.155716E+08   0.207024E+08   0.207006E+08   0.155737E+08   0.155716E+08   0.155716E+08   0.155772E+08  -0.387067E+00   0.144774E+08   0.144774E+08   0.130497E+02   0.282570E+06  -0.112079E+00  -0.727347E+14
   0.219788E-04   0.155770E+08   0.155770E+08   0.206964E+08   0.206943E+08   0.155790E+08   0.155770E+08   0.155770E+08   0.155825E+08  -0.387199E+00   0.144785E+08   0.144785E+08   0.144075E+02   0.231701E+06  -0.111399E+00  -0.658773E+14
   0.242687E-04   0.155835E+08   0.155835E+08   0.206891E+08   0.206865E+08   0.155855E+08   0.155835E+08   0.155835E+08   0.155890E+08  -0.387360E+00   0.144799E+08   0.144799E+08   0.159062E+02   0.189978E+06  -0.110573E+00  -0.596674E+14
   0.267970E-04   0.155914E+08   0.155914E+08   0.206801E+08   0.206770E+08   0.155933E+08   0.155914E+08   0.155914E+08   0.155969E+08  -0.387556E+00   0.144816E+08   0.144816E+08   0.175602E+02   0.155758E+06  -0.109568E+00  -0.540440E+14
   0.295888E-04   0.156010E+08   0.156010E+08   0.206693E+08   0.206655E+08   0.156029E+08   0.156010E+08   0.156010E+08   0.156065E+08  -0.387795E+00   0.144837E+08   0.144837E+08   0.193854E+02   0.127690E+06  -0.108346E+00  -0.489518E+14
   0.326714E-04   0.156127E+08   0.156127E+08   0.206560E+08   0.206514E+08   0.156145E+08   0.156127E+08   0.156127E+08   0.156182E+08  -0.388085E+00   0.144863E+08   0.144863E+08   0.213993E+02   0.104669E+06  -0.106862E+00  -0.443408E+14
   0.360752E-04   0.156269E+08   0.156269E+08   0.206398E+08   0.206342E+08   0.156286E+08   0.156269E+08   0.156269E+08   0.156324E+08  -0.388438E+00   0.144893E+08   0.144893E+08   0.236211E+02   0.857879E+05  -0.105060E+00  -0.401657E+14
   0.398336E-04   0.156442E+08   0.156442E+08   0.206200E+08   0.206132E+08   0.156458E+08   0.156442E+08   0.156442E+08   0.156497E+08  -0.388867E+00   0.144931E+08   0.144931E+08   0.260716E+02   0.703016E+05  -0.102875E+00  -0.363853E+14
   0.439836E-04   0.156652E+08   0.156652E+08   0.205959E+08   0.205876E+08   0.156666E+08   0.156652E+08   0.156652E+08   0.156707E+08  -0.389388E+00   0.144976E+08   0.144976E+08   0.287739E+02   0.576001E+05  -0.100229E+00  -0.329626E+14
   0.485659E-04   0.156907E+08   0.156907E+08   0.205664E+08   0.205563E+08   0.156920E+08   0.156907E+08   0.156907E+08   0.156962E+08  -0.390021E+00   0.145031E+08   0.145031E+08   0.317529E+02   0.471827E+05  -0.970286E-01  -0.298639E+14
   0.536256E-04   0.157216E+08   0.157216E+08   0.205305E+08   0.205182E+08   0.157227E+08   0.157216E+08   0.157216E+08   0.157271E+08  -0.390788E+00   0.145098E+08   0.145098E+08   0.350359E+02   0.386388E+05  -0.931642E-01  -0.270586E+14
   0.592125E-04   0.157591E+08   0.157590E+08   0.204865E+08   0.204715E+08   0.157598E+08   0.157591E+08   0.157591E+08   0.157645E+08  -0.391717E+00   0.145179E+08   0.145179E+08   0.386521E+02   0.316316E+05  -0.885078E-01  -0.245192E+14
   0.653814E-04   0.158044E+08   0.158043E+08   0.204328E+08   0.204146E+08   0.158048E+08   0.158044E+08   0.158043E+08   0.158098E+08  -0.392840E+00   0.145276E+08   0.145276E+08   0.426335E+02   0.258849E+05  -0.829110E-01  -0.222206E+14
   0.721930E-04   0.158590E+08   0.158590E+08   0.203671E+08   0.203450E+08   0.158591E+08   0.158590E+08   0.158590E+08   0.158644E+08  -0.394196E+00   0.145394E+08   0.145394E+08   0.470139E+02   0.211722E+05  -0.762039E-01  -0.201403E+14
   0.797142E-04   0.159248E+08   0.159248E+08   0.202868E+08   0.202599E+08   0.159244E+08   0.159248E+08   0.159248E+08   0.159303E+08  -0.395829E+00   0.145535E+08   0.145535E+08   0.518297E+02   0.173078E+05  -0.681950E-01  -0.182578E+14
   0.880190E-04   0.160040E+08   0.160039E+08   0.201884E+08   0.201560E+08   0.160029E+08   0.160039E+08   0.160039E+08   0.160093E+08  -0.397791E+00   0.145704E+08   0.145704E+08   0.571190E+02   0.141391E+05  -0.586725E-01  -0.165544E+14
   0.971891E-04   0.160987E+08   0.160986E+08   0.200681E+08   0.200288E+08   0.160970E+08   0.160987E+08   0.160987E+08   0.161040E+08  -0.400142E+00   0.145907E+08   0.145907E+08   0.629216E+02   0.115414E+05  -0.474073E-01  -0.150132E+14
   0.107314E-03   0.162118E+08   0.162117E+08   0.199207E+08   0.198732E+08   0.162092E+08   0.162118E+08   0.162118E+08   0.162171E+08  -0.402946E+00   0.146148E+08   0.146148E+08   0.692780E+02   0.941216E+04  -0.341605E-01  -0.136191E+14
   0.118495E-03   0.163461E+08   0.163460E+08   0.197402E+08   0.196828E+08   0.163424E+08   0.163461E+08   0.163461E+08   0.163514E+08  -0.406279E+00   0.146433E+08   0.146432E+08   0.762288E+02   0.766738E+04  -0.186926E-01  -0.123582E+14
   0.130840E-03   0.165049E+08   0.165048E+08   0.195190E+08   0.194500E+08   0.164999E+08   0.165048E+08   0.165049E+08   0.165101E+08  -0.410217E+00   0.146768E+08   0.146767E+08   0.838134E+02   0.623818E+04  -0.779055E-03  -0.112178E+14
   0.144471E-03   0.166913E+08   0.166912E+08   0.192483E+08   0.191655E+08   0.166848E+08   0.166913E+08   0.166913E+08   0.166964E+08  -0.414842E+00   0.147159E+08   0.147158E+08   0.920675E+02   0.506809E+04   0.197706E-01  -0.101864E+14
   0.159522E-03   0.169087E+08   0.169085E+08   0.189172E+08   0.188181E+08   0.169002E+08   0.169086E+08   0.169087E+08   0.169137E+08  -0.420232E+00   0.147611E+08   0.147611E+08   0.101021E+03   0.411079E+04   0.430890E-01  -0.925366E+13
   0.176142E-03   0.171599E+08   0.171597E+08   0.185129E+08   0.183950E+08   0.171490E+08   0.171598E+08   0.171598E+08   0.171647E+08  -0.426462E+00   0.148129E+08   0.148128E+08   0.110695E+03   0.332827E+04   0.692249E-01  -0.840993E+13
   0.194493E-03   0.174472E+08   0.174469E+08   0.180208E+08   0.178811E+08   0.174335E+08   0.174471E+08   0.174471E+08   0.174519E+08  -0.433586E+00   0.148713E+08   0.148713E+08   0.121094E+03   0.268937E+04   0.981172E-01  -0.764649E+13
   0.214755E-03   0.177719E+08   0.177716E+08   0.174245E+08   0.172601E+08   0.177547E+08   0.177718E+08   0.177718E+08   0.177764E+08  -0.441638E+00   0.149364E+08   0.149363E+08   0.132207E+03   0.216848E+04   0.129574E+00  -0.695531E+13
   0.237129E-03   0.181339E+08   0.181336E+08   0.167066E+08   0.165146E+08   0.181125E+08   0.181338E+08   0.181339E+08   0.181382E+08  -0.450615E+00   0.150074E+08   0.150073E+08   0.143993E+03   0.174456E+04   0.163260E+00  -0.632902E+13
   0.261834E-03   0.185314E+08   0.185309E+08   0.158499E+08   0.156280E+08   0.185048E+08   0.185312E+08   0.185313E+08   0.185354E+08  -0.460468E+00   0.150834E+08   0.150833E+08   0.156375E+03   0.140028E+04   0.198702E+00  -0.576090E+13
   0.289112E-03   0.189600E+08   0.189595E+08   0.148402E+08   0.145868E+08   0.189271E+08   0.189598E+08   0.189599E+08   0.189637E+08  -0.471092E+00   0.151628E+08   0.151626E+08   0.169231E+03   0.112136E+04   0.235305E+00  -0.524478E+13
   0.319233E-03   0.194133E+08   0.194126E+08   0.136690E+08   0.133839E+08   0.193727E+08   0.194130E+08   0.194132E+08   0.194166E+08  -0.482325E+00   0.152431E+08   0.152429E+08   0.182385E+03   0.896013E+03   0.272389E+00  -0.477509E+13
   0.352491E-03   0.198823E+08   0.198815E+08   0.123387E+08   0.120239E+08   0.198324E+08   0.198819E+08   0.198821E+08   0.198852E+08  -0.493946E+00   0.153217E+08   0.153215E+08   0.195591E+03   0.714497E+03   0.309242E+00  -0.434685E+13
   0.389215E-03   0.203562E+08   0.203552E+08   0.108676E+08   0.105281E+08   0.202951E+08   0.203557E+08   0.203560E+08   0.203586E+08  -0.505685E+00   0.153955E+08   0.153952E+08   0.208531E+03   0.568745E+03   0.345170E+00  -0.395566E+13
   0.429764E-03   0.208230E+08   0.208219E+08   0.929570E+07   0.894038E+07   0.207482E+08   0.208224E+08   0.208228E+08   0.208249E+08  -0.517245E+00   0.154612E+08   0.154609E+08   0.220809E+03   0.452084E+03   0.379547E+00  -0.359772E+13
   0.474538E-03   0.212706E+08   0.212693E+08   0.768768E+07   0.732977E+07   0.211792E+08   0.212699E+08   0.212703E+08   0.212719E+08  -0.528325E+00   0.155159E+08   0.155156E+08   0.231959E+03   0.358996E+03   0.411861E+00  -0.326980E+13
   0.523976E-03   0.216877E+08   0.216862E+08   0.613208E+07   0.578915E+07   0.215763E+08   0.216870E+08   0.216875E+08   0.216886E+08  -0.538649E+00   0.155574E+08   0.155570E+08   0.241459E+03   0.284931E+03   0.441731E+00  -0.296919E+13
   0.578566E-03   0.220654E+08   0.220636E+08   0.473198E+07   0.442474E+07   0.219297E+08   0.220644E+08   0.220651E+08   0.220657E+08  -0.547990E+00   0.155840E+08   0.155836E+08   0.248771E+03   0.226150E+03   0.468920E+00  -0.269364E+13
   0.638842E-03   0.223970E+08   0.223949E+08   0.358550E+07   0.333508E+07   0.222320E+08   0.223959E+08   0.223967E+08   0.223968E+08  -0.556191E+00   0.155953E+08   0.155948E+08   0.253391E+03   0.179591E+03   0.493325E+00  -0.244126E+13
   0.705398E-03   0.226792E+08   0.226768E+08   0.275658E+07   0.258010E+07   0.224790E+08   0.226779E+08   0.226788E+08   0.226786E+08  -0.563166E+00   0.155918E+08   0.155912E+08   0.254912E+03   0.142763E+03   0.514956E+00  -0.221042E+13
   0.778888E-03   0.229114E+08   0.229087E+08   0.224370E+07   0.214892E+07   0.226689E+08   0.229098E+08   0.229110E+08   0.229104E+08  -0.568904E+00   0.155745E+08   0.155739E+08   0.253092E+03   0.113652E+03   0.533916E+00  -0.199965E+13
   0.860035E-03   0.230953E+08   0.230924E+08   0.196328E+07   0.194445E+07   0.228022E+08   0.230935E+08   0.230948E+08   0.230940E+08  -0.573447E+00   0.155452E+08   0.155446E+08   0.247899E+03   0.906379E+02   0.550373E+00  -0.180756E+13
   0.949635E-03   0.232344E+08   0.232311E+08   0.176990E+07   0.180780E+07   0.228810E+08   0.232322E+08   0.232339E+08   0.232327E+08  -0.576880E+00   0.155057E+08   0.155050E+08   0.239509E+03   0.724279E+02   0.564535E+00  -0.163285E+13
   0.104857E-02   0.233328E+08   0.233293E+08   0.152446E+07   0.159330E+07   0.229079E+08   0.233302E+08   0.233322E+08   0.233306E+08  -0.579305E+00   0.154576E+08   0.154569E+08   0.228260E+03   0.579967E+02   0.576631E+00  -0.147421E+13
   0.115781E-02   0.233951E+08   0.233913E+08   0.118360E+07   0.126335E+07   0.228857E+08   0.233920E+08   0.233944E+08   0.233923E+08  -0.580831E+00   0.154025E+08   0.154018E+08   0.214578E+03   0.465358E+02   0.586897E+00  -0.133035E+13
   0.127844E-02   0.234252E+08   0.234213E+08   0.833720E+06   0.920367E+06   0.228171E+08   0.234217E+08   0.234246E+08   0.234219E+08  -0.581560E+00   0.153414E+08   0.153406E+08   0.198945E+03   0.374122E+02   0.595560E+00  -0.120004E+13
   0.141163E-02   0.234270E+08   0.234229E+08   0.598347E+06   0.701944E+06   0.227049E+08   0.234229E+08   0.234263E+08   0.234230E+08  -0.581582E+00   0.152747E+08   0.152739E+08   0.181946E+03   0.301317E+02   0.602837E+00  -0.108209E+13
   0.155869E-02   0.234030E+08   0.233989E+08   0.480113E+06   0.588809E+06   0.225508E+08   0.233983E+08   0.234023E+08   0.233984E+08  -0.580965E+00   0.152026E+08   0.152018E+08   0.164345E+03   0.243064E+02   0.608924E+00  -0.975368E+12
   0.172108E-02   0.233555E+08   0.233514E+08   0.358897E+06   0.481960E+06   0.223560E+08   0.233501E+08   0.233548E+08   0.233502E+08  -0.579765E+00   0.151248E+08   0.151241E+08   0.147042E+03   0.196357E+02   0.613998E+00  -0.878821E+12
   0.190039E-02   0.232858E+08   0.232816E+08   0.210616E+06   0.394122E+06   0.221218E+08   0.232796E+08   0.232851E+08   0.232797E+08  -0.578011E+00   0.150408E+08   0.150401E+08   0.130868E+03   0.158799E+02   0.618213E+00  -0.791482E+12
   0.209838E-02   0.231945E+08   0.231904E+08   0.153974E+06   0.321991E+06   0.218494E+08   0.231875E+08   0.231938E+08   0.231875E+08  -0.575720E+00   0.149497E+08   0.149490E+08   0.116421E+03   0.128533E+02   0.621705E+00  -0.712464E+12
   0.231699E-02   0.230819E+08   0.230777E+08   0.159047E+06   0.262813E+06   0.215396E+08   0.230739E+08   0.230812E+08   0.230739E+08  -0.572898E+00   0.148506E+08   0.148499E+08   0.104041E+03   0.104099E+02   0.624592E+00  -0.640963E+12
   0.255838E-02   0.229476E+08   0.229433E+08   0.119082E+06   0.214305E+06   0.211935E+08   0.229386E+08   0.229469E+08   0.229387E+08  -0.569538E+00   0.147424E+08   0.147417E+08   0.937120E+02   0.843370E+01   0.626973E+00  -0.576256E+12
   0.282492E-02   0.227912E+08   0.227867E+08   0.109425E+06   0.174573E+06   0.208120E+08   0.227811E+08   0.227904E+08   0.227811E+08  -0.565624E+00   0.146238E+08   0.146231E+08   0.849712E+02   0.683320E+01   0.628933E+00  -0.517688E+12
   0.311923E-02   0.226117E+08   0.226069E+08   0.817189E+05   0.142056E+06   0.203948E+08   0.226004E+08   0.226109E+08   0.226004E+08  -0.561137E+00   0.144938E+08   0.144931E+08   0.771833E+02   0.553567E+01   0.630543E+00  -0.464674E+12
   0.344419E-02   0.224081E+08   0.224031E+08   0.548367E+05   0.115465E+06   0.199418E+08   0.223956E+08   0.224073E+08   0.223956E+08  -0.556051E+00   0.143511E+08   0.143503E+08   0.698210E+02   0.448278E+01   0.631864E+00  -0.416686E+12
   0.380302E-02   0.221794E+08   0.221741E+08   0.333047E+05   0.937373E+05   0.194517E+08   0.221656E+08   0.221785E+08   0.221656E+08  -0.550339E+00   0.141944E+08   0.141937E+08   0.627569E+02   0.362807E+01   0.632944E+00  -0.373252E+12
   0.419923E-02   0.219242E+08   0.219186E+08   0.373432E+05   0.759982E+05   0.189241E+08   0.219090E+08   0.219232E+08   0.219091E+08  -0.543969E+00   0.140227E+08   0.140220E+08   0.562398E+02   0.293402E+01   0.633826E+00  -0.333946E+12
   0.463671E-02   0.216412E+08   0.216352E+08   0.305733E+05   0.615288E+05   0.183583E+08   0.216247E+08   0.216402E+08   0.216247E+08  -0.536908E+00   0.138348E+08   0.138341E+08   0.505339E+02   0.237042E+01   0.634544E+00  -0.298383E+12
   0.511978E-02   0.213291E+08   0.213226E+08   0.190166E+05   0.497377E+05   0.177556E+08   0.213111E+08   0.213280E+08   0.213111E+08  -0.529122E+00   0.136294E+08   0.136287E+08   0.455598E+02   0.191285E+01   0.635126E+00  -0.266218E+12
   0.565317E-02   0.209870E+08   0.209798E+08   0.146299E+05   0.401402E+05   0.170924E+08   0.209674E+08   0.209858E+08   0.209674E+08  -0.520588E+00   0.134058E+08   0.134051E+08   0.410204E+02   0.154151E+01   0.635593E+00  -0.237145E+12
   0.624213E-02   0.206122E+08   0.206043E+08   0.999552E+04   0.323347E+05   0.164012E+08   0.205909E+08   0.206109E+08   0.205910E+08  -0.511241E+00   0.131622E+08   0.131615E+08   0.368233E+02   0.124028E+01   0.635968E+00  -0.210866E+12
   0.689245E-02   0.202037E+08   0.201950E+08   0.372966E+04   0.259951E+05   0.156694E+08   0.201808E+08   0.202023E+08   0.201808E+08  -0.501058E+00   0.128977E+08   0.128971E+08   0.331019E+02   0.996119E+00   0.636266E+00  -0.187134E+12
   0.761052E-02   0.197602E+08   0.197504E+08   0.128771E+04   0.208528E+05   0.149059E+08   0.197356E+08   0.197585E+08   0.197356E+08  -0.490003E+00   0.126114E+08   0.126107E+08   0.298058E+02   0.798410E+00   0.636501E+00  -0.165715E+12
   0.840340E-02   0.192800E+08   0.192689E+08   0.407226E+04   0.166875E+05   0.141189E+08   0.192537E+08   0.192781E+08   0.192537E+08  -0.478039E+00   0.123022E+08   0.123015E+08   0.268138E+02   0.638497E+00   0.636684E+00  -0.146399E+12
   0.927889E-02   0.187618E+08   0.187492E+08   0.146315E+04   0.133190E+05   0.133079E+08   0.187338E+08   0.187596E+08   0.187338E+08  -0.465132E+00   0.119691E+08   0.119684E+08   0.241553E+02   0.509321E+00   0.636825E+00  -0.128996E+12
   0.102456E-01   0.182041E+08   0.181898E+08   0.161924E+04   0.105993E+05   0.124731E+08   0.181746E+08   0.182017E+08   0.181746E+08  -0.451247E+00   0.116111E+08   0.116105E+08   0.217847E+02   0.405129E+00   0.636930E+00  -0.113331E+12
   0.113130E-01   0.176057E+08   0.175893E+08   0.939064E+03   0.840751E+04   0.116212E+08   0.175746E+08   0.176029E+08   0.175746E+08  -0.436350E+00   0.112274E+08   0.112267E+08   0.196706E+02   0.321229E+00   0.637005E+00  -0.992459E+11
   0.124916E-01   0.169651E+08   0.169463E+08   0.112724E+04   0.664470E+04   0.107597E+08   0.169326E+08   0.169619E+08   0.169326E+08  -0.420409E+00   0.108170E+08   0.108163E+08   0.177907E+02   0.253795E+00   0.637057E+00  -0.865962E+11
   0.137930E-01   0.162813E+08   0.162599E+08   0.281802E+03   0.523013E+04   0.989476E+07   0.162475E+08   0.162777E+08   0.162475E+08  -0.403400E+00   0.103793E+08   0.103786E+08   0.161169E+02   0.199712E+00   0.637090E+00  -0.752521E+11
   0.152300E-01   0.155539E+08   0.155294E+08   0.115523E+04   0.409791E+04   0.902899E+07   0.155190E+08   0.155498E+08   0.155190E+08  -0.385311E+00   0.991388E+07   0.991322E+07   0.146223E+02   0.156443E+00   0.637107E+00  -0.650960E+11
   0.168167E-01   0.148002E+08   0.147723E+08   0.440194E+03   0.319806E+04   0.818202E+07   0.147642E+08   0.147955E+08   0.147642E+08  -0.366572E+00   0.943188E+07   0.943121E+07   0.132931E+02   0.122069E+00   0.637111E+00  -0.560877E+11
   0.185687E-01   0.139910E+08   0.139595E+08   0.128302E+03   0.247947E+04   0.734171E+07   0.139543E+08   0.139857E+08   0.139543E+08  -0.346462E+00   0.891465E+07   0.891398E+07   0.120820E+02   0.946270E-01   0.637105E+00  -0.480101E+11
   0.205033E-01   0.131438E+08   0.131084E+08   0.805182E+03   0.191037E+04   0.652483E+07   0.131066E+08   0.131379E+08   0.131066E+08  -0.325415E+00   0.837333E+07   0.837266E+07   0.109724E+02   0.728999E-01   0.637090E+00  -0.408400E+11
   0.226393E-01   0.122518E+08   0.122126E+08   0.336593E+03   0.146042E+04   0.573342E+07   0.122144E+08   0.122452E+08   0.122144E+08  -0.303264E+00   0.780364E+07   0.780297E+07   0.993239E+01   0.557255E-01   0.637070E+00  -0.344702E+11
   0.249980E-01   0.113470E+08   0.113042E+08   0.238064E+03   0.110926E+04   0.498782E+07   0.113097E+08   0.113398E+08   0.113097E+08  -0.280803E+00   0.722594E+07   0.722527E+07   0.894542E+01   0.423242E-01   0.637045E+00  -0.289068E+11
   0.276023E-01   0.104400E+08   0.103942E+08   0.231849E+03   0.837007E+03   0.429456E+07   0.104033E+08   0.104323E+08   0.104033E+08  -0.258297E+00   0.664710E+07   0.664644E+07   0.798879E+01   0.319353E-01   0.637017E+00  -0.240822E+11
   0.304780E-01   0.953496E+07   0.948707E+07   0.147665E+03   0.626928E+03   0.365618E+07   0.949913E+07   0.952692E+07   0.949913E+07  -0.235848E+00   0.606967E+07   0.606903E+07   0.703614E+01   0.239197E-01   0.636986E+00  -0.199153E+11
   0.336533E-01   0.865627E+07   0.860779E+07   0.102964E+03   0.466773E+03   0.308154E+07   0.862179E+07   0.864813E+07   0.862179E+07  -0.214065E+00   0.550935E+07   0.550874E+07   0.607786E+01   0.178093E-01   0.636954E+00  -0.163712E+11
   0.371593E-01   0.783571E+07   0.778849E+07   0.517341E+02   0.346530E+03   0.257882E+07   0.780294E+07   0.782778E+07   0.780294E+07  -0.193734E+00   0.498636E+07   0.498579E+07   0.511621E+01   0.132218E-01   0.636922E+00  -0.134191E+11
   0.410307E-01   0.709339E+07   0.704957E+07   0.316657E+02   0.257290E+03   0.214879E+07   0.706266E+07   0.708603E+07   0.706267E+07  -0.175354E+00   0.451353E+07   0.451302E+07   0.416482E+01   0.981722E-02   0.636889E+00  -0.110006E+11
   0.451338E-01   0.647402E+07   0.643547E+07   0.194077E+03   0.194077E+03   0.180311E+07   0.644547E+07   0.646755E+07   0.644547E+07  -0.160030E+00   0.411935E+07   0.411891E+07   0.325212E+01   0.740483E-02   0.636865E+00  -0.912716E+10
   0.492368E-01   0.598422E+07   0.595178E+07   0.150754E+03   0.150754E+03   0.153755E+07   0.595775E+07   0.597877E+07   0.595775E+07  -0.147921E+00   0.380782E+07   0.380744E+07   0.252747E+01   0.575215E-02   0.636836E+00  -0.773383E+10
   0.533399E-01   0.558959E+07   0.556326E+07   0.119997E+03   0.119997E+03   0.132869E+07   0.556503E+07   0.558517E+07   0.556503E+07  -0.138170E+00   0.355695E+07   0.355664E+07   0.195033E+01   0.457880E-02   0.636811E+00  -0.666861E+10
   0.574430E-01   0.525734E+07   0.523636E+07   0.973283E+02   0.973283E+02   0.115902E+07   0.523444E+07   0.525382E+07   0.523444E+07  -0.129962E+00   0.334578E+07   0.334551E+07   0.151665E+01   0.371400E-02   0.636788E+00  -0.582466E+10
   0.615460E-01   0.496184E+07   0.494496E+07   0.800262E+02   0.800262E+02   0.101660E+07   0.494035E+07   0.495900E+07   0.494035E+07  -0.122661E+00   0.315791E+07   0.315768E+07   0.121300E+01   0.305391E-02   0.636768E+00  -0.513109E+10
   0.656491E-01   0.468334E+07   0.466907E+07   0.663917E+02   0.663917E+02   0.893330E+06   0.466302E+07   0.468094E+07   0.466302E+07  -0.115775E+00   0.298073E+07   0.298053E+07   0.101816E+01   0.253371E-02   0.636749E+00  -0.454052E+10
   0.697522E-01   0.440785E+07   0.439474E+07   0.553518E+02   0.553518E+02   0.784013E+06   0.438851E+07   0.440565E+07   0.438851E+07  -0.108959E+00   0.280534E+07   0.280515E+07   0.905972E+00   0.211249E-02   0.636732E+00  -0.402197E+10
   0.738552E-01   0.413770E+07   0.412453E+07   0.463449E+02   0.463449E+02   0.687315E+06   0.411917E+07   0.413549E+07   0.411917E+07  -0.102272E+00   0.263324E+07   0.263306E+07   0.850433E+00   0.176881E-02   0.636716E+00  -0.356550E+10
   0.779583E-01   0.386420E+07   0.385018E+07   0.388426E+02   0.388426E+02   0.600342E+06   0.384641E+07   0.386184E+07   0.384641E+07  -0.955000E-01   0.245894E+07   0.245875E+07   0.824610E+00   0.148252E-02   0.636702E+00  -0.315425E+10
   0.820614E-01   0.360071E+07   0.358549E+07   0.326618E+02   0.326618E+02   0.523993E+06   0.358361E+07   0.359816E+07   0.358361E+07  -0.889750E-01   0.229099E+07   0.229080E+07   0.808838E+00   0.124666E-02   0.636689E+00  -0.279187E+10
   0.861644E-01   0.335451E+07   0.333818E+07   0.275966E+02   0.275966E+02   0.457964E+06   0.333808E+07   0.335177E+07   0.333808E+07  -0.828789E-01   0.213408E+07   0.213387E+07   0.788183E+00   0.105335E-02   0.636677E+00  -0.247680E+10
   0.912856E-01   0.308075E+07   0.306367E+07   0.225780E+02   0.225780E+02   0.389218E+06   0.306516E+07   0.307788E+07   0.306516E+07  -0.761028E-01   0.195965E+07   0.195944E+07   0.743054E+00   0.861819E-03   0.636663E+00  -0.214676E+10
   0.964067E-01   0.285248E+07   0.283565E+07   0.187420E+02   0.187420E+02   0.334314E+06   0.283775E+07   0.284965E+07   0.283775E+07  -0.704567E-01   0.181430E+07   0.181410E+07   0.673357E+00   0.715413E-03   0.636651E+00  -0.188196E+10
   0.101528E+00   0.267251E+07   0.265695E+07   0.158329E+02   0.158329E+02   0.291272E+06   0.265864E+07   0.266990E+07   0.265864E+07  -0.660097E-01   0.169982E+07   0.169964E+07   0.585641E+00   0.604384E-03   0.636640E+00  -0.167427E+10
   0.106649E+00   0.253427E+07   0.252069E+07   0.136077E+02   0.136077E+02   0.257474E+06   0.252123E+07   0.253199E+07   0.252123E+07  -0.625979E-01   0.161199E+07   0.161183E+07   0.491812E+00   0.519452E-03   0.636629E+00  -0.151152E+10
   0.111770E+00   0.242412E+07   0.241277E+07   0.118522E+02   0.118522E+02   0.230150E+06   0.241184E+07   0.242222E+07   0.241184E+07  -0.598821E-01   0.154207E+07   0.154194E+07   0.404369E+00   0.452444E-03   0.636620E+00  -0.137971E+10
   0.116891E+00   0.232734E+07   0.231803E+07   0.104050E+02   0.104050E+02   0.207026E+06   0.231575E+07   0.232578E+07   0.231575E+07  -0.574963E-01   0.148066E+07   0.148054E+07   0.332950E+00   0.397202E-03   0.636612E+00  -0.126672E+10
   0.122012E+00   0.223244E+07   0.222461E+07   0.916123E+01   0.916123E+01   0.186568E+06   0.222145E+07   0.223113E+07   0.222145E+07  -0.551549E-01   0.142038E+07   0.142027E+07   0.282403E+00   0.349725E-03   0.636604E+00  -0.116415E+10
   0.127134E+00   0.213267E+07   0.212561E+07   0.806121E+01   0.806121E+01   0.167920E+06   0.212220E+07   0.213149E+07   0.212220E+07  -0.526906E-01   0.135693E+07   0.135683E+07   0.252458E+00   0.307734E-03   0.636597E+00  -0.106735E+10
   0.132255E+00   0.202619E+07   0.201923E+07   0.707692E+01   0.707692E+01   0.150728E+06   0.201615E+07   0.202502E+07   0.201615E+07  -0.500577E-01   0.128914E+07   0.128904E+07   0.238760E+00   0.270161E-03   0.636591E+00  -0.974761E+09
   0.137376E+00   0.191516E+07   0.190784E+07   0.619931E+01   0.619931E+01   0.134956E+06   0.190551E+07   0.191393E+07   0.190551E+07  -0.473107E-01   0.121841E+07   0.121831E+07   0.234731E+00   0.236659E-03   0.636585E+00  -0.886935E+09
   0.142497E+00   0.180438E+07   0.179651E+07   0.542794E+01   0.542794E+01   0.120727E+06   0.179509E+07   0.180305E+07   0.179509E+07  -0.445692E-01   0.114781E+07   0.114771E+07   0.233590E+00   0.207215E-03   0.636580E+00  -0.805518E+09
   0.147618E+00   0.169993E+07   0.169159E+07   0.476466E+01   0.476466E+01   0.108210E+06   0.169101E+07   0.169853E+07   0.169101E+07  -0.419849E-01   0.108127E+07   0.108117E+07   0.230005E+00   0.181896E-03   0.636575E+00  -0.732492E+09
   0.152739E+00   0.160760E+07   0.159908E+07   0.420851E+01   0.420851E+01   0.975234E+05   0.159903E+07   0.160617E+07   0.159903E+07  -0.397013E-01   0.102247E+07   0.102236E+07   0.221007E+00   0.160666E-03   0.636570E+00  -0.669432E+09
   0.157860E+00   0.153057E+07   0.152224E+07   0.375101E+01   0.375101E+01   0.886184E+05   0.152236E+07   0.152917E+07   0.152236E+07  -0.377976E-01   0.973443E+06   0.973346E+06   0.206091E+00   0.143203E-03   0.636566E+00  -0.616660E+09
   0.162982E+00   0.146828E+07   0.146048E+07   0.337583E+01   0.337583E+01   0.812482E+05   0.146041E+07   0.146697E+07   0.146041E+07  -0.362595E-01   0.933837E+06   0.933746E+06   0.186713E+00   0.128881E-03   0.636563E+00  -0.572983E+09
   0.168103E+00   0.141748E+07   0.141044E+07   0.306367E+01   0.306367E+01   0.750653E+05   0.140995E+07   0.141629E+07   0.140995E+07  -0.350067E-01   0.901574E+06   0.901491E+06   0.165473E+00   0.116965E-03   0.636559E+00  -0.536335E+09
   0.173224E+00   0.137410E+07   0.136789E+07   0.279711E+01   0.279711E+01   0.697333E+05   0.136688E+07   0.137305E+07   0.136688E+07  -0.339375E-01   0.874042E+06   0.873967E+06   0.145212E+00   0.106790E-03   0.636556E+00  -0.504585E+09
   0.178345E+00   0.133399E+07   0.132852E+07   0.256194E+01   0.256194E+01   0.649615E+05   0.132707E+07   0.133307E+07   0.132707E+07  -0.329490E-01   0.848587E+06   0.848518E+06   0.128205E+00   0.978123E-04   0.636553E+00  -0.475823E+09
   0.183466E+00   0.129332E+07   0.128839E+07   0.234723E+01   0.234723E+01   0.605141E+05   0.128667E+07   0.129250E+07   0.128667E+07  -0.319458E-01   0.822753E+06   0.822690E+06   0.115661E+00   0.896155E-04   0.636550E+00  -0.448460E+09
   0.188587E+00   0.124962E+07   0.124497E+07   0.214644E+01   0.214644E+01   0.562485E+05   0.124319E+07   0.124884E+07   0.124319E+07  -0.308664E-01   0.794958E+06   0.794898E+06   0.107632E+00   0.819504E-04   0.636548E+00  -0.421544E+09
   0.193708E+00   0.120262E+07   0.119803E+07   0.195790E+01   0.195790E+01   0.521371E+05   0.119641E+07   0.120185E+07   0.119641E+07  -0.297049E-01   0.765047E+06   0.764987E+06   0.103246E+00   0.747529E-04   0.636545E+00  -0.394957E+09
   0.198830E+00   0.115389E+07   0.114919E+07   0.178296E+01   0.178296E+01   0.482303E+05   0.114787E+07   0.115310E+07   0.114787E+07  -0.284997E-01   0.734009E+06   0.733949E+06   0.101083E+00   0.680742E-04   0.636543E+00  -0.369174E+09
   0.203951E+00   0.110555E+07   0.110069E+07   0.162348E+01   0.162348E+01   0.445939E+05   0.109972E+07   0.110474E+07   0.109972E+07  -0.273042E-01   0.703223E+06   0.703163E+06   0.996062E-01   0.619856E-04   0.636541E+00  -0.344808E+09
   0.209072E+00   0.105971E+07   0.105472E+07   0.148078E+01   0.148078E+01   0.412808E+05   0.105406E+07   0.105888E+07   0.105406E+07  -0.261705E-01   0.674028E+06   0.673967E+06   0.975474E-01   0.565381E-04   0.636539E+00  -0.322398E+09
   0.214193E+00   0.101815E+07   0.101313E+07   0.135543E+01   0.135543E+01   0.383238E+05   0.101267E+07   0.101731E+07   0.101267E+07  -0.251430E-01   0.647565E+06   0.647505E+06   0.941620E-01   0.517528E-04   0.636537E+00  -0.302334E+09
   0.219314E+00   0.981936E+06   0.977024E+06   0.124687E+01   0.124687E+01   0.357236E+05   0.976637E+06   0.981111E+06   0.976637E+06  -0.242483E-01   0.624524E+06   0.624466E+06   0.892943E-01   0.476085E-04   0.636535E+00  -0.284768E+09
   0.224435E+00   0.951067E+06   0.946381E+06   0.115321E+01   0.115321E+01   0.334423E+05   0.945942E+06   0.950281E+06   0.945942E+06  -0.234862E-01   0.604897E+06   0.604841E+06   0.832786E-01   0.440327E-04   0.636534E+00  -0.269525E+09
   0.229556E+00   0.924554E+06   0.920175E+06   0.107163E+01   0.107163E+01   0.314139E+05   0.919595E+06   0.923819E+06   0.919595E+06  -0.228320E-01   0.588051E+06   0.587998E+06   0.767471E-01   0.409186E-04   0.636532E+00  -0.256174E+09
   0.234678E+00   0.900892E+06   0.896844E+06   0.999170E+00   0.999170E+00   0.295658E+05   0.896092E+06   0.900212E+06   0.896092E+06  -0.222485E-01   0.573023E+06   0.572973E+06   0.704107E-01   0.381523E-04   0.636531E+00  -0.244180E+09
   0.239799E+00   0.878482E+06   0.874736E+06   0.933180E+00   0.933180E+00   0.278342E+05   0.873830E+06   0.877853E+06   0.873830E+06  -0.216958E-01   0.558788E+06   0.558742E+06   0.648630E-01   0.356331E-04   0.636530E+00  -0.233029E+09
   0.244920E+00   0.855966E+06   0.852452E+06   0.871659E+00   0.871659E+00   0.261737E+05   0.851452E+06   0.855376E+06   0.851452E+06  -0.211402E-01   0.544480E+06   0.544436E+06   0.604514E-01   0.332843E-04   0.636528E+00  -0.222315E+09
   0.250041E+00   0.832556E+06   0.829185E+06   0.813454E+00   0.813454E+00   0.245634E+05   0.828169E+06   0.831990E+06   0.828169E+06  -0.205621E-01   0.529592E+06   0.529550E+06   0.572364E-01   0.310621E-04   0.636527E+00  -0.211807E+09
   0.255162E+00   0.808162E+06   0.804853E+06   0.758236E+00   0.758236E+00   0.230055E+05   0.803893E+06   0.807606E+06   0.803893E+06  -0.199593E-01   0.514070E+06   0.514028E+06   0.550301E-01   0.289538E-04   0.636526E+00  -0.201473E+09
   0.260283E+00   0.783238E+06   0.779932E+06   0.706205E+00   0.706205E+00   0.215164E+05   0.779080E+06   0.782682E+06   0.779080E+06  -0.193433E-01   0.498205E+06   0.498163E+06   0.534849E-01   0.269670E-04   0.636524E+00  -0.191413E+09
   0.265404E+00   0.758499E+06   0.755170E+06   0.657743E+00   0.657743E+00   0.201154E+05   0.754448E+06   0.757940E+06   0.754448E+06  -0.187317E-01   0.482454E+06   0.482413E+06   0.522045E-01   0.251166E-04   0.636523E+00  -0.181785E+09
   0.270526E+00   0.734725E+06   0.731381E+06   0.613216E+00   0.613216E+00   0.188196E+05   0.730778E+06   0.734164E+06   0.730778E+06  -0.181440E-01   0.467319E+06   0.467278E+06   0.508462E-01   0.234164E-04   0.636522E+00  -0.172749E+09
   0.275647E+00   0.712600E+06   0.709274E+06   0.572845E+00   0.572845E+00   0.176403E+05   0.708755E+06   0.712042E+06   0.708755E+06  -0.175972E-01   0.453237E+06   0.453197E+06   0.491917E-01   0.218748E-04   0.636521E+00  -0.164430E+09
   0.280768E+00   0.692532E+06   0.689266E+06   0.536585E+00   0.536585E+00   0.165801E+05   0.688787E+06   0.691983E+06   0.688787E+06  -0.171014E-01   0.440469E+06   0.440429E+06   0.471718E-01   0.204902E-04   0.636520E+00  -0.156883E+09
   0.285889E+00   0.674536E+06   0.671374E+06   0.504087E+00   0.504087E+00   0.156318E+05   0.670889E+06   0.674005E+06   0.670889E+06  -0.166571E-01   0.429024E+06   0.428986E+06   0.448506E-01   0.192492E-04   0.636519E+00  -0.150070E+09
   0.291010E+00   0.658295E+06   0.655266E+06   0.474795E+00   0.474795E+00   0.147810E+05   0.654744E+06   0.657787E+06   0.654744E+06  -0.162562E-01   0.418700E+06   0.418663E+06   0.423821E-01   0.181306E-04   0.636518E+00  -0.143881E+09
   0.296131E+00   0.643309E+06   0.640424E+06   0.448086E+00   0.448086E+00   0.140108E+05   0.639849E+06   0.642825E+06   0.639849E+06  -0.158864E-01   0.409176E+06   0.409140E+06   0.399541E-01   0.171107E-04   0.636517E+00  -0.138177E+09
   0.301252E+00   0.629030E+06   0.626282E+06   0.423379E+00   0.423379E+00   0.133042E+05   0.625657E+06   0.628569E+06   0.625657E+06  -0.155340E-01   0.400101E+06   0.400067E+06   0.377338E-01   0.161672E-04   0.636516E+00  -0.132815E+09
   0.306374E+00   0.614973E+06   0.612338E+06   0.400201E+00   0.400201E+00   0.126466E+05   0.611682E+06   0.614531E+06   0.611682E+06  -0.151871E-01   0.391165E+06   0.391132E+06   0.358293E-01   0.152821E-04   0.636515E+00  -0.127679E+09
   0.311495E+00   0.600814E+06   0.598262E+06   0.378239E+00   0.378239E+00   0.120273E+05   0.597601E+06   0.600385E+06   0.597601E+06  -0.148374E-01   0.382160E+06   0.382128E+06   0.342733E-01   0.144434E-04   0.636515E+00  -0.122689E+09
   0.316616E+00   0.586456E+06   0.583958E+06   0.357353E+00   0.357353E+00   0.114405E+05   0.583317E+06   0.586037E+06   0.583317E+06  -0.144828E-01   0.373026E+06   0.372995E+06   0.330294E-01   0.136458E-04   0.636514E+00  -0.117819E+09
   0.321737E+00   0.572016E+06   0.569550E+06   0.337543E+00   0.337543E+00   0.108847E+05   0.568949E+06   0.571602E+06   0.568949E+06  -0.141261E-01   0.363838E+06   0.363807E+06   0.320119E-01   0.128894E-04   0.636513E+00  -0.113088E+09
   0.326858E+00   0.557739E+06   0.555291E+06   0.318882E+00   0.318882E+00   0.103604E+05   0.554739E+06   0.557328E+06   0.554739E+06  -0.137733E-01   0.354752E+06   0.354721E+06   0.311145E-01   0.121768E-04   0.636513E+00  -0.108536E+09
   0.331979E+00   0.543897E+06   0.541467E+06   0.301444E+00   0.301444E+00   0.986885E+04   0.540963E+06   0.543489E+06   0.540963E+06  -0.134312E-01   0.345943E+06   0.345912E+06   0.302383E-01   0.115110E-04   0.636512E+00  -0.104208E+09
   0.337100E+00   0.530724E+06   0.528320E+06   0.285271E+00   0.285271E+00   0.941003E+04   0.527855E+06   0.530320E+06   0.527855E+06  -0.131058E-01   0.337560E+06   0.337530E+06   0.293132E-01   0.108934E-04   0.636511E+00  -0.100139E+09
   0.342222E+00   0.518368E+06   0.516005E+06   0.270351E+00   0.270351E+00   0.898264E+04   0.515562E+06   0.517971E+06   0.515562E+06  -0.128006E-01   0.329699E+06   0.329670E+06   0.283083E-01   0.103238E-04   0.636511E+00  -0.963430E+08
   0.347343E+00   0.506864E+06   0.504556E+06   0.256614E+00   0.256614E+00   0.858356E+04   0.504120E+06   0.506476E+06   0.504120E+06  -0.125165E-01   0.322383E+06   0.322354E+06   0.272311E-01   0.979926E-05   0.636510E+00  -0.928160E+08
   0.352464E+00   0.496132E+06   0.493889E+06   0.243936E+00   0.243936E+00   0.820841E+04   0.493448E+06   0.495756E+06   0.493448E+06  -0.122515E-01   0.315558E+06   0.315531E+06   0.261169E-01   0.931521E-05   0.636510E+00  -0.895313E+08
   0.357585E+00   0.486012E+06   0.483840E+06   0.232167E+00   0.232167E+00   0.785237E+04   0.483386E+06   0.485648E+06   0.483386E+06  -0.120017E-01   0.309124E+06   0.309097E+06   0.250147E-01   0.886584E-05   0.636509E+00  -0.864496E+08
   0.362706E+00   0.476315E+06   0.474212E+06   0.221157E+00   0.221157E+00   0.751129E+04   0.473745E+06   0.475962E+06   0.473745E+06  -0.117623E-01   0.302959E+06   0.302933E+06   0.239726E-01   0.844546E-05   0.636509E+00  -0.835292E+08
   0.367827E+00   0.466869E+06   0.464827E+06   0.210778E+00   0.210778E+00   0.718236E+04   0.464352E+06   0.466526E+06   0.464352E+06  -0.115291E-01   0.296952E+06   0.296927E+06   0.230254E-01   0.804919E-05   0.636508E+00  -0.807333E+08
   0.372948E+00   0.457544E+06   0.455553E+06   0.200935E+00   0.200935E+00   0.686413E+04   0.455078E+06   0.457209E+06   0.455078E+06  -0.112988E-01   0.291022E+06   0.290997E+06   0.221882E-01   0.767333E-05   0.636508E+00  -0.780345E+08
   0.378070E+00   0.448272E+06   0.446323E+06   0.191566E+00   0.191566E+00   0.655654E+04   0.445856E+06   0.447945E+06   0.445856E+06  -0.110699E-01   0.285124E+06   0.285100E+06   0.214560E-01   0.731559E-05   0.636507E+00  -0.754175E+08
   0.383191E+00   0.439065E+06   0.437147E+06   0.182649E+00   0.182649E+00   0.626051E+04   0.436696E+06   0.438743E+06   0.436696E+06  -0.108424E-01   0.279267E+06   0.279243E+06   0.208082E-01   0.697509E-05   0.636507E+00  -0.728810E+08
   0.388312E+00   0.429998E+06   0.428107E+06   0.174189E+00   0.174189E+00   0.597760E+04   0.427675E+06   0.429680E+06   0.427675E+06  -0.106185E-01   0.273498E+06   0.273475E+06   0.202168E-01   0.665204E-05   0.636506E+00  -0.704342E+08
   0.393433E+00   0.421162E+06   0.419295E+06   0.166196E+00   0.166196E+00   0.570899E+04   0.418883E+06   0.420848E+06   0.418883E+06  -0.104002E-01   0.267876E+06   0.267853E+06   0.196526E-01   0.634681E-05   0.636506E+00  -0.680884E+08
   0.398554E+00   0.412629E+06   0.410787E+06   0.158671E+00   0.158671E+00   0.545522E+04   0.410394E+06   0.412320E+06   0.410394E+06  -0.101894E-01   0.262448E+06   0.262425E+06   0.190923E-01   0.605943E-05   0.636505E+00  -0.658514E+08
   0.403675E+00   0.404448E+06   0.402636E+06   0.151604E+00   0.151604E+00   0.521625E+04   0.402256E+06   0.404144E+06   0.402256E+06  -0.998735E-02   0.257244E+06   0.257221E+06   0.185228E-01   0.578955E-05   0.636505E+00  -0.637268E+08
   0.408796E+00   0.396648E+06   0.394869E+06   0.144978E+00   0.144978E+00   0.499167E+04   0.394497E+06   0.396349E+06   0.394497E+06  -0.979470E-02   0.252282E+06   0.252260E+06   0.179420E-01   0.553653E-05   0.636505E+00  -0.617147E+08
   0.413918E+00   0.389220E+06   0.387478E+06   0.138764E+00   0.138764E+00   0.478070E+04   0.387109E+06   0.388927E+06   0.387109E+06  -0.961129E-02   0.247558E+06   0.247536E+06   0.173570E-01   0.529926E-05   0.636504E+00  -0.598098E+08
   0.419039E+00   0.382115E+06   0.380413E+06   0.132923E+00   0.132923E+00   0.458213E+04   0.380044E+06   0.381829E+06   0.380044E+06  -0.943587E-02   0.243040E+06   0.243019E+06   0.167798E-01   0.507617E-05   0.636504E+00  -0.580006E+08
   0.424160E+00   0.375263E+06   0.373600E+06   0.127406E+00   0.127406E+00   0.439465E+04   0.373230E+06   0.374984E+06   0.373230E+06  -0.926668E-02   0.238682E+06   0.238661E+06   0.162235E-01   0.486551E-05   0.636504E+00  -0.562730E+08
   0.429281E+00   0.368599E+06   0.366973E+06   0.122176E+00   0.122176E+00   0.421715E+04   0.366603E+06   0.368326E+06   0.366603E+06  -0.910214E-02   0.234444E+06   0.234424E+06   0.156991E-01   0.466578E-05   0.636503E+00  -0.546144E+08
   0.434402E+00   0.362079E+06   0.360487E+06   0.117202E+00   0.117202E+00   0.404880E+04   0.360119E+06   0.361812E+06   0.360119E+06  -0.894115E-02   0.230298E+06   0.230278E+06   0.152128E-01   0.447583E-05   0.636503E+00  -0.530160E+08
   0.439523E+00   0.355673E+06   0.354111E+06   0.112462E+00   0.112462E+00   0.388902E+04   0.353747E+06   0.355411E+06   0.353747E+06  -0.878297E-02   0.226224E+06   0.226204E+06   0.147652E-01   0.429479E-05   0.636503E+00  -0.514713E+08
   0.444644E+00   0.349369E+06   0.347832E+06   0.107938E+00   0.107938E+00   0.373742E+04   0.347476E+06   0.349111E+06   0.347476E+06  -0.862726E-02   0.222213E+06   0.222194E+06   0.143517E-01   0.412204E-05   0.636502E+00  -0.499766E+08
   0.449766E+00   0.343172E+06   0.341659E+06   0.103623E+00   0.103623E+00   0.359388E+04   0.341312E+06   0.342918E+06   0.341312E+06  -0.847422E-02   0.218272E+06   0.218253E+06   0.139650E-01   0.395724E-05   0.636502E+00  -0.485311E+08
   0.454887E+00   0.337111E+06   0.335620E+06   0.995133E-01   0.995133E-01   0.345842E+04   0.335283E+06   0.336860E+06   0.335283E+06  -0.832451E-02   0.214415E+06   0.214397E+06   0.135964E-01   0.380030E-05   0.636502E+00  -0.471371E+08
   0.460008E+00   0.331214E+06   0.329745E+06   0.956075E-01   0.956075E-01   0.333101E+04   0.329417E+06   0.330967E+06   0.329417E+06  -0.817887E-02   0.210664E+06   0.210646E+06   0.132385E-01   0.365114E-05   0.636501E+00  -0.457968E+08
   0.465129E+00   0.325503E+06   0.324056E+06   0.919012E-01   0.919012E-01   0.321139E+04   0.323736E+06   0.325260E+06   0.323736E+06  -0.803782E-02   0.207031E+06   0.207013E+06   0.128862E-01   0.350959E-05   0.636501E+00  -0.445115E+08
   0.470250E+00   0.319983E+06   0.318559E+06   0.883857E-01   0.883857E-01   0.309907E+04   0.318246E+06   0.319744E+06   0.318246E+06  -0.790151E-02   0.203521E+06   0.203503E+06   0.125372E-01   0.337534E-05   0.636501E+00  -0.432802E+08
   0.475371E+00   0.314650E+06   0.313250E+06   0.850501E-01   0.850501E-01   0.299333E+04   0.312941E+06   0.314415E+06   0.312941E+06  -0.776981E-02   0.200128E+06   0.200111E+06   0.121920E-01   0.324796E-05   0.636500E+00  -0.421003E+08
   0.480492E+00   0.309492E+06   0.308117E+06   0.818823E-01   0.818823E-01   0.289340E+04   0.307811E+06   0.309261E+06   0.307811E+06  -0.764245E-02   0.196848E+06   0.196831E+06   0.118532E-01   0.312698E-05   0.636500E+00  -0.409689E+08
   0.485614E+00   0.304493E+06   0.303144E+06   0.788698E-01   0.788698E-01   0.279852E+04   0.302840E+06   0.304267E+06   0.302840E+06  -0.751902E-02   0.193669E+06   0.193652E+06   0.115242E-01   0.301194E-05   0.636500E+00  -0.398821E+08
   0.490735E+00   0.299633E+06   0.298307E+06   0.759994E-01   0.759994E-01   0.270796E+04   0.298006E+06   0.299410E+06   0.298006E+06  -0.739899E-02   0.190577E+06   0.190561E+06   0.112083E-01   0.290233E-05   0.636500E+00  -0.388360E+08
   0.495856E+00   0.294885E+06   0.293582E+06   0.732582E-01   0.732582E-01   0.262111E+04   0.293284E+06   0.294666E+06   0.293284E+06  -0.728175E-02   0.187558E+06   0.187541E+06   0.109075E-01   0.279765E-05   0.636500E+00  -0.378259E+08
   0.500977E+00   0.290231E+06   0.288951E+06   0.706357E-01   0.706357E-01   0.253748E+04   0.288656E+06   0.290016E+06   0.288656E+06  -0.716685E-02   0.184598E+06   0.184582E+06   0.106224E-01   0.269751E-05   0.636499E+00  -0.368484E+08
   0.506098E+00   0.285668E+06   0.284407E+06   0.681252E-01   0.681252E-01   0.245679E+04   0.284117E+06   0.285456E+06   0.284117E+06  -0.705416E-02   0.181696E+06   0.181680E+06   0.103524E-01   0.260164E-05   0.636499E+00  -0.359020E+08
   0.511219E+00   0.281198E+06   0.279956E+06   0.657223E-01   0.657223E-01   0.237878E+04   0.279671E+06   0.280989E+06   0.279671E+06  -0.694376E-02   0.178852E+06   0.178837E+06   0.100956E-01   0.250988E-05   0.636499E+00  -0.349862E+08
   0.516340E+00   0.276823E+06   0.275599E+06   0.634228E-01   0.634228E-01   0.230322E+04   0.275320E+06   0.276618E+06   0.275320E+06  -0.683573E-02   0.176070E+06   0.176054E+06   0.984961E-02   0.242207E-05   0.636499E+00  -0.341003E+08
   0.521462E+00   0.272547E+06   0.271341E+06   0.612226E-01   0.612226E-01   0.222982E+04   0.271066E+06   0.272345E+06   0.271066E+06  -0.673013E-02   0.173350E+06   0.173335E+06   0.961193E-02   0.233806E-05   0.636499E+00  -0.332438E+08
   0.526583E+00   0.268375E+06   0.267185E+06   0.591184E-01   0.591184E-01   0.215837E+04   0.266916E+06   0.268175E+06   0.266916E+06  -0.662708E-02   0.170695E+06   0.170681E+06   0.938059E-02   0.225771E-05   0.636498E+00  -0.324164E+08
   0.531704E+00   0.264312E+06   0.263140E+06   0.571074E-01   0.571074E-01   0.208871E+04   0.262876E+06   0.264116E+06   0.262876E+06  -0.652677E-02   0.168112E+06   0.168097E+06   0.915447E-02   0.218091E-05   0.636498E+00  -0.316182E+08
   0.536825E+00   0.260363E+06   0.259208E+06   0.551858E-01   0.551858E-01   0.202072E+04   0.258947E+06   0.260169E+06   0.258947E+06  -0.642923E-02   0.165599E+06   0.165585E+06   0.893322E-02   0.210754E-05   0.636498E+00  -0.308486E+08
   0.541946E+00   0.256519E+06   0.255381E+06   0.533483E-01   0.533483E-01   0.195436E+04   0.255124E+06   0.256328E+06   0.255124E+06  -0.633430E-02   0.163154E+06   0.163140E+06   0.871707E-02   0.203737E-05   0.636498E+00  -0.301060E+08
   0.547067E+00   0.252771E+06   0.251651E+06   0.515893E-01   0.515893E-01   0.188964E+04   0.251396E+06   0.252583E+06   0.251396E+06  -0.624176E-02   0.160771E+06   0.160757E+06   0.850665E-02   0.197020E-05   0.636498E+00  -0.293884E+08
   0.559946E+00   0.243736E+06   0.242658E+06   0.474835E-01   0.474835E-01   0.173510E+04   0.242410E+06   0.243555E+06   0.242410E+06  -0.601865E-02   0.155024E+06   0.155011E+06   0.800768E-02   0.181341E-05   0.636497E+00  -0.276862E+08
   0.593872E+00   0.222093E+06   0.221109E+06   0.384648E-01   0.384648E-01   0.140240E+04   0.220884E+06   0.221928E+06   0.220884E+06  -0.548418E-02   0.141258E+06   0.141246E+06   0.689484E-02   0.146897E-05   0.636496E+00  -0.237865E+08
   0.629853E+00   0.202319E+06   0.201424E+06   0.311510E-01   0.311510E-01   0.116184E+04   0.201217E+06   0.202168E+06   0.201217E+06  -0.499589E-02   0.128681E+06   0.128670E+06   0.592649E-02   0.118965E-05   0.636495E+00  -0.204308E+08
   0.879031E+00   0.118269E+06   0.117746E+06   0.934927E-02   0.934927E-02   0.369795E+03   0.117624E+06   0.118181E+06   0.117624E+06  -0.292040E-02   0.752226E+05   0.752159E+05   0.251313E-02   0.357062E-06   0.636492E+00  -0.855763E+07
   0.122679E+01   0.683016E+05   0.679995E+05   0.277209E-02   0.277209E-02   0.112295E+03   0.679284E+05   0.682509E+05   0.679284E+05  -0.168655E-02   0.434417E+05   0.434378E+05   0.106513E-02   0.105871E-06   0.636490E+00  -0.354117E+07
   0.171212E+01   0.390349E+05   0.388620E+05   0.813391E-03   0.813391E-03   0.335460E+02   0.388214E+05   0.390058E+05   0.388214E+05  -0.963871E-03   0.248272E+05   0.248248E+05   0.456503E-03   0.310651E-07   0.636489E+00  -0.145011E+07
   0.238945E+01   0.221088E+05   0.220107E+05   0.236528E-03   0.236528E-03   0.994291E+01   0.219879E+05   0.220924E+05   0.219879E+05  -0.545922E-03   0.140618E+05   0.140603E+05   0.201418E-03   0.903353E-08   0.636488E+00  -0.588504E+06
