#          k/h    CDM            baryon         photon         nu             mass_nu        total          no_nu          total_de       Weyl           v_CDM          v_b            v_b-v_c        ISW            log_grow       pert_vel    
   0.994668E-05   0.157928E+08   0.157928E+08   0.210440E+08   0.210436E+08   0.157950E+08   0.157928E+08   0.157928E+08   0.157984E+08  -0.463883E+00   0.852353E+07   0.852353E+07   0.617759E+01   0.963403E+06   0.626843E+00  -0.856954E+14
   0.109829E-04   0.157930E+08   0.157930E+08   0.210415E+08   0.210409E+08   0.157952E+08   0.157930E+08   0.157930E+08   0.157986E+08  -0.463888E+00   0.852361E+07   0.852361E+07   0.682099E+01   0.790211E+06   0.626833E+00  -0.776106E+14
   0.121272E-04   0.157932E+08   0.157932E+08   0.210383E+08   0.210377E+08   0.157954E+08   0.157933E+08   0.157932E+08   0.157989E+08  -0.463895E+00   0.852372E+07   0.852372E+07   0.753134E+01   0.648160E+06   0.626821E+00  -0.702887E+14
   0.133906E-04   0.157935E+08   0.157935E+08   0.210344E+08   0.210337E+08   0.157957E+08   0.157935E+08   0.157935E+08   0.157992E+08  -0.463904E+00   0.852384E+07   0.852384E+07   0.831560E+01   0.531650E+06   0.626806E+00  -0.636577E+14
   0.147857E-04   0.157939E+08   0.157939E+08   0.210297E+08   0.210288E+08   0.157961E+08   0.157939E+08   0.157939E+08   0.157995E+08  -0.463914E+00   0.852400E+07   0.852400E+07   0.918145E+01   0.436088E+06   0.626788E+00  -0.576525E+14
   0.163261E-04   0.157943E+08   0.157943E+08   0.210240E+08   0.210229E+08   0.157965E+08   0.157943E+08   0.157943E+08   0.157999E+08  -0.463927E+00   0.852419E+07   0.852418E+07   0.101373E+02   0.357709E+06   0.626766E+00  -0.522140E+14
   0.180270E-04   0.157948E+08   0.157948E+08   0.210170E+08   0.210156E+08   0.157970E+08   0.157949E+08   0.157948E+08   0.158005E+08  -0.463942E+00   0.852442E+07   0.852442E+07   0.111926E+02   0.293423E+06   0.626739E+00  -0.472887E+14
   0.199051E-04   0.157955E+08   0.157955E+08   0.210085E+08   0.210068E+08   0.157976E+08   0.157955E+08   0.157955E+08   0.158011E+08  -0.463961E+00   0.852470E+07   0.852470E+07   0.123574E+02   0.240695E+06   0.626707E+00  -0.428283E+14
   0.219788E-04   0.157963E+08   0.157963E+08   0.209982E+08   0.209961E+08   0.157983E+08   0.157963E+08   0.157963E+08   0.158019E+08  -0.463984E+00   0.852504E+07   0.852504E+07   0.136432E+02   0.197448E+06   0.626667E+00  -0.387889E+14
   0.242687E-04   0.157972E+08   0.157972E+08   0.209855E+08   0.209830E+08   0.157992E+08   0.157972E+08   0.157972E+08   0.158028E+08  -0.464012E+00   0.852545E+07   0.852545E+07   0.150624E+02   0.161977E+06   0.626618E+00  -0.351308E+14
   0.267970E-04   0.157984E+08   0.157984E+08   0.209701E+08   0.209671E+08   0.158004E+08   0.157984E+08   0.157984E+08   0.158040E+08  -0.464045E+00   0.852596E+07   0.852596E+07   0.166287E+02   0.132884E+06   0.626559E+00  -0.318180E+14
   0.295888E-04   0.157998E+08   0.157998E+08   0.209514E+08   0.209476E+08   0.158017E+08   0.157998E+08   0.157998E+08   0.158054E+08  -0.464087E+00   0.852658E+07   0.852658E+07   0.183572E+02   0.109022E+06   0.626488E+00  -0.288180E+14
   0.326714E-04   0.158015E+08   0.158015E+08   0.209285E+08   0.209240E+08   0.158034E+08   0.158016E+08   0.158015E+08   0.158071E+08  -0.464137E+00   0.852733E+07   0.852733E+07   0.202643E+02   0.894499E+05   0.626400E+00  -0.261012E+14
   0.360752E-04   0.158036E+08   0.158036E+08   0.209007E+08   0.208951E+08   0.158054E+08   0.158037E+08   0.158036E+08   0.158092E+08  -0.464198E+00   0.852825E+07   0.852824E+07   0.223683E+02   0.733971E+05   0.626294E+00  -0.236410E+14
   0.398336E-04   0.158062E+08   0.158062E+08   0.208668E+08   0.208600E+08   0.158078E+08   0.158062E+08   0.158062E+08   0.158118E+08  -0.464273E+00   0.852936E+07   0.852936E+07   0.246891E+02   0.602306E+05   0.626164E+00  -0.214133E+14
   0.439836E-04   0.158093E+08   0.158093E+08   0.208255E+08   0.208173E+08   0.158108E+08   0.158093E+08   0.158093E+08   0.158149E+08  -0.464364E+00   0.853072E+07   0.853072E+07   0.272482E+02   0.494314E+05   0.626007E+00  -0.193960E+14
   0.485659E-04   0.158131E+08   0.158131E+08   0.207753E+08   0.207653E+08   0.158144E+08   0.158131E+08   0.158131E+08   0.158187E+08  -0.464475E+00   0.853238E+07   0.853238E+07   0.300695E+02   0.405739E+05   0.625815E+00  -0.175693E+14
   0.536256E-04   0.158178E+08   0.158177E+08   0.207143E+08   0.207021E+08   0.158188E+08   0.158178E+08   0.158178E+08   0.158233E+08  -0.464610E+00   0.853439E+07   0.853439E+07   0.331787E+02   0.333089E+05   0.625583E+00  -0.159154E+14
   0.592125E-04   0.158234E+08   0.158234E+08   0.206400E+08   0.206253E+08   0.158242E+08   0.158234E+08   0.158234E+08   0.158289E+08  -0.464774E+00   0.853685E+07   0.853684E+07   0.366037E+02   0.273500E+05   0.625301E+00  -0.144178E+14
   0.653814E-04   0.158302E+08   0.158302E+08   0.205498E+08   0.205319E+08   0.158307E+08   0.158302E+08   0.158302E+08   0.158357E+08  -0.464973E+00   0.853983E+07   0.853982E+07   0.403746E+02   0.224624E+05   0.624960E+00  -0.130620E+14
   0.721930E-04   0.158386E+08   0.158385E+08   0.204403E+08   0.204185E+08   0.158387E+08   0.158386E+08   0.158386E+08   0.158440E+08  -0.465216E+00   0.854345E+07   0.854344E+07   0.445238E+02   0.184535E+05   0.624546E+00  -0.118346E+14
   0.797142E-04   0.158487E+08   0.158486E+08   0.203075E+08   0.202810E+08   0.158483E+08   0.158487E+08   0.158487E+08   0.158541E+08  -0.465510E+00   0.854785E+07   0.854784E+07   0.490856E+02   0.151652E+05   0.624047E+00  -0.107235E+14
   0.880190E-04   0.158609E+08   0.158609E+08   0.201466E+08   0.201145E+08   0.158600E+08   0.158609E+08   0.158609E+08   0.158663E+08  -0.465867E+00   0.855319E+07   0.855317E+07   0.540963E+02   0.124679E+05   0.623444E+00  -0.971778E+13
   0.971891E-04   0.158758E+08   0.158757E+08   0.199519E+08   0.199131E+08   0.158741E+08   0.158758E+08   0.158758E+08   0.158811E+08  -0.466300E+00   0.855966E+07   0.855964E+07   0.595938E+02   0.102553E+05   0.622719E+00  -0.880754E+13
   0.107314E-03   0.158938E+08   0.158937E+08   0.197167E+08   0.196698E+08   0.158913E+08   0.158938E+08   0.158938E+08   0.158990E+08  -0.466825E+00   0.856749E+07   0.856747E+07   0.656167E+02   0.844019E+04   0.621849E+00  -0.798383E+13
   0.118495E-03   0.159156E+08   0.159155E+08   0.194333E+08   0.193768E+08   0.159120E+08   0.159155E+08   0.159155E+08   0.159207E+08  -0.467458E+00   0.857696E+07   0.857693E+07   0.722039E+02   0.695105E+04   0.620808E+00  -0.723852E+13
   0.130840E-03   0.159418E+08   0.159417E+08   0.190927E+08   0.190246E+08   0.159370E+08   0.159418E+08   0.159418E+08   0.159469E+08  -0.468223E+00   0.858838E+07   0.858835E+07   0.793930E+02   0.572919E+04   0.619568E+00  -0.656428E+13
   0.144471E-03   0.159734E+08   0.159733E+08   0.186844E+08   0.186026E+08   0.159670E+08   0.159734E+08   0.159734E+08   0.159784E+08  -0.469144E+00   0.860214E+07   0.860210E+07   0.872187E+02   0.472646E+04   0.618097E+00  -0.595445E+13
   0.159522E-03   0.160114E+08   0.160112E+08   0.181970E+08   0.180992E+08   0.160031E+08   0.160113E+08   0.160114E+08   0.160162E+08  -0.470250E+00   0.861865E+07   0.861861E+07   0.957101E+02   0.390338E+04   0.616362E+00  -0.540298E+13
   0.176142E-03   0.160568E+08   0.160566E+08   0.176179E+08   0.175014E+08   0.160462E+08   0.160568E+08   0.160568E+08   0.160615E+08  -0.471574E+00   0.863842E+07   0.863837E+07   0.104888E+03   0.322752E+04   0.614328E+00  -0.490442E+13
   0.194493E-03   0.161110E+08   0.161108E+08   0.169339E+08   0.167958E+08   0.160976E+08   0.161109E+08   0.161110E+08   0.161154E+08  -0.473152E+00   0.866199E+07   0.866192E+07   0.114760E+03   0.267230E+04   0.611963E+00  -0.445379E+13
   0.214755E-03   0.161754E+08   0.161751E+08   0.161316E+08   0.159691E+08   0.161585E+08   0.161752E+08   0.161753E+08   0.161795E+08  -0.475026E+00   0.868997E+07   0.868989E+07   0.125315E+03   0.221592E+04   0.609235E+00  -0.404659E+13
   0.237129E-03   0.162513E+08   0.162510E+08   0.151991E+08   0.150092E+08   0.162303E+08   0.162512E+08   0.162513E+08   0.162552E+08  -0.477239E+00   0.872299E+07   0.872290E+07   0.136517E+03   0.184046E+04   0.606120E+00  -0.367871E+13
   0.261834E-03   0.163404E+08   0.163400E+08   0.141271E+08   0.139073E+08   0.163143E+08   0.163402E+08   0.163404E+08   0.163440E+08  -0.479835E+00   0.876174E+07   0.876162E+07   0.148299E+03   0.153125E+04   0.602604E+00  -0.334641E+13
   0.289112E-03   0.164442E+08   0.164437E+08   0.129114E+08   0.126601E+08   0.164119E+08   0.164440E+08   0.164441E+08   0.164474E+08  -0.482858E+00   0.880684E+07   0.880670E+07   0.160547E+03   0.127625E+04   0.598684E+00  -0.304627E+13
   0.319233E-03   0.165640E+08   0.165634E+08   0.115565E+08   0.112733E+08   0.165241E+08   0.165637E+08   0.165639E+08   0.165668E+08  -0.486348E+00   0.885890E+07   0.885874E+07   0.173098E+03   0.106561E+04   0.594374E+00  -0.277515E+13
   0.352491E-03   0.167009E+08   0.167001E+08   0.100787E+08   0.976543E+07   0.166519E+08   0.167005E+08   0.167007E+08   0.167032E+08  -0.490336E+00   0.891839E+07   0.891819E+07   0.185723E+03   0.891265E+03   0.589708E+00  -0.253019E+13
   0.389215E-03   0.168555E+08   0.168546E+08   0.851084E+07   0.817222E+07   0.167954E+08   0.168550E+08   0.168553E+08   0.168573E+08  -0.494841E+00   0.898557E+07   0.898534E+07   0.198125E+03   0.746614E+03   0.584737E+00  -0.230872E+13
   0.429764E-03   0.170278E+08   0.170267E+08   0.690553E+07   0.654996E+07   0.169542E+08   0.170273E+08   0.170276E+08   0.170291E+08  -0.499864E+00   0.906045E+07   0.906018E+07   0.209930E+03   0.626287E+03   0.579532E+00  -0.210830E+13
   0.474538E-03   0.172171E+08   0.172159E+08   0.533653E+07   0.497676E+07   0.171271E+08   0.172165E+08   0.172169E+08   0.172179E+08  -0.505383E+00   0.914268E+07   0.914236E+07   0.220693E+03   0.525909E+03   0.574178E+00  -0.192671E+13
   0.523976E-03   0.174217E+08   0.174202E+08   0.389565E+07   0.354867E+07   0.173118E+08   0.174209E+08   0.174214E+08   0.174219E+08  -0.511348E+00   0.923150E+07   0.923114E+07   0.229917E+03   0.441930E+03   0.568772E+00  -0.176187E+13
   0.578566E-03   0.176388E+08   0.176370E+08   0.268214E+07   0.236814E+07   0.175048E+08   0.176378E+08   0.176385E+08   0.176385E+08  -0.517681E+00   0.932572E+07   0.932531E+07   0.237084E+03   0.371472E+03   0.563413E+00  -0.161192E+13
   0.638842E-03   0.178646E+08   0.178626E+08   0.178269E+07   0.152237E+07   0.177016E+08   0.178635E+08   0.178643E+08   0.178640E+08  -0.524274E+00   0.942368E+07   0.942322E+07   0.241703E+03   0.312205E+03   0.558197E+00  -0.147516E+13
   0.705398E-03   0.180948E+08   0.180925E+08   0.124294E+07   0.105335E+07   0.178969E+08   0.180935E+08   0.180944E+08   0.180938E+08  -0.530997E+00   0.952338E+07   0.952286E+07   0.243378E+03   0.262247E+03   0.553209E+00  -0.135011E+13
   0.778888E-03   0.183241E+08   0.183214E+08   0.103814E+07   0.927554E+06   0.180842E+08   0.183225E+08   0.183236E+08   0.183228E+08  -0.537699E+00   0.962252E+07   0.962196E+07   0.241866E+03   0.220070E+03   0.548521E+00  -0.123545E+13
   0.860035E-03   0.185471E+08   0.185442E+08   0.105941E+07   0.102349E+07   0.182569E+08   0.185453E+08   0.185466E+08   0.185455E+08  -0.544222E+00   0.971869E+07   0.971808E+07   0.237125E+03   0.184429E+03   0.544185E+00  -0.113006E+13
   0.949635E-03   0.187586E+08   0.187554E+08   0.113729E+07   0.115950E+07   0.184084E+08   0.187564E+08   0.187581E+08   0.187567E+08  -0.550410E+00   0.980950E+07   0.980885E+07   0.229316E+03   0.154307E+03   0.540234E+00  -0.103300E+13
   0.104857E-02   0.189536E+08   0.189501E+08   0.111329E+07   0.117205E+07   0.185323E+08   0.189511E+08   0.189530E+08   0.189514E+08  -0.556116E+00   0.989274E+07   0.989205E+07   0.218751E+03   0.128859E+03   0.536681E+00  -0.943474E+12
   0.115781E-02   0.191280E+08   0.191243E+08   0.932238E+06   0.101331E+07   0.186226E+08   0.191250E+08   0.191274E+08   0.191253E+08  -0.561216E+00   0.996647E+07   0.996576E+07   0.205827E+03   0.107385E+03   0.533525E+00  -0.860823E+12
   0.127844E-02   0.192784E+08   0.192745E+08   0.678256E+06   0.784533E+06   0.186747E+08   0.192749E+08   0.192778E+08   0.192751E+08  -0.565609E+00   0.100291E+08   0.100284E+08   0.190992E+03   0.892924E+02   0.530751E+00  -0.784503E+12
   0.141163E-02   0.194023E+08   0.193983E+08   0.482713E+06   0.631080E+06   0.186851E+08   0.193983E+08   0.194017E+08   0.193984E+08  -0.569223E+00   0.100795E+08   0.100788E+08   0.174799E+03   0.740822E+02   0.528337E+00  -0.714054E+12
   0.155869E-02   0.194981E+08   0.194940E+08   0.364951E+06   0.490562E+06   0.186512E+08   0.194934E+08   0.194974E+08   0.194936E+08  -0.572011E+00   0.101169E+08   0.101161E+08   0.157979E+03   0.613264E+02   0.526253E+00  -0.649076E+12
   0.172108E-02   0.195649E+08   0.195608E+08   0.226873E+06   0.403735E+06   0.185713E+08   0.195595E+08   0.195642E+08   0.195596E+08  -0.573946E+00   0.101406E+08   0.101399E+08   0.141409E+03   0.506585E+02   0.524468E+00  -0.589214E+12
   0.190039E-02   0.196022E+08   0.195981E+08   0.660452E+05   0.331774E+06   0.184448E+08   0.195961E+08   0.196015E+08   0.195961E+08  -0.575015E+00   0.101505E+08   0.101497E+08   0.125900E+03   0.417589E+02   0.522947E+00  -0.534139E+12
   0.209838E-02   0.196101E+08   0.196059E+08   0.154972E+05   0.272229E+06   0.182721E+08   0.196031E+08   0.196094E+08   0.196031E+08  -0.575217E+00   0.101463E+08   0.101456E+08   0.112043E+03   0.343535E+02   0.521657E+00  -0.483545E+12
   0.231699E-02   0.195887E+08   0.195845E+08   0.467528E+05   0.223038E+06   0.180545E+08   0.195807E+08   0.195880E+08   0.195808E+08  -0.574560E+00   0.101283E+08   0.101276E+08   0.100181E+03   0.282072E+02   0.520570E+00  -0.437141E+12
   0.255838E-02   0.195384E+08   0.195341E+08   0.413886E+05   0.182465E+06   0.177933E+08   0.195294E+08   0.195377E+08   0.195294E+08  -0.573052E+00   0.100963E+08   0.100956E+08   0.903043E+02   0.231179E+02   0.519655E+00  -0.394645E+12
   0.282492E-02   0.194594E+08   0.194549E+08   0.573432E+05   0.149052E+06   0.174904E+08   0.194493E+08   0.194586E+08   0.194494E+08  -0.570701E+00   0.100503E+08   0.100496E+08   0.819630E+02   0.189129E+02   0.518886E+00  -0.355783E+12
   0.311923E-02   0.193520E+08   0.193472E+08   0.366955E+05   0.121577E+06   0.171468E+08   0.193407E+08   0.193512E+08   0.193407E+08  -0.567513E+00   0.999048E+07   0.998978E+07   0.745300E+02   0.154459E+02   0.518242E+00  -0.320295E+12
   0.344419E-02   0.192162E+08   0.192112E+08   0.578472E+04   0.990171E+05   0.167632E+08   0.192037E+08   0.192153E+08   0.192037E+08  -0.563492E+00   0.991667E+07   0.991597E+07   0.674819E+02   0.125925E+02   0.517702E+00  -0.287931E+12
   0.380302E-02   0.190520E+08   0.190468E+08  -0.138805E+05   0.805196E+05   0.163397E+08   0.190383E+08   0.190511E+08   0.190383E+08  -0.558638E+00   0.982878E+07   0.982809E+07   0.606928E+02   0.102486E+02   0.517249E+00  -0.258453E+12
   0.419923E-02   0.188594E+08   0.188538E+08   0.318343E+04   0.653739E+05   0.158770E+08   0.188443E+08   0.188584E+08   0.188443E+08  -0.552945E+00   0.972666E+07   0.972598E+07   0.544155E+02   0.832642E+01   0.516869E+00  -0.231636E+12
   0.463671E-02   0.186378E+08   0.186318E+08   0.695892E+04   0.529894E+05   0.153755E+08   0.186214E+08   0.186368E+08   0.186214E+08  -0.546403E+00   0.961005E+07   0.960937E+07   0.489211E+02   0.675275E+01   0.516548E+00  -0.207265E+12
   0.511978E-02   0.183870E+08   0.183805E+08  -0.476491E+04   0.428767E+05   0.148375E+08   0.183691E+08   0.183859E+08   0.183691E+08  -0.539001E+00   0.947865E+07   0.947798E+07   0.441353E+02   0.546643E+01   0.516277E+00  -0.185143E+12
   0.565317E-02   0.181068E+08   0.180997E+08  -0.844042E+04   0.346312E+05   0.142403E+08   0.180873E+08   0.181056E+08   0.180874E+08  -0.530732E+00   0.933235E+07   0.933168E+07   0.397625E+02   0.441671E+01   0.516044E+00  -0.165086E+12
   0.624213E-02   0.177955E+08   0.177876E+08  -0.100584E+05   0.279158E+05   0.136173E+08   0.177744E+08   0.177942E+08   0.177744E+08  -0.521549E+00   0.917022E+07   0.916955E+07   0.357129E+02   0.356122E+01   0.515846E+00  -0.146912E+12
   0.689245E-02   0.174527E+08   0.174439E+08  -0.200543E+05   0.224551E+05   0.129568E+08   0.174299E+08   0.174512E+08   0.174299E+08  -0.511441E+00   0.899203E+07   0.899136E+07   0.321233E+02   0.286520E+01   0.515674E+00  -0.130465E+12
   0.761052E-02   0.170775E+08   0.170677E+08  -0.177746E+05   0.180215E+05   0.122684E+08   0.170531E+08   0.170758E+08   0.170531E+08  -0.500383E+00   0.879731E+07   0.879665E+07   0.289437E+02   0.229983E+01   0.515523E+00  -0.115597E+12
   0.840340E-02   0.166689E+08   0.166578E+08  -0.718402E+04   0.144273E+05   0.115608E+08   0.166429E+08   0.166670E+08   0.166429E+08  -0.488347E+00   0.858554E+07   0.858488E+07   0.260546E+02   0.184138E+01   0.515392E+00  -0.102170E+12
   0.927889E-02   0.162261E+08   0.162135E+08  -0.111163E+05   0.115187E+05   0.108344E+08   0.161985E+08   0.162240E+08   0.161985E+08  -0.475306E+00   0.835622E+07   0.835557E+07   0.234891E+02   0.147026E+01   0.515276E+00  -0.900584E+11
   0.102456E-01   0.157481E+08   0.157338E+08  -0.603487E+04   0.916905E+04   0.100894E+08   0.157189E+08   0.157457E+08   0.157189E+08  -0.461234E+00   0.810887E+07   0.810822E+07   0.212009E+02   0.117041E+01   0.515171E+00  -0.791468E+11
   0.113130E-01   0.152338E+08   0.152174E+08  -0.639085E+04   0.727463E+04   0.933314E+07   0.152031E+08   0.152310E+08   0.152031E+08  -0.446099E+00   0.784291E+07   0.784226E+07   0.191606E+02   0.928624E+00   0.515077E+00  -0.693281E+11
   0.124916E-01   0.146822E+08   0.146635E+08  -0.382091E+04   0.575042E+04   0.857357E+07   0.146502E+08   0.146791E+08   0.146502E+08  -0.429875E+00   0.755784E+07   0.755719E+07   0.173466E+02   0.734062E+00   0.514990E+00  -0.605047E+11
   0.137930E-01   0.140928E+08   0.140713E+08  -0.465081E+04   0.452693E+04   0.781684E+07   0.140595E+08   0.140892E+08   0.140595E+08  -0.412542E+00   0.725331E+07   0.725266E+07   0.157317E+02   0.577880E+00   0.514911E+00  -0.525880E+11
   0.152300E-01   0.134650E+08   0.134405E+08  -0.652940E+03   0.354739E+04   0.706602E+07   0.134306E+08   0.134608E+08   0.134306E+08  -0.394088E+00   0.692911E+07   0.692846E+07   0.142894E+02   0.452832E+00   0.514838E+00  -0.454974E+11
   0.168167E-01   0.128140E+08   0.127861E+08  -0.206831E+04   0.276873E+04   0.633864E+07   0.127787E+08   0.128093E+08   0.127787E+08  -0.374959E+00   0.659304E+07   0.659239E+07   0.130067E+02   0.353427E+00   0.514770E+00  -0.392061E+11
   0.185687E-01   0.121146E+08   0.120830E+08  -0.208988E+04   0.214680E+04   0.562612E+07   0.120786E+08   0.121093E+08   0.120786E+08  -0.354418E+00   0.623214E+07   0.623148E+07   0.118371E+02   0.274033E+00   0.514706E+00  -0.335632E+11
   0.205033E-01   0.113820E+08   0.113466E+08   0.291993E+03   0.165418E+04   0.494266E+07   0.113456E+08   0.113761E+08   0.113456E+08  -0.332910E+00   0.585423E+07   0.585356E+07   0.107641E+02   0.211147E+00   0.514647E+00  -0.285532E+11
   0.226393E-01   0.106104E+08   0.105712E+08  -0.448379E+03   0.126466E+04   0.429048E+07   0.105739E+08   0.106038E+08   0.105739E+08  -0.310267E+00   0.545634E+07   0.545567E+07   0.975678E+01   0.161422E+00   0.514591E+00  -0.241015E+11
   0.249980E-01   0.982749E+07   0.978468E+07  -0.384853E+03   0.960624E+03   0.368525E+07   0.979127E+07   0.982030E+07   0.979127E+07  -0.287301E+00   0.505273E+07   0.505207E+07   0.879845E+01   0.122613E+00   0.514539E+00  -0.202129E+11
   0.276023E-01   0.904257E+07   0.899673E+07  -0.169982E+03   0.724885E+03   0.313137E+07   0.900694E+07   0.903487E+07   0.900694E+07  -0.264287E+00   0.464823E+07   0.464758E+07   0.786622E+01   0.925216E-01   0.514490E+00  -0.168402E+11
   0.304780E-01   0.825911E+07   0.821123E+07  -0.149312E+03   0.542969E+03   0.262998E+07   0.822446E+07   0.825107E+07   0.822446E+07  -0.241327E+00   0.424465E+07   0.424402E+07   0.693482E+01   0.693015E-01   0.514445E+00  -0.139271E+11
   0.336533E-01   0.749837E+07   0.744990E+07  -0.167912E+03   0.404277E+03   0.218628E+07   0.746513E+07   0.749023E+07   0.746513E+07  -0.219046E+00   0.385297E+07   0.385236E+07   0.599459E+01   0.515989E-01   0.514403E+00  -0.114491E+11
   0.371593E-01   0.678786E+07   0.674064E+07  -0.190457E+03   0.300142E+03   0.180445E+07   0.675638E+07   0.677993E+07   0.675638E+07  -0.198250E+00   0.348735E+07   0.348678E+07   0.504797E+01   0.383076E-01   0.514363E+00  -0.938494E+10
   0.410307E-01   0.614499E+07   0.610118E+07  -0.125791E+03   0.222854E+03   0.148302E+07   0.611561E+07   0.613764E+07   0.611561E+07  -0.179448E+00   0.315677E+07   0.315626E+07   0.410890E+01   0.284431E-01   0.514327E+00  -0.769375E+10
   0.451338E-01   0.560849E+07   0.556994E+07   0.168104E+03   0.168104E+03   0.122844E+07   0.558132E+07   0.560201E+07   0.558132E+07  -0.163770E+00   0.288111E+07   0.288067E+07   0.324191E+01   0.214553E-01   0.514296E+00  -0.638357E+10
   0.492368E-01   0.518419E+07   0.515176E+07   0.130582E+03   0.130582E+03   0.103571E+07   0.515914E+07   0.517875E+07   0.515914E+07  -0.151383E+00   0.266329E+07   0.266292E+07   0.251882E+01   0.166663E-01   0.514269E+00  -0.540921E+10
   0.533399E-01   0.484231E+07   0.481597E+07   0.103942E+03   0.103942E+03   0.886278E+06   0.481919E+07   0.483789E+07   0.481919E+07  -0.141407E+00   0.248788E+07   0.248757E+07   0.194288E+01   0.132662E-01   0.514246E+00  -0.466428E+10
   0.574430E-01   0.455445E+07   0.453347E+07   0.843071E+02   0.843071E+02   0.766684E+06   0.453302E+07   0.455093E+07   0.453302E+07  -0.133011E+00   0.234022E+07   0.233996E+07   0.151014E+01   0.107603E-01   0.514226E+00  -0.407406E+10
   0.615460E-01   0.429844E+07   0.428156E+07   0.693205E+02   0.693205E+02   0.667840E+06   0.427844E+07   0.429561E+07   0.427844E+07  -0.125540E+00   0.220885E+07   0.220863E+07   0.120727E+01   0.884758E-02   0.514208E+00  -0.358901E+10
   0.656491E-01   0.405718E+07   0.404291E+07   0.575106E+02   0.575106E+02   0.583608E+06   0.403836E+07   0.405478E+07   0.403836E+07  -0.118496E+00   0.208496E+07   0.208476E+07   0.101308E+01   0.734028E-02   0.514193E+00  -0.317598E+10
   0.697522E-01   0.381855E+07   0.380543E+07   0.479479E+02   0.479479E+02   0.509984E+06   0.380070E+07   0.381634E+07   0.380070E+07  -0.111522E+00   0.196230E+07   0.196211E+07   0.901476E+00   0.611981E-02   0.514180E+00  -0.281331E+10
   0.738552E-01   0.358456E+07   0.357139E+07   0.401461E+02   0.401461E+02   0.445653E+06   0.356751E+07   0.358235E+07   0.356751E+07  -0.104680E+00   0.184195E+07   0.184176E+07   0.846447E+00   0.512406E-02   0.514168E+00  -0.249405E+10
   0.779583E-01   0.334768E+07   0.333366E+07   0.336474E+02   0.336474E+02   0.388378E+06   0.333134E+07   0.334533E+07   0.333134E+07  -0.977500E-01   0.172005E+07   0.171985E+07   0.821083E+00   0.429463E-02   0.514157E+00  -0.220641E+10
   0.820614E-01   0.311948E+07   0.310426E+07   0.282935E+02   0.282935E+02   0.338483E+06   0.310378E+07   0.311693E+07   0.310378E+07  -0.910729E-01   0.160259E+07   0.160239E+07   0.805716E+00   0.361130E-02   0.514148E+00  -0.195294E+10
   0.861644E-01   0.290625E+07   0.288992E+07   0.239059E+02   0.239059E+02   0.295579E+06   0.289117E+07   0.290351E+07   0.289117E+07  -0.848344E-01   0.149284E+07   0.149263E+07   0.785413E+00   0.305129E-02   0.514139E+00  -0.173257E+10
   0.912856E-01   0.266914E+07   0.265205E+07   0.195586E+02   0.195586E+02   0.251116E+06   0.265484E+07   0.266627E+07   0.265484E+07  -0.778998E-01   0.137083E+07   0.137063E+07   0.740652E+00   0.249643E-02   0.514130E+00  -0.150172E+10
   0.964067E-01   0.247140E+07   0.245458E+07   0.162356E+02   0.162356E+02   0.215741E+06   0.245791E+07   0.246858E+07   0.245791E+07  -0.721216E-01   0.126917E+07   0.126898E+07   0.671251E+00   0.207231E-02   0.514121E+00  -0.131649E+10
   0.101528E+00   0.231548E+07   0.229992E+07   0.137157E+02   0.137157E+02   0.188085E+06   0.230281E+07   0.231287E+07   0.230281E+07  -0.675705E-01   0.118910E+07   0.118893E+07   0.583766E+00   0.175068E-02   0.514114E+00  -0.117122E+10
   0.106649E+00   0.219570E+07   0.218211E+07   0.117881E+02   0.117881E+02   0.166409E+06   0.218382E+07   0.219341E+07   0.218382E+07  -0.640790E-01   0.112767E+07   0.112752E+07   0.490119E+00   0.150465E-02   0.514107E+00  -0.105738E+10
   0.111770E+00   0.210023E+07   0.208888E+07   0.102674E+02   0.102674E+02   0.148888E+06   0.208910E+07   0.209833E+07   0.208910E+07  -0.612997E-01   0.107877E+07   0.107864E+07   0.402824E+00   0.131054E-02   0.514101E+00  -0.965185E+09
   0.116891E+00   0.201636E+07   0.200704E+07   0.901371E+01   0.901371E+01   0.134024E+06   0.200589E+07   0.201479E+07   0.200589E+07  -0.588581E-01   0.103581E+07   0.103570E+07   0.331530E+00   0.115053E-02   0.514096E+00  -0.886150E+09
   0.122012E+00   0.193412E+07   0.192628E+07   0.793628E+01   0.793628E+01   0.120812E+06   0.192423E+07   0.193280E+07   0.192423E+07  -0.564618E-01   0.993651E+06   0.993548E+06   0.281098E+00   0.101301E-02   0.514091E+00  -0.814401E+09
   0.127134E+00   0.184768E+07   0.184062E+07   0.698337E+01   0.698337E+01   0.108696E+06   0.183827E+07   0.184649E+07   0.183827E+07  -0.539396E-01   0.949271E+06   0.949175E+06   0.251261E+00   0.891379E-03   0.514086E+00  -0.746687E+09
   0.132255E+00   0.175543E+07   0.174848E+07   0.613071E+01   0.613071E+01   0.974605E+05   0.174642E+07   0.175427E+07   0.174642E+07  -0.512446E-01   0.901850E+06   0.901756E+06   0.237666E+00   0.782545E-03   0.514082E+00  -0.681917E+09
   0.137376E+00   0.165926E+07   0.165195E+07   0.537044E+01   0.537044E+01   0.871085E+05   0.165060E+07   0.165803E+07   0.165060E+07  -0.484329E-01   0.852374E+06   0.852278E+06   0.233735E+00   0.685505E-03   0.514079E+00  -0.620480E+09
   0.142497E+00   0.156331E+07   0.155544E+07   0.470222E+01   0.470222E+01   0.777458E+05   0.155496E+07   0.156199E+07   0.155496E+07  -0.456266E-01   0.802994E+06   0.802894E+06   0.232685E+00   0.600213E-03   0.514075E+00  -0.563525E+09
   0.147618E+00   0.147284E+07   0.146450E+07   0.412764E+01   0.412764E+01   0.695025E+05   0.146481E+07   0.147144E+07   0.146481E+07  -0.429813E-01   0.756444E+06   0.756342E+06   0.229182E+00   0.526873E-03   0.514072E+00  -0.512440E+09
   0.152739E+00   0.139286E+07   0.138434E+07   0.364584E+01   0.364584E+01   0.624650E+05   0.138514E+07   0.139143E+07   0.138514E+07  -0.406437E-01   0.715308E+06   0.715208E+06   0.220254E+00   0.465376E-03   0.514069E+00  -0.468326E+09
   0.157860E+00   0.132613E+07   0.131780E+07   0.324952E+01   0.324952E+01   0.566012E+05   0.131873E+07   0.132473E+07   0.131873E+07  -0.386950E-01   0.681016E+06   0.680918E+06   0.205398E+00   0.414789E-03   0.514067E+00  -0.431409E+09
   0.162982E+00   0.127215E+07   0.126435E+07   0.292451E+01   0.292451E+01   0.517468E+05   0.126507E+07   0.127084E+07   0.126507E+07  -0.371205E-01   0.653310E+06   0.653219E+06   0.186068E+00   0.373304E-03   0.514064E+00  -0.400854E+09
   0.168103E+00   0.122813E+07   0.122109E+07   0.265408E+01   0.265408E+01   0.476712E+05   0.122137E+07   0.122695E+07   0.122137E+07  -0.358381E-01   0.630740E+06   0.630657E+06   0.164869E+00   0.338786E-03   0.514062E+00  -0.375217E+09
   0.173224E+00   0.119053E+07   0.118432E+07   0.242316E+01   0.242316E+01   0.441525E+05   0.118407E+07   0.118949E+07   0.118407E+07  -0.347436E-01   0.611481E+06   0.611405E+06   0.144643E+00   0.309311E-03   0.514060E+00  -0.353006E+09
   0.178345E+00   0.115577E+07   0.115030E+07   0.221944E+01   0.221944E+01   0.410015E+05   0.114958E+07   0.115485E+07   0.114958E+07  -0.337318E-01   0.593673E+06   0.593605E+06   0.127668E+00   0.283308E-03   0.514058E+00  -0.332885E+09
   0.183466E+00   0.112053E+07   0.111560E+07   0.203343E+01   0.203343E+01   0.380665E+05   0.111459E+07   0.111970E+07   0.111459E+07  -0.327048E-01   0.575601E+06   0.575538E+06   0.115155E+00   0.259565E-03   0.514056E+00  -0.313743E+09
   0.188587E+00   0.108266E+07   0.107802E+07   0.185949E+01   0.185949E+01   0.352582E+05   0.107693E+07   0.108188E+07   0.107693E+07  -0.316000E-01   0.556157E+06   0.556097E+06   0.107156E+00   0.237362E-03   0.514055E+00  -0.294913E+09
   0.193708E+00   0.104195E+07   0.103736E+07   0.169616E+01   0.169616E+01   0.325604E+05   0.103641E+07   0.104118E+07   0.103641E+07  -0.304109E-01   0.535232E+06   0.535172E+06   0.102800E+00   0.216514E-03   0.514053E+00  -0.276313E+09
   0.198830E+00   0.999734E+06   0.995038E+06   0.154461E+01   0.154461E+01   0.300060E+05   0.994360E+06   0.998946E+06   0.994360E+06  -0.291771E-01   0.513519E+06   0.513459E+06   0.100666E+00   0.197169E-03   0.514052E+00  -0.258276E+09
   0.203951E+00   0.957867E+06   0.953008E+06   0.140644E+01   0.140644E+01   0.276372E+05   0.952653E+06   0.957051E+06   0.952653E+06  -0.279533E-01   0.491982E+06   0.491922E+06   0.992160E-01   0.179533E-03   0.514050E+00  -0.241230E+09
   0.209072E+00   0.918159E+06   0.913170E+06   0.128283E+01   0.128283E+01   0.254876E+05   0.913100E+06   0.917321E+06   0.913100E+06  -0.267927E-01   0.471558E+06   0.471497E+06   0.971823E-01   0.163754E-03   0.514049E+00  -0.225552E+09
   0.214193E+00   0.882152E+06   0.877136E+06   0.117424E+01   0.117424E+01   0.235778E+05   0.877250E+06   0.881310E+06   0.877250E+06  -0.257408E-01   0.453045E+06   0.452985E+06   0.938194E-01   0.149893E-03   0.514048E+00  -0.211516E+09
   0.219314E+00   0.850779E+06   0.845867E+06   0.108019E+01   0.108019E+01   0.219084E+05   0.846036E+06   0.849955E+06   0.846036E+06  -0.248249E-01   0.436926E+06   0.436867E+06   0.889714E-01   0.137888E-03   0.514047E+00  -0.199227E+09
   0.224435E+00   0.824033E+06   0.819347E+06   0.999045E+00   0.999045E+00   0.204558E+05   0.819447E+06   0.823246E+06   0.819447E+06  -0.240447E-01   0.423195E+06   0.423139E+06   0.829727E-01   0.127530E-03   0.514046E+00  -0.188563E+09
   0.229556E+00   0.801057E+06   0.796678E+06   0.928375E+00   0.928375E+00   0.191785E+05   0.796625E+06   0.800322E+06   0.796625E+06  -0.233750E-01   0.411410E+06   0.411357E+06   0.764561E-01   0.118510E-03   0.514045E+00  -0.179222E+09
   0.234678E+00   0.780552E+06   0.776504E+06   0.865601E+00   0.865601E+00   0.180302E+05   0.776266E+06   0.779872E+06   0.776266E+06  -0.227777E-01   0.400896E+06   0.400847E+06   0.701331E-01   0.110497E-03   0.514044E+00  -0.170831E+09
   0.239799E+00   0.761131E+06   0.757385E+06   0.808433E+00   0.808433E+00   0.169691E+05   0.756983E+06   0.760502E+06   0.756983E+06  -0.222118E-01   0.390938E+06   0.390892E+06   0.645979E-01   0.103199E-03   0.514043E+00  -0.163030E+09
   0.244920E+00   0.741621E+06   0.738107E+06   0.755137E+00   0.755137E+00   0.159636E+05   0.737599E+06   0.741031E+06   0.737599E+06  -0.216431E-01   0.380928E+06   0.380884E+06   0.601982E-01   0.963962E-04   0.514042E+00  -0.155534E+09
   0.250041E+00   0.721337E+06   0.717966E+06   0.704713E+00   0.704713E+00   0.149967E+05   0.717431E+06   0.720771E+06   0.717431E+06  -0.210513E-01   0.370513E+06   0.370470E+06   0.569950E-01   0.899596E-04   0.514041E+00  -0.148183E+09
   0.255162E+00   0.700203E+06   0.696894E+06   0.656877E+00   0.656877E+00   0.140659E+05   0.696403E+06   0.699647E+06   0.696403E+06  -0.204343E-01   0.359654E+06   0.359612E+06   0.548002E-01   0.838534E-04   0.514040E+00  -0.140953E+09
   0.260283E+00   0.678610E+06   0.675305E+06   0.611801E+00   0.611801E+00   0.131779E+05   0.674909E+06   0.678055E+06   0.674909E+06  -0.198036E-01   0.348554E+06   0.348513E+06   0.532664E-01   0.780993E-04   0.514040E+00  -0.133916E+09
   0.265404E+00   0.657180E+06   0.653851E+06   0.569817E+00   0.569817E+00   0.123426E+05   0.653572E+06   0.656621E+06   0.653572E+06  -0.191775E-01   0.337535E+06   0.337494E+06   0.519967E-01   0.727401E-04   0.514039E+00  -0.127180E+09
   0.270526E+00   0.636584E+06   0.633241E+06   0.531244E+00   0.531244E+00   0.115692E+05   0.633068E+06   0.636023E+06   0.633068E+06  -0.185758E-01   0.326947E+06   0.326906E+06   0.506486E-01   0.678160E-04   0.514038E+00  -0.120858E+09
   0.275647E+00   0.617417E+06   0.614091E+06   0.496269E+00   0.496269E+00   0.108640E+05   0.613991E+06   0.616859E+06   0.613991E+06  -0.180161E-01   0.317095E+06   0.317055E+06   0.490034E-01   0.633515E-04   0.514038E+00  -0.115039E+09
   0.280768E+00   0.600030E+06   0.596765E+06   0.464856E+00   0.464856E+00   0.102280E+05   0.596693E+06   0.599482E+06   0.596693E+06  -0.175085E-01   0.308162E+06   0.308123E+06   0.469920E-01   0.593415E-04   0.514037E+00  -0.109759E+09
   0.285889E+00   0.584438E+06   0.581276E+06   0.436703E+00   0.436703E+00   0.965656E+04   0.581189E+06   0.583907E+06   0.581189E+06  -0.170536E-01   0.300156E+06   0.300118E+06   0.446784E-01   0.557476E-04   0.514037E+00  -0.104992E+09
   0.291010E+00   0.570366E+06   0.567337E+06   0.411327E+00   0.411327E+00   0.914047E+04   0.567203E+06   0.569857E+06   0.567203E+06  -0.166432E-01   0.292933E+06   0.292896E+06   0.422169E-01   0.525083E-04   0.514036E+00  -0.100662E+09
   0.296131E+00   0.557380E+06   0.554495E+06   0.388188E+00   0.388188E+00   0.866909E+04   0.554301E+06   0.556895E+06   0.554301E+06  -0.162646E-01   0.286270E+06   0.286234E+06   0.397953E-01   0.495545E-04   0.514035E+00  -0.966714E+08
   0.301252E+00   0.545007E+06   0.542258E+06   0.366784E+00   0.366784E+00   0.823204E+04   0.542007E+06   0.544545E+06   0.542007E+06  -0.159039E-01   0.279921E+06   0.279887E+06   0.375810E-01   0.468221E-04   0.514035E+00  -0.929206E+08
   0.306374E+00   0.532826E+06   0.530192E+06   0.346705E+00   0.346705E+00   0.782080E+04   0.529902E+06   0.532384E+06   0.529902E+06  -0.155487E-01   0.273669E+06   0.273636E+06   0.356821E-01   0.442589E-04   0.514034E+00  -0.893268E+08
   0.311495E+00   0.520558E+06   0.518007E+06   0.327678E+00   0.327678E+00   0.742949E+04   0.517703E+06   0.520130E+06   0.517703E+06  -0.151908E-01   0.267370E+06   0.267338E+06   0.341318E-01   0.418301E-04   0.514034E+00  -0.858358E+08
   0.316616E+00   0.508118E+06   0.505621E+06   0.309584E+00   0.309584E+00   0.705556E+04   0.505330E+06   0.507699E+06   0.505330E+06  -0.148277E-01   0.260979E+06   0.260948E+06   0.328933E-01   0.395203E-04   0.514034E+00  -0.824292E+08
   0.321737E+00   0.495608E+06   0.493142E+06   0.292423E+00   0.292423E+00   0.669908E+04   0.492882E+06   0.495194E+06   0.492882E+06  -0.144624E-01   0.254551E+06   0.254521E+06   0.318811E-01   0.373296E-04   0.514033E+00  -0.791191E+08
   0.326858E+00   0.483239E+06   0.480791E+06   0.276256E+00   0.276256E+00   0.636151E+04   0.480573E+06   0.482828E+06   0.480573E+06  -0.141013E-01   0.248194E+06   0.248164E+06   0.309889E-01   0.352658E-04   0.514033E+00  -0.759346E+08
   0.331979E+00   0.471247E+06   0.468817E+06   0.261149E+00   0.261149E+00   0.604448E+04   0.468639E+06   0.470839E+06   0.468639E+06  -0.137511E-01   0.242031E+06   0.242001E+06   0.301175E-01   0.333374E-04   0.514032E+00  -0.729067E+08
   0.337100E+00   0.459834E+06   0.457431E+06   0.247138E+00   0.247138E+00   0.574889E+04   0.457284E+06   0.459431E+06   0.457284E+06  -0.134179E-01   0.236167E+06   0.236137E+06   0.291970E-01   0.315488E-04   0.514032E+00  -0.700594E+08
   0.342222E+00   0.449129E+06   0.446766E+06   0.234213E+00   0.234213E+00   0.547470E+04   0.446635E+06   0.448733E+06   0.446635E+06  -0.131054E-01   0.230668E+06   0.230639E+06   0.281964E-01   0.298989E-04   0.514032E+00  -0.674040E+08
   0.347343E+00   0.439162E+06   0.436854E+06   0.222312E+00   0.222312E+00   0.522058E+04   0.436723E+06   0.438775E+06   0.436723E+06  -0.128146E-01   0.225549E+06   0.225520E+06   0.271232E-01   0.283797E-04   0.514031E+00  -0.649365E+08
   0.352464E+00   0.429864E+06   0.427621E+06   0.211329E+00   0.211329E+00   0.498427E+04   0.427478E+06   0.429487E+06   0.427478E+06  -0.125433E-01   0.220774E+06   0.220747E+06   0.260126E-01   0.269777E-04   0.514031E+00  -0.626384E+08
   0.357585E+00   0.421095E+06   0.418922E+06   0.201133E+00   0.201133E+00   0.476296E+04   0.418762E+06   0.420730E+06   0.418762E+06  -0.122875E-01   0.216273E+06   0.216246E+06   0.249140E-01   0.256761E-04   0.514031E+00  -0.604824E+08
   0.362706E+00   0.412693E+06   0.410589E+06   0.191594E+00   0.191594E+00   0.455392E+04   0.410410E+06   0.412339E+06   0.410410E+06  -0.120425E-01   0.211959E+06   0.211933E+06   0.238751E-01   0.244585E-04   0.514030E+00  -0.584392E+08
   0.367827E+00   0.404508E+06   0.402466E+06   0.182603E+00   0.182603E+00   0.435496E+04   0.402273E+06   0.404165E+06   0.402273E+06  -0.118037E-01   0.207757E+06   0.207732E+06   0.229311E-01   0.233108E-04   0.514030E+00  -0.564832E+08
   0.372948E+00   0.396428E+06   0.394438E+06   0.174076E+00   0.174076E+00   0.416450E+04   0.394239E+06   0.396094E+06   0.394239E+06  -0.115680E-01   0.203608E+06   0.203583E+06   0.220969E-01   0.222222E-04   0.514030E+00  -0.545950E+08
   0.378070E+00   0.388395E+06   0.386446E+06   0.165959E+00   0.165959E+00   0.398178E+04   0.386250E+06   0.388067E+06   0.386250E+06  -0.113336E-01   0.199482E+06   0.199458E+06   0.213676E-01   0.211861E-04   0.514030E+00  -0.527642E+08
   0.383191E+00   0.380417E+06   0.378500E+06   0.158234E+00   0.158234E+00   0.380670E+04   0.378315E+06   0.380095E+06   0.378315E+06  -0.111007E-01   0.195384E+06   0.195360E+06   0.207227E-01   0.201999E-04   0.514029E+00  -0.509896E+08
   0.388312E+00   0.372562E+06   0.370671E+06   0.150905E+00   0.150905E+00   0.363972E+04   0.370500E+06   0.372245E+06   0.370500E+06  -0.108714E-01   0.191348E+06   0.191325E+06   0.201340E-01   0.192644E-04   0.514029E+00  -0.492778E+08
   0.393433E+00   0.364907E+06   0.363040E+06   0.143981E+00   0.143981E+00   0.348125E+04   0.362884E+06   0.364593E+06   0.362884E+06  -0.106480E-01   0.187415E+06   0.187392E+06   0.195724E-01   0.183804E-04   0.514029E+00  -0.476366E+08
   0.398554E+00   0.357514E+06   0.355672E+06   0.137461E+00   0.137461E+00   0.333151E+04   0.355530E+06   0.357205E+06   0.355530E+06  -0.104322E-01   0.183617E+06   0.183594E+06   0.190147E-01   0.175481E-04   0.514028E+00  -0.460716E+08
   0.403675E+00   0.350426E+06   0.348614E+06   0.131339E+00   0.131339E+00   0.319043E+04   0.348480E+06   0.350122E+06   0.348480E+06  -0.102253E-01   0.179976E+06   0.179954E+06   0.184476E-01   0.167665E-04   0.514028E+00  -0.445851E+08
   0.408796E+00   0.343668E+06   0.341889E+06   0.125598E+00   0.125598E+00   0.305777E+04   0.341758E+06   0.343369E+06   0.341758E+06  -0.100281E-01   0.176505E+06   0.176483E+06   0.178691E-01   0.160338E-04   0.514028E+00  -0.431774E+08
   0.413918E+00   0.337232E+06   0.335490E+06   0.120216E+00   0.120216E+00   0.293304E+04   0.335359E+06   0.336939E+06   0.335359E+06  -0.984029E-02   0.173200E+06   0.173178E+06   0.172862E-01   0.153466E-04   0.514028E+00  -0.418447E+08
   0.419039E+00   0.331076E+06   0.329374E+06   0.115155E+00   0.115155E+00   0.281546E+04   0.329238E+06   0.330790E+06   0.329238E+06  -0.966070E-02   0.170039E+06   0.170018E+06   0.167110E-01   0.147006E-04   0.514028E+00  -0.405790E+08
   0.424160E+00   0.325139E+06   0.323476E+06   0.110376E+00   0.110376E+00   0.270418E+04   0.323335E+06   0.324860E+06   0.323335E+06  -0.948749E-02   0.166990E+06   0.166970E+06   0.161567E-01   0.140905E-04   0.514027E+00  -0.393703E+08
   0.429281E+00   0.319365E+06   0.317739E+06   0.105845E+00   0.105845E+00   0.259846E+04   0.317594E+06   0.319092E+06   0.317594E+06  -0.931903E-02   0.164025E+06   0.164005E+06   0.156342E-01   0.135121E-04   0.514027E+00  -0.382099E+08
   0.434402E+00   0.313716E+06   0.312124E+06   0.101536E+00   0.101536E+00   0.249774E+04   0.311977E+06   0.313448E+06   0.311977E+06  -0.915421E-02   0.161124E+06   0.161105E+06   0.151497E-01   0.129620E-04   0.514027E+00  -0.370916E+08
   0.439523E+00   0.308166E+06   0.306603E+06   0.974290E-01   0.974290E-01   0.240163E+04   0.306458E+06   0.307903E+06   0.306458E+06  -0.899226E-02   0.158274E+06   0.158255E+06   0.147038E-01   0.124377E-04   0.514027E+00  -0.360109E+08
   0.444644E+00   0.302703E+06   0.301167E+06   0.935101E-01   0.935101E-01   0.230982E+04   0.301025E+06   0.302445E+06   0.301025E+06  -0.883285E-02   0.155468E+06   0.155449E+06   0.142921E-01   0.119374E-04   0.514027E+00  -0.349652E+08
   0.449766E+00   0.297335E+06   0.295822E+06   0.897717E-01   0.897717E-01   0.222222E+04   0.295685E+06   0.297081E+06   0.295685E+06  -0.867617E-02   0.152710E+06   0.152692E+06   0.139069E-01   0.114602E-04   0.514027E+00  -0.339539E+08
   0.454887E+00   0.292083E+06   0.290592E+06   0.862114E-01   0.862114E-01   0.213880E+04   0.290462E+06   0.291833E+06   0.290462E+06  -0.852290E-02   0.150013E+06   0.149994E+06   0.135399E-01   0.110057E-04   0.514026E+00  -0.329786E+08
   0.460008E+00   0.286974E+06   0.285505E+06   0.828278E-01   0.828278E-01   0.205958E+04   0.285380E+06   0.286727E+06   0.285380E+06  -0.837379E-02   0.147388E+06   0.147370E+06   0.131835E-01   0.105737E-04   0.514026E+00  -0.320409E+08
   0.465129E+00   0.282026E+06   0.280579E+06   0.796168E-01   0.796168E-01   0.198447E+04   0.280458E+06   0.281783E+06   0.280458E+06  -0.822938E-02   0.144847E+06   0.144829E+06   0.128327E-01   0.101638E-04   0.514026E+00  -0.311417E+08
   0.470250E+00   0.277243E+06   0.275820E+06   0.765713E-01   0.765713E-01   0.191328E+04   0.275702E+06   0.277004E+06   0.275702E+06  -0.808983E-02   0.142390E+06   0.142373E+06   0.124851E-01   0.977506E-05   0.514026E+00  -0.302802E+08
   0.475371E+00   0.272623E+06   0.271223E+06   0.736816E-01   0.736816E-01   0.184575E+04   0.271107E+06   0.272388E+06   0.271107E+06  -0.795499E-02   0.140017E+06   0.140000E+06   0.121413E-01   0.940616E-05   0.514026E+00  -0.294547E+08
   0.480492E+00   0.268154E+06   0.266779E+06   0.709372E-01   0.709372E-01   0.178157E+04   0.266663E+06   0.267923E+06   0.266663E+06  -0.782459E-02   0.137722E+06   0.137705E+06   0.118037E-01   0.905582E-05   0.514026E+00  -0.286631E+08
   0.485614E+00   0.263823E+06   0.262473E+06   0.683274E-01   0.683274E-01   0.172046E+04   0.262357E+06   0.263596E+06   0.262357E+06  -0.769822E-02   0.135498E+06   0.135481E+06   0.114760E-01   0.872265E-05   0.514025E+00  -0.279028E+08
   0.490735E+00   0.259611E+06   0.258285E+06   0.658407E-01   0.658407E-01   0.166209E+04   0.258169E+06   0.259388E+06   0.258169E+06  -0.757534E-02   0.133335E+06   0.133319E+06   0.111613E-01   0.840521E-05   0.514025E+00  -0.271709E+08
   0.495856E+00   0.255497E+06   0.254195E+06   0.634659E-01   0.634659E-01   0.160618E+04   0.254078E+06   0.255278E+06   0.254078E+06  -0.745530E-02   0.131222E+06   0.131206E+06   0.108616E-01   0.810205E-05   0.514025E+00  -0.264642E+08
   0.500977E+00   0.251465E+06   0.250185E+06   0.611940E-01   0.611940E-01   0.155249E+04   0.250069E+06   0.251250E+06   0.250069E+06  -0.733766E-02   0.129152E+06   0.129136E+06   0.105776E-01   0.781202E-05   0.514025E+00  -0.257804E+08
   0.506098E+00   0.247512E+06   0.246251E+06   0.590191E-01   0.590191E-01   0.150089E+04   0.246137E+06   0.247300E+06   0.246137E+06  -0.722229E-02   0.127121E+06   0.127105E+06   0.103087E-01   0.753437E-05   0.514025E+00  -0.251183E+08
   0.511219E+00   0.243638E+06   0.242397E+06   0.569373E-01   0.569373E-01   0.145129E+04   0.242285E+06   0.243430E+06   0.242285E+06  -0.710926E-02   0.125132E+06   0.125116E+06   0.100529E-01   0.726863E-05   0.514025E+00  -0.244775E+08
   0.516340E+00   0.239848E+06   0.238624E+06   0.549452E-01   0.549452E-01   0.140358E+04   0.238515E+06   0.239643E+06   0.238515E+06  -0.699866E-02   0.123185E+06   0.123170E+06   0.980796E-02   0.701431E-05   0.514025E+00  -0.238577E+08
   0.521462E+00   0.236143E+06   0.234937E+06   0.530391E-01   0.530391E-01   0.135768E+04   0.234831E+06   0.235941E+06   0.234831E+06  -0.689054E-02   0.121282E+06   0.121267E+06   0.957126E-02   0.677099E-05   0.514025E+00  -0.232584E+08
   0.526583E+00   0.232528E+06   0.231339E+06   0.512162E-01   0.512162E-01   0.131349E+04   0.231235E+06   0.232329E+06   0.231235E+06  -0.678504E-02   0.119425E+06   0.119410E+06   0.934086E-02   0.653827E-05   0.514024E+00  -0.226796E+08
   0.531704E+00   0.229009E+06   0.227837E+06   0.494740E-01   0.494740E-01   0.127097E+04   0.227735E+06   0.228812E+06   0.227735E+06  -0.668234E-02   0.117617E+06   0.117603E+06   0.911565E-02   0.631587E-05   0.514024E+00  -0.221212E+08
   0.536825E+00   0.225586E+06   0.224432E+06   0.478092E-01   0.478092E-01   0.123003E+04   0.224332E+06   0.225393E+06   0.224332E+06  -0.658247E-02   0.115860E+06   0.115845E+06   0.889528E-02   0.610335E-05   0.514024E+00  -0.215827E+08
   0.541946E+00   0.222256E+06   0.221119E+06   0.462174E-01   0.462174E-01   0.119061E+04   0.221020E+06   0.222065E+06   0.221020E+06  -0.648529E-02   0.114149E+06   0.114135E+06   0.867997E-02   0.590014E-05   0.514024E+00  -0.210632E+08
   0.547067E+00   0.219009E+06   0.217889E+06   0.446935E-01   0.446935E-01   0.115261E+04   0.217791E+06   0.218821E+06   0.217791E+06  -0.639054E-02   0.112481E+06   0.112468E+06   0.847037E-02   0.570561E-05   0.514024E+00  -0.205611E+08
   0.559946E+00   0.211181E+06   0.210103E+06   0.411365E-01   0.411365E-01   0.106312E+04   0.210006E+06   0.211000E+06   0.210006E+06  -0.616212E-02   0.108461E+06   0.108448E+06   0.797334E-02   0.525152E-05   0.514024E+00  -0.193702E+08
   0.593872E+00   0.192428E+06   0.191445E+06   0.333233E-01   0.333233E-01   0.866457E+03   0.191357E+06   0.192263E+06   0.191357E+06  -0.561492E-02   0.988298E+05   0.988176E+05   0.686496E-02   0.425409E-05   0.514023E+00  -0.166419E+08
   0.629853E+00   0.175295E+06   0.174401E+06   0.269871E-01   0.269871E-01   0.710523E+03   0.174320E+06   0.175145E+06   0.174320E+06  -0.511499E-02   0.900305E+05   0.900193E+05   0.590047E-02   0.344521E-05   0.514023E+00  -0.142941E+08
   0.879031E+00   0.102472E+06   0.101949E+06   0.809960E-02   0.809960E-02   0.223021E+03   0.101901E+06   0.102385E+06   0.101901E+06  -0.299004E-02   0.526289E+05   0.526223E+05   0.250094E-02   0.103402E-05   0.514021E+00  -0.598724E+07
   0.122679E+01   0.591789E+05   0.588768E+05   0.240156E-02   0.240156E-02   0.678401E+02   0.588487E+05   0.591282E+05   0.588487E+05  -0.172677E-02   0.303937E+05   0.303898E+05   0.105905E-02   0.306591E-06   0.514019E+00  -0.247754E+07
   0.171212E+01   0.338212E+05   0.336483E+05   0.704670E-03   0.704670E-03   0.202467E+02   0.336323E+05   0.337922E+05   0.336323E+05  -0.986860E-03   0.173702E+05   0.173679E+05   0.453187E-03   0.899608E-07   0.514019E+00  -0.101456E+07
   0.238945E+01   0.191559E+05   0.190578E+05   0.204913E-03   0.204913E-03   0.596171E+01   0.190489E+05   0.191394E+05   0.190489E+05  -0.558943E-03   0.983824E+04   0.983681E+04   0.199417E-03   0.261600E-07   0.514018E+00  -0.411741E+06
