#          k/h    CDM            baryon         photon         nu             mass_nu        total          no_nu          total_de       Weyl           v_CDM          v_b            v_b-v_c        ISW            log_grow       pert_vel    
   0.994668E-05   0.136932E+08   0.136932E+08   0.182451E+08   0.182447E+08   0.136954E+08   0.136932E+08   0.136932E+08   0.136981E+08  -0.464113E+00   0.755875E+07   0.755875E+07   0.609307E+01   0.817138E+06   0.711995E+00  -0.759956E+14
   0.109829E-04   0.136934E+08   0.136934E+08   0.182427E+08   0.182422E+08   0.136956E+08   0.136935E+08   0.136934E+08   0.136983E+08  -0.464121E+00   0.755886E+07   0.755886E+07   0.672766E+01   0.670259E+06   0.711980E+00  -0.688261E+14
   0.121272E-04   0.136937E+08   0.136937E+08   0.182397E+08   0.182391E+08   0.136959E+08   0.136938E+08   0.136937E+08   0.136986E+08  -0.464131E+00   0.755898E+07   0.755898E+07   0.742830E+01   0.549790E+06   0.711963E+00  -0.623332E+14
   0.133906E-04   0.136941E+08   0.136941E+08   0.182361E+08   0.182354E+08   0.136962E+08   0.136941E+08   0.136941E+08   0.136990E+08  -0.464143E+00   0.755913E+07   0.755913E+07   0.820183E+01   0.450981E+06   0.711942E+00  -0.564531E+14
   0.147857E-04   0.136945E+08   0.136945E+08   0.182317E+08   0.182308E+08   0.136966E+08   0.136945E+08   0.136945E+08   0.136994E+08  -0.464157E+00   0.755932E+07   0.755932E+07   0.905583E+01   0.369938E+06   0.711915E+00  -0.511278E+14
   0.163261E-04   0.136951E+08   0.136951E+08   0.182264E+08   0.182252E+08   0.136971E+08   0.136951E+08   0.136951E+08   0.136999E+08  -0.464175E+00   0.755955E+07   0.755955E+07   0.999863E+01   0.303467E+06   0.711884E+00  -0.463052E+14
   0.180270E-04   0.136957E+08   0.136957E+08   0.182199E+08   0.182185E+08   0.136978E+08   0.136957E+08   0.136957E+08   0.137006E+08  -0.464197E+00   0.755982E+07   0.755982E+07   0.110394E+02   0.248948E+06   0.711845E+00  -0.419377E+14
   0.199051E-04   0.136965E+08   0.136965E+08   0.182119E+08   0.182102E+08   0.136985E+08   0.136965E+08   0.136965E+08   0.137014E+08  -0.464224E+00   0.756016E+07   0.756016E+07   0.121883E+02   0.204231E+06   0.711798E+00  -0.379825E+14
   0.219788E-04   0.136975E+08   0.136975E+08   0.182022E+08   0.182002E+08   0.136994E+08   0.136975E+08   0.136975E+08   0.137023E+08  -0.464256E+00   0.756057E+07   0.756057E+07   0.134565E+02   0.167555E+06   0.711741E+00  -0.344006E+14
   0.242687E-04   0.136986E+08   0.136986E+08   0.181904E+08   0.181879E+08   0.137006E+08   0.136986E+08   0.136986E+08   0.137035E+08  -0.464295E+00   0.756107E+07   0.756107E+07   0.148563E+02   0.137473E+06   0.711671E+00  -0.311568E+14
   0.267970E-04   0.137001E+08   0.137001E+08   0.181760E+08   0.181730E+08   0.137020E+08   0.137001E+08   0.137001E+08   0.137049E+08  -0.464343E+00   0.756168E+07   0.756168E+07   0.164012E+02   0.112800E+06   0.711586E+00  -0.282194E+14
   0.295888E-04   0.137018E+08   0.137018E+08   0.181585E+08   0.181548E+08   0.137036E+08   0.137018E+08   0.137018E+08   0.137067E+08  -0.464402E+00   0.756242E+07   0.756242E+07   0.181060E+02   0.925630E+05   0.711482E+00  -0.255593E+14
   0.326714E-04   0.137039E+08   0.137039E+08   0.181372E+08   0.181327E+08   0.137057E+08   0.137039E+08   0.137039E+08   0.137088E+08  -0.464473E+00   0.756332E+07   0.756332E+07   0.199870E+02   0.759647E+05   0.711356E+00  -0.231505E+14
   0.360752E-04   0.137065E+08   0.137065E+08   0.181112E+08   0.181057E+08   0.137082E+08   0.137065E+08   0.137065E+08   0.137113E+08  -0.464560E+00   0.756443E+07   0.756442E+07   0.220622E+02   0.623508E+05   0.711202E+00  -0.209693E+14
   0.398336E-04   0.137096E+08   0.137096E+08   0.180795E+08   0.180728E+08   0.137112E+08   0.137097E+08   0.137096E+08   0.137145E+08  -0.464666E+00   0.756577E+07   0.756577E+07   0.243512E+02   0.511846E+05   0.711015E+00  -0.189941E+14
   0.439836E-04   0.137135E+08   0.137135E+08   0.180410E+08   0.180328E+08   0.137149E+08   0.137135E+08   0.137135E+08   0.137183E+08  -0.464795E+00   0.756740E+07   0.756740E+07   0.268753E+02   0.420261E+05   0.710787E+00  -0.172057E+14
   0.485659E-04   0.137181E+08   0.137181E+08   0.179941E+08   0.179842E+08   0.137194E+08   0.137182E+08   0.137181E+08   0.137230E+08  -0.464952E+00   0.756940E+07   0.756939E+07   0.296579E+02   0.345143E+05   0.710510E+00  -0.155864E+14
   0.536256E-04   0.137238E+08   0.137238E+08   0.179371E+08   0.179250E+08   0.137248E+08   0.137238E+08   0.137238E+08   0.137286E+08  -0.465144E+00   0.757182E+07   0.757181E+07   0.327245E+02   0.283529E+05   0.710173E+00  -0.141203E+14
   0.592125E-04   0.137307E+08   0.137307E+08   0.178678E+08   0.178531E+08   0.137315E+08   0.137307E+08   0.137307E+08   0.137355E+08  -0.465376E+00   0.757477E+07   0.757476E+07   0.361026E+02   0.232993E+05   0.709765E+00  -0.127930E+14
   0.653814E-04   0.137391E+08   0.137391E+08   0.177836E+08   0.177657E+08   0.137396E+08   0.137391E+08   0.137391E+08   0.137439E+08  -0.465659E+00   0.757836E+07   0.757835E+07   0.398218E+02   0.191542E+05   0.709269E+00  -0.115914E+14
   0.721930E-04   0.137494E+08   0.137493E+08   0.176814E+08   0.176597E+08   0.137494E+08   0.137494E+08   0.137494E+08   0.137541E+08  -0.466003E+00   0.758272E+07   0.758271E+07   0.439141E+02   0.157542E+05   0.708668E+00  -0.105038E+14
   0.797142E-04   0.137618E+08   0.137617E+08   0.175575E+08   0.175311E+08   0.137613E+08   0.137618E+08   0.137618E+08   0.137665E+08  -0.466421E+00   0.758802E+07   0.758801E+07   0.484132E+02   0.129654E+05   0.707940E+00  -0.951938E+13
   0.880190E-04   0.137769E+08   0.137768E+08   0.174074E+08   0.173754E+08   0.137758E+08   0.137768E+08   0.137768E+08   0.137815E+08  -0.466929E+00   0.759446E+07   0.759445E+07   0.533551E+02   0.106777E+05   0.707060E+00  -0.862852E+13
   0.971891E-04   0.137951E+08   0.137951E+08   0.172258E+08   0.171871E+08   0.137934E+08   0.137951E+08   0.137951E+08   0.137997E+08  -0.467544E+00   0.760227E+07   0.760225E+07   0.587770E+02   0.880103E+04   0.705998E+00  -0.782243E+13
   0.107314E-03   0.138173E+08   0.138172E+08   0.170066E+08   0.169599E+08   0.138147E+08   0.138173E+08   0.138173E+08   0.138218E+08  -0.468290E+00   0.761174E+07   0.761172E+07   0.647170E+02   0.726141E+04   0.704720E+00  -0.709319E+13
   0.118495E-03   0.138441E+08   0.138440E+08   0.167425E+08   0.166861E+08   0.138405E+08   0.138440E+08   0.138441E+08   0.138485E+08  -0.469192E+00   0.762320E+07   0.762317E+07   0.712135E+02   0.599817E+04   0.703185E+00  -0.643360E+13
   0.130840E-03   0.138765E+08   0.138763E+08   0.164252E+08   0.163573E+08   0.138716E+08   0.138764E+08   0.138764E+08   0.138808E+08  -0.470282E+00   0.763704E+07   0.763701E+07   0.783035E+02   0.496153E+04   0.701347E+00  -0.583715E+13
   0.144471E-03   0.139155E+08   0.139153E+08   0.160452E+08   0.159637E+08   0.139090E+08   0.139154E+08   0.139155E+08   0.139197E+08  -0.471596E+00   0.765375E+07   0.765371E+07   0.860210E+02   0.411064E+04   0.699156E+00  -0.529797E+13
   0.159522E-03   0.139624E+08   0.139623E+08   0.155920E+08   0.154945E+08   0.139541E+08   0.139624E+08   0.139624E+08   0.139665E+08  -0.473176E+00   0.767385E+07   0.767381E+07   0.943948E+02   0.341198E+04   0.696555E+00  -0.481069E+13
   0.176142E-03   0.140187E+08   0.140185E+08   0.150540E+08   0.149378E+08   0.140081E+08   0.140186E+08   0.140187E+08   0.140226E+08  -0.475072E+00   0.769799E+07   0.769793E+07   0.103445E+03   0.283804E+04   0.693483E+00  -0.437049E+13
   0.194493E-03   0.140860E+08   0.140858E+08   0.144193E+08   0.142816E+08   0.140726E+08   0.140859E+08   0.140860E+08   0.140897E+08  -0.477337E+00   0.772686E+07   0.772679E+07   0.113180E+03   0.236626E+04   0.689878E+00  -0.397297E+13
   0.214755E-03   0.141661E+08   0.141658E+08   0.136761E+08   0.135140E+08   0.141493E+08   0.141660E+08   0.141661E+08   0.141696E+08  -0.480034E+00   0.776127E+07   0.776119E+07   0.123588E+03   0.197809E+04   0.685679E+00  -0.361413E+13
   0.237129E-03   0.142610E+08   0.142606E+08   0.128140E+08   0.126247E+08   0.142400E+08   0.142608E+08   0.142609E+08   0.142642E+08  -0.483229E+00   0.780208E+07   0.780199E+07   0.134634E+03   0.165833E+04   0.680829E+00  -0.329034E+13
   0.261834E-03   0.143728E+08   0.143724E+08   0.118255E+08   0.116064E+08   0.143467E+08   0.143726E+08   0.143727E+08   0.143757E+08  -0.486994E+00   0.785024E+07   0.785013E+07   0.146250E+03   0.139448E+04   0.675282E+00  -0.299828E+13
   0.289112E-03   0.145036E+08   0.145031E+08   0.107083E+08   0.104577E+08   0.144714E+08   0.145034E+08   0.145035E+08   0.145062E+08  -0.491399E+00   0.790669E+07   0.790656E+07   0.158325E+03   0.117629E+04   0.669010E+00  -0.273491E+13
   0.319233E-03   0.146555E+08   0.146549E+08   0.946854E+07   0.918622E+07   0.146158E+08   0.146552E+08   0.146554E+08   0.146577E+08  -0.496515E+00   0.797237E+07   0.797221E+07   0.170699E+03   0.995371E+03   0.662007E+00  -0.249744E+13
   0.352491E-03   0.148304E+08   0.148296E+08   0.812425E+07   0.781197E+07   0.147815E+08   0.148300E+08   0.148302E+08   0.148321E+08  -0.502404E+00   0.804812E+07   0.804792E+07   0.183145E+03   0.844841E+03   0.654296E+00  -0.228329E+13
   0.389215E-03   0.150295E+08   0.150286E+08   0.670934E+07   0.637182E+07   0.149696E+08   0.150291E+08   0.150293E+08   0.150308E+08  -0.509112E+00   0.813459E+07   0.813436E+07   0.195371E+03   0.719083E+03   0.645938E+00  -0.209007E+13
   0.429764E-03   0.152537E+08   0.152526E+08   0.527682E+07   0.492251E+07   0.151803E+08   0.152532E+08   0.152535E+08   0.152545E+08  -0.516665E+00   0.823218E+07   0.823191E+07   0.207009E+03   0.613525E+03   0.637026E+00  -0.191557E+13
   0.474538E-03   0.155028E+08   0.155015E+08   0.389971E+07   0.354142E+07   0.154131E+08   0.155021E+08   0.155026E+08   0.155031E+08  -0.525060E+00   0.834088E+07   0.834057E+07   0.217621E+03   0.524461E+03   0.627693E+00  -0.175774E+13
   0.523976E-03   0.157755E+08   0.157740E+08   0.266750E+07   0.232238E+07   0.156660E+08   0.157747E+08   0.157752E+08   0.157754E+08  -0.534253E+00   0.846019E+07   0.845983E+07   0.226719E+03   0.448902E+03   0.618099E+00  -0.161466E+13
   0.578566E-03   0.160692E+08   0.160675E+08   0.167515E+07   0.136364E+07   0.159358E+08   0.160683E+08   0.160690E+08   0.160687E+08  -0.544161E+00   0.858904E+07   0.858863E+07   0.233793E+03   0.384455E+03   0.608423E+00  -0.148458E+13
   0.638842E-03   0.163802E+08   0.163781E+08   0.100283E+07   0.746167E+06   0.162177E+08   0.163790E+08   0.163798E+08   0.163793E+08  -0.554651E+00   0.872572E+07   0.872526E+07   0.238364E+03   0.329211E+03   0.598850E+00  -0.136590E+13
   0.705398E-03   0.167030E+08   0.167007E+08   0.687419E+06   0.503514E+06   0.165057E+08   0.167017E+08   0.167026E+08   0.167019E+08  -0.565550E+00   0.886794E+07   0.886744E+07   0.240041E+03   0.281658E+03   0.589559E+00  -0.125719E+13
   0.778888E-03   0.170315E+08   0.170289E+08   0.693556E+06   0.592147E+06   0.167924E+08   0.170299E+08   0.170311E+08   0.170301E+08  -0.576646E+00   0.901289E+07   0.901234E+07   0.238590E+03   0.240597E+03   0.580708E+00  -0.115718E+13
   0.860035E-03   0.173586E+08   0.173557E+08   0.900836E+06   0.879843E+06   0.170693E+08   0.173568E+08   0.173581E+08   0.173570E+08  -0.587701E+00   0.915739E+07   0.915678E+07   0.233973E+03   0.205076E+03   0.572422E+00  -0.106480E+13
   0.949635E-03   0.176771E+08   0.176738E+08   0.112881E+07   0.117499E+07   0.173279E+08   0.176749E+08   0.176765E+08   0.176752E+08  -0.598465E+00   0.929808E+07   0.929744E+07   0.226348E+03   0.174332E+03   0.564792E+00  -0.979147E+12
   0.104857E-02   0.179797E+08   0.179762E+08   0.121042E+07   0.130669E+07   0.175595E+08   0.179771E+08   0.179791E+08   0.179775E+08  -0.608695E+00   0.943170E+07   0.943102E+07   0.216022E+03   0.147743E+03   0.557870E+00  -0.899504E+12
   0.115781E-02   0.182601E+08   0.182564E+08   0.108635E+07   0.122405E+07   0.177559E+08   0.182571E+08   0.182595E+08   0.182574E+08  -0.618170E+00   0.955522E+07   0.955452E+07   0.203380E+03   0.124789E+03   0.551677E+00  -0.825302E+12
   0.127844E-02   0.185128E+08   0.185088E+08   0.842775E+06   0.103089E+07   0.179103E+08   0.185092E+08   0.185121E+08   0.185095E+08  -0.626702E+00   0.966604E+07   0.966531E+07   0.188856E+03   0.105032E+03   0.546201E+00  -0.756101E+12
   0.141163E-02   0.187334E+08   0.187293E+08   0.620137E+06   0.880855E+06   0.180176E+08   0.187293E+08   0.187327E+08   0.187295E+08  -0.634148E+00   0.976208E+07   0.976134E+07   0.172981E+03   0.880885E+02   0.541412E+00  -0.691564E+12
   0.155869E-02   0.189190E+08   0.189149E+08   0.453225E+06   0.475990E+06   0.180736E+08   0.189143E+08   0.189183E+08   0.189144E+08  -0.640404E+00   0.984189E+07   0.984116E+07   0.156471E+03   0.736195E+02   0.537265E+00  -0.631434E+12
   0.172108E-02   0.190677E+08   0.190636E+08   0.262975E+06   0.393474E+06   0.180756E+08   0.190623E+08   0.190670E+08   0.190624E+08  -0.645411E+00   0.990440E+07   0.990368E+07   0.140183E+03   0.613215E+02   0.533702E+00  -0.575489E+12
   0.190039E-02   0.191786E+08   0.191745E+08   0.646652E+05   0.324604E+06   0.180228E+08   0.191725E+08   0.191779E+08   0.191725E+08  -0.649137E+00   0.994913E+07   0.994842E+07   0.124918E+03   0.509140E+02   0.530661E+00  -0.523544E+12
   0.209838E-02   0.192516E+08   0.192475E+08   0.164761E+04   0.267253E+06   0.179154E+08   0.192446E+08   0.192509E+08   0.192446E+08  -0.651576E+00   0.997592E+07   0.997522E+07   0.111262E+03   0.421447E+02   0.528082E+00  -0.475423E+12
   0.231699E-02   0.192873E+08   0.192831E+08   0.435195E+05   0.219606E+06   0.177548E+08   0.192793E+08   0.192866E+08   0.192794E+08  -0.652749E+00   0.998491E+07   0.998422E+07   0.995600E+02   0.347871E+02   0.525907E+00  -0.430954E+12
   0.255838E-02   0.192864E+08   0.192822E+08   0.580544E+05   0.180112E+06   0.175431E+08   0.192775E+08   0.192857E+08   0.192775E+08  -0.652684E+00   0.997642E+07   0.997574E+07   0.898113E+02   0.286383E+02   0.524079E+00  -0.389961E+12
   0.282492E-02   0.192498E+08   0.192453E+08   0.851599E+05   0.147447E+06   0.172826E+08   0.192398E+08   0.192491E+08   0.192398E+08  -0.651406E+00   0.995062E+07   0.994993E+07   0.815749E+02   0.235176E+02   0.522547E+00  -0.352253E+12
   0.311923E-02   0.191784E+08   0.191737E+08   0.579580E+05   0.120486E+06   0.169750E+08   0.191672E+08   0.191776E+08   0.191672E+08  -0.648947E+00   0.990789E+07   0.990720E+07   0.742297E+02   0.192673E+02   0.521266E+00  -0.317647E+12
   0.344419E-02   0.190730E+08   0.190680E+08   0.112469E+05   0.982795E+05   0.166218E+08   0.190606E+08   0.190722E+08   0.190606E+08  -0.645338E+00   0.984854E+07   0.984785E+07   0.672536E+02   0.157496E+02   0.520197E+00  -0.285953E+12
   0.380302E-02   0.189344E+08   0.189292E+08  -0.160456E+05   0.800225E+05   0.162239E+08   0.189207E+08   0.189335E+08   0.189207E+08  -0.640600E+00   0.977280E+07   0.977211E+07   0.605201E+02   0.128463E+02   0.519305E+00  -0.256981E+12
   0.419923E-02   0.187630E+08   0.187575E+08   0.637391E+04   0.650400E+05   0.157825E+08   0.187480E+08   0.187621E+08   0.187480E+08  -0.634752E+00   0.968081E+07   0.968013E+07   0.542837E+02   0.104560E+02   0.518562E+00  -0.230544E+12
   0.463671E-02   0.185592E+08   0.185532E+08   0.141223E+05   0.527659E+05   0.152987E+08   0.185428E+08   0.185582E+08   0.185428E+08  -0.627804E+00   0.957262E+07   0.957194E+07   0.488209E+02   0.849276E+01   0.517942E+00  -0.206458E+12
   0.511978E-02   0.183230E+08   0.183165E+08  -0.345977E+04   0.427274E+05   0.147753E+08   0.183051E+08   0.183219E+08   0.183051E+08  -0.619757E+00   0.944819E+07   0.944751E+07   0.440608E+02   0.688364E+01   0.517423E+00  -0.184548E+12
   0.565317E-02   0.180549E+08   0.180478E+08  -0.111273E+05   0.345319E+05   0.141901E+08   0.180354E+08   0.180537E+08   0.180354E+08  -0.610625E+00   0.930763E+07   0.930695E+07   0.397074E+02   0.556755E+01   0.516986E+00  -0.164649E+12
   0.624213E-02   0.177535E+08   0.177456E+08  -0.136747E+05   0.278498E+05   0.135770E+08   0.177324E+08   0.177521E+08   0.177324E+08  -0.600365E+00   0.915021E+07   0.914954E+07   0.356722E+02   0.449300E+01   0.516620E+00  -0.146592E+12
   0.689245E-02   0.174187E+08   0.174100E+08  -0.308695E+05   0.224115E+05   0.129247E+08   0.173960E+08   0.174173E+08   0.173960E+08  -0.588976E+00   0.897588E+07   0.897522E+07   0.320942E+02   0.361742E+01   0.516309E+00  -0.130231E+12
   0.761052E-02   0.170502E+08   0.170404E+08  -0.267696E+05   0.179927E+05   0.122428E+08   0.170258E+08   0.170485E+08   0.170258E+08  -0.576441E+00   0.878432E+07   0.878366E+07   0.289224E+02   0.290530E+01   0.516045E+00  -0.115426E+12
   0.840340E-02   0.166470E+08   0.166359E+08  -0.972231E+04   0.144084E+05   0.115406E+08   0.166210E+08   0.166452E+08   0.166210E+08  -0.562736E+00   0.857511E+07   0.857446E+07   0.260383E+02   0.232728E+01   0.515821E+00  -0.102046E+12
   0.927889E-02   0.162086E+08   0.161960E+08  -0.168542E+05   0.115062E+05   0.108184E+08   0.161810E+08   0.162065E+08   0.161810E+08  -0.547837E+00   0.834789E+07   0.834724E+07   0.234775E+02   0.185897E+01   0.515628E+00  -0.899686E+11
   0.102456E-01   0.157341E+08   0.157198E+08  -0.841107E+04   0.916093E+04   0.100769E+08   0.157049E+08   0.157317E+08   0.157049E+08  -0.531721E+00   0.810222E+07   0.810157E+07   0.211924E+02   0.148032E+01   0.515460E+00  -0.790820E+11
   0.113130E-01   0.152227E+08   0.152063E+08  -0.930266E+04   0.726934E+04   0.932347E+07   0.151920E+08   0.152199E+08   0.151920E+08  -0.514355E+00   0.783763E+07   0.783698E+07   0.191544E+02   0.117482E+01   0.515313E+00  -0.692815E+11
   0.124916E-01   0.146735E+08   0.146547E+08  -0.537069E+04   0.574698E+04   0.856613E+07   0.146414E+08   0.146703E+08   0.146414E+08  -0.495713E+00   0.755367E+07   0.755302E+07   0.173422E+02   0.928881E+00   0.515185E+00  -0.604713E+11
   0.137930E-01   0.140858E+08   0.140644E+08  -0.681667E+04   0.452471E+04   0.781118E+07   0.140526E+08   0.140822E+08   0.140526E+08  -0.475776E+00   0.725003E+07   0.724938E+07   0.157285E+02   0.731380E+00   0.515071E+00  -0.525641E+11
   0.152300E-01   0.134595E+08   0.134350E+08  -0.347036E+03   0.354596E+04   0.706176E+07   0.134252E+08   0.134554E+08   0.134252E+08  -0.454534E+00   0.692654E+07   0.692588E+07   0.142871E+02   0.573200E+00   0.514969E+00  -0.454805E+11
   0.168167E-01   0.128097E+08   0.127818E+08  -0.289083E+04   0.276781E+04   0.633547E+07   0.127744E+08   0.128051E+08   0.127744E+08  -0.432502E+00   0.659103E+07   0.659038E+07   0.130051E+02   0.447427E+00   0.514877E+00  -0.391941E+11
   0.185687E-01   0.121113E+08   0.120798E+08  -0.298328E+04   0.214622E+04   0.562380E+07   0.120753E+08   0.121060E+08   0.120753E+08  -0.408833E+00   0.623058E+07   0.622992E+07   0.118360E+02   0.346951E+00   0.514794E+00  -0.335548E+11
   0.205033E-01   0.113795E+08   0.113441E+08   0.780031E+03   0.165382E+04   0.494100E+07   0.113431E+08   0.113735E+08   0.113431E+08  -0.384042E+00   0.585303E+07   0.585237E+07   0.107633E+02   0.267353E+00   0.514719E+00  -0.285473E+11
   0.226393E-01   0.106085E+08   0.105693E+08  -0.473051E+03   0.126443E+04   0.428931E+07   0.105720E+08   0.106019E+08   0.105720E+08  -0.357935E+00   0.545542E+07   0.545476E+07   0.975621E+01   0.204406E+00   0.514650E+00  -0.240975E+11
   0.249980E-01   0.982603E+07   0.978322E+07  -0.431251E+03   0.960481E+03   0.368443E+07   0.978981E+07   0.981884E+07   0.978981E+07  -0.331452E+00   0.505203E+07   0.505137E+07   0.879805E+01   0.155271E+00   0.514588E+00  -0.202101E+11
   0.276023E-01   0.904146E+07   0.899563E+07  -0.136138E+03   0.724796E+03   0.313082E+07   0.900583E+07   0.903377E+07   0.900583E+07  -0.304909E+00   0.464770E+07   0.464705E+07   0.786595E+01   0.117170E+00   0.514530E+00  -0.168383E+11
   0.304780E-01   0.825828E+07   0.821040E+07  -0.118889E+03   0.542915E+03   0.262961E+07   0.822364E+07   0.825024E+07   0.822364E+07  -0.278427E+00   0.424426E+07   0.424362E+07   0.693463E+01   0.877671E-01   0.514478E+00  -0.139258E+11
   0.336533E-01   0.749776E+07   0.744928E+07  -0.194128E+03   0.404244E+03   0.218604E+07   0.746452E+07   0.748962E+07   0.746452E+07  -0.252725E+00   0.385267E+07   0.385207E+07   0.599447E+01   0.653496E-01   0.514430E+00  -0.114483E+11
   0.371593E-01   0.678740E+07   0.674019E+07  -0.251839E+03   0.300122E+03   0.180430E+07   0.675593E+07   0.677948E+07   0.675593E+07  -0.228734E+00   0.348713E+07   0.348657E+07   0.504789E+01   0.485175E-01   0.514386E+00  -0.938436E+10
   0.410307E-01   0.614465E+07   0.610084E+07  -0.149709E+03   0.222842E+03   0.148292E+07   0.611527E+07   0.613730E+07   0.611527E+07  -0.207044E+00   0.315661E+07   0.315610E+07   0.410884E+01   0.360246E-01   0.514345E+00  -0.769336E+10
   0.451338E-01   0.560824E+07   0.556968E+07   0.168097E+03   0.168097E+03   0.122838E+07   0.558106E+07   0.560176E+07   0.558106E+07  -0.188957E+00   0.288100E+07   0.288056E+07   0.324190E+01   0.271746E-01   0.514312E+00  -0.638331E+10
   0.492368E-01   0.518400E+07   0.515156E+07   0.130577E+03   0.130577E+03   0.103567E+07   0.515895E+07   0.517855E+07   0.515895E+07  -0.174666E+00   0.266320E+07   0.266283E+07   0.251881E+01   0.211092E-01   0.514282E+00  -0.540903E+10
   0.533399E-01   0.484216E+07   0.481582E+07   0.103938E+03   0.103938E+03   0.886255E+06   0.481903E+07   0.483773E+07   0.481903E+07  -0.163157E+00   0.248781E+07   0.248750E+07   0.194287E+01   0.168029E-01   0.514257E+00  -0.466415E+10
   0.574430E-01   0.455433E+07   0.453334E+07   0.843048E+02   0.843048E+02   0.766670E+06   0.453289E+07   0.455080E+07   0.453289E+07  -0.153469E+00   0.234016E+07   0.233990E+07   0.151013E+01   0.136290E-01   0.514235E+00  -0.407397E+10
   0.615460E-01   0.429834E+07   0.428146E+07   0.693189E+02   0.693189E+02   0.667831E+06   0.427834E+07   0.429550E+07   0.427834E+07  -0.144851E+00   0.220881E+07   0.220858E+07   0.120726E+01   0.112065E-01   0.514217E+00  -0.358894E+10
   0.656491E-01   0.405709E+07   0.404283E+07   0.575094E+02   0.575094E+02   0.583604E+06   0.403827E+07   0.405470E+07   0.403827E+07  -0.136723E+00   0.208492E+07   0.208472E+07   0.101308E+01   0.929736E-02   0.514201E+00  -0.317592E+10
   0.697522E-01   0.381848E+07   0.380536E+07   0.479470E+02   0.479470E+02   0.509982E+06   0.380063E+07   0.381627E+07   0.380063E+07  -0.128677E+00   0.196227E+07   0.196208E+07   0.901473E+00   0.775151E-02   0.514187E+00  -0.281326E+10
   0.738552E-01   0.358450E+07   0.357134E+07   0.401454E+02   0.401454E+02   0.445652E+06   0.356745E+07   0.358229E+07   0.356745E+07  -0.120783E+00   0.184192E+07   0.184174E+07   0.846444E+00   0.649029E-02   0.514174E+00  -0.249401E+10
   0.779583E-01   0.334764E+07   0.333361E+07   0.336469E+02   0.336469E+02   0.388378E+06   0.333129E+07   0.334528E+07   0.333129E+07  -0.112787E+00   0.172003E+07   0.171983E+07   0.821082E+00   0.543972E-02   0.514163E+00  -0.220638E+10
   0.820614E-01   0.311944E+07   0.310422E+07   0.282931E+02   0.282931E+02   0.338483E+06   0.310374E+07   0.311689E+07   0.310374E+07  -0.105083E+00   0.160257E+07   0.160237E+07   0.805714E+00   0.457420E-02   0.514153E+00  -0.195292E+10
   0.861644E-01   0.290622E+07   0.288989E+07   0.239056E+02   0.239056E+02   0.295579E+06   0.289114E+07   0.290348E+07   0.289114E+07  -0.978847E-01   0.149282E+07   0.149262E+07   0.785411E+00   0.386489E-02   0.514144E+00  -0.173255E+10
   0.912856E-01   0.266911E+07   0.265203E+07   0.195584E+02   0.195584E+02   0.251116E+06   0.265481E+07   0.266624E+07   0.265481E+07  -0.898835E-01   0.137082E+07   0.137062E+07   0.740651E+00   0.316208E-02   0.514134E+00  -0.150170E+10
   0.964067E-01   0.247138E+07   0.245455E+07   0.162355E+02   0.162355E+02   0.215740E+06   0.245789E+07   0.246855E+07   0.245789E+07  -0.832165E-01   0.126917E+07   0.126897E+07   0.671250E+00   0.262488E-02   0.514125E+00  -0.131648E+10
   0.101528E+00   0.231546E+07   0.229990E+07   0.137156E+02   0.137156E+02   0.188084E+06   0.230280E+07   0.231285E+07   0.230280E+07  -0.779654E-01   0.118910E+07   0.118892E+07   0.583766E+00   0.221749E-02   0.514117E+00  -0.117122E+10
   0.106649E+00   0.219568E+07   0.218209E+07   0.117880E+02   0.117880E+02   0.166407E+06   0.218381E+07   0.219340E+07   0.218381E+07  -0.739368E-01   0.112767E+07   0.112751E+07   0.490119E+00   0.190586E-02   0.514110E+00  -0.105738E+10
   0.111770E+00   0.210022E+07   0.208887E+07   0.102673E+02   0.102673E+02   0.148885E+06   0.208909E+07   0.209831E+07   0.208909E+07  -0.707299E-01   0.107877E+07   0.107863E+07   0.402823E+00   0.166000E-02   0.514104E+00  -0.965181E+09
   0.116891E+00   0.201635E+07   0.200703E+07   0.901366E+01   0.901366E+01   0.134021E+06   0.200588E+07   0.201478E+07   0.200588E+07  -0.679128E-01   0.103581E+07   0.103569E+07   0.331530E+00   0.145732E-02   0.514098E+00  -0.886146E+09
   0.122012E+00   0.193411E+07   0.192627E+07   0.793624E+01   0.793624E+01   0.120809E+06   0.192422E+07   0.193279E+07   0.192422E+07  -0.651479E-01   0.993647E+06   0.993544E+06   0.281098E+00   0.128313E-02   0.514093E+00  -0.814398E+09
   0.127134E+00   0.184767E+07   0.184061E+07   0.698333E+01   0.698333E+01   0.108693E+06   0.183826E+07   0.184648E+07   0.183826E+07  -0.622377E-01   0.949268E+06   0.949172E+06   0.251261E+00   0.112907E-02   0.514089E+00  -0.746684E+09
   0.132255E+00   0.175543E+07   0.174847E+07   0.613068E+01   0.613068E+01   0.974575E+05   0.174642E+07   0.175426E+07   0.174642E+07  -0.591282E-01   0.901848E+06   0.901754E+06   0.237666E+00   0.991215E-03   0.514085E+00  -0.681915E+09
   0.137376E+00   0.165926E+07   0.165194E+07   0.537042E+01   0.537042E+01   0.871060E+05   0.165059E+07   0.165803E+07   0.165059E+07  -0.558839E-01   0.852372E+06   0.852276E+06   0.233735E+00   0.868299E-03   0.514081E+00  -0.620478E+09
   0.142497E+00   0.156330E+07   0.155543E+07   0.470221E+01   0.470221E+01   0.777438E+05   0.155496E+07   0.156198E+07   0.155496E+07  -0.526459E-01   0.802992E+06   0.802892E+06   0.232685E+00   0.760264E-03   0.514077E+00  -0.563524E+09
   0.147618E+00   0.147284E+07   0.146450E+07   0.412762E+01   0.412762E+01   0.695009E+05   0.146480E+07   0.147144E+07   0.146480E+07  -0.495936E-01   0.756442E+06   0.756341E+06   0.229182E+00   0.667367E-03   0.514074E+00  -0.512439E+09
   0.152739E+00   0.139286E+07   0.138434E+07   0.364583E+01   0.364583E+01   0.624638E+05   0.138514E+07   0.139143E+07   0.138514E+07  -0.468964E-01   0.715307E+06   0.715206E+06   0.220254E+00   0.589473E-03   0.514071E+00  -0.468325E+09
   0.157860E+00   0.132613E+07   0.131779E+07   0.324951E+01   0.324951E+01   0.566002E+05   0.131873E+07   0.132473E+07   0.131873E+07  -0.446479E-01   0.681015E+06   0.680917E+06   0.205397E+00   0.525396E-03   0.514068E+00  -0.431409E+09
   0.162982E+00   0.127215E+07   0.126435E+07   0.292450E+01   0.292450E+01   0.517460E+05   0.126507E+07   0.127084E+07   0.126507E+07  -0.428313E-01   0.653309E+06   0.653218E+06   0.186068E+00   0.472849E-03   0.514066E+00  -0.400854E+09
   0.168103E+00   0.122813E+07   0.122109E+07   0.265407E+01   0.265407E+01   0.476704E+05   0.122136E+07   0.122694E+07   0.122136E+07  -0.413515E-01   0.630740E+06   0.630657E+06   0.164869E+00   0.429127E-03   0.514064E+00  -0.375216E+09
   0.173224E+00   0.119053E+07   0.118432E+07   0.242316E+01   0.242316E+01   0.441518E+05   0.118407E+07   0.118949E+07   0.118407E+07  -0.400887E-01   0.611480E+06   0.611405E+06   0.144643E+00   0.391793E-03   0.514062E+00  -0.353006E+09
   0.178345E+00   0.115577E+07   0.115030E+07   0.221943E+01   0.221943E+01   0.410009E+05   0.114958E+07   0.115485E+07   0.114958E+07  -0.389212E-01   0.593673E+06   0.593605E+06   0.127668E+00   0.358854E-03   0.514060E+00  -0.332885E+09
   0.183466E+00   0.112053E+07   0.111560E+07   0.203343E+01   0.203343E+01   0.380660E+05   0.111458E+07   0.111970E+07   0.111458E+07  -0.377363E-01   0.575601E+06   0.575538E+06   0.115155E+00   0.328781E-03   0.514058E+00  -0.313743E+09
   0.188587E+00   0.108266E+07   0.107802E+07   0.185949E+01   0.185949E+01   0.352578E+05   0.107693E+07   0.108188E+07   0.107693E+07  -0.364614E-01   0.556157E+06   0.556096E+06   0.107156E+00   0.300657E-03   0.514056E+00  -0.294912E+09
   0.193708E+00   0.104195E+07   0.103736E+07   0.169616E+01   0.169616E+01   0.325600E+05   0.103641E+07   0.104118E+07   0.103641E+07  -0.350894E-01   0.535232E+06   0.535172E+06   0.102800E+00   0.274250E-03   0.514054E+00  -0.276313E+09
   0.198830E+00   0.999733E+06   0.995037E+06   0.154460E+01   0.154460E+01   0.300058E+05   0.994359E+06   0.998944E+06   0.994359E+06  -0.336658E-01   0.513519E+06   0.513459E+06   0.100665E+00   0.249746E-03   0.514053E+00  -0.258276E+09
   0.203951E+00   0.957866E+06   0.953007E+06   0.140644E+01   0.140644E+01   0.276371E+05   0.952652E+06   0.957050E+06   0.952652E+06  -0.322538E-01   0.491982E+06   0.491922E+06   0.992160E-01   0.227408E-03   0.514052E+00  -0.241230E+09
   0.209072E+00   0.918158E+06   0.913169E+06   0.128282E+01   0.128282E+01   0.254876E+05   0.913100E+06   0.917320E+06   0.913100E+06  -0.309147E-01   0.471558E+06   0.471497E+06   0.971823E-01   0.207421E-03   0.514050E+00  -0.225552E+09
   0.214193E+00   0.882151E+06   0.877135E+06   0.117424E+01   0.117424E+01   0.235779E+05   0.877250E+06   0.881309E+06   0.877250E+06  -0.297009E-01   0.453045E+06   0.452985E+06   0.938194E-01   0.189863E-03   0.514049E+00  -0.211516E+09
   0.219314E+00   0.850779E+06   0.845867E+06   0.108019E+01   0.108019E+01   0.219086E+05   0.846035E+06   0.849954E+06   0.846035E+06  -0.286441E-01   0.436926E+06   0.436868E+06   0.889714E-01   0.174658E-03   0.514048E+00  -0.199227E+09
   0.224435E+00   0.824032E+06   0.819346E+06   0.999044E+00   0.999044E+00   0.204560E+05   0.819446E+06   0.823245E+06   0.819446E+06  -0.277439E-01   0.423195E+06   0.423139E+06   0.829727E-01   0.161538E-03   0.514047E+00  -0.188563E+09
   0.229556E+00   0.801057E+06   0.796678E+06   0.928374E+00   0.928374E+00   0.191787E+05   0.796625E+06   0.800321E+06   0.796625E+06  -0.269712E-01   0.411410E+06   0.411357E+06   0.764561E-01   0.150112E-03   0.514046E+00  -0.179222E+09
   0.234678E+00   0.780551E+06   0.776504E+06   0.865600E+00   0.865600E+00   0.180304E+05   0.776266E+06   0.779871E+06   0.776266E+06  -0.262819E-01   0.400896E+06   0.400847E+06   0.701331E-01   0.139962E-03   0.514045E+00  -0.170831E+09
   0.239799E+00   0.761130E+06   0.757385E+06   0.808433E+00   0.808433E+00   0.169692E+05   0.756983E+06   0.760501E+06   0.756983E+06  -0.256290E-01   0.390938E+06   0.390892E+06   0.645979E-01   0.130719E-03   0.514044E+00  -0.163030E+09
   0.244920E+00   0.741620E+06   0.738106E+06   0.755137E+00   0.755137E+00   0.159637E+05   0.737599E+06   0.741030E+06   0.737599E+06  -0.249728E-01   0.380928E+06   0.380884E+06   0.601982E-01   0.122102E-03   0.514043E+00  -0.155535E+09
   0.250041E+00   0.721336E+06   0.717966E+06   0.704713E+00   0.704713E+00   0.149967E+05   0.717430E+06   0.720770E+06   0.717430E+06  -0.242899E-01   0.370513E+06   0.370470E+06   0.569950E-01   0.113949E-03   0.514042E+00  -0.148184E+09
   0.255162E+00   0.700202E+06   0.696894E+06   0.656877E+00   0.656877E+00   0.140658E+05   0.696402E+06   0.699647E+06   0.696402E+06  -0.235780E-01   0.359654E+06   0.359612E+06   0.548002E-01   0.106214E-03   0.514041E+00  -0.140954E+09
   0.260283E+00   0.678610E+06   0.675304E+06   0.611801E+00   0.611801E+00   0.131778E+05   0.674909E+06   0.678055E+06   0.674909E+06  -0.228503E-01   0.348554E+06   0.348513E+06   0.532664E-01   0.989256E-04   0.514041E+00  -0.133916E+09
   0.265404E+00   0.657179E+06   0.653851E+06   0.569817E+00   0.569817E+00   0.123425E+05   0.653571E+06   0.656621E+06   0.653571E+06  -0.221279E-01   0.337536E+06   0.337494E+06   0.519967E-01   0.921372E-04   0.514040E+00  -0.127180E+09
   0.270526E+00   0.636584E+06   0.633241E+06   0.531243E+00   0.531243E+00   0.115691E+05   0.633068E+06   0.636023E+06   0.633068E+06  -0.214337E-01   0.326947E+06   0.326906E+06   0.506486E-01   0.859001E-04   0.514039E+00  -0.120858E+09
   0.275647E+00   0.617417E+06   0.614090E+06   0.496269E+00   0.496269E+00   0.108638E+05   0.613991E+06   0.616858E+06   0.613991E+06  -0.207878E-01   0.317096E+06   0.317055E+06   0.490034E-01   0.802450E-04   0.514039E+00  -0.115039E+09
   0.280768E+00   0.600030E+06   0.596765E+06   0.464856E+00   0.464856E+00   0.102279E+05   0.596693E+06   0.599482E+06   0.596693E+06  -0.202021E-01   0.308163E+06   0.308123E+06   0.469920E-01   0.751657E-04   0.514038E+00  -0.109759E+09
   0.285889E+00   0.584438E+06   0.581276E+06   0.436703E+00   0.436703E+00   0.965641E+04   0.581189E+06   0.583907E+06   0.581189E+06  -0.196772E-01   0.300156E+06   0.300118E+06   0.446784E-01   0.706135E-04   0.514037E+00  -0.104992E+09
   0.291010E+00   0.570366E+06   0.567337E+06   0.411327E+00   0.411327E+00   0.914032E+04   0.567203E+06   0.569857E+06   0.567203E+06  -0.192037E-01   0.292933E+06   0.292897E+06   0.422168E-01   0.665103E-04   0.514037E+00  -0.100662E+09
   0.296131E+00   0.557379E+06   0.554495E+06   0.388188E+00   0.388188E+00   0.866894E+04   0.554301E+06   0.556895E+06   0.554301E+06  -0.187669E-01   0.286270E+06   0.286235E+06   0.397952E-01   0.627689E-04   0.514036E+00  -0.966715E+08
   0.301252E+00   0.545007E+06   0.542258E+06   0.366784E+00   0.366784E+00   0.823189E+04   0.542007E+06   0.544545E+06   0.542007E+06  -0.183506E-01   0.279921E+06   0.279887E+06   0.375810E-01   0.593079E-04   0.514036E+00  -0.929207E+08
   0.306374E+00   0.532826E+06   0.530192E+06   0.346705E+00   0.346705E+00   0.782066E+04   0.529902E+06   0.532384E+06   0.529902E+06  -0.179408E-01   0.273669E+06   0.273637E+06   0.356821E-01   0.560612E-04   0.514035E+00  -0.893269E+08
   0.311495E+00   0.520558E+06   0.518007E+06   0.327678E+00   0.327678E+00   0.742935E+04   0.517703E+06   0.520130E+06   0.517703E+06  -0.175278E-01   0.267370E+06   0.267338E+06   0.341318E-01   0.529847E-04   0.514035E+00  -0.858359E+08
   0.316616E+00   0.508118E+06   0.505621E+06   0.309584E+00   0.309584E+00   0.705544E+04   0.505330E+06   0.507699E+06   0.505330E+06  -0.171089E-01   0.260980E+06   0.260948E+06   0.328933E-01   0.500590E-04   0.514034E+00  -0.824293E+08
   0.321737E+00   0.495608E+06   0.493142E+06   0.292423E+00   0.292423E+00   0.669898E+04   0.492882E+06   0.495194E+06   0.492882E+06  -0.166874E-01   0.254552E+06   0.254521E+06   0.318811E-01   0.472841E-04   0.514034E+00  -0.791192E+08
   0.326858E+00   0.483239E+06   0.480791E+06   0.276256E+00   0.276256E+00   0.636144E+04   0.480573E+06   0.482828E+06   0.480573E+06  -0.162707E-01   0.248195E+06   0.248164E+06   0.309889E-01   0.446700E-04   0.514034E+00  -0.759347E+08
   0.331979E+00   0.471247E+06   0.468817E+06   0.261149E+00   0.261149E+00   0.604443E+04   0.468639E+06   0.470839E+06   0.468639E+06  -0.158666E-01   0.242032E+06   0.242002E+06   0.301175E-01   0.422272E-04   0.514033E+00  -0.729068E+08
   0.337100E+00   0.459834E+06   0.457431E+06   0.247138E+00   0.247138E+00   0.574887E+04   0.457284E+06   0.459431E+06   0.457284E+06  -0.154822E-01   0.236167E+06   0.236138E+06   0.291970E-01   0.399617E-04   0.514033E+00  -0.700595E+08
   0.342222E+00   0.449129E+06   0.446767E+06   0.234213E+00   0.234213E+00   0.547469E+04   0.446635E+06   0.448733E+06   0.446635E+06  -0.151216E-01   0.230668E+06   0.230639E+06   0.281964E-01   0.378718E-04   0.514032E+00  -0.674041E+08
   0.347343E+00   0.439162E+06   0.436854E+06   0.222312E+00   0.222312E+00   0.522059E+04   0.436723E+06   0.438775E+06   0.436723E+06  -0.147861E-01   0.225549E+06   0.225521E+06   0.271232E-01   0.359476E-04   0.514032E+00  -0.649366E+08
   0.352464E+00   0.429864E+06   0.427621E+06   0.211329E+00   0.211329E+00   0.498430E+04   0.427478E+06   0.429487E+06   0.427478E+06  -0.144731E-01   0.220775E+06   0.220747E+06   0.260126E-01   0.341717E-04   0.514032E+00  -0.626385E+08
   0.357585E+00   0.421095E+06   0.418922E+06   0.201133E+00   0.201133E+00   0.476299E+04   0.418762E+06   0.420730E+06   0.418762E+06  -0.141779E-01   0.216273E+06   0.216246E+06   0.249140E-01   0.325230E-04   0.514031E+00  -0.604825E+08
   0.362706E+00   0.412693E+06   0.410589E+06   0.191594E+00   0.191594E+00   0.455395E+04   0.410410E+06   0.412340E+06   0.410410E+06  -0.138952E-01   0.211960E+06   0.211934E+06   0.238751E-01   0.309807E-04   0.514031E+00  -0.584393E+08
   0.367827E+00   0.404508E+06   0.402466E+06   0.182603E+00   0.182603E+00   0.435499E+04   0.402273E+06   0.404165E+06   0.402273E+06  -0.136197E-01   0.207757E+06   0.207732E+06   0.229310E-01   0.295269E-04   0.514031E+00  -0.564833E+08
   0.372948E+00   0.396428E+06   0.394438E+06   0.174076E+00   0.174076E+00   0.416452E+04   0.394239E+06   0.396094E+06   0.394239E+06  -0.133477E-01   0.203608E+06   0.203584E+06   0.220969E-01   0.281481E-04   0.514031E+00  -0.545951E+08
   0.378070E+00   0.388395E+06   0.386446E+06   0.165959E+00   0.165959E+00   0.398179E+04   0.386250E+06   0.388068E+06   0.386250E+06  -0.130772E-01   0.199482E+06   0.199458E+06   0.213676E-01   0.268357E-04   0.514030E+00  -0.527643E+08
   0.383191E+00   0.380418E+06   0.378500E+06   0.158234E+00   0.158234E+00   0.380670E+04   0.378315E+06   0.380096E+06   0.378315E+06  -0.128085E-01   0.195384E+06   0.195361E+06   0.207227E-01   0.255866E-04   0.514030E+00  -0.509897E+08
   0.388312E+00   0.372562E+06   0.370671E+06   0.150905E+00   0.150905E+00   0.363971E+04   0.370500E+06   0.372245E+06   0.370500E+06  -0.125440E-01   0.191349E+06   0.191325E+06   0.201340E-01   0.244015E-04   0.514030E+00  -0.492779E+08
   0.393433E+00   0.364907E+06   0.363040E+06   0.143981E+00   0.143981E+00   0.348124E+04   0.362884E+06   0.364593E+06   0.362884E+06  -0.122861E-01   0.187415E+06   0.187392E+06   0.195724E-01   0.232818E-04   0.514029E+00  -0.476367E+08
   0.398554E+00   0.357514E+06   0.355673E+06   0.137461E+00   0.137461E+00   0.333150E+04   0.355530E+06   0.357205E+06   0.355530E+06  -0.120371E-01   0.183617E+06   0.183595E+06   0.190147E-01   0.222276E-04   0.514029E+00  -0.460716E+08
   0.403675E+00   0.350426E+06   0.348614E+06   0.131339E+00   0.131339E+00   0.319042E+04   0.348480E+06   0.350122E+06   0.348480E+06  -0.117984E-01   0.179977E+06   0.179954E+06   0.184476E-01   0.212376E-04   0.514029E+00  -0.445852E+08
   0.408796E+00   0.343668E+06   0.341889E+06   0.125599E+00   0.125599E+00   0.305775E+04   0.341759E+06   0.343369E+06   0.341759E+06  -0.115709E-01   0.176505E+06   0.176483E+06   0.178691E-01   0.203094E-04   0.514029E+00  -0.431775E+08
   0.413918E+00   0.337232E+06   0.335491E+06   0.120216E+00   0.120216E+00   0.293302E+04   0.335359E+06   0.336940E+06   0.335359E+06  -0.113542E-01   0.173200E+06   0.173179E+06   0.172862E-01   0.194391E-04   0.514029E+00  -0.418448E+08
   0.419039E+00   0.331076E+06   0.329374E+06   0.115155E+00   0.115155E+00   0.281544E+04   0.329238E+06   0.330790E+06   0.329238E+06  -0.111470E-01   0.170039E+06   0.170018E+06   0.167110E-01   0.186207E-04   0.514028E+00  -0.405790E+08
   0.424160E+00   0.325139E+06   0.323476E+06   0.110376E+00   0.110376E+00   0.270416E+04   0.323335E+06   0.324860E+06   0.323335E+06  -0.109471E-01   0.166990E+06   0.166970E+06   0.161567E-01   0.178479E-04   0.514028E+00  -0.393703E+08
   0.429281E+00   0.319365E+06   0.317739E+06   0.105845E+00   0.105845E+00   0.259843E+04   0.317594E+06   0.319092E+06   0.317594E+06  -0.107527E-01   0.164026E+06   0.164005E+06   0.156342E-01   0.171153E-04   0.514028E+00  -0.382100E+08
   0.434402E+00   0.313716E+06   0.312124E+06   0.101536E+00   0.101536E+00   0.249771E+04   0.311977E+06   0.313449E+06   0.311977E+06  -0.105626E-01   0.161125E+06   0.161105E+06   0.151497E-01   0.164185E-04   0.514028E+00  -0.370917E+08
   0.439523E+00   0.308166E+06   0.306604E+06   0.974291E-01   0.974291E-01   0.240159E+04   0.306458E+06   0.307904E+06   0.306458E+06  -0.103757E-01   0.158274E+06   0.158255E+06   0.147038E-01   0.157544E-04   0.514028E+00  -0.360110E+08
   0.444644E+00   0.302703E+06   0.301167E+06   0.935102E-01   0.935102E-01   0.230978E+04   0.301025E+06   0.302445E+06   0.301025E+06  -0.101918E-01   0.155468E+06   0.155449E+06   0.142921E-01   0.151208E-04   0.514027E+00  -0.349652E+08
   0.449766E+00   0.297335E+06   0.295822E+06   0.897718E-01   0.897718E-01   0.222218E+04   0.295685E+06   0.297081E+06   0.295685E+06  -0.100110E-01   0.152711E+06   0.152692E+06   0.139069E-01   0.145163E-04   0.514027E+00  -0.339540E+08
   0.454887E+00   0.292083E+06   0.290592E+06   0.862115E-01   0.862115E-01   0.213876E+04   0.290462E+06   0.291833E+06   0.290462E+06  -0.983412E-02   0.150013E+06   0.149994E+06   0.135399E-01   0.139405E-04   0.514027E+00  -0.329786E+08
   0.460008E+00   0.286974E+06   0.285505E+06   0.828278E-01   0.828278E-01   0.205955E+04   0.285380E+06   0.286727E+06   0.285380E+06  -0.966207E-02   0.147389E+06   0.147370E+06   0.131835E-01   0.133934E-04   0.514027E+00  -0.320410E+08
   0.465129E+00   0.282026E+06   0.280579E+06   0.796169E-01   0.796169E-01   0.198444E+04   0.280459E+06   0.281783E+06   0.280459E+06  -0.949544E-02   0.144847E+06   0.144829E+06   0.128327E-01   0.128742E-04   0.514027E+00  -0.311417E+08
   0.470250E+00   0.277244E+06   0.275820E+06   0.765714E-01   0.765714E-01   0.191326E+04   0.275703E+06   0.277005E+06   0.275703E+06  -0.933442E-02   0.142391E+06   0.142373E+06   0.124851E-01   0.123817E-04   0.514027E+00  -0.302802E+08
   0.475371E+00   0.272623E+06   0.271223E+06   0.736816E-01   0.736816E-01   0.184573E+04   0.271107E+06   0.272388E+06   0.271107E+06  -0.917884E-02   0.140017E+06   0.140000E+06   0.121413E-01   0.119145E-04   0.514026E+00  -0.294548E+08
   0.480492E+00   0.268154E+06   0.266779E+06   0.709372E-01   0.709372E-01   0.178156E+04   0.266663E+06   0.267923E+06   0.266663E+06  -0.902838E-02   0.137722E+06   0.137705E+06   0.118037E-01   0.114707E-04   0.514026E+00  -0.286632E+08
   0.485614E+00   0.263823E+06   0.262473E+06   0.683274E-01   0.683274E-01   0.172045E+04   0.262357E+06   0.263596E+06   0.262357E+06  -0.888257E-02   0.135498E+06   0.135481E+06   0.114760E-01   0.110487E-04   0.514026E+00  -0.279029E+08
   0.490735E+00   0.259611E+06   0.258286E+06   0.658407E-01   0.658407E-01   0.166208E+04   0.258169E+06   0.259389E+06   0.258169E+06  -0.874078E-02   0.133335E+06   0.133319E+06   0.111613E-01   0.106466E-04   0.514026E+00  -0.271710E+08
   0.495856E+00   0.255497E+06   0.254195E+06   0.634660E-01   0.634660E-01   0.160617E+04   0.254078E+06   0.255279E+06   0.254078E+06  -0.860228E-02   0.131222E+06   0.131206E+06   0.108616E-01   0.102626E-04   0.514026E+00  -0.264643E+08
   0.500977E+00   0.251466E+06   0.250185E+06   0.611940E-01   0.611940E-01   0.155249E+04   0.250069E+06   0.251251E+06   0.250069E+06  -0.846654E-02   0.129152E+06   0.129136E+06   0.105776E-01   0.989522E-05   0.514026E+00  -0.257804E+08
   0.506098E+00   0.247512E+06   0.246251E+06   0.590191E-01   0.590191E-01   0.150089E+04   0.246137E+06   0.247300E+06   0.246137E+06  -0.833342E-02   0.127121E+06   0.127106E+06   0.103087E-01   0.954353E-05   0.514026E+00  -0.251183E+08
   0.511219E+00   0.243639E+06   0.242397E+06   0.569374E-01   0.569374E-01   0.145129E+04   0.242285E+06   0.243430E+06   0.242285E+06  -0.820300E-02   0.125132E+06   0.125116E+06   0.100529E-01   0.920692E-05   0.514025E+00  -0.244775E+08
   0.516340E+00   0.239849E+06   0.238625E+06   0.549452E-01   0.549452E-01   0.140358E+04   0.238516E+06   0.239643E+06   0.238516E+06  -0.807538E-02   0.123185E+06   0.123170E+06   0.980796E-02   0.888479E-05   0.514025E+00  -0.238577E+08
   0.521462E+00   0.236144E+06   0.234937E+06   0.530391E-01   0.530391E-01   0.135768E+04   0.234831E+06   0.235941E+06   0.234831E+06  -0.795063E-02   0.121282E+06   0.121267E+06   0.957126E-02   0.857658E-05   0.514025E+00  -0.232585E+08
   0.526583E+00   0.232528E+06   0.231339E+06   0.512162E-01   0.512162E-01   0.131349E+04   0.231235E+06   0.232329E+06   0.231235E+06  -0.782890E-02   0.119425E+06   0.119411E+06   0.934086E-02   0.828181E-05   0.514025E+00  -0.226797E+08
   0.531704E+00   0.229009E+06   0.227837E+06   0.494740E-01   0.494740E-01   0.127097E+04   0.227735E+06   0.228812E+06   0.227735E+06  -0.771040E-02   0.117618E+06   0.117603E+06   0.911565E-02   0.800010E-05   0.514025E+00  -0.221212E+08
   0.536825E+00   0.225587E+06   0.224432E+06   0.478093E-01   0.478093E-01   0.123004E+04   0.224332E+06   0.225393E+06   0.224332E+06  -0.759517E-02   0.115860E+06   0.115846E+06   0.889528E-02   0.773091E-05   0.514025E+00  -0.215828E+08
   0.541946E+00   0.222256E+06   0.221119E+06   0.462174E-01   0.462174E-01   0.119061E+04   0.221020E+06   0.222065E+06   0.221020E+06  -0.748303E-02   0.114149E+06   0.114135E+06   0.867997E-02   0.747351E-05   0.514025E+00  -0.210632E+08
   0.547067E+00   0.219009E+06   0.217889E+06   0.446935E-01   0.446935E-01   0.115261E+04   0.217791E+06   0.218821E+06   0.217791E+06  -0.737370E-02   0.112482E+06   0.112468E+06   0.847037E-02   0.722710E-05   0.514025E+00  -0.205612E+08
   0.559946E+00   0.211181E+06   0.210103E+06   0.411365E-01   0.411365E-01   0.106311E+04   0.210006E+06   0.211000E+06   0.210006E+06  -0.711014E-02   0.108461E+06   0.108448E+06   0.797334E-02   0.665193E-05   0.514024E+00  -0.193703E+08
   0.593872E+00   0.192428E+06   0.191445E+06   0.333234E-01   0.333234E-01   0.866441E+03   0.191358E+06   0.192263E+06   0.191358E+06  -0.647876E-02   0.988300E+05   0.988178E+05   0.686496E-02   0.538851E-05   0.514024E+00  -0.166419E+08
   0.629853E+00   0.175296E+06   0.174401E+06   0.269872E-01   0.269872E-01   0.710518E+03   0.174320E+06   0.175145E+06   0.174320E+06  -0.590192E-02   0.900306E+05   0.900195E+05   0.590047E-02   0.436393E-05   0.514023E+00  -0.142941E+08
   0.879031E+00   0.102473E+06   0.101949E+06   0.809961E-02   0.809961E-02   0.223018E+03   0.101901E+06   0.102385E+06   0.101901E+06  -0.345005E-02   0.526290E+05   0.526224E+05   0.250094E-02   0.130975E-05   0.514021E+00  -0.598726E+07
   0.122679E+01   0.591790E+05   0.588768E+05   0.240157E-02   0.240157E-02   0.678396E+02   0.588487E+05   0.591282E+05   0.588487E+05  -0.199243E-02   0.303938E+05   0.303899E+05   0.105905E-02   0.388349E-06   0.514020E+00  -0.247755E+07
   0.171212E+01   0.338212E+05   0.336484E+05   0.704671E-03   0.704671E-03   0.202466E+02   0.336324E+05   0.337922E+05   0.336324E+05  -0.113869E-02   0.173702E+05   0.173679E+05   0.453187E-03   0.113950E-06   0.514019E+00  -0.101456E+07
   0.238945E+01   0.191559E+05   0.190578E+05   0.204913E-03   0.204913E-03   0.596167E+01   0.190489E+05   0.191394E+05   0.190489E+05  -0.644935E-03   0.983826E+04   0.983683E+04   0.199417E-03   0.331360E-07   0.514018E+00  -0.411742E+06
