#          k/h    CDM            baryon         photon         nu             mass_nu        total          no_nu          total_de       Weyl           v_CDM          v_b            v_b-v_c        ISW            log_grow       pert_vel    
   0.994668E-05   0.106819E+08   0.106819E+08   0.142301E+08   0.142297E+08   0.106839E+08   0.106819E+08   0.106819E+08   0.106857E+08  -0.458664E+00   0.992900E+07   0.992900E+07   0.607280E+01   0.112842E+07   0.489861E+00  -0.998259E+14
   0.109829E-04   0.106824E+08   0.106824E+08   0.142281E+08   0.142276E+08   0.106844E+08   0.106824E+08   0.106824E+08   0.106862E+08  -0.458685E+00   0.992924E+07   0.992924E+07   0.670528E+01   0.925520E+06   0.489887E+00  -0.904093E+14
   0.121272E-04   0.106830E+08   0.106830E+08   0.142255E+08   0.142249E+08   0.106850E+08   0.106830E+08   0.106830E+08   0.106868E+08  -0.458710E+00   0.992954E+07   0.992954E+07   0.740359E+01   0.759102E+06   0.489919E+00  -0.818814E+14
   0.133906E-04   0.106837E+08   0.106837E+08   0.142225E+08   0.142217E+08   0.106857E+08   0.106837E+08   0.106837E+08   0.106875E+08  -0.458740E+00   0.992990E+07   0.992990E+07   0.817455E+01   0.622607E+06   0.489959E+00  -0.741584E+14
   0.147857E-04   0.106845E+08   0.106845E+08   0.142187E+08   0.142178E+08   0.106865E+08   0.106845E+08   0.106845E+08   0.106883E+08  -0.458777E+00   0.993034E+07   0.993034E+07   0.902571E+01   0.510654E+06   0.490007E+00  -0.671643E+14
   0.163261E-04   0.106856E+08   0.106856E+08   0.142141E+08   0.142130E+08   0.106876E+08   0.106856E+08   0.106856E+08   0.106894E+08  -0.458822E+00   0.993088E+07   0.993088E+07   0.996538E+01   0.418830E+06   0.490065E+00  -0.608305E+14
   0.180270E-04   0.106869E+08   0.106869E+08   0.142085E+08   0.142071E+08   0.106888E+08   0.106869E+08   0.106869E+08   0.106907E+08  -0.458877E+00   0.993154E+07   0.993154E+07   0.110027E+02   0.343516E+06   0.490136E+00  -0.550947E+14
   0.199051E-04   0.106884E+08   0.106884E+08   0.142017E+08   0.142000E+08   0.106903E+08   0.106884E+08   0.106884E+08   0.106922E+08  -0.458944E+00   0.993234E+07   0.993234E+07   0.121478E+02   0.281744E+06   0.490223E+00  -0.499004E+14
   0.219788E-04   0.106903E+08   0.106903E+08   0.141934E+08   0.141913E+08   0.106922E+08   0.106903E+08   0.106903E+08   0.106941E+08  -0.459025E+00   0.993332E+07   0.993332E+07   0.134118E+02   0.231079E+06   0.490329E+00  -0.451966E+14
   0.242687E-04   0.106927E+08   0.106927E+08   0.141833E+08   0.141808E+08   0.106945E+08   0.106927E+08   0.106927E+08   0.106965E+08  -0.459125E+00   0.993451E+07   0.993451E+07   0.148070E+02   0.189524E+06   0.490458E+00  -0.409371E+14
   0.267970E-04   0.106955E+08   0.106955E+08   0.141710E+08   0.141679E+08   0.106973E+08   0.106955E+08   0.106955E+08   0.106993E+08  -0.459246E+00   0.993596E+07   0.993596E+07   0.163467E+02   0.155440E+06   0.490614E+00  -0.370800E+14
   0.295888E-04   0.106990E+08   0.106989E+08   0.141559E+08   0.141522E+08   0.107007E+08   0.106990E+08   0.106990E+08   0.107027E+08  -0.459394E+00   0.993773E+07   0.993773E+07   0.180459E+02   0.127485E+06   0.490805E+00  -0.335873E+14
   0.326714E-04   0.107032E+08   0.107032E+08   0.141376E+08   0.141331E+08   0.107048E+08   0.107032E+08   0.107032E+08   0.107069E+08  -0.459574E+00   0.993988E+07   0.993988E+07   0.199207E+02   0.104556E+06   0.491038E+00  -0.304249E+14
   0.360752E-04   0.107083E+08   0.107083E+08   0.141154E+08   0.141099E+08   0.107098E+08   0.107083E+08   0.107083E+08   0.107121E+08  -0.459793E+00   0.994251E+07   0.994251E+07   0.219891E+02   0.857499E+05   0.491320E+00  -0.275615E+14
   0.398336E-04   0.107145E+08   0.107145E+08   0.140882E+08   0.140815E+08   0.107160E+08   0.107145E+08   0.107145E+08   0.107183E+08  -0.460060E+00   0.994571E+07   0.994570E+07   0.242705E+02   0.703252E+05   0.491664E+00  -0.249690E+14
   0.439836E-04   0.107221E+08   0.107221E+08   0.140552E+08   0.140471E+08   0.107234E+08   0.107221E+08   0.107221E+08   0.107259E+08  -0.460386E+00   0.994960E+07   0.994960E+07   0.267863E+02   0.576740E+05   0.492082E+00  -0.226220E+14
   0.485659E-04   0.107314E+08   0.107314E+08   0.140150E+08   0.140051E+08   0.107325E+08   0.107314E+08   0.107314E+08   0.107352E+08  -0.460782E+00   0.995435E+07   0.995435E+07   0.295598E+02   0.472975E+05   0.492589E+00  -0.204973E+14
   0.536256E-04   0.107427E+08   0.107427E+08   0.139662E+08   0.139541E+08   0.107436E+08   0.107427E+08   0.107427E+08   0.107464E+08  -0.461265E+00   0.996013E+07   0.996012E+07   0.326164E+02   0.387869E+05   0.493205E+00  -0.185741E+14
   0.592125E-04   0.107564E+08   0.107564E+08   0.139068E+08   0.138921E+08   0.107570E+08   0.107564E+08   0.107564E+08   0.107601E+08  -0.461852E+00   0.996716E+07   0.996716E+07   0.359835E+02   0.318065E+05   0.493952E+00  -0.168335E+14
   0.653814E-04   0.107731E+08   0.107731E+08   0.138347E+08   0.138168E+08   0.107734E+08   0.107731E+08   0.107731E+08   0.107768E+08  -0.462566E+00   0.997572E+07   0.997572E+07   0.396908E+02   0.260814E+05   0.494855E+00  -0.152583E+14
   0.721930E-04   0.107934E+08   0.107934E+08   0.137472E+08   0.137255E+08   0.107933E+08   0.107934E+08   0.107934E+08   0.107971E+08  -0.463434E+00   0.998614E+07   0.998613E+07   0.437699E+02   0.213857E+05   0.495948E+00  -0.138331E+14
   0.797142E-04   0.108181E+08   0.108180E+08   0.136411E+08   0.136148E+08   0.108175E+08   0.108181E+08   0.108181E+08   0.108217E+08  -0.464490E+00   0.999879E+07   0.999878E+07   0.482548E+02   0.175345E+05   0.497267E+00  -0.125438E+14
   0.880190E-04   0.108480E+08   0.108480E+08   0.135126E+08   0.134807E+08   0.108469E+08   0.108480E+08   0.108480E+08   0.108516E+08  -0.465771E+00   0.100142E+08   0.100142E+08   0.531812E+02   0.143760E+05   0.498854E+00  -0.113777E+14
   0.971891E-04   0.108844E+08   0.108843E+08   0.133573E+08   0.133187E+08   0.108826E+08   0.108844E+08   0.108844E+08   0.108879E+08  -0.467326E+00   0.100328E+08   0.100328E+08   0.585862E+02   0.117855E+05   0.500761E+00  -0.103234E+14
   0.107314E-03   0.109284E+08   0.109284E+08   0.131699E+08   0.131232E+08   0.109258E+08   0.109284E+08   0.109284E+08   0.109319E+08  -0.469210E+00   0.100555E+08   0.100555E+08   0.645082E+02   0.966110E+04   0.503044E+00  -0.937045E+13
   0.118495E-03   0.109818E+08   0.109817E+08   0.129443E+08   0.128879E+08   0.109781E+08   0.109817E+08   0.109818E+08   0.109852E+08  -0.471491E+00   0.100829E+08   0.100829E+08   0.709852E+02   0.791896E+04   0.505766E+00  -0.850948E+13
   0.130840E-03   0.110462E+08   0.110461E+08   0.126734E+08   0.126055E+08   0.110412E+08   0.110462E+08   0.110462E+08   0.110496E+08  -0.474248E+00   0.101161E+08   0.101161E+08   0.780545E+02   0.649041E+04   0.508998E+00  -0.773195E+13
   0.144471E-03   0.111240E+08   0.111238E+08   0.123493E+08   0.122679E+08   0.111175E+08   0.111239E+08   0.111240E+08   0.111272E+08  -0.477574E+00   0.101562E+08   0.101562E+08   0.857504E+02   0.531913E+04   0.512814E+00  -0.703017E+13
   0.159522E-03   0.112176E+08   0.112174E+08   0.119632E+08   0.118658E+08   0.112092E+08   0.112175E+08   0.112175E+08   0.112207E+08  -0.481578E+00   0.102045E+08   0.102045E+08   0.941017E+02   0.435892E+04   0.517290E+00  -0.639715E+13
   0.176142E-03   0.113299E+08   0.113297E+08   0.115057E+08   0.113897E+08   0.113192E+08   0.113299E+08   0.113299E+08   0.113329E+08  -0.486385E+00   0.102626E+08   0.102626E+08   0.103129E+03   0.357190E+04   0.522501E+00  -0.582656E+13
   0.194493E-03   0.114644E+08   0.114642E+08   0.109671E+08   0.108297E+08   0.114509E+08   0.114643E+08   0.114644E+08   0.114672E+08  -0.492138E+00   0.103323E+08   0.103323E+08   0.112841E+03   0.292701E+04   0.528514E+00  -0.531264E+13
   0.214755E-03   0.116248E+08   0.116245E+08   0.103381E+08   0.101763E+08   0.116079E+08   0.116246E+08   0.116247E+08   0.116274E+08  -0.498997E+00   0.104156E+08   0.104155E+08   0.123227E+03   0.239874E+04   0.535380E+00  -0.485016E+13
   0.237129E-03   0.118151E+08   0.118148E+08   0.961090E+07   0.942192E+07   0.117941E+08   0.118150E+08   0.118151E+08   0.118175E+08  -0.507140E+00   0.105147E+08   0.105146E+08   0.134253E+03   0.196621E+04   0.543127E+00  -0.443434E+13
   0.261834E-03   0.120399E+08   0.120394E+08   0.878075E+07   0.856218E+07   0.120138E+08   0.120397E+08   0.120398E+08   0.120420E+08  -0.516756E+00   0.106322E+08   0.106320E+08   0.145853E+03   0.161223E+04   0.551749E+00  -0.406079E+13
   0.289112E-03   0.123037E+08   0.123032E+08   0.784806E+07   0.759834E+07   0.122714E+08   0.123034E+08   0.123036E+08   0.123055E+08  -0.528041E+00   0.107704E+08   0.107703E+08   0.157918E+03   0.132272E+04   0.561198E+00  -0.372547E+13
   0.319233E-03   0.126111E+08   0.126105E+08   0.682126E+07   0.654021E+07   0.125713E+08   0.126108E+08   0.126110E+08   0.126126E+08  -0.541194E+00   0.109322E+08   0.109320E+08   0.170289E+03   0.108609E+04   0.571377E+00  -0.342463E+13
   0.352491E-03   0.129664E+08   0.129656E+08   0.572007E+07   0.540969E+07   0.129176E+08   0.129661E+08   0.129663E+08   0.129676E+08  -0.556397E+00   0.111199E+08   0.111197E+08   0.182746E+03   0.892793E+03   0.582138E+00  -0.315476E+13
   0.389215E-03   0.133732E+08   0.133723E+08   0.457897E+07   0.424430E+07   0.133133E+08   0.133728E+08   0.133731E+08   0.133740E+08  -0.573805E+00   0.113357E+08   0.113355E+08   0.194997E+03   0.734975E+03   0.593287E+00  -0.291256E+13
   0.429764E-03   0.138341E+08   0.138330E+08   0.344992E+07   0.309989E+07   0.137607E+08   0.138336E+08   0.138339E+08   0.138344E+08  -0.593527E+00   0.115814E+08   0.115811E+08   0.206681E+03   0.606151E+03   0.604593E+00  -0.269491E+13
   0.474538E-03   0.143498E+08   0.143486E+08   0.240268E+07   0.205083E+07   0.142601E+08   0.143492E+08   0.143496E+08   0.143498E+08  -0.615601E+00   0.118576E+08   0.118572E+08   0.217367E+03   0.500966E+03   0.615807E+00  -0.249884E+13
   0.523976E-03   0.149193E+08   0.149178E+08   0.152068E+07   0.118528E+07   0.148098E+08   0.149185E+08   0.149191E+08   0.149189E+08  -0.639979E+00   0.121640E+08   0.121636E+08   0.226572E+03   0.415006E+03   0.626683E+00  -0.232154E+13
   0.578566E-03   0.155388E+08   0.155370E+08   0.889562E+06   0.592697E+06   0.154054E+08   0.155379E+08   0.155385E+08   0.155381E+08  -0.666503E+00   0.124988E+08   0.124984E+08   0.233792E+03   0.344637E+03   0.637000E+00  -0.216037E+13
   0.638842E-03   0.162017E+08   0.161997E+08   0.576680E+06   0.342006E+06   0.160393E+08   0.162006E+08   0.162014E+08   0.162008E+08  -0.694895E+00   0.128586E+08   0.128581E+08   0.238552E+03   0.286882E+03   0.646580E+00  -0.201286E+13
   0.705398E-03   0.168988E+08   0.168965E+08   0.602906E+06   0.451850E+06   0.167015E+08   0.168975E+08   0.168984E+08   0.168976E+08  -0.724755E+00   0.132384E+08   0.132379E+08   0.240469E+03   0.239318E+03   0.655297E+00  -0.187678E+13
   0.778888E-03   0.176180E+08   0.176154E+08   0.914628E+06   0.861889E+06   0.173788E+08   0.176164E+08   0.176176E+08   0.176167E+08  -0.755573E+00   0.136315E+08   0.136309E+08   0.239307E+03   0.199985E+03   0.663083E+00  -0.175018E+13
   0.860035E-03   0.183455E+08   0.183425E+08   0.137269E+07   0.142298E+07   0.180560E+08   0.183436E+08   0.183450E+08   0.183440E+08  -0.786749E+00   0.140301E+08   0.140295E+08   0.235024E+03   0.167314E+03   0.669924E+00  -0.163139E+13
   0.949635E-03   0.190661E+08   0.190629E+08   0.177996E+07   0.192898E+07   0.187166E+08   0.190639E+08   0.190656E+08   0.190644E+08  -0.817636E+00   0.144256E+08   0.144250E+08   0.227773E+03   0.140057E+03   0.675847E+00  -0.151912E+13
   0.104857E-02   0.197647E+08   0.197612E+08   0.195797E+07   0.219971E+07   0.193440E+08   0.197622E+08   0.197642E+08   0.197627E+08  -0.847581E+00   0.148093E+08   0.148086E+08   0.217845E+03   0.117224E+03   0.680910E+00  -0.141237E+13
   0.115781E-02   0.204272E+08   0.204234E+08   0.184451E+07   0.218302E+07   0.199223E+08   0.204242E+08   0.204266E+08   0.204247E+08  -0.875970E+00   0.151727E+08   0.151720E+08   0.205607E+03   0.980360E+02   0.685193E+00  -0.131050E+13
   0.127844E-02   0.210411E+08   0.210371E+08   0.153416E+07   0.199112E+07   0.204376E+08   0.210376E+08   0.210404E+08   0.210380E+08  -0.902270E+00   0.155086E+08   0.155078E+08   0.191468E+03   0.818783E+02   0.688783E+00  -0.121312E+13
   0.141163E-02   0.215965E+08   0.215924E+08   0.118802E+07   0.179522E+07   0.208792E+08   0.215924E+08   0.215958E+08   0.215928E+08  -0.926058E+00   0.158109E+08   0.158101E+08   0.175935E+03   0.682620E+02   0.691773E+00  -0.112008E+13
   0.155869E-02   0.220862E+08   0.220821E+08   0.872016E+06   0.555678E+06   0.212388E+08   0.220815E+08   0.220855E+08   0.220817E+08  -0.947019E+00   0.160753E+08   0.160746E+08   0.159699E+03   0.567855E+02   0.694254E+00  -0.103136E+13
   0.172108E-02   0.225060E+08   0.225019E+08   0.543036E+06   0.464429E+06   0.215113E+08   0.225006E+08   0.225053E+08   0.225008E+08  -0.964985E+00   0.162988E+08   0.162981E+08   0.143598E+03   0.471381E+02   0.696299E+00  -0.947037E+12
   0.190039E-02   0.228538E+08   0.228497E+08   0.247539E+06   0.386810E+06   0.216945E+08   0.228476E+08   0.228531E+08   0.228477E+08  -0.979859E+00   0.164799E+08   0.164791E+08   0.128426E+03   0.390376E+02   0.697978E+00  -0.867209E+12
   0.209838E-02   0.231295E+08   0.231254E+08   0.144255E+06   0.321088E+06   0.217888E+08   0.231225E+08   0.231288E+08   0.231225E+08  -0.991641E+00   0.166181E+08   0.166174E+08   0.114769E+03   0.322521E+02   0.699353E+00  -0.791973E+12
   0.231699E-02   0.233348E+08   0.233306E+08   0.193943E+06   0.265693E+06   0.217966E+08   0.233268E+08   0.233341E+08   0.233269E+08  -0.100040E+01   0.167141E+08   0.167134E+08   0.102990E+03   0.265841E+02   0.700478E+00  -0.721393E+12
   0.255838E-02   0.234724E+08   0.234680E+08   0.233096E+06   0.219205E+06   0.217219E+08   0.234634E+08   0.234716E+08   0.234634E+08  -0.100625E+01   0.167692E+08   0.167685E+08   0.931119E+02   0.218626E+02   0.701397E+00  -0.655482E+12
   0.282492E-02   0.235450E+08   0.235405E+08   0.264700E+06   0.180347E+06   0.215688E+08   0.235349E+08   0.235442E+08   0.235350E+08  -0.100932E+01   0.167847E+08   0.167840E+08   0.847164E+02   0.179400E+02   0.702144E+00  -0.594182E+12
   0.311923E-02   0.235560E+08   0.235513E+08   0.205559E+06   0.147990E+06   0.213414E+08   0.235448E+08   0.235553E+08   0.235448E+08  -0.100974E+01   0.167621E+08   0.167614E+08   0.771976E+02   0.146896E+02   0.702751E+00  -0.537396E+12
   0.344419E-02   0.235087E+08   0.235037E+08   0.109999E+06   0.121137E+06   0.210436E+08   0.234962E+08   0.235079E+08   0.234963E+08  -0.100765E+01   0.167031E+08   0.167023E+08   0.700369E+02   0.120027E+02   0.703241E+00  -0.484977E+12
   0.380302E-02   0.234059E+08   0.234007E+08   0.533260E+05   0.989214E+05   0.206783E+08   0.233922E+08   0.234051E+08   0.233922E+08  -0.100319E+01   0.166090E+08   0.166082E+08   0.631068E+02   0.978692E+01   0.703637E+00  -0.436744E+12
   0.419923E-02   0.232503E+08   0.232447E+08   0.749534E+05   0.805952E+05   0.202486E+08   0.232351E+08   0.232493E+08   0.232351E+08  -0.996453E+00   0.164810E+08   0.164803E+08   0.566661E+02   0.796400E+01   0.703954E+00  -0.392489E+12
   0.463671E-02   0.230438E+08   0.230378E+08   0.804389E+05   0.655166E+05   0.197575E+08   0.230272E+08   0.230428E+08   0.230272E+08  -0.987536E+00   0.163202E+08   0.163194E+08   0.510017E+02   0.646757E+01   0.704206E+00  -0.351987E+12
   0.511978E-02   0.227882E+08   0.227816E+08   0.419194E+05   0.531403E+05   0.192092E+08   0.227701E+08   0.227871E+08   0.227701E+08  -0.976510E+00   0.161271E+08   0.161264E+08   0.460488E+02   0.524152E+01   0.704404E+00  -0.315006E+12
   0.565317E-02   0.224853E+08   0.224781E+08   0.184926E+05   0.430060E+05   0.185826E+08   0.224656E+08   0.224841E+08   0.224656E+08  -0.963450E+00   0.159027E+08   0.159020E+08   0.415103E+02   0.423897E+01   0.704555E+00  -0.281315E+12
   0.624213E-02   0.221347E+08   0.221268E+08   0.741544E+04   0.347231E+05   0.179124E+08   0.221134E+08   0.221333E+08   0.221134E+08  -0.948342E+00   0.156464E+08   0.156457E+08   0.372991E+02   0.342062E+01   0.704671E+00  -0.250665E+12
   0.689245E-02   0.217373E+08   0.217285E+08  -0.303175E+05   0.279683E+05   0.171881E+08   0.217143E+08   0.217358E+08   0.217143E+08  -0.931228E+00   0.153585E+08   0.153578E+08   0.335574E+02   0.275391E+01   0.704755E+00  -0.222837E+12
   0.761052E-02   0.212934E+08   0.212835E+08  -0.278619E+05   0.224708E+05   0.164199E+08   0.212686E+08   0.212917E+08   0.212686E+08  -0.912115E+00   0.150389E+08   0.150382E+08   0.302313E+02   0.221169E+01   0.704813E+00  -0.197612E+12
   0.840340E-02   0.208026E+08   0.207915E+08   0.537611E+03   0.180055E+05   0.156173E+08   0.207762E+08   0.208008E+08   0.207762E+08  -0.890998E+00   0.146873E+08   0.146866E+08   0.272021E+02   0.177166E+01   0.704851E+00  -0.174783E+12
   0.927889E-02   0.202649E+08   0.202523E+08  -0.163838E+05   0.143861E+05   0.147809E+08   0.202368E+08   0.202628E+08   0.202368E+08  -0.867864E+00   0.143033E+08   0.143027E+08   0.245107E+02   0.141514E+01   0.704872E+00  -0.154154E+12
   0.102456E-01   0.196796E+08   0.196653E+08  -0.410702E+04   0.114585E+05   0.139117E+08   0.196500E+08   0.196772E+08   0.196500E+08  -0.842696E+00   0.138866E+08   0.138859E+08   0.221050E+02   0.112690E+01   0.704878E+00  -0.135541E+12
   0.113130E-01   0.190462E+08   0.190298E+08  -0.729930E+04   0.909553E+04   0.130173E+08   0.190150E+08   0.190435E+08   0.190150E+08  -0.815464E+00   0.134363E+08   0.134356E+08   0.199572E+02   0.894365E+00   0.704872E+00  -0.118772E+12
   0.124916E-01   0.183639E+08   0.183451E+08  -0.253644E+04   0.719267E+04   0.121059E+08   0.183311E+08   0.183607E+08   0.183311E+08  -0.786138E+00   0.129521E+08   0.129514E+08   0.180453E+02   0.707152E+00   0.704856E+00  -0.103689E+12
   0.137930E-01   0.176322E+08   0.176107E+08  -0.622072E+04   0.566416E+04   0.111838E+08   0.175981E+08   0.176286E+08   0.175981E+08  -0.754700E+00   0.124334E+08   0.124327E+08   0.163415E+02   0.556819E+00   0.704832E+00  -0.901451E+11
   0.152300E-01   0.168510E+08   0.168264E+08   0.397865E+04   0.443972E+04   0.102543E+08   0.168156E+08   0.168468E+08   0.168156E+08  -0.721145E+00   0.118801E+08   0.118795E+08   0.148185E+02   0.436411E+00   0.704802E+00  -0.780069E+11
   0.168167E-01   0.160395E+08   0.160116E+08  -0.153521E+04   0.346592E+04   0.933871E+07   0.160031E+08   0.160348E+08   0.160031E+08  -0.686298E+00   0.113058E+08   0.113052E+08   0.134641E+02   0.340671E+00   0.704767E+00  -0.672316E+11
   0.185687E-01   0.151664E+08   0.151348E+08  -0.239377E+04   0.268785E+04   0.842296E+07   0.151292E+08   0.151611E+08   0.151292E+08  -0.648822E+00   0.106884E+08   0.106877E+08   0.122296E+02   0.264186E+00   0.704728E+00  -0.575629E+11
   0.205033E-01   0.142510E+08   0.142156E+08   0.353329E+04   0.207136E+04   0.752575E+07   0.142132E+08   0.142450E+08   0.142132E+08  -0.609540E+00   0.100413E+08   0.100407E+08   0.110985E+02   0.203591E+00   0.704686E+00  -0.489756E+11
   0.226393E-01   0.132861E+08   0.132469E+08   0.822099E+03   0.158377E+04   0.664928E+07   0.132481E+08   0.132795E+08   0.132481E+08  -0.568150E+00   0.935966E+07   0.935898E+07   0.100395E+02   0.155669E+00   0.704641E+00  -0.413435E+11
   0.249980E-01   0.123065E+08   0.122637E+08   0.494561E+03   0.120312E+04   0.581702E+07   0.122686E+08   0.122993E+08   0.122686E+08  -0.526145E+00   0.866789E+07   0.866721E+07   0.903553E+01   0.118260E+00   0.704596E+00  -0.346752E+11
   0.276023E-01   0.113241E+08   0.112782E+08   0.702017E+03   0.907935E+03   0.503701E+07   0.112867E+08   0.113164E+08   0.112867E+08  -0.484033E+00   0.797436E+07   0.797370E+07   0.806426E+01   0.892503E-01   0.704550E+00  -0.288909E+11
   0.304780E-01   0.103432E+08   0.102953E+08   0.522138E+03   0.680117E+03   0.431284E+07   0.103067E+08   0.103352E+08   0.103067E+08  -0.442006E+00   0.728226E+07   0.728161E+07   0.709874E+01   0.668611E-01   0.704503E+00  -0.238940E+11
   0.336533E-01   0.939070E+07   0.934221E+07   0.187966E+03   0.506413E+03   0.365581E+07   0.935546E+07   0.938256E+07   0.935546E+07  -0.401212E+00   0.661044E+07   0.660982E+07   0.612946E+01   0.497890E-01   0.704457E+00  -0.196432E+11
   0.371593E-01   0.850099E+07   0.845377E+07  -0.540846E+02   0.375981E+03   0.307674E+07   0.846743E+07   0.849306E+07   0.846743E+07  -0.363129E+00   0.598325E+07   0.598267E+07   0.515860E+01   0.369692E-01   0.704412E+00  -0.161019E+11
   0.410307E-01   0.769600E+07   0.765218E+07   0.384664E+02   0.279171E+03   0.257794E+07   0.766446E+07   0.768865E+07   0.766446E+07  -0.328693E+00   0.541611E+07   0.541560E+07   0.419963E+01   0.274532E-01   0.704367E+00  -0.132004E+11
   0.451338E-01   0.702457E+07   0.698602E+07   0.210598E+03   0.210598E+03   0.217463E+07   0.699517E+07   0.701810E+07   0.699517E+07  -0.299990E+00   0.494364E+07   0.494320E+07   0.325837E+01   0.207068E-01   0.704360E+00  -0.109535E+11
   0.492368E-01   0.649334E+07   0.646090E+07   0.163592E+03   0.163592E+03   0.186278E+07   0.646601E+07   0.648790E+07   0.646601E+07  -0.277297E+00   0.456987E+07   0.456950E+07   0.253277E+01   0.160868E-01   0.704323E+00  -0.928162E+10
   0.533399E-01   0.606533E+07   0.603899E+07   0.130218E+03   0.130218E+03   0.161610E+07   0.603987E+07   0.606091E+07   0.603987E+07  -0.259022E+00   0.426887E+07   0.426856E+07   0.195491E+01   0.128064E-01   0.704290E+00  -0.800335E+10
   0.574430E-01   0.570494E+07   0.568396E+07   0.105620E+03   0.105620E+03   0.141452E+07   0.568113E+07   0.570142E+07   0.568113E+07  -0.243637E+00   0.401548E+07   0.401522E+07   0.152065E+01   0.103884E-01   0.704260E+00  -0.699056E+10
   0.615460E-01   0.538440E+07   0.536752E+07   0.868452E+02   0.868452E+02   0.124428E+07   0.536198E+07   0.538156E+07   0.536198E+07  -0.229950E+00   0.379004E+07   0.378981E+07   0.121653E+01   0.854263E-02   0.704233E+00  -0.615822E+10
   0.656491E-01   0.508226E+07   0.506799E+07   0.720496E+02   0.720496E+02   0.109604E+07   0.506101E+07   0.507986E+07   0.506101E+07  -0.217043E+00   0.357742E+07   0.357722E+07   0.102129E+01   0.708792E-02   0.704209E+00  -0.544945E+10
   0.697522E-01   0.478334E+07   0.477023E+07   0.600694E+02   0.600694E+02   0.963834E+06   0.476307E+07   0.478114E+07   0.476307E+07  -0.204266E+00   0.336693E+07   0.336674E+07   0.908744E+00   0.590987E-02   0.704186E+00  -0.482712E+10
   0.738552E-01   0.449020E+07   0.447703E+07   0.502952E+02   0.502952E+02   0.846323E+06   0.447075E+07   0.448799E+07   0.447075E+07  -0.191730E+00   0.316039E+07   0.316020E+07   0.852892E+00   0.494863E-02   0.704166E+00  -0.427928E+10
   0.779583E-01   0.419339E+07   0.417937E+07   0.421536E+02   0.421536E+02   0.740189E+06   0.417471E+07   0.419104E+07   0.417471E+07  -0.179034E+00   0.295120E+07   0.295101E+07   0.826787E+00   0.414785E-02   0.704147E+00  -0.378571E+10
   0.820614E-01   0.390744E+07   0.389222E+07   0.354461E+02   0.354461E+02   0.646722E+06   0.388947E+07   0.390489E+07   0.388947E+07  -0.166801E+00   0.274963E+07   0.274943E+07   0.810765E+00   0.348805E-02   0.704130E+00  -0.335079E+10
   0.861644E-01   0.364025E+07   0.362392E+07   0.299492E+02   0.299492E+02   0.565690E+06   0.362297E+07   0.363751E+07   0.362297E+07  -0.155372E+00   0.256130E+07   0.256110E+07   0.789894E+00   0.294730E-02   0.704114E+00  -0.297264E+10
   0.912856E-01   0.334315E+07   0.332607E+07   0.245028E+02   0.245028E+02   0.481147E+06   0.332675E+07   0.334028E+07   0.332675E+07  -0.142669E+00   0.235195E+07   0.235175E+07   0.744538E+00   0.241146E-02   0.704096E+00  -0.257653E+10
   0.964067E-01   0.309543E+07   0.307861E+07   0.203398E+02   0.203398E+02   0.413506E+06   0.307993E+07   0.309261E+07   0.307993E+07  -0.132084E+00   0.217750E+07   0.217731E+07   0.674658E+00   0.200186E-02   0.704080E+00  -0.225871E+10
   0.101528E+00   0.290014E+07   0.288458E+07   0.171829E+02   0.171829E+02   0.360410E+06   0.288552E+07   0.289753E+07   0.288552E+07  -0.123747E+00   0.204011E+07   0.203993E+07   0.586799E+00   0.169122E-02   0.704065E+00  -0.200945E+10
   0.106649E+00   0.275015E+07   0.273657E+07   0.147680E+02   0.147680E+02   0.318679E+06   0.273638E+07   0.274787E+07   0.273638E+07  -0.117350E+00   0.193469E+07   0.193453E+07   0.492859E+00   0.145358E-02   0.704052E+00  -0.181411E+10
   0.111770E+00   0.263065E+07   0.261930E+07   0.128627E+02   0.128627E+02   0.284926E+06   0.261765E+07   0.262874E+07   0.261765E+07  -0.112259E+00   0.185078E+07   0.185064E+07   0.405325E+00   0.126609E-02   0.704039E+00  -0.165592E+10
   0.116891E+00   0.252565E+07   0.251633E+07   0.112922E+02   0.112922E+02   0.256363E+06   0.251335E+07   0.252408E+07   0.251335E+07  -0.107786E+00   0.177706E+07   0.177694E+07   0.333828E+00   0.111152E-02   0.704028E+00  -0.152031E+10
   0.122012E+00   0.242268E+07   0.241484E+07   0.994235E+01   0.994235E+01   0.231112E+06   0.241100E+07   0.242136E+07   0.241100E+07  -0.103396E+00   0.170471E+07   0.170461E+07   0.283211E+00   0.978673E-03   0.704018E+00  -0.139720E+10
   0.127134E+00   0.231442E+07   0.230735E+07   0.874854E+01   0.874854E+01   0.208118E+06   0.230327E+07   0.231323E+07   0.230327E+07  -0.987764E-01   0.162856E+07   0.162847E+07   0.253199E+00   0.861172E-03   0.704009E+00  -0.128102E+10
   0.132255E+00   0.219885E+07   0.219190E+07   0.768034E+01   0.768034E+01   0.186939E+06   0.218817E+07   0.219768E+07   0.218817E+07  -0.938403E-01   0.154720E+07   0.154710E+07   0.239437E+00   0.756031E-03   0.704000E+00  -0.116989E+10
   0.137376E+00   0.207835E+07   0.207103E+07   0.672789E+01   0.672789E+01   0.167522E+06   0.206809E+07   0.207712E+07   0.206809E+07  -0.886905E-01   0.146231E+07   0.146221E+07   0.235347E+00   0.662285E-03   0.703993E+00  -0.106448E+10
   0.142497E+00   0.195812E+07   0.195024E+07   0.589076E+01   0.589076E+01   0.150006E+06   0.194824E+07   0.195679E+07   0.194824E+07  -0.835510E-01   0.137758E+07   0.137748E+07   0.234150E+00   0.579890E-03   0.703986E+00  -0.966767E+09
   0.147618E+00   0.184476E+07   0.183642E+07   0.517093E+01   0.517093E+01   0.134594E+06   0.183527E+07   0.184336E+07   0.183527E+07  -0.787063E-01   0.129771E+07   0.129761E+07   0.230514E+00   0.509042E-03   0.703979E+00  -0.879122E+09
   0.152739E+00   0.174455E+07   0.173603E+07   0.456735E+01   0.456735E+01   0.121431E+06   0.173545E+07   0.174312E+07   0.173545E+07  -0.744253E-01   0.122714E+07   0.122703E+07   0.221472E+00   0.449635E-03   0.703973E+00  -0.803437E+09
   0.157860E+00   0.166096E+07   0.165262E+07   0.407084E+01   0.407084E+01   0.110460E+06   0.165223E+07   0.165956E+07   0.165223E+07  -0.708564E-01   0.116830E+07   0.116820E+07   0.206521E+00   0.400767E-03   0.703968E+00  -0.740101E+09
   0.162982E+00   0.159336E+07   0.158556E+07   0.366368E+01   0.366368E+01   0.101378E+06   0.158499E+07   0.159205E+07   0.158499E+07  -0.679730E-01   0.112076E+07   0.112067E+07   0.187112E+00   0.360691E-03   0.703963E+00  -0.687679E+09
   0.168103E+00   0.153824E+07   0.153120E+07   0.332489E+01   0.332489E+01   0.937602E+05   0.153023E+07   0.153706E+07   0.153023E+07  -0.656242E-01   0.108204E+07   0.108196E+07   0.165847E+00   0.327345E-03   0.703959E+00  -0.643695E+09
   0.173224E+00   0.149117E+07   0.148496E+07   0.303561E+01   0.303561E+01   0.871914E+05   0.148349E+07   0.149013E+07   0.148349E+07  -0.636199E-01   0.104900E+07   0.104892E+07   0.145564E+00   0.298870E-03   0.703955E+00  -0.605589E+09
   0.178345E+00   0.144766E+07   0.144219E+07   0.278039E+01   0.278039E+01   0.813125E+05   0.144028E+07   0.144674E+07   0.144028E+07  -0.617667E-01   0.101845E+07   0.101838E+07   0.128537E+00   0.273747E-03   0.703951E+00  -0.571069E+09
   0.183466E+00   0.140353E+07   0.139860E+07   0.254737E+01   0.254737E+01   0.758301E+05   0.139642E+07   0.140270E+07   0.139642E+07  -0.598861E-01   0.987443E+06   0.987379E+06   0.115974E+00   0.250809E-03   0.703947E+00  -0.538229E+09
   0.188587E+00   0.135610E+07   0.135145E+07   0.232946E+01   0.232946E+01   0.705663E+05   0.134924E+07   0.135532E+07   0.134924E+07  -0.578626E-01   0.954083E+06   0.954022E+06   0.107927E+00   0.229358E-03   0.703944E+00  -0.505924E+09
   0.193708E+00   0.130510E+07   0.130051E+07   0.212485E+01   0.212485E+01   0.654860E+05   0.129847E+07   0.130433E+07   0.129847E+07  -0.556852E-01   0.918184E+06   0.918124E+06   0.103522E+00   0.209215E-03   0.703941E+00  -0.474015E+09
   0.198830E+00   0.125221E+07   0.124751E+07   0.193499E+01   0.193499E+01   0.606518E+05   0.124578E+07   0.125142E+07   0.124578E+07  -0.534258E-01   0.880933E+06   0.880873E+06   0.101341E+00   0.190525E-03   0.703938E+00  -0.443071E+09
   0.203951E+00   0.119975E+07   0.119489E+07   0.176190E+01   0.176190E+01   0.561462E+05   0.119353E+07   0.119893E+07   0.119353E+07  -0.511847E-01   0.843984E+06   0.843923E+06   0.998478E-01   0.173485E-03   0.703935E+00  -0.413828E+09
   0.209072E+00   0.115000E+07   0.114501E+07   0.160704E+01   0.160704E+01   0.520360E+05   0.114397E+07   0.114916E+07   0.114397E+07  -0.490595E-01   0.808944E+06   0.808883E+06   0.977735E-01   0.158240E-03   0.703933E+00  -0.386931E+09
   0.214193E+00   0.110489E+07   0.109987E+07   0.147101E+01   0.147101E+01   0.483621E+05   0.109905E+07   0.110405E+07   0.109905E+07  -0.471332E-01   0.777184E+06   0.777124E+06   0.943742E-01   0.144848E-03   0.703930E+00  -0.362852E+09
   0.219314E+00   0.106559E+07   0.106068E+07   0.135319E+01   0.135319E+01   0.451259E+05   0.105994E+07   0.106477E+07   0.105994E+07  -0.454559E-01   0.749531E+06   0.749472E+06   0.894944E-01   0.133250E-03   0.703928E+00  -0.341769E+09
   0.224435E+00   0.103209E+07   0.102741E+07   0.125154E+01   0.125154E+01   0.422801E+05   0.102663E+07   0.103131E+07   0.102663E+07  -0.440272E-01   0.725975E+06   0.725919E+06   0.834681E-01   0.123243E-03   0.703926E+00  -0.323475E+09
   0.229556E+00   0.100332E+07   0.998945E+06   0.116300E+01   0.116300E+01   0.397418E+05   0.998032E+06   0.100259E+07   0.998032E+06  -0.428009E-01   0.705757E+06   0.705704E+06   0.769273E-01   0.114529E-03   0.703924E+00  -0.307451E+09
   0.234678E+00   0.977649E+06   0.973602E+06   0.108436E+01   0.108436E+01   0.374205E+05   0.972523E+06   0.976970E+06   0.972523E+06  -0.417070E-01   0.687720E+06   0.687671E+06   0.705826E-01   0.106787E-03   0.703922E+00  -0.293056E+09
   0.239799E+00   0.953332E+06   0.949586E+06   0.101275E+01   0.101275E+01   0.352372E+05   0.948361E+06   0.952703E+06   0.948361E+06  -0.406708E-01   0.670636E+06   0.670590E+06   0.650273E-01   0.997369E-04   0.703920E+00  -0.279673E+09
   0.244920E+00   0.928901E+06   0.925386E+06   0.945982E+00   0.945982E+00   0.331366E+05   0.924074E+06   0.928311E+06   0.924074E+06  -0.396292E-01   0.653464E+06   0.653419E+06   0.606082E-01   0.931636E-04   0.703918E+00  -0.266814E+09
   0.250041E+00   0.903496E+06   0.900125E+06   0.882814E+00   0.882814E+00   0.310946E+05   0.898804E+06   0.902930E+06   0.898804E+06  -0.385455E-01   0.635596E+06   0.635553E+06   0.573860E-01   0.869440E-04   0.703917E+00  -0.254203E+09
   0.255162E+00   0.877023E+06   0.873714E+06   0.822888E+00   0.822888E+00   0.291163E+05   0.872457E+06   0.876467E+06   0.872457E+06  -0.374156E-01   0.616967E+06   0.616924E+06   0.551724E-01   0.810432E-04   0.703915E+00  -0.241800E+09
   0.260283E+00   0.849973E+06   0.846667E+06   0.766419E+00   0.766419E+00   0.272239E+05   0.845527E+06   0.849418E+06   0.845527E+06  -0.362607E-01   0.597925E+06   0.597883E+06   0.536203E-01   0.754825E-04   0.703913E+00  -0.229727E+09
   0.265404E+00   0.823125E+06   0.819796E+06   0.713825E+00   0.713825E+00   0.254432E+05   0.818794E+06   0.822566E+06   0.818794E+06  -0.351142E-01   0.579022E+06   0.578980E+06   0.523332E-01   0.703031E-04   0.703912E+00  -0.218171E+09
   0.270526E+00   0.797324E+06   0.793980E+06   0.665502E+00   0.665502E+00   0.237964E+05   0.793104E+06   0.796762E+06   0.793104E+06  -0.340125E-01   0.560857E+06   0.560816E+06   0.509687E-01   0.655442E-04   0.703910E+00  -0.207326E+09
   0.275647E+00   0.773313E+06   0.769986E+06   0.621689E+00   0.621689E+00   0.222982E+05   0.769203E+06   0.772754E+06   0.769203E+06  -0.329875E-01   0.543956E+06   0.543916E+06   0.493084E-01   0.612293E-04   0.703909E+00  -0.197343E+09
   0.280768E+00   0.751534E+06   0.748268E+06   0.582337E+00   0.582337E+00   0.209522E+05   0.747531E+06   0.750986E+06   0.747531E+06  -0.320581E-01   0.528632E+06   0.528592E+06   0.472832E-01   0.573537E-04   0.703908E+00  -0.188285E+09
   0.285889E+00   0.732005E+06   0.728843E+06   0.547068E+00   0.547068E+00   0.197495E+05   0.728106E+06   0.731474E+06   0.728106E+06  -0.312251E-01   0.514896E+06   0.514858E+06   0.449573E-01   0.538801E-04   0.703906E+00  -0.180108E+09
   0.291010E+00   0.714382E+06   0.711353E+06   0.515279E+00   0.515279E+00   0.186723E+05   0.710583E+06   0.713873E+06   0.710583E+06  -0.304736E-01   0.502506E+06   0.502469E+06   0.424845E-01   0.507491E-04   0.703905E+00  -0.172681E+09
   0.296131E+00   0.698119E+06   0.695235E+06   0.486292E+00   0.486292E+00   0.176992E+05   0.694417E+06   0.697635E+06   0.694417E+06  -0.297803E-01   0.491075E+06   0.491039E+06   0.400526E-01   0.478941E-04   0.703904E+00  -0.165834E+09
   0.301252E+00   0.682625E+06   0.679877E+06   0.459478E+00   0.459478E+00   0.168088E+05   0.679015E+06   0.682164E+06   0.679015E+06  -0.291198E-01   0.480183E+06   0.480149E+06   0.378286E-01   0.452531E-04   0.703903E+00  -0.159400E+09
   0.306374E+00   0.667371E+06   0.664736E+06   0.434325E+00   0.434325E+00   0.159824E+05   0.663848E+06   0.666929E+06   0.663848E+06  -0.284693E-01   0.469458E+06   0.469425E+06   0.359204E-01   0.427757E-04   0.703902E+00  -0.153235E+09
   0.311495E+00   0.652006E+06   0.649454E+06   0.410489E+00   0.410489E+00   0.152061E+05   0.648566E+06   0.651577E+06   0.648566E+06  -0.278139E-01   0.458651E+06   0.458619E+06   0.343610E-01   0.404281E-04   0.703901E+00  -0.147246E+09
   0.316616E+00   0.636424E+06   0.633926E+06   0.387822E+00   0.387822E+00   0.144721E+05   0.633063E+06   0.636005E+06   0.633063E+06  -0.271491E-01   0.447689E+06   0.447658E+06   0.331137E-01   0.381956E-04   0.703899E+00  -0.141402E+09
   0.321737E+00   0.620754E+06   0.618287E+06   0.366324E+00   0.366324E+00   0.137779E+05   0.617469E+06   0.620340E+06   0.617469E+06  -0.264804E-01   0.436662E+06   0.436631E+06   0.320929E-01   0.360784E-04   0.703899E+00  -0.135724E+09
   0.326858E+00   0.605259E+06   0.602811E+06   0.346071E+00   0.346071E+00   0.131237E+05   0.602048E+06   0.604848E+06   0.602048E+06  -0.258190E-01   0.425757E+06   0.425726E+06   0.311924E-01   0.340838E-04   0.703898E+00  -0.130261E+09
   0.331979E+00   0.590237E+06   0.587807E+06   0.327146E+00   0.327146E+00   0.125105E+05   0.587097E+06   0.589829E+06   0.587097E+06  -0.251778E-01   0.415184E+06   0.415154E+06   0.303131E-01   0.322201E-04   0.703897E+00  -0.125066E+09
   0.337100E+00   0.575941E+06   0.573538E+06   0.309594E+00   0.309594E+00   0.119380E+05   0.572870E+06   0.575538E+06   0.572870E+06  -0.245677E-01   0.405124E+06   0.405094E+06   0.293852E-01   0.304916E-04   0.703896E+00  -0.120182E+09
   0.342222E+00   0.562532E+06   0.560169E+06   0.293402E+00   0.293402E+00   0.114040E+05   0.559529E+06   0.562136E+06   0.559529E+06  -0.239956E-01   0.395690E+06   0.395661E+06   0.283777E-01   0.288972E-04   0.703895E+00  -0.115627E+09
   0.347343E+00   0.550048E+06   0.547740E+06   0.278494E+00   0.278494E+00   0.109043E+05   0.547111E+06   0.549661E+06   0.547111E+06  -0.234630E-01   0.386908E+06   0.386880E+06   0.272980E-01   0.274292E-04   0.703894E+00  -0.111394E+09
   0.352464E+00   0.538403E+06   0.536160E+06   0.264735E+00   0.264735E+00   0.104332E+05   0.535529E+06   0.538026E+06   0.535529E+06  -0.229663E-01   0.378718E+06   0.378690E+06   0.261815E-01   0.260744E-04   0.703894E+00  -0.107451E+09
   0.357585E+00   0.527421E+06   0.525248E+06   0.251962E+00   0.251962E+00   0.998439E+04   0.524609E+06   0.527056E+06   0.524609E+06  -0.224980E-01   0.370996E+06   0.370969E+06   0.250772E-01   0.248168E-04   0.703893E+00  -0.103753E+09
   0.362706E+00   0.516898E+06   0.514794E+06   0.240013E+00   0.240013E+00   0.955285E+04   0.514145E+06   0.516545E+06   0.514145E+06  -0.220493E-01   0.363596E+06   0.363570E+06   0.240330E-01   0.236402E-04   0.703892E+00  -0.100248E+09
   0.367827E+00   0.506647E+06   0.504605E+06   0.228750E+00   0.228750E+00   0.913523E+04   0.503951E+06   0.506304E+06   0.503951E+06  -0.216121E-01   0.356388E+06   0.356362E+06   0.230839E-01   0.225311E-04   0.703892E+00  -0.968924E+08
   0.372948E+00   0.496527E+06   0.494537E+06   0.218067E+00   0.218067E+00   0.873005E+04   0.493886E+06   0.496193E+06   0.493886E+06  -0.211805E-01   0.349270E+06   0.349245E+06   0.222448E-01   0.214791E-04   0.703891E+00  -0.936534E+08
   0.378070E+00   0.486466E+06   0.484516E+06   0.207900E+00   0.207900E+00   0.833764E+04   0.483877E+06   0.486138E+06   0.483877E+06  -0.207512E-01   0.342192E+06   0.342168E+06   0.215107E-01   0.204777E-04   0.703890E+00  -0.905127E+08
   0.383191E+00   0.476473E+06   0.474556E+06   0.198222E+00   0.198222E+00   0.795954E+04   0.473936E+06   0.476152E+06   0.473936E+06  -0.203249E-01   0.335163E+06   0.335139E+06   0.208612E-01   0.195247E-04   0.703890E+00  -0.874684E+08
   0.388312E+00   0.466634E+06   0.464743E+06   0.189041E+00   0.189041E+00   0.759798E+04   0.464146E+06   0.466316E+06   0.464146E+06  -0.199050E-01   0.328239E+06   0.328216E+06   0.202681E-01   0.186204E-04   0.703889E+00  -0.845319E+08
   0.393433E+00   0.457045E+06   0.455178E+06   0.180367E+00   0.180367E+00   0.725462E+04   0.454604E+06   0.456731E+06   0.454604E+06  -0.194958E-01   0.321492E+06   0.321469E+06   0.197022E-01   0.177660E-04   0.703889E+00  -0.817166E+08
   0.398554E+00   0.447785E+06   0.445943E+06   0.172200E+00   0.172200E+00   0.693023E+04   0.445391E+06   0.447476E+06   0.445391E+06  -0.191007E-01   0.314977E+06   0.314954E+06   0.191404E-01   0.169616E-04   0.703888E+00  -0.790318E+08
   0.403675E+00   0.438907E+06   0.437095E+06   0.164530E+00   0.164530E+00   0.662476E+04   0.436558E+06   0.438603E+06   0.436558E+06  -0.187220E-01   0.308731E+06   0.308709E+06   0.185694E-01   0.162062E-04   0.703888E+00  -0.764819E+08
   0.408796E+00   0.430442E+06   0.428663E+06   0.157339E+00   0.157339E+00   0.633770E+04   0.428138E+06   0.430143E+06   0.428138E+06  -0.183608E-01   0.302776E+06   0.302754E+06   0.179872E-01   0.154979E-04   0.703887E+00  -0.740671E+08
   0.413918E+00   0.422381E+06   0.420640E+06   0.150596E+00   0.150596E+00   0.606807E+04   0.420120E+06   0.422089E+06   0.420120E+06  -0.180170E-01   0.297106E+06   0.297085E+06   0.174009E-01   0.148338E-04   0.703887E+00  -0.717809E+08
   0.419039E+00   0.414671E+06   0.412969E+06   0.144256E+00   0.144256E+00   0.581435E+04   0.412452E+06   0.414386E+06   0.412452E+06  -0.176881E-01   0.291684E+06   0.291663E+06   0.168224E-01   0.142093E-04   0.703886E+00  -0.696096E+08
   0.424160E+00   0.407235E+06   0.405572E+06   0.138269E+00   0.138269E+00   0.557492E+04   0.405056E+06   0.406956E+06   0.405056E+06  -0.173710E-01   0.286454E+06   0.286434E+06   0.162649E-01   0.136196E-04   0.703886E+00  -0.675362E+08
   0.429281E+00   0.400004E+06   0.398378E+06   0.132593E+00   0.132593E+00   0.534838E+04   0.397864E+06   0.399731E+06   0.397864E+06  -0.170625E-01   0.281368E+06   0.281348E+06   0.157393E-01   0.130605E-04   0.703885E+00  -0.655457E+08
   0.434402E+00   0.392928E+06   0.391336E+06   0.127195E+00   0.127195E+00   0.513374E+04   0.390827E+06   0.392661E+06   0.390827E+06  -0.167607E-01   0.276392E+06   0.276372E+06   0.152519E-01   0.125288E-04   0.703885E+00  -0.636273E+08
   0.439523E+00   0.385977E+06   0.384414E+06   0.122051E+00   0.122051E+00   0.493028E+04   0.383913E+06   0.385715E+06   0.383913E+06  -0.164642E-01   0.271502E+06   0.271482E+06   0.148032E-01   0.120221E-04   0.703884E+00  -0.617734E+08
   0.444644E+00   0.379135E+06   0.377599E+06   0.117141E+00   0.117141E+00   0.473754E+04   0.377106E+06   0.378877E+06   0.377106E+06  -0.161723E-01   0.266689E+06   0.266670E+06   0.143887E-01   0.115385E-04   0.703884E+00  -0.599795E+08
   0.449766E+00   0.372411E+06   0.370898E+06   0.112458E+00   0.112458E+00   0.455539E+04   0.370417E+06   0.372157E+06   0.370417E+06  -0.158855E-01   0.261958E+06   0.261939E+06   0.140009E-01   0.110772E-04   0.703883E+00  -0.582447E+08
   0.454887E+00   0.365833E+06   0.364342E+06   0.107998E+00   0.107998E+00   0.438385E+04   0.363873E+06   0.365582E+06   0.363873E+06  -0.156048E-01   0.257330E+06   0.257312E+06   0.136313E-01   0.106378E-04   0.703883E+00  -0.565716E+08
   0.460008E+00   0.359433E+06   0.357964E+06   0.103759E+00   0.103759E+00   0.422290E+04   0.357507E+06   0.359187E+06   0.357507E+06  -0.153318E-01   0.252828E+06   0.252810E+06   0.132725E-01   0.102203E-04   0.703883E+00  -0.549631E+08
   0.465129E+00   0.353235E+06   0.351788E+06   0.997369E-01   0.997369E-01   0.407217E+04   0.351341E+06   0.352992E+06   0.351341E+06  -0.150674E-01   0.248468E+06   0.248450E+06   0.129193E-01   0.982409E-05   0.703882E+00  -0.534205E+08
   0.470250E+00   0.347246E+06   0.345822E+06   0.959218E-01   0.959218E-01   0.393096E+04   0.345383E+06   0.347007E+06   0.345383E+06  -0.148119E-01   0.244255E+06   0.244237E+06   0.125695E-01   0.944828E-05   0.703882E+00  -0.519427E+08
   0.475371E+00   0.341458E+06   0.340059E+06   0.923018E-01   0.923018E-01   0.379829E+04   0.339626E+06   0.341223E+06   0.339626E+06  -0.145650E-01   0.240184E+06   0.240166E+06   0.122235E-01   0.909171E-05   0.703882E+00  -0.505267E+08
   0.480492E+00   0.335861E+06   0.334486E+06   0.888638E-01   0.888638E-01   0.367308E+04   0.334059E+06   0.335630E+06   0.334059E+06  -0.143262E-01   0.236247E+06   0.236229E+06   0.118839E-01   0.875308E-05   0.703881E+00  -0.491688E+08
   0.485614E+00   0.330436E+06   0.329086E+06   0.855944E-01   0.855944E-01   0.355428E+04   0.328664E+06   0.330210E+06   0.328664E+06  -0.140949E-01   0.232431E+06   0.232414E+06   0.115541E-01   0.843106E-05   0.703881E+00  -0.478646E+08
   0.490735E+00   0.325161E+06   0.323836E+06   0.824794E-01   0.824794E-01   0.344089E+04   0.323417E+06   0.324939E+06   0.323417E+06  -0.138698E-01   0.228721E+06   0.228704E+06   0.112374E-01   0.812425E-05   0.703881E+00  -0.466090E+08
   0.495856E+00   0.320009E+06   0.318706E+06   0.795044E-01   0.795044E-01   0.333209E+04   0.318292E+06   0.319790E+06   0.318292E+06  -0.136501E-01   0.225097E+06   0.225080E+06   0.109359E-01   0.783124E-05   0.703880E+00  -0.453967E+08
   0.500977E+00   0.314959E+06   0.313678E+06   0.766583E-01   0.766583E-01   0.322725E+04   0.313270E+06   0.314744E+06   0.313270E+06  -0.134347E-01   0.221545E+06   0.221529E+06   0.106502E-01   0.755092E-05   0.703880E+00  -0.442236E+08
   0.506098E+00   0.310007E+06   0.308746E+06   0.739338E-01   0.739338E-01   0.312596E+04   0.308344E+06   0.309795E+06   0.308344E+06  -0.132234E-01   0.218061E+06   0.218046E+06   0.103794E-01   0.728258E-05   0.703880E+00  -0.430878E+08
   0.511219E+00   0.305156E+06   0.303914E+06   0.713260E-01   0.713260E-01   0.302791E+04   0.303518E+06   0.304947E+06   0.303518E+06  -0.130165E-01   0.214649E+06   0.214633E+06   0.101220E-01   0.702574E-05   0.703879E+00  -0.419887E+08
   0.516340E+00   0.300409E+06   0.299185E+06   0.688304E-01   0.688304E-01   0.293273E+04   0.298796E+06   0.300203E+06   0.298796E+06  -0.128140E-01   0.211309E+06   0.211294E+06   0.987542E-02   0.677995E-05   0.703879E+00  -0.409254E+08
   0.521462E+00   0.295768E+06   0.294562E+06   0.664426E-01   0.664426E-01   0.284005E+04   0.294180E+06   0.295565E+06   0.294180E+06  -0.126160E-01   0.208045E+06   0.208030E+06   0.963714E-02   0.654478E-05   0.703879E+00  -0.398975E+08
   0.526583E+00   0.291240E+06   0.290051E+06   0.641590E-01   0.641590E-01   0.274956E+04   0.289676E+06   0.291040E+06   0.289676E+06  -0.124228E-01   0.204860E+06   0.204845E+06   0.940522E-02   0.631988E-05   0.703879E+00  -0.389046E+08
   0.531704E+00   0.286832E+06   0.285660E+06   0.619765E-01   0.619765E-01   0.266104E+04   0.285291E+06   0.286635E+06   0.285291E+06  -0.122348E-01   0.201759E+06   0.201744E+06   0.917854E-02   0.610494E-05   0.703878E+00  -0.379466E+08
   0.536825E+00   0.282545E+06   0.281391E+06   0.598911E-01   0.598911E-01   0.257435E+04   0.281027E+06   0.282351E+06   0.281027E+06  -0.120520E-01   0.198744E+06   0.198729E+06   0.895674E-02   0.589955E-05   0.703878E+00  -0.370229E+08
   0.541946E+00   0.278374E+06   0.277237E+06   0.578969E-01   0.578969E-01   0.248945E+04   0.276878E+06   0.278183E+06   0.276878E+06  -0.118740E-01   0.195809E+06   0.195795E+06   0.874007E-02   0.570316E-05   0.703878E+00  -0.361316E+08
   0.547067E+00   0.274307E+06   0.273187E+06   0.559880E-01   0.559880E-01   0.240640E+04   0.272833E+06   0.274119E+06   0.272833E+06  -0.117005E-01   0.192948E+06   0.192934E+06   0.852914E-02   0.551515E-05   0.703878E+00  -0.352705E+08
   0.559946E+00   0.264502E+06   0.263424E+06   0.515320E-01   0.515320E-01   0.220743E+04   0.263081E+06   0.264321E+06   0.263081E+06  -0.112823E-01   0.186052E+06   0.186038E+06   0.802898E-02   0.507625E-05   0.703877E+00  -0.332276E+08
   0.593872E+00   0.241015E+06   0.240032E+06   0.417444E-01   0.417444E-01   0.178102E+04   0.239718E+06   0.240850E+06   0.239718E+06  -0.102804E-01   0.169530E+06   0.169518E+06   0.691336E-02   0.411204E-05   0.703876E+00  -0.285473E+08
   0.629853E+00   0.219556E+06   0.218661E+06   0.338070E-01   0.338070E-01   0.147971E+04   0.218374E+06   0.219406E+06   0.218374E+06  -0.936505E-02   0.154436E+06   0.154425E+06   0.594263E-02   0.333015E-05   0.703875E+00  -0.245200E+08
   0.879031E+00   0.128346E+06   0.127822E+06   0.101464E-01   0.101464E-01   0.473202E+03   0.127653E+06   0.128258E+06   0.127653E+06  -0.547444E-02   0.902779E+05   0.902712E+05   0.252069E-02   0.999535E-06   0.703870E+00  -0.102704E+08
   0.122679E+01   0.741208E+05   0.738186E+05   0.300845E-02   0.300845E-02   0.143786E+03   0.737202E+05   0.740701E+05   0.737202E+05  -0.316152E-02   0.521362E+05   0.521322E+05   0.106891E-02   0.296368E-06   0.703867E+00  -0.424992E+07
   0.171212E+01   0.423606E+05   0.421877E+05   0.882742E-03   0.882742E-03   0.429913E+02   0.421314E+05   0.423315E+05   0.421314E+05  -0.180682E-02   0.297961E+05   0.297938E+05   0.458565E-03   0.869624E-07   0.703866E+00  -0.174035E+07
   0.238945E+01   0.239925E+05   0.238943E+05   0.256695E-03   0.256695E-03   0.127669E+02   0.238626E+05   0.239760E+05   0.238626E+05  -0.102335E-02   0.168761E+05   0.168746E+05   0.202662E-03   0.252882E-07   0.703865E+00  -0.706290E+06
