#          k/h    CDM            baryon         photon         nu             mass_nu        total          no_nu          total_de       Weyl           v_CDM          v_b            v_b-v_c        ISW            log_grow       pert_vel    
   0.994668E-05   0.119387E+08   0.119387E+08   0.159057E+08   0.159053E+08   0.119408E+08   0.119388E+08   0.119387E+08   0.119430E+08  -0.458643E+00   0.992926E+07   0.992926E+07   0.611132E+01   0.112840E+07   0.489809E+00  -0.998285E+14
   0.109829E-04   0.119392E+08   0.119392E+08   0.159036E+08   0.159031E+08   0.119413E+08   0.119392E+08   0.119392E+08   0.119435E+08  -0.458660E+00   0.992947E+07   0.992947E+07   0.674781E+01   0.925502E+06   0.489832E+00  -0.904114E+14
   0.121272E-04   0.119398E+08   0.119398E+08   0.159009E+08   0.159003E+08   0.119418E+08   0.119398E+08   0.119398E+08   0.119440E+08  -0.458682E+00   0.992972E+07   0.992972E+07   0.745055E+01   0.759088E+06   0.489860E+00  -0.818829E+14
   0.133906E-04   0.119405E+08   0.119405E+08   0.158978E+08   0.158970E+08   0.119425E+08   0.119405E+08   0.119405E+08   0.119447E+08  -0.458708E+00   0.993004E+07   0.993004E+07   0.822640E+01   0.622596E+06   0.489894E+00  -0.741594E+14
   0.147857E-04   0.119413E+08   0.119413E+08   0.158939E+08   0.158929E+08   0.119433E+08   0.119413E+08   0.119413E+08   0.119456E+08  -0.458740E+00   0.993042E+07   0.993042E+07   0.908296E+01   0.510646E+06   0.489936E+00  -0.671649E+14
   0.163261E-04   0.119423E+08   0.119423E+08   0.158891E+08   0.158880E+08   0.119443E+08   0.119423E+08   0.119423E+08   0.119466E+08  -0.458780E+00   0.993089E+07   0.993089E+07   0.100286E+02   0.418824E+06   0.489987E+00  -0.608306E+14
   0.180270E-04   0.119436E+08   0.119436E+08   0.158834E+08   0.158820E+08   0.119456E+08   0.119436E+08   0.119436E+08   0.119478E+08  -0.458827E+00   0.993146E+07   0.993146E+07   0.110725E+02   0.343513E+06   0.490049E+00  -0.550942E+14
   0.199051E-04   0.119451E+08   0.119451E+08   0.158763E+08   0.158746E+08   0.119470E+08   0.119451E+08   0.119451E+08   0.119493E+08  -0.458885E+00   0.993216E+07   0.993216E+07   0.122249E+02   0.281742E+06   0.490124E+00  -0.498994E+14
   0.219788E-04   0.119469E+08   0.119469E+08   0.158677E+08   0.158657E+08   0.119489E+08   0.119469E+08   0.119469E+08   0.119512E+08  -0.458956E+00   0.993300E+07   0.993300E+07   0.134969E+02   0.231078E+06   0.490216E+00  -0.451951E+14
   0.242687E-04   0.119492E+08   0.119492E+08   0.158573E+08   0.158548E+08   0.119511E+08   0.119492E+08   0.119492E+08   0.119534E+08  -0.459043E+00   0.993404E+07   0.993404E+07   0.149009E+02   0.189524E+06   0.490328E+00  -0.409351E+14
   0.267970E-04   0.119519E+08   0.119519E+08   0.158445E+08   0.158415E+08   0.119538E+08   0.119519E+08   0.119519E+08   0.119562E+08  -0.459148E+00   0.993530E+07   0.993529E+07   0.164504E+02   0.155441E+06   0.490464E+00  -0.370775E+14
   0.295888E-04   0.119553E+08   0.119553E+08   0.158290E+08   0.158253E+08   0.119571E+08   0.119553E+08   0.119553E+08   0.119595E+08  -0.459276E+00   0.993683E+07   0.993683E+07   0.181604E+02   0.127487E+06   0.490630E+00  -0.335843E+14
   0.326714E-04   0.119594E+08   0.119594E+08   0.158101E+08   0.158056E+08   0.119611E+08   0.119594E+08   0.119594E+08   0.119636E+08  -0.459432E+00   0.993870E+07   0.993870E+07   0.200471E+02   0.104558E+06   0.490832E+00  -0.304213E+14
   0.360752E-04   0.119643E+08   0.119643E+08   0.157870E+08   0.157815E+08   0.119659E+08   0.119644E+08   0.119643E+08   0.119686E+08  -0.459622E+00   0.994097E+07   0.994097E+07   0.221286E+02   0.857527E+05   0.491077E+00  -0.275573E+14
   0.398336E-04   0.119704E+08   0.119704E+08   0.157590E+08   0.157523E+08   0.119719E+08   0.119704E+08   0.119704E+08   0.119746E+08  -0.459854E+00   0.994375E+07   0.994374E+07   0.244245E+02   0.703284E+05   0.491376E+00  -0.249641E+14
   0.439836E-04   0.119778E+08   0.119778E+08   0.157249E+08   0.157167E+08   0.119791E+08   0.119778E+08   0.119778E+08   0.119820E+08  -0.460137E+00   0.994712E+07   0.994712E+07   0.269563E+02   0.576774E+05   0.491738E+00  -0.226164E+14
   0.485659E-04   0.119868E+08   0.119867E+08   0.156833E+08   0.156734E+08   0.119879E+08   0.119868E+08   0.119868E+08   0.119910E+08  -0.460480E+00   0.995124E+07   0.995124E+07   0.297475E+02   0.473013E+05   0.492178E+00  -0.204909E+14
   0.536256E-04   0.119977E+08   0.119977E+08   0.156328E+08   0.156207E+08   0.119986E+08   0.119977E+08   0.119977E+08   0.120019E+08  -0.460898E+00   0.995625E+07   0.995624E+07   0.328235E+02   0.387908E+05   0.492712E+00  -0.185669E+14
   0.592125E-04   0.120110E+08   0.120110E+08   0.155714E+08   0.155567E+08   0.120117E+08   0.120110E+08   0.120110E+08   0.120151E+08  -0.461407E+00   0.996234E+07   0.996233E+07   0.362121E+02   0.318107E+05   0.493360E+00  -0.168254E+14
   0.653814E-04   0.120271E+08   0.120271E+08   0.154968E+08   0.154789E+08   0.120275E+08   0.120271E+08   0.120271E+08   0.120313E+08  -0.462026E+00   0.996975E+07   0.996975E+07   0.399429E+02   0.260857E+05   0.494143E+00  -0.152492E+14
   0.721930E-04   0.120468E+08   0.120468E+08   0.154062E+08   0.153845E+08   0.120468E+08   0.120468E+08   0.120468E+08   0.120509E+08  -0.462778E+00   0.997877E+07   0.997876E+07   0.440481E+02   0.213902E+05   0.495089E+00  -0.138229E+14
   0.797142E-04   0.120707E+08   0.120706E+08   0.152964E+08   0.152700E+08   0.120702E+08   0.120706E+08   0.120707E+08   0.120747E+08  -0.463691E+00   0.998972E+07   0.998971E+07   0.485616E+02   0.175391E+05   0.496230E+00  -0.125324E+14
   0.880190E-04   0.120996E+08   0.120996E+08   0.151633E+08   0.151314E+08   0.120985E+08   0.120996E+08   0.120996E+08   0.121036E+08  -0.464799E+00   0.100030E+08   0.100030E+08   0.535195E+02   0.143807E+05   0.497602E+00  -0.113650E+14
   0.971891E-04   0.121347E+08   0.121346E+08   0.150025E+08   0.149637E+08   0.121329E+08   0.121347E+08   0.121347E+08   0.121387E+08  -0.466142E+00   0.100191E+08   0.100191E+08   0.589592E+02   0.117904E+05   0.499248E+00  -0.103093E+14
   0.107314E-03   0.121772E+08   0.121771E+08   0.148082E+08   0.147614E+08   0.121746E+08   0.121772E+08   0.121772E+08   0.121811E+08  -0.467768E+00   0.100387E+08   0.100387E+08   0.649191E+02   0.966606E+04   0.501216E+00  -0.935481E+13
   0.118495E-03   0.122286E+08   0.122285E+08   0.145742E+08   0.145178E+08   0.122249E+08   0.122285E+08   0.122286E+08   0.122324E+08  -0.469733E+00   0.100624E+08   0.100623E+08   0.714378E+02   0.792404E+04   0.503559E+00  -0.849213E+13
   0.130840E-03   0.122906E+08   0.122904E+08   0.142931E+08   0.142251E+08   0.122856E+08   0.122905E+08   0.122905E+08   0.122943E+08  -0.472105E+00   0.100910E+08   0.100909E+08   0.785528E+02   0.649560E+04   0.506335E+00  -0.771273E+13
   0.144471E-03   0.123652E+08   0.123650E+08   0.139564E+08   0.138749E+08   0.123587E+08   0.123651E+08   0.123652E+08   0.123689E+08  -0.474961E+00   0.101254E+08   0.101254E+08   0.862984E+02   0.532444E+04   0.509605E+00  -0.700888E+13
   0.159522E-03   0.124548E+08   0.124547E+08   0.135549E+08   0.134574E+08   0.124464E+08   0.124548E+08   0.124548E+08   0.124584E+08  -0.478392E+00   0.101669E+08   0.101669E+08   0.947040E+02   0.436435E+04   0.513430E+00  -0.637359E+13
   0.176142E-03   0.125622E+08   0.125620E+08   0.130785E+08   0.129623E+08   0.125515E+08   0.125621E+08   0.125621E+08   0.125656E+08  -0.482499E+00   0.102167E+08   0.102167E+08   0.103790E+03   0.357745E+04   0.517868E+00  -0.580050E+13
   0.194493E-03   0.126902E+08   0.126899E+08   0.125166E+08   0.123789E+08   0.126767E+08   0.126901E+08   0.126901E+08   0.126934E+08  -0.487398E+00   0.102763E+08   0.102762E+08   0.113566E+03   0.293267E+04   0.522968E+00  -0.528384E+13
   0.214755E-03   0.128423E+08   0.128420E+08   0.118591E+08   0.116970E+08   0.128254E+08   0.128421E+08   0.128422E+08   0.128453E+08  -0.493218E+00   0.103473E+08   0.103472E+08   0.124020E+03   0.240451E+04   0.528765E+00  -0.481834E+13
   0.237129E-03   0.130220E+08   0.130216E+08   0.110969E+08   0.109076E+08   0.130009E+08   0.130218E+08   0.130219E+08   0.130248E+08  -0.500095E+00   0.104315E+08   0.104314E+08   0.135119E+03   0.197206E+04   0.535272E+00  -0.439922E+13
   0.261834E-03   0.132331E+08   0.132327E+08   0.102240E+08   0.100051E+08   0.132070E+08   0.132329E+08   0.132330E+08   0.132356E+08  -0.508174E+00   0.105307E+08   0.105306E+08   0.146796E+03   0.161814E+04   0.542471E+00  -0.402206E+13
   0.289112E-03   0.134794E+08   0.134789E+08   0.923932E+07   0.898912E+07   0.134471E+08   0.134791E+08   0.134793E+08   0.134816E+08  -0.517599E+00   0.106471E+08   0.106470E+08   0.158942E+03   0.132864E+04   0.550306E+00  -0.368281E+13
   0.319233E-03   0.137644E+08   0.137638E+08   0.814950E+07   0.786785E+07   0.137246E+08   0.137641E+08   0.137643E+08   0.137663E+08  -0.528507E+00   0.107824E+08   0.107822E+08   0.171396E+03   0.109195E+04   0.558682E+00  -0.337772E+13
   0.352491E-03   0.140912E+08   0.140905E+08   0.697255E+07   0.666141E+07   0.140423E+08   0.140909E+08   0.140911E+08   0.140927E+08  -0.541016E+00   0.109384E+08   0.109382E+08   0.183936E+03   0.898533E+03   0.567464E+00  -0.310328E+13
   0.389215E-03   0.144621E+08   0.144612E+08   0.574132E+07   0.540564E+07   0.144021E+08   0.144617E+08   0.144620E+08   0.144632E+08  -0.555211E+00   0.111165E+08   0.111163E+08   0.196269E+03   0.740502E+03   0.576479E+00  -0.285623E+13
   0.429764E-03   0.148781E+08   0.148770E+08   0.450646E+07   0.415509E+07   0.148046E+08   0.148776E+08   0.148779E+08   0.148788E+08  -0.571135E+00   0.113174E+08   0.113172E+08   0.208028E+03   0.611369E+03   0.585532E+00  -0.263349E+13
   0.474538E-03   0.153386E+08   0.153373E+08   0.333716E+07   0.298346E+07   0.152488E+08   0.153380E+08   0.153384E+08   0.153388E+08  -0.588763E+00   0.115412E+08   0.115409E+08   0.218780E+03   0.505780E+03   0.594419E+00  -0.243217E+13
   0.523976E-03   0.158410E+08   0.158395E+08   0.231741E+07   0.197932E+07   0.157313E+08   0.158402E+08   0.158407E+08   0.158408E+08  -0.607998E+00   0.117868E+08   0.117865E+08   0.228034E+03   0.419329E+03   0.602946E+00  -0.224956E+13
   0.578566E-03   0.163805E+08   0.163787E+08   0.153498E+07   0.123415E+07   0.162468E+08   0.163795E+08   0.163802E+08   0.163799E+08  -0.628658E+00   0.120521E+08   0.120517E+08   0.235283E+03   0.348402E+03   0.610945E+00  -0.208316E+13
   0.638842E-03   0.169499E+08   0.169479E+08   0.106143E+07   0.820742E+06   0.167872E+08   0.169488E+08   0.169496E+08   0.169490E+08  -0.650470E+00   0.123336E+08   0.123332E+08   0.240044E+03   0.290045E+03   0.618288E+00  -0.193068E+13
   0.705398E-03   0.175400E+08   0.175377E+08   0.924068E+06   0.763758E+06   0.173424E+08   0.175387E+08   0.175396E+08   0.175389E+08  -0.673080E+00   0.126268E+08   0.126263E+08   0.241927E+03   0.241865E+03   0.624896E+00  -0.179007E+13
   0.778888E-03   0.181397E+08   0.181371E+08   0.107785E+07   0.101080E+07   0.179001E+08   0.181382E+08   0.181393E+08   0.181384E+08  -0.696065E+00   0.129259E+08   0.129253E+08   0.240691E+03   0.201934E+03   0.630733E+00  -0.165958E+13
   0.860035E-03   0.187369E+08   0.187340E+08   0.139368E+07   0.142194E+07   0.184470E+08   0.187351E+08   0.187364E+08   0.187354E+08  -0.718959E+00   0.132246E+08   0.132240E+08   0.236294E+03   0.168710E+03   0.635806E+00  -0.153773E+13
   0.949635E-03   0.193191E+08   0.193159E+08   0.168474E+07   0.180028E+07   0.189692E+08   0.193169E+08   0.193186E+08   0.193174E+08  -0.741279E+00   0.135164E+08   0.135158E+08   0.228885E+03   0.140965E+03   0.640152E+00  -0.142337E+13
   0.104857E-02   0.198743E+08   0.198708E+08   0.178134E+07   0.197323E+07   0.194531E+08   0.198717E+08   0.198737E+08   0.198722E+08  -0.762566E+00   0.137947E+08   0.137940E+08   0.218763E+03   0.117724E+03   0.643830E+00  -0.131561E+13
   0.115781E-02   0.203919E+08   0.203882E+08   0.162647E+07   0.189279E+07   0.198866E+08   0.203889E+08   0.203913E+08   0.203894E+08  -0.782406E+00   0.140537E+08   0.140530E+08   0.206302E+03   0.982132E+02   0.646911E+00  -0.121385E+13
   0.127844E-02   0.208631E+08   0.208592E+08   0.131439E+07   0.167040E+07   0.202592E+08   0.208596E+08   0.208624E+08   0.208600E+08  -0.800462E+00   0.142885E+08   0.142878E+08   0.191925E+03   0.818148E+02   0.649471E+00  -0.111768E+13
   0.141163E-02   0.212813E+08   0.212772E+08   0.999191E+06   0.147123E+07   0.205637E+08   0.212772E+08   0.212806E+08   0.212775E+08  -0.816480E+00   0.144952E+08   0.144944E+08   0.176155E+03   0.680317E+02   0.651583E+00  -0.102687E+13
   0.155869E-02   0.216421E+08   0.216380E+08   0.733473E+06   0.544504E+06   0.207945E+08   0.216374E+08   0.216414E+08   0.216376E+08  -0.830289E+00   0.146712E+08   0.146705E+08   0.159696E+03   0.564527E+02   0.653322E+00  -0.941276E+12
   0.172108E-02   0.219433E+08   0.219392E+08   0.456925E+06   0.452817E+06   0.209485E+08   0.219379E+08   0.219426E+08   0.219380E+08  -0.841814E+00   0.148149E+08   0.148141E+08   0.143404E+03   0.467496E+02   0.654745E+00  -0.860812E+12
   0.190039E-02   0.221843E+08   0.221801E+08   0.199664E+06   0.375478E+06   0.210250E+08   0.221781E+08   0.221836E+08   0.221782E+08  -0.851025E+00   0.149255E+08   0.149248E+08   0.128079E+03   0.386302E+02   0.655904E+00  -0.785415E+12
   0.209838E-02   0.223658E+08   0.223616E+08   0.110819E+06   0.310485E+06   0.210253E+08   0.223587E+08   0.223651E+08   0.223588E+08  -0.857949E+00   0.150032E+08   0.150025E+08   0.114313E+03   0.318516E+02   0.656847E+00  -0.715012E+12
   0.231699E-02   0.224894E+08   0.224852E+08   0.153174E+06   0.256067E+06   0.209518E+08   0.224815E+08   0.224887E+08   0.224815E+08  -0.862655E+00   0.150486E+08   0.150479E+08   0.102465E+03   0.262070E+02   0.657613E+00  -0.649508E+12
   0.255838E-02   0.225577E+08   0.225534E+08   0.176735E+06   0.210663E+06   0.208081E+08   0.225487E+08   0.225570E+08   0.225487E+08  -0.865232E+00   0.150626E+08   0.150619E+08   0.925467E+02   0.215185E+02   0.658234E+00  -0.588773E+12
   0.282492E-02   0.225728E+08   0.225683E+08   0.201957E+06   0.172900E+06   0.205979E+08   0.225627E+08   0.225720E+08   0.225627E+08  -0.865767E+00   0.150461E+08   0.150454E+08   0.841318E+02   0.176333E+02   0.658735E+00  -0.532637E+12
   0.311923E-02   0.225372E+08   0.225325E+08   0.154068E+06   0.141589E+06   0.203245E+08   0.225259E+08   0.225364E+08   0.225260E+08  -0.864355E+00   0.150002E+08   0.149995E+08   0.766071E+02   0.144214E+02   0.659139E+00  -0.480910E+12
   0.344419E-02   0.224532E+08   0.224482E+08   0.786084E+05   0.115698E+06   0.199906E+08   0.224407E+08   0.224524E+08   0.224408E+08  -0.861085E+00   0.149259E+08   0.149252E+08   0.694526E+02   0.117716E+02   0.659463E+00  -0.433376E+12
   0.380302E-02   0.223229E+08   0.223176E+08   0.333887E+05   0.943438E+05   0.195986E+08   0.223091E+08   0.223220E+08   0.223091E+08  -0.856031E+00   0.148239E+08   0.148232E+08   0.625408E+02   0.959035E+01   0.659721E+00  -0.389804E+12
   0.419923E-02   0.221477E+08   0.221421E+08   0.530685E+05   0.767732E+05   0.191505E+08   0.221326E+08   0.221468E+08   0.221326E+08  -0.849258E+00   0.146948E+08   0.146941E+08   0.561287E+02   0.779844E+01   0.659926E+00  -0.349951E+12
   0.463671E-02   0.219291E+08   0.219231E+08   0.576130E+05   0.623473E+05   0.186484E+08   0.219126E+08   0.219281E+08   0.219126E+08  -0.840814E+00   0.145391E+08   0.145384E+08   0.504976E+02   0.632927E+01   0.660085E+00  -0.313575E+12
   0.511978E-02   0.216678E+08   0.216613E+08   0.275992E+05   0.505277E+05   0.180958E+08   0.216499E+08   0.216668E+08   0.216499E+08  -0.830733E+00   0.143571E+08   0.143564E+08   0.455794E+02   0.512682E+01   0.660208E+00  -0.280433E+12
   0.565317E-02   0.213652E+08   0.213581E+08   0.104494E+05   0.408636E+05   0.174712E+08   0.213456E+08   0.213640E+08   0.213456E+08  -0.819057E+00   0.141492E+08   0.141485E+08   0.410773E+02   0.414447E+01   0.660297E+00  -0.250295E+12
   0.624213E-02   0.210201E+08   0.210123E+08   0.231838E+04   0.329747E+05   0.168086E+08   0.209989E+08   0.210188E+08   0.209989E+08  -0.805753E+00   0.139144E+08   0.139137E+08   0.369030E+02   0.334318E+01   0.660361E+00  -0.222918E+12
   0.689245E-02   0.206331E+08   0.206244E+08  -0.263772E+05   0.265476E+05   0.160971E+08   0.206102E+08   0.206317E+08   0.206102E+08  -0.790839E+00   0.136530E+08   0.136523E+08   0.331967E+02   0.269076E+01   0.660404E+00  -0.198092E+12
   0.761052E-02   0.202040E+08   0.201942E+08  -0.240899E+05   0.213211E+05   0.153464E+08   0.201794E+08   0.202023E+08   0.201794E+08  -0.774306E+00   0.133645E+08   0.133638E+08   0.299058E+02   0.216046E+01   0.660429E+00  -0.175611E+12
   0.840340E-02   0.197322E+08   0.197211E+08  -0.167851E+04   0.170789E+05   0.145660E+08   0.197059E+08   0.197303E+08   0.197059E+08  -0.756137E+00   0.130486E+08   0.130479E+08   0.269110E+02   0.173025E+01   0.660439E+00  -0.155281E+12
   0.927889E-02   0.192171E+08   0.192045E+08  -0.143620E+05   0.136422E+05   0.137562E+08   0.191892E+08   0.192150E+08   0.191892E+08  -0.736310E+00   0.127046E+08   0.127040E+08   0.242506E+02   0.138183E+01   0.660438E+00  -0.136924E+12
   0.102456E-01   0.186582E+08   0.186439E+08  -0.453382E+04   0.108637E+05   0.129176E+08   0.186286E+08   0.186558E+08   0.186286E+08  -0.714802E+00   0.123322E+08   0.123315E+08   0.218742E+02   0.110022E+01   0.660427E+00  -0.120369E+12
   0.113130E-01   0.180545E+08   0.180382E+08  -0.682639E+04   0.862188E+04   0.120578E+08   0.180234E+08   0.180518E+08   0.180234E+08  -0.691579E+00   0.119306E+08   0.119299E+08   0.197534E+02   0.873078E+00   0.660406E+00  -0.105462E+12
   0.124916E-01   0.174053E+08   0.173865E+08  -0.283087E+04   0.681715E+04   0.111849E+08   0.173727E+08   0.174021E+08   0.173727E+08  -0.666610E+00   0.114992E+08   0.114985E+08   0.178662E+02   0.690250E+00   0.660379E+00  -0.920579E+11
   0.137930E-01   0.167098E+08   0.166884E+08  -0.559316E+04   0.536781E+04   0.103051E+08   0.166760E+08   0.167062E+08   0.166760E+08  -0.639875E+00   0.110376E+08   0.110369E+08   0.161849E+02   0.543459E+00   0.660347E+00  -0.800253E+11
   0.152300E-01   0.159680E+08   0.159435E+08   0.251828E+04   0.420704E+04   0.942143E+07   0.159330E+08   0.159639E+08   0.159330E+08  -0.611365E+00   0.105456E+08   0.105450E+08   0.146826E+02   0.425907E+00   0.660310E+00  -0.692442E+11
   0.168167E-01   0.151979E+08   0.151700E+08  -0.164929E+04   0.328402E+04   0.855431E+07   0.151618E+08   0.151933E+08   0.151618E+08  -0.581777E+00   0.100352E+08   0.100345E+08   0.133464E+02   0.332447E+00   0.660270E+00  -0.596753E+11
   0.185687E-01   0.143698E+08   0.143383E+08  -0.224339E+04   0.254663E+04   0.769109E+07   0.143330E+08   0.143645E+08   0.143330E+08  -0.549972E+00   0.948662E+07   0.948595E+07   0.121285E+02   0.257791E+00   0.660227E+00  -0.510905E+11
   0.205033E-01   0.135019E+08   0.134665E+08   0.249135E+04   0.196243E+04   0.684926E+07   0.134645E+08   0.134959E+08   0.134645E+08  -0.516647E+00   0.891193E+07   0.891125E+07   0.110124E+02   0.198651E+00   0.660183E+00  -0.434670E+11
   0.226393E-01   0.125872E+08   0.125480E+08   0.427566E+03   0.150042E+04   0.603100E+07   0.125497E+08   0.125807E+08   0.125497E+08  -0.481544E+00   0.830663E+07   0.830595E+07   0.996663E+01   0.151883E+00   0.660137E+00  -0.366920E+11
   0.249980E-01   0.116589E+08   0.116161E+08   0.223409E+03   0.113977E+04   0.525775E+07   0.116214E+08   0.116517E+08   0.116214E+08  -0.445927E+00   0.769248E+07   0.769180E+07   0.897439E+01   0.115378E+00   0.660091E+00  -0.307731E+11
   0.276023E-01   0.107279E+08   0.106821E+08   0.427994E+03   0.860104E+03   0.453658E+07   0.106910E+08   0.107202E+08   0.106910E+08  -0.410224E+00   0.707684E+07   0.707618E+07   0.801316E+01   0.870704E-01   0.660045E+00  -0.256391E+11
   0.304780E-01   0.979856E+07   0.975068E+07   0.310817E+03   0.644275E+03   0.387045E+07   0.976251E+07   0.979052E+07   0.976251E+07  -0.374598E+00   0.646252E+07   0.646188E+07   0.705643E+01   0.652245E-01   0.660000E+00  -0.212043E+11
   0.336533E-01   0.889609E+07   0.884761E+07   0.786251E+02   0.479717E+03   0.326905E+07   0.886136E+07   0.888795E+07   0.886136E+07  -0.340020E+00   0.586625E+07   0.586564E+07   0.609464E+01   0.485678E-01   0.659955E+00  -0.174318E+11
   0.371593E-01   0.805317E+07   0.800595E+07  -0.926930E+02   0.356157E+03   0.274146E+07   0.802014E+07   0.804525E+07   0.802014E+07  -0.307742E+00   0.530962E+07   0.530905E+07   0.513003E+01   0.360606E-01   0.659912E+00  -0.142891E+11
   0.410307E-01   0.729053E+07   0.724671E+07  -0.112005E+02   0.264448E+03   0.228899E+07   0.725954E+07   0.728317E+07   0.725954E+07  -0.278556E+00   0.480631E+07   0.480579E+07   0.417619E+01   0.267771E-01   0.659870E+00  -0.117142E+11
   0.451338E-01   0.665432E+07   0.661576E+07   0.199487E+03   0.199487E+03   0.192453E+07   0.662549E+07   0.664784E+07   0.662549E+07  -0.254227E+00   0.438690E+07   0.438646E+07   0.325416E+01   0.201975E-01   0.659856E+00  -0.971997E+10
   0.492368E-01   0.615103E+07   0.611860E+07   0.154960E+03   0.154960E+03   0.164382E+07   0.612428E+07   0.614559E+07   0.612428E+07  -0.234995E+00   0.405521E+07   0.405484E+07   0.252920E+01   0.156904E-01   0.659821E+00  -0.823632E+10
   0.533399E-01   0.574553E+07   0.571919E+07   0.123347E+03   0.123347E+03   0.142258E+07   0.572067E+07   0.574111E+07   0.572067E+07  -0.219508E+00   0.378811E+07   0.378780E+07   0.195184E+01   0.124904E-01   0.659791E+00  -0.710200E+10
   0.574430E-01   0.540410E+07   0.538312E+07   0.100047E+03   0.100047E+03   0.124246E+07   0.538090E+07   0.540058E+07   0.538090E+07  -0.206471E+00   0.356325E+07   0.356299E+07   0.151796E+01   0.101317E-01   0.659764E+00  -0.620327E+10
   0.615460E-01   0.510042E+07   0.508354E+07   0.822626E+02   0.822626E+02   0.109092E+07   0.507862E+07   0.509759E+07   0.507862E+07  -0.194872E+00   0.336320E+07   0.336298E+07   0.121416E+01   0.833122E-02   0.659740E+00  -0.546467E+10
   0.656491E-01   0.481420E+07   0.479993E+07   0.682476E+02   0.682476E+02   0.959470E+06   0.479357E+07   0.481180E+07   0.479357E+07  -0.183934E+00   0.317453E+07   0.317433E+07   0.101919E+01   0.691229E-02   0.659718E+00  -0.483574E+10
   0.697522E-01   0.453104E+07   0.451793E+07   0.568996E+02   0.568996E+02   0.842653E+06   0.451139E+07   0.452884E+07   0.451139E+07  -0.173107E+00   0.298776E+07   0.298757E+07   0.906884E+00   0.576327E-02   0.659698E+00  -0.428350E+10
   0.738552E-01   0.425336E+07   0.424020E+07   0.476411E+02   0.476411E+02   0.739139E+06   0.423453E+07   0.425115E+07   0.423453E+07  -0.162484E+00   0.280448E+07   0.280429E+07   0.851242E+00   0.482575E-02   0.659680E+00  -0.379737E+10
   0.779583E-01   0.397223E+07   0.395821E+07   0.399291E+02   0.399291E+02   0.645893E+06   0.395414E+07   0.396988E+07   0.395414E+07  -0.151725E+00   0.261885E+07   0.261866E+07   0.825327E+00   0.404476E-02   0.659663E+00  -0.335938E+10
   0.820614E-01   0.370138E+07   0.368616E+07   0.335756E+02   0.335756E+02   0.563944E+06   0.368399E+07   0.369883E+07   0.368399E+07  -0.141359E+00   0.243999E+07   0.243979E+07   0.809473E+00   0.340130E-02   0.659648E+00  -0.297344E+10
   0.861644E-01   0.344830E+07   0.343197E+07   0.283688E+02   0.283688E+02   0.493009E+06   0.343159E+07   0.344556E+07   0.343159E+07  -0.131674E+00   0.227287E+07   0.227267E+07   0.788747E+00   0.287394E-02   0.659634E+00  -0.263789E+10
   0.912856E-01   0.316689E+07   0.314980E+07   0.232098E+02   0.232098E+02   0.419100E+06   0.315103E+07   0.316402E+07   0.315103E+07  -0.120908E+00   0.208710E+07   0.208690E+07   0.743544E+00   0.235140E-02   0.659619E+00  -0.228639E+10
   0.964067E-01   0.293224E+07   0.291541E+07   0.192665E+02   0.192665E+02   0.360034E+06   0.291725E+07   0.292941E+07   0.291725E+07  -0.111938E+00   0.193231E+07   0.193211E+07   0.673786E+00   0.195196E-02   0.659604E+00  -0.200437E+10
   0.101528E+00   0.274725E+07   0.273168E+07   0.162761E+02   0.162761E+02   0.313709E+06   0.273313E+07   0.274463E+07   0.273313E+07  -0.104873E+00   0.181038E+07   0.181021E+07   0.586023E+00   0.164904E-02   0.659592E+00  -0.178318E+10
   0.106649E+00   0.260515E+07   0.259157E+07   0.139887E+02   0.139887E+02   0.277320E+06   0.259187E+07   0.260287E+07   0.259187E+07  -0.994527E-01   0.171684E+07   0.171668E+07   0.492157E+00   0.141732E-02   0.659580E+00  -0.160984E+10
   0.111770E+00   0.249193E+07   0.248058E+07   0.121840E+02   0.121840E+02   0.247898E+06   0.247942E+07   0.249003E+07   0.247942E+07  -0.951379E-01   0.164238E+07   0.164225E+07   0.404685E+00   0.123450E-02   0.659569E+00  -0.146946E+10
   0.116891E+00   0.239246E+07   0.238314E+07   0.106963E+02   0.106963E+02   0.223000E+06   0.238064E+07   0.239090E+07   0.238064E+07  -0.913476E-01   0.157697E+07   0.157685E+07   0.333240E+00   0.108378E-02   0.659560E+00  -0.134912E+10
   0.122012E+00   0.229491E+07   0.228707E+07   0.941773E+01   0.941773E+01   0.200981E+06   0.228369E+07   0.229359E+07   0.228369E+07  -0.876277E-01   0.151277E+07   0.151267E+07   0.282670E+00   0.954237E-03   0.659551E+00  -0.123988E+10
   0.127134E+00   0.219236E+07   0.218529E+07   0.828692E+01   0.828692E+01   0.180920E+06   0.218166E+07   0.219117E+07   0.218166E+07  -0.837125E-01   0.144520E+07   0.144510E+07   0.252703E+00   0.839666E-03   0.659543E+00  -0.113678E+10
   0.132255E+00   0.208289E+07   0.207593E+07   0.727508E+01   0.727508E+01   0.162434E+06   0.207264E+07   0.208172E+07   0.207264E+07  -0.795294E-01   0.137299E+07   0.137290E+07   0.238983E+00   0.737149E-03   0.659536E+00  -0.103817E+10
   0.137376E+00   0.196875E+07   0.196144E+07   0.637289E+01   0.637289E+01   0.145481E+06   0.195890E+07   0.196752E+07   0.195890E+07  -0.751652E-01   0.129766E+07   0.129757E+07   0.234934E+00   0.645741E-03   0.659529E+00  -0.944630E+09
   0.142497E+00   0.185487E+07   0.184700E+07   0.557993E+01   0.557993E+01   0.130188E+06   0.184539E+07   0.185354E+07   0.184539E+07  -0.708096E-01   0.122248E+07   0.122238E+07   0.233775E+00   0.565401E-03   0.659523E+00  -0.857917E+09
   0.147618E+00   0.174750E+07   0.173916E+07   0.489809E+01   0.489809E+01   0.116735E+06   0.173839E+07   0.174610E+07   0.173839E+07  -0.667038E-01   0.115160E+07   0.115150E+07   0.230173E+00   0.496319E-03   0.659518E+00  -0.780141E+09
   0.152739E+00   0.165258E+07   0.164406E+07   0.432636E+01   0.432636E+01   0.105248E+06   0.164383E+07   0.165115E+07   0.164383E+07  -0.630757E-01   0.108898E+07   0.108887E+07   0.221161E+00   0.438394E-03   0.659513E+00  -0.712979E+09
   0.157860E+00   0.157340E+07   0.156506E+07   0.385605E+01   0.385605E+01   0.956747E+05   0.156501E+07   0.157200E+07   0.156501E+07  -0.600511E-01   0.103677E+07   0.103667E+07   0.206233E+00   0.390744E-03   0.659508E+00  -0.656775E+09
   0.162982E+00   0.150936E+07   0.150156E+07   0.347037E+01   0.347037E+01   0.877513E+05   0.150133E+07   0.150805E+07   0.150133E+07  -0.576075E-01   0.994583E+06   0.994492E+06   0.186845E+00   0.351668E-03   0.659504E+00  -0.610256E+09
   0.168103E+00   0.145714E+07   0.145010E+07   0.314947E+01   0.314947E+01   0.811046E+05   0.144945E+07   0.145596E+07   0.144945E+07  -0.556170E-01   0.960222E+06   0.960138E+06   0.165596E+00   0.319155E-03   0.659500E+00  -0.571224E+09
   0.173224E+00   0.141255E+07   0.140634E+07   0.287544E+01   0.287544E+01   0.753730E+05   0.140518E+07   0.141151E+07   0.140518E+07  -0.539184E-01   0.930899E+06   0.930823E+06   0.145328E+00   0.291390E-03   0.659497E+00  -0.537409E+09
   0.178345E+00   0.137132E+07   0.136586E+07   0.263369E+01   0.263369E+01   0.702436E+05   0.136425E+07   0.137041E+07   0.136425E+07  -0.523479E-01   0.903788E+06   0.903719E+06   0.128315E+00   0.266895E-03   0.659493E+00  -0.506776E+09
   0.183466E+00   0.132952E+07   0.132459E+07   0.241296E+01   0.241296E+01   0.654621E+05   0.132272E+07   0.132869E+07   0.132272E+07  -0.507540E-01   0.876274E+06   0.876210E+06   0.115764E+00   0.244530E-03   0.659490E+00  -0.477633E+09
   0.188587E+00   0.128459E+07   0.127995E+07   0.220655E+01   0.220655E+01   0.608744E+05   0.127803E+07   0.128381E+07   0.127803E+07  -0.490392E-01   0.846671E+06   0.846610E+06   0.107730E+00   0.223615E-03   0.659487E+00  -0.448965E+09
   0.193708E+00   0.123628E+07   0.123169E+07   0.201274E+01   0.201274E+01   0.564505E+05   0.122993E+07   0.123551E+07   0.122993E+07  -0.471938E-01   0.814813E+06   0.814753E+06   0.103337E+00   0.203976E-03   0.659485E+00  -0.420649E+09
   0.198830E+00   0.118618E+07   0.118148E+07   0.183290E+01   0.183290E+01   0.522446E+05   0.118003E+07   0.118539E+07   0.118003E+07  -0.452790E-01   0.781757E+06   0.781697E+06   0.101168E+00   0.185752E-03   0.659482E+00  -0.393189E+09
   0.203951E+00   0.113649E+07   0.113163E+07   0.166895E+01   0.166895E+01   0.483278E+05   0.113053E+07   0.113568E+07   0.113053E+07  -0.433797E-01   0.748968E+06   0.748907E+06   0.996861E-01   0.169139E-03   0.659480E+00  -0.367239E+09
   0.209072E+00   0.108937E+07   0.108438E+07   0.152225E+01   0.152225E+01   0.447576E+05   0.108359E+07   0.108853E+07   0.108359E+07  -0.415786E-01   0.717874E+06   0.717813E+06   0.976222E-01   0.154275E-03   0.659478E+00  -0.343370E+09
   0.214193E+00   0.104664E+07   0.104162E+07   0.139340E+01   0.139340E+01   0.415693E+05   0.104105E+07   0.104580E+07   0.104105E+07  -0.399460E-01   0.689690E+06   0.689629E+06   0.942322E-01   0.141218E-03   0.659476E+00  -0.322002E+09
   0.219314E+00   0.100941E+07   0.100450E+07   0.128180E+01   0.128180E+01   0.387638E+05   0.100400E+07   0.100859E+07   0.100400E+07  -0.385246E-01   0.665150E+06   0.665091E+06   0.893605E-01   0.129909E-03   0.659474E+00  -0.303293E+09
   0.224435E+00   0.977683E+06   0.972997E+06   0.118551E+01   0.118551E+01   0.363001E+05   0.972444E+06   0.976896E+06   0.972444E+06  -0.373137E-01   0.644246E+06   0.644190E+06   0.833412E-01   0.120153E-03   0.659472E+00  -0.287058E+09
   0.229556E+00   0.950428E+06   0.946049E+06   0.110165E+01   0.110165E+01   0.341068E+05   0.945360E+06   0.949693E+06   0.945360E+06  -0.362745E-01   0.626304E+06   0.626251E+06   0.768067E-01   0.111656E-03   0.659470E+00  -0.272838E+09
   0.234678E+00   0.926105E+06   0.922058E+06   0.102715E+01   0.102715E+01   0.321054E+05   0.921198E+06   0.925426E+06   0.921198E+06  -0.353474E-01   0.610298E+06   0.610249E+06   0.704675E-01   0.104108E-03   0.659468E+00  -0.260064E+09
   0.239799E+00   0.903069E+06   0.899323E+06   0.959317E+00   0.959317E+00   0.302272E+05   0.898312E+06   0.902440E+06   0.898312E+06  -0.344692E-01   0.595138E+06   0.595091E+06   0.649174E-01   0.972335E-04   0.659467E+00  -0.248188E+09
   0.244920E+00   0.879924E+06   0.876410E+06   0.896073E+00   0.896073E+00   0.284239E+05   0.875307E+06   0.879334E+06   0.875307E+06  -0.335865E-01   0.579899E+06   0.579854E+06   0.605033E-01   0.908247E-04   0.659465E+00  -0.236777E+09
   0.250041E+00   0.855858E+06   0.852488E+06   0.836238E+00   0.836238E+00   0.266734E+05   0.851371E+06   0.855293E+06   0.851371E+06  -0.326680E-01   0.564043E+06   0.564000E+06   0.572859E-01   0.847608E-04   0.659464E+00  -0.225585E+09
   0.255162E+00   0.830782E+06   0.827473E+06   0.779474E+00   0.779474E+00   0.249791E+05   0.826415E+06   0.830226E+06   0.826415E+06  -0.317104E-01   0.547511E+06   0.547469E+06   0.550772E-01   0.790079E-04   0.659463E+00  -0.214579E+09
   0.260283E+00   0.805159E+06   0.801853E+06   0.725984E+00   0.725984E+00   0.233590E+05   0.800907E+06   0.804604E+06   0.800907E+06  -0.307317E-01   0.530613E+06   0.530571E+06   0.535297E-01   0.735867E-04   0.659461E+00  -0.203865E+09
   0.265404E+00   0.779728E+06   0.776399E+06   0.676165E+00   0.676165E+00   0.218348E+05   0.775585E+06   0.779169E+06   0.775585E+06  -0.297600E-01   0.513838E+06   0.513797E+06   0.522471E-01   0.685373E-04   0.659460E+00  -0.193610E+09
   0.270526E+00   0.755288E+06   0.751944E+06   0.630392E+00   0.630392E+00   0.204252E+05   0.751251E+06   0.754727E+06   0.751251E+06  -0.288263E-01   0.497718E+06   0.497677E+06   0.508867E-01   0.638978E-04   0.659459E+00  -0.183986E+09
   0.275647E+00   0.732544E+06   0.729217E+06   0.588890E+00   0.588890E+00   0.191425E+05   0.728612E+06   0.731985E+06   0.728612E+06  -0.279576E-01   0.482720E+06   0.482680E+06   0.492303E-01   0.596912E-04   0.659457E+00  -0.175127E+09
   0.280768E+00   0.711913E+06   0.708648E+06   0.551614E+00   0.551614E+00   0.179897E+05   0.708084E+06   0.711365E+06   0.708084E+06  -0.271699E-01   0.469121E+06   0.469082E+06   0.472087E-01   0.559129E-04   0.659456E+00  -0.167089E+09
   0.285889E+00   0.693414E+06   0.690252E+06   0.518206E+00   0.518206E+00   0.169589E+05   0.689684E+06   0.692883E+06   0.689684E+06  -0.264639E-01   0.456932E+06   0.456894E+06   0.448859E-01   0.525266E-04   0.659455E+00  -0.159832E+09
   0.291010E+00   0.676719E+06   0.673690E+06   0.488094E+00   0.488094E+00   0.160348E+05   0.673086E+06   0.676211E+06   0.673086E+06  -0.258271E-01   0.445937E+06   0.445900E+06   0.424160E-01   0.494743E-04   0.659454E+00  -0.153241E+09
   0.296131E+00   0.661314E+06   0.658429E+06   0.460637E+00   0.460637E+00   0.151990E+05   0.657774E+06   0.660830E+06   0.657774E+06  -0.252395E-01   0.435792E+06   0.435757E+06   0.399867E-01   0.466911E-04   0.659453E+00  -0.147165E+09
   0.301252E+00   0.646636E+06   0.643888E+06   0.435237E+00   0.435237E+00   0.144330E+05   0.643185E+06   0.646174E+06   0.643185E+06  -0.246797E-01   0.426127E+06   0.426093E+06   0.377652E-01   0.441165E-04   0.659452E+00  -0.141455E+09
   0.306374E+00   0.632186E+06   0.629551E+06   0.411411E+00   0.411411E+00   0.137209E+05   0.628819E+06   0.631744E+06   0.628819E+06  -0.241285E-01   0.416610E+06   0.416577E+06   0.358594E-01   0.417013E-04   0.659451E+00  -0.135984E+09
   0.311495E+00   0.617630E+06   0.615079E+06   0.388833E+00   0.388833E+00   0.130510E+05   0.614343E+06   0.617202E+06   0.614343E+06  -0.235730E-01   0.407020E+06   0.406988E+06   0.343023E-01   0.394127E-04   0.659450E+00  -0.130670E+09
   0.316616E+00   0.602870E+06   0.600373E+06   0.367362E+00   0.367362E+00   0.124168E+05   0.599659E+06   0.602451E+06   0.599659E+06  -0.230095E-01   0.397292E+06   0.397260E+06   0.330572E-01   0.372363E-04   0.659449E+00  -0.125484E+09
   0.321737E+00   0.588027E+06   0.585560E+06   0.346998E+00   0.346998E+00   0.118165E+05   0.584888E+06   0.587612E+06   0.584888E+06  -0.224428E-01   0.387506E+06   0.387475E+06   0.320387E-01   0.351722E-04   0.659449E+00  -0.120445E+09
   0.326858E+00   0.573349E+06   0.570901E+06   0.327813E+00   0.327813E+00   0.112505E+05   0.570280E+06   0.572938E+06   0.570280E+06  -0.218823E-01   0.377828E+06   0.377798E+06   0.311403E-01   0.332277E-04   0.659448E+00  -0.115597E+09
   0.331979E+00   0.559120E+06   0.556690E+06   0.309887E+00   0.309887E+00   0.107198E+05   0.556118E+06   0.558712E+06   0.556118E+06  -0.213389E-01   0.368446E+06   0.368416E+06   0.302631E-01   0.314108E-04   0.659447E+00  -0.110987E+09
   0.337100E+00   0.545578E+06   0.543174E+06   0.293261E+00   0.293261E+00   0.102245E+05   0.542642E+06   0.545174E+06   0.542642E+06  -0.208218E-01   0.359518E+06   0.359489E+06   0.293370E-01   0.297257E-04   0.659446E+00  -0.106653E+09
   0.342222E+00   0.532876E+06   0.530513E+06   0.277924E+00   0.277924E+00   0.976287E+04   0.530005E+06   0.532479E+06   0.530005E+06  -0.203369E-01   0.351146E+06   0.351117E+06   0.283313E-01   0.281713E-04   0.659446E+00  -0.102610E+09
   0.347343E+00   0.521050E+06   0.518742E+06   0.263802E+00   0.263802E+00   0.933145E+04   0.518243E+06   0.520663E+06   0.518243E+06  -0.198855E-01   0.343353E+06   0.343325E+06   0.272532E-01   0.267400E-04   0.659445E+00  -0.988537E+08
   0.352464E+00   0.510018E+06   0.507775E+06   0.250769E+00   0.250769E+00   0.892540E+04   0.507272E+06   0.509642E+06   0.507272E+06  -0.194646E-01   0.336085E+06   0.336058E+06   0.261383E-01   0.254192E-04   0.659444E+00  -0.953553E+08
   0.357585E+00   0.499615E+06   0.497442E+06   0.238670E+00   0.238670E+00   0.853947E+04   0.496928E+06   0.499250E+06   0.496928E+06  -0.190677E-01   0.329232E+06   0.329205E+06   0.250354E-01   0.241930E-04   0.659444E+00  -0.920732E+08
   0.362706E+00   0.489647E+06   0.487543E+06   0.227351E+00   0.227351E+00   0.816919E+04   0.487017E+06   0.489294E+06   0.487017E+06  -0.186874E-01   0.322666E+06   0.322640E+06   0.239926E-01   0.230459E-04   0.659443E+00  -0.889628E+08
   0.367827E+00   0.479936E+06   0.477894E+06   0.216682E+00   0.216682E+00   0.781159E+04   0.477361E+06   0.479594E+06   0.477361E+06  -0.183169E-01   0.316269E+06   0.316244E+06   0.230448E-01   0.219646E-04   0.659443E+00  -0.859850E+08
   0.372948E+00   0.470350E+06   0.468360E+06   0.206563E+00   0.206563E+00   0.746523E+04   0.467827E+06   0.470016E+06   0.467827E+06  -0.179510E-01   0.309953E+06   0.309928E+06   0.222069E-01   0.209390E-04   0.659442E+00  -0.831106E+08
   0.378070E+00   0.460819E+06   0.458870E+06   0.196932E+00   0.196932E+00   0.713018E+04   0.458346E+06   0.460491E+06   0.458346E+06  -0.175872E-01   0.303672E+06   0.303647E+06   0.214741E-01   0.199628E-04   0.659442E+00  -0.803235E+08
   0.383191E+00   0.451354E+06   0.449436E+06   0.187765E+00   0.187765E+00   0.680758E+04   0.448929E+06   0.451032E+06   0.448929E+06  -0.172259E-01   0.297433E+06   0.297409E+06   0.208258E-01   0.190337E-04   0.659441E+00  -0.776219E+08
   0.388312E+00   0.442033E+06   0.440142E+06   0.179068E+00   0.179068E+00   0.649921E+04   0.439656E+06   0.441715E+06   0.439656E+06  -0.168701E-01   0.291289E+06   0.291266E+06   0.202338E-01   0.181521E-04   0.659441E+00  -0.750160E+08
   0.393433E+00   0.432949E+06   0.431082E+06   0.170851E+00   0.170851E+00   0.620642E+04   0.430618E+06   0.432636E+06   0.430618E+06  -0.165233E-01   0.285302E+06   0.285278E+06   0.196690E-01   0.173192E-04   0.659440E+00  -0.725176E+08
   0.398554E+00   0.424178E+06   0.422336E+06   0.163115E+00   0.163115E+00   0.592980E+04   0.421891E+06   0.423868E+06   0.421891E+06  -0.161884E-01   0.279520E+06   0.279497E+06   0.191082E-01   0.165350E-04   0.659440E+00  -0.701351E+08
   0.403675E+00   0.415768E+06   0.413956E+06   0.155850E+00   0.155850E+00   0.566932E+04   0.413525E+06   0.415464E+06   0.413525E+06  -0.158674E-01   0.273977E+06   0.273955E+06   0.185382E-01   0.157986E-04   0.659439E+00  -0.678722E+08
   0.408796E+00   0.407749E+06   0.405971E+06   0.149038E+00   0.149038E+00   0.542452E+04   0.405548E+06   0.407451E+06   0.405548E+06  -0.155613E-01   0.268693E+06   0.268671E+06   0.179570E-01   0.151081E-04   0.659439E+00  -0.657292E+08
   0.413918E+00   0.400114E+06   0.398372E+06   0.142651E+00   0.142651E+00   0.519458E+04   0.397954E+06   0.399821E+06   0.397954E+06  -0.152699E-01   0.263661E+06   0.263640E+06   0.173715E-01   0.144607E-04   0.659438E+00  -0.637004E+08
   0.419039E+00   0.392810E+06   0.391108E+06   0.136646E+00   0.136646E+00   0.497818E+04   0.390690E+06   0.392524E+06   0.390690E+06  -0.149912E-01   0.258849E+06   0.258828E+06   0.167939E-01   0.138519E-04   0.659438E+00  -0.617736E+08
   0.424160E+00   0.385766E+06   0.384103E+06   0.130975E+00   0.130975E+00   0.477391E+04   0.383685E+06   0.385487E+06   0.383685E+06  -0.147224E-01   0.254208E+06   0.254187E+06   0.162372E-01   0.132771E-04   0.659438E+00  -0.599335E+08
   0.429281E+00   0.378916E+06   0.377290E+06   0.125598E+00   0.125598E+00   0.458055E+04   0.376872E+06   0.378643E+06   0.376872E+06  -0.144610E-01   0.249695E+06   0.249674E+06   0.157124E-01   0.127320E-04   0.659437E+00  -0.581671E+08
   0.434402E+00   0.372213E+06   0.370621E+06   0.120485E+00   0.120485E+00   0.439725E+04   0.370206E+06   0.371946E+06   0.370206E+06  -0.142052E-01   0.245278E+06   0.245258E+06   0.152257E-01   0.122137E-04   0.659437E+00  -0.564647E+08
   0.439523E+00   0.365628E+06   0.364066E+06   0.115612E+00   0.115612E+00   0.422336E+04   0.363657E+06   0.365366E+06   0.363657E+06  -0.139539E-01   0.240939E+06   0.240920E+06   0.147777E-01   0.117197E-04   0.659436E+00  -0.548196E+08
   0.444644E+00   0.359147E+06   0.357611E+06   0.110961E+00   0.110961E+00   0.405850E+04   0.357210E+06   0.358889E+06   0.357210E+06  -0.137065E-01   0.236668E+06   0.236649E+06   0.143640E-01   0.112483E-04   0.659436E+00  -0.532275E+08
   0.449766E+00   0.352777E+06   0.351265E+06   0.106525E+00   0.106525E+00   0.390252E+04   0.350874E+06   0.352523E+06   0.350874E+06  -0.134634E-01   0.232470E+06   0.232451E+06   0.139769E-01   0.107986E-04   0.659436E+00  -0.516881E+08
   0.454887E+00   0.346546E+06   0.345055E+06   0.102301E+00   0.102301E+00   0.375544E+04   0.344675E+06   0.346296E+06   0.344675E+06  -0.132255E-01   0.228363E+06   0.228344E+06   0.136079E-01   0.103703E-04   0.659435E+00  -0.502033E+08
   0.460008E+00   0.340484E+06   0.339015E+06   0.982855E-01   0.982855E-01   0.361725E+04   0.338644E+06   0.340238E+06   0.338644E+06  -0.129942E-01   0.224368E+06   0.224350E+06   0.132497E-01   0.996326E-05   0.659435E+00  -0.487759E+08
   0.465129E+00   0.334613E+06   0.333166E+06   0.944753E-01   0.944753E-01   0.348765E+04   0.332804E+06   0.334370E+06   0.332804E+06  -0.127701E-01   0.220498E+06   0.220480E+06   0.128972E-01   0.957701E-05   0.659435E+00  -0.474070E+08
   0.470250E+00   0.328939E+06   0.327515E+06   0.908614E-01   0.908614E-01   0.336606E+04   0.327160E+06   0.328700E+06   0.327160E+06  -0.125535E-01   0.216759E+06   0.216742E+06   0.125479E-01   0.921067E-05   0.659434E+00  -0.460955E+08
   0.475371E+00   0.323457E+06   0.322057E+06   0.874324E-01   0.874324E-01   0.325170E+04   0.321708E+06   0.323222E+06   0.321708E+06  -0.123443E-01   0.213146E+06   0.213129E+06   0.122024E-01   0.886306E-05   0.659434E+00  -0.448389E+08
   0.480492E+00   0.318154E+06   0.316780E+06   0.841758E-01   0.841758E-01   0.314368E+04   0.316434E+06   0.317924E+06   0.316434E+06  -0.121419E-01   0.209653E+06   0.209635E+06   0.118633E-01   0.853294E-05   0.659434E+00  -0.436339E+08
   0.485614E+00   0.313016E+06   0.311666E+06   0.810789E-01   0.810789E-01   0.304114E+04   0.311323E+06   0.312789E+06   0.311323E+06  -0.119458E-01   0.206267E+06   0.206250E+06   0.115341E-01   0.821902E-05   0.659434E+00  -0.424765E+08
   0.490735E+00   0.308019E+06   0.306693E+06   0.781281E-01   0.781281E-01   0.294328E+04   0.306354E+06   0.307796E+06   0.306354E+06  -0.117551E-01   0.202974E+06   0.202958E+06   0.112179E-01   0.791992E-05   0.659433E+00  -0.413622E+08
   0.495856E+00   0.303138E+06   0.301836E+06   0.753102E-01   0.753102E-01   0.284940E+04   0.301499E+06   0.302919E+06   0.301499E+06  -0.115689E-01   0.199758E+06   0.199742E+06   0.109169E-01   0.763427E-05   0.659433E+00  -0.402864E+08
   0.500977E+00   0.298355E+06   0.297074E+06   0.726142E-01   0.726142E-01   0.275898E+04   0.296742E+06   0.298140E+06   0.296742E+06  -0.113863E-01   0.196606E+06   0.196590E+06   0.106316E-01   0.736100E-05   0.659433E+00  -0.392454E+08
   0.506098E+00   0.293664E+06   0.292403E+06   0.700334E-01   0.700334E-01   0.267169E+04   0.292076E+06   0.293452E+06   0.292076E+06  -0.112073E-01   0.193515E+06   0.193499E+06   0.103613E-01   0.709940E-05   0.659433E+00  -0.382375E+08
   0.511219E+00   0.289068E+06   0.287826E+06   0.675632E-01   0.675632E-01   0.258726E+04   0.287505E+06   0.288860E+06   0.287505E+06  -0.110319E-01   0.190486E+06   0.190471E+06   0.101043E-01   0.684901E-05   0.659432E+00  -0.372620E+08
   0.516340E+00   0.284571E+06   0.283347E+06   0.651993E-01   0.651993E-01   0.250541E+04   0.283032E+06   0.284366E+06   0.283032E+06  -0.108602E-01   0.187523E+06   0.187507E+06   0.985815E-02   0.660940E-05   0.659432E+00  -0.363185E+08
   0.521462E+00   0.280176E+06   0.278969E+06   0.629374E-01   0.629374E-01   0.242583E+04   0.278659E+06   0.279973E+06   0.278659E+06  -0.106925E-01   0.184626E+06   0.184611E+06   0.962027E-02   0.638013E-05   0.659432E+00  -0.354062E+08
   0.526583E+00   0.275886E+06   0.274697E+06   0.607743E-01   0.607743E-01   0.234826E+04   0.274393E+06   0.275686E+06   0.274393E+06  -0.105288E-01   0.181799E+06   0.181784E+06   0.938874E-02   0.616088E-05   0.659432E+00  -0.345251E+08
   0.531704E+00   0.271710E+06   0.270538E+06   0.587069E-01   0.587069E-01   0.227253E+04   0.270239E+06   0.271514E+06   0.270239E+06  -0.103694E-01   0.179047E+06   0.179033E+06   0.916243E-02   0.595133E-05   0.659432E+00  -0.336750E+08
   0.536825E+00   0.267650E+06   0.266495E+06   0.567315E-01   0.567315E-01   0.219852E+04   0.266201E+06   0.267456E+06   0.266201E+06  -0.102144E-01   0.176371E+06   0.176357E+06   0.894100E-02   0.575111E-05   0.659431E+00  -0.328553E+08
   0.541946E+00   0.263698E+06   0.262561E+06   0.548426E-01   0.548426E-01   0.212618E+04   0.262270E+06   0.263507E+06   0.262270E+06  -0.100636E-01   0.173767E+06   0.173753E+06   0.872468E-02   0.555964E-05   0.659431E+00  -0.320643E+08
   0.547067E+00   0.259846E+06   0.258726E+06   0.530343E-01   0.530343E-01   0.205554E+04   0.258439E+06   0.259658E+06   0.258439E+06  -0.991657E-02   0.171229E+06   0.171215E+06   0.851408E-02   0.537635E-05   0.659431E+00  -0.313001E+08
   0.559946E+00   0.250558E+06   0.249480E+06   0.488135E-01   0.488135E-01   0.188663E+04   0.249201E+06   0.250377E+06   0.249201E+06  -0.956211E-02   0.165108E+06   0.165095E+06   0.801473E-02   0.494849E-05   0.659431E+00  -0.294872E+08
   0.593872E+00   0.228309E+06   0.227326E+06   0.395422E-01   0.395422E-01   0.152370E+04   0.227071E+06   0.228144E+06   0.227071E+06  -0.871297E-02   0.150447E+06   0.150435E+06   0.690097E-02   0.400857E-05   0.659429E+00  -0.253338E+08
   0.629853E+00   0.207981E+06   0.207086E+06   0.320235E-01   0.320235E-01   0.126376E+04   0.206853E+06   0.207831E+06   0.206853E+06  -0.793719E-02   0.137052E+06   0.137040E+06   0.593183E-02   0.324636E-05   0.659428E+00  -0.217598E+08
   0.879031E+00   0.121579E+06   0.121056E+06   0.961115E-02   0.961115E-02   0.402945E+03   0.120919E+06   0.121492E+06   0.120919E+06  -0.463977E-02   0.801156E+05   0.801090E+05   0.251563E-02   0.974367E-06   0.659424E+00  -0.911429E+07
   0.122679E+01   0.702134E+05   0.699112E+05   0.284974E-02   0.284974E-02   0.122377E+03   0.698312E+05   0.701626E+05   0.698312E+05  -0.267950E-02   0.462675E+05   0.462635E+05   0.106638E-02   0.288905E-06   0.659422E+00  -0.377152E+07
   0.171212E+01   0.401274E+05   0.399546E+05   0.836174E-03   0.836174E-03   0.365685E+02   0.399088E+05   0.400984E+05   0.399088E+05  -0.153134E-02   0.264421E+05   0.264398E+05   0.457185E-03   0.847721E-07   0.659421E+00  -0.154444E+07
   0.238945E+01   0.227277E+05   0.226295E+05   0.243153E-03   0.243153E-03   0.108467E+02   0.226037E+05   0.227112E+05   0.226037E+05  -0.867330E-03   0.149764E+05   0.149750E+05   0.201829E-03   0.246512E-07   0.659420E+00  -0.626785E+06
