#          k/h    CDM            baryon         photon         nu             mass_nu        total          no_nu          total_de       Weyl           v_CDM          v_b            v_b-v_c        ISW            log_grow       pert_vel    
   0.994668E-05   0.113536E+08   0.113536E+08   0.151261E+08   0.151257E+08   0.113557E+08   0.113536E+08   0.113536E+08   0.113577E+08  -0.461817E+00   0.657738E+07   0.657738E+07   0.601057E+01   0.643920E+06   0.792214E+00  -0.661288E+14
   0.109829E-04   0.113539E+08   0.113539E+08   0.151239E+08   0.151234E+08   0.113559E+08   0.113539E+08   0.113539E+08   0.113579E+08  -0.461828E+00   0.657749E+07   0.657749E+07   0.663657E+01   0.528192E+06   0.792199E+00  -0.598904E+14
   0.121272E-04   0.113542E+08   0.113542E+08   0.151211E+08   0.151205E+08   0.113563E+08   0.113542E+08   0.113542E+08   0.113583E+08  -0.461842E+00   0.657762E+07   0.657762E+07   0.732772E+01   0.433273E+06   0.792181E+00  -0.542407E+14
   0.133906E-04   0.113546E+08   0.113546E+08   0.151177E+08   0.151170E+08   0.113567E+08   0.113546E+08   0.113546E+08   0.113587E+08  -0.461858E+00   0.657778E+07   0.657778E+07   0.809077E+01   0.355420E+06   0.792158E+00  -0.491241E+14
   0.147857E-04   0.113551E+08   0.113551E+08   0.151136E+08   0.151127E+08   0.113571E+08   0.113551E+08   0.113551E+08   0.113592E+08  -0.461878E+00   0.657798E+07   0.657798E+07   0.893320E+01   0.291565E+06   0.792131E+00  -0.444905E+14
   0.163261E-04   0.113557E+08   0.113557E+08   0.151086E+08   0.151075E+08   0.113577E+08   0.113557E+08   0.113557E+08   0.113598E+08  -0.461903E+00   0.657822E+07   0.657822E+07   0.986323E+01   0.239192E+06   0.792098E+00  -0.402942E+14
   0.180270E-04   0.113565E+08   0.113565E+08   0.151025E+08   0.151012E+08   0.113584E+08   0.113565E+08   0.113565E+08   0.113605E+08  -0.461932E+00   0.657851E+07   0.657851E+07   0.108899E+02   0.196236E+06   0.792057E+00  -0.364939E+14
   0.199051E-04   0.113574E+08   0.113574E+08   0.150951E+08   0.150934E+08   0.113593E+08   0.113574E+08   0.113574E+08   0.113614E+08  -0.461969E+00   0.657887E+07   0.657887E+07   0.120233E+02   0.161003E+06   0.792007E+00  -0.330524E+14
   0.219788E-04   0.113585E+08   0.113585E+08   0.150860E+08   0.150840E+08   0.113604E+08   0.113585E+08   0.113585E+08   0.113625E+08  -0.462013E+00   0.657931E+07   0.657930E+07   0.132743E+02   0.132105E+06   0.791947E+00  -0.299358E+14
   0.242687E-04   0.113598E+08   0.113598E+08   0.150750E+08   0.150725E+08   0.113617E+08   0.113598E+08   0.113598E+08   0.113638E+08  -0.462067E+00   0.657984E+07   0.657984E+07   0.146551E+02   0.108403E+06   0.791873E+00  -0.271135E+14
   0.267970E-04   0.113614E+08   0.113614E+08   0.150615E+08   0.150585E+08   0.113632E+08   0.113614E+08   0.113614E+08   0.113655E+08  -0.462133E+00   0.658048E+07   0.658048E+07   0.161790E+02   0.889626E+05   0.791783E+00  -0.245577E+14
   0.295888E-04   0.113634E+08   0.113634E+08   0.150451E+08   0.150414E+08   0.113652E+08   0.113634E+08   0.113634E+08   0.113674E+08  -0.462213E+00   0.658127E+07   0.658127E+07   0.178607E+02   0.730177E+05   0.791674E+00  -0.222433E+14
   0.326714E-04   0.113658E+08   0.113658E+08   0.150252E+08   0.150207E+08   0.113675E+08   0.113658E+08   0.113658E+08   0.113699E+08  -0.462311E+00   0.658223E+07   0.658223E+07   0.197162E+02   0.599398E+05   0.791540E+00  -0.201475E+14
   0.360752E-04   0.113688E+08   0.113688E+08   0.150008E+08   0.149954E+08   0.113704E+08   0.113688E+08   0.113688E+08   0.113728E+08  -0.462431E+00   0.658340E+07   0.658340E+07   0.217632E+02   0.492132E+05   0.791378E+00  -0.182498E+14
   0.398336E-04   0.113724E+08   0.113724E+08   0.149712E+08   0.149646E+08   0.113738E+08   0.113724E+08   0.113724E+08   0.113764E+08  -0.462576E+00   0.658483E+07   0.658483E+07   0.240211E+02   0.404153E+05   0.791180E+00  -0.165314E+14
   0.439836E-04   0.113768E+08   0.113767E+08   0.149352E+08   0.149271E+08   0.113781E+08   0.113768E+08   0.113768E+08   0.113808E+08  -0.462753E+00   0.658657E+07   0.658656E+07   0.265109E+02   0.331992E+05   0.790940E+00  -0.149756E+14
   0.485659E-04   0.113821E+08   0.113821E+08   0.148914E+08   0.148815E+08   0.113832E+08   0.113821E+08   0.113821E+08   0.113861E+08  -0.462968E+00   0.658868E+07   0.658868E+07   0.292557E+02   0.272805E+05   0.790647E+00  -0.135670E+14
   0.536256E-04   0.113886E+08   0.113886E+08   0.148380E+08   0.148260E+08   0.113895E+08   0.113886E+08   0.113886E+08   0.113925E+08  -0.463230E+00   0.659126E+07   0.659126E+07   0.322805E+02   0.224260E+05   0.790290E+00  -0.122917E+14
   0.592125E-04   0.113965E+08   0.113964E+08   0.147732E+08   0.147586E+08   0.113971E+08   0.113965E+08   0.113965E+08   0.114004E+08  -0.463550E+00   0.659440E+07   0.659439E+07   0.356125E+02   0.184442E+05   0.789857E+00  -0.111372E+14
   0.653814E-04   0.114061E+08   0.114060E+08   0.146945E+08   0.146767E+08   0.114064E+08   0.114061E+08   0.114061E+08   0.114100E+08  -0.463938E+00   0.659822E+07   0.659821E+07   0.392809E+02   0.151783E+05   0.789330E+00  -0.100923E+14
   0.721930E-04   0.114177E+08   0.114177E+08   0.145990E+08   0.145774E+08   0.114177E+08   0.114177E+08   0.114177E+08   0.114216E+08  -0.464410E+00   0.660286E+07   0.660285E+07   0.433171E+02   0.124995E+05   0.788691E+00  -0.914646E+13
   0.797142E-04   0.114319E+08   0.114319E+08   0.144832E+08   0.144569E+08   0.114314E+08   0.114319E+08   0.114319E+08   0.114358E+08  -0.464984E+00   0.660851E+07   0.660850E+07   0.477546E+02   0.103022E+05   0.787916E+00  -0.829055E+13
   0.880190E-04   0.114492E+08   0.114491E+08   0.143430E+08   0.143111E+08   0.114481E+08   0.114492E+08   0.114492E+08   0.114530E+08  -0.465681E+00   0.661537E+07   0.661536E+07   0.526285E+02   0.849980E+04   0.786976E+00  -0.751612E+13
   0.971891E-04   0.114701E+08   0.114700E+08   0.141735E+08   0.141349E+08   0.114683E+08   0.114701E+08   0.114701E+08   0.114739E+08  -0.466527E+00   0.662370E+07   0.662369E+07   0.579755E+02   0.702127E+04   0.785838E+00  -0.681552E+13
   0.107314E-03   0.114955E+08   0.114954E+08   0.139689E+08   0.139223E+08   0.114928E+08   0.114954E+08   0.114955E+08   0.114992E+08  -0.467553E+00   0.663381E+07   0.663379E+07   0.638332E+02   0.580834E+04   0.784463E+00  -0.618188E+13
   0.118495E-03   0.115262E+08   0.115261E+08   0.137226E+08   0.136664E+08   0.115225E+08   0.115261E+08   0.115262E+08   0.115298E+08  -0.468795E+00   0.664606E+07   0.664604E+07   0.702391E+02   0.481318E+04   0.782805E+00  -0.560895E+13
   0.130840E-03   0.115633E+08   0.115632E+08   0.134269E+08   0.133592E+08   0.115584E+08   0.115633E+08   0.115633E+08   0.115668E+08  -0.470296E+00   0.666090E+07   0.666086E+07   0.772296E+02   0.399659E+04   0.780810E+00  -0.509106E+13
   0.144471E-03   0.116081E+08   0.116080E+08   0.130731E+08   0.129919E+08   0.116016E+08   0.116081E+08   0.116081E+08   0.116116E+08  -0.472109E+00   0.667882E+07   0.667878E+07   0.848381E+02   0.332638E+04   0.778415E+00  -0.462311E+13
   0.159522E-03   0.116621E+08   0.116619E+08   0.126517E+08   0.125544E+08   0.116537E+08   0.116620E+08   0.116621E+08   0.116654E+08  -0.474291E+00   0.670044E+07   0.670039E+07   0.930926E+02   0.277613E+04   0.775552E+00  -0.420046E+13
   0.176142E-03   0.117269E+08   0.117267E+08   0.121521E+08   0.120363E+08   0.117163E+08   0.117268E+08   0.117269E+08   0.117301E+08  -0.476913E+00   0.672645E+07   0.672640E+07   0.102013E+03   0.232418E+04   0.772140E+00  -0.381891E+13
   0.194493E-03   0.118046E+08   0.118043E+08   0.115639E+08   0.114266E+08   0.117911E+08   0.118045E+08   0.118045E+08   0.118075E+08  -0.480053E+00   0.675768E+07   0.675762E+07   0.111605E+03   0.195271E+04   0.768096E+00  -0.347464E+13
   0.214755E-03   0.118972E+08   0.118969E+08   0.108767E+08   0.107151E+08   0.118804E+08   0.118971E+08   0.118972E+08   0.119000E+08  -0.483800E+00   0.679505E+07   0.679497E+07   0.121859E+03   0.164712E+04   0.763328E+00  -0.316420E+13
   0.237129E-03   0.120073E+08   0.120070E+08   0.100819E+08   0.989309E+07   0.119864E+08   0.120072E+08   0.120073E+08   0.120098E+08  -0.488253E+00   0.683957E+07   0.683948E+07   0.132738E+03   0.139539E+04   0.757746E+00  -0.288442E+13
   0.261834E-03   0.121375E+08   0.121370E+08   0.917393E+07   0.895545E+07   0.121115E+08   0.121373E+08   0.121374E+08   0.121397E+08  -0.493517E+00   0.689240E+07   0.689228E+07   0.144175E+03   0.118764E+04   0.751260E+00  -0.263244E+13
   0.289112E-03   0.122904E+08   0.122899E+08   0.815274E+07   0.790293E+07   0.122582E+08   0.122901E+08   0.122903E+08   0.122923E+08  -0.499703E+00   0.695472E+07   0.695459E+07   0.156060E+03   0.101575E+04   0.743795E+00  -0.240562E+13
   0.319233E-03   0.124688E+08   0.124682E+08   0.702673E+07   0.674528E+07   0.124293E+08   0.124686E+08   0.124687E+08   0.124704E+08  -0.506922E+00   0.702779E+07   0.702763E+07   0.168232E+03   0.873051E+03   0.735293E+00  -0.220153E+13
   0.352491E-03   0.126754E+08   0.126747E+08   0.581624E+07   0.550497E+07   0.126268E+08   0.126751E+08   0.126753E+08   0.126766E+08  -0.515281E+00   0.711281E+07   0.711262E+07   0.180469E+03   0.754046E+03   0.725727E+00  -0.201793E+13
   0.389215E-03   0.129124E+08   0.129115E+08   0.455726E+07   0.422089E+07   0.128527E+08   0.129120E+08   0.129123E+08   0.129132E+08  -0.524871E+00   0.721088E+07   0.721066E+07   0.192480E+03   0.654228E+03   0.715112E+00  -0.185273E+13
   0.429764E-03   0.131814E+08   0.131804E+08   0.330431E+07   0.295134E+07   0.131084E+08   0.131809E+08   0.131813E+08   0.131818E+08  -0.535759E+00   0.732290E+07   0.732264E+07   0.203903E+03   0.569911E+03   0.703510E+00  -0.170399E+13
   0.474538E-03   0.134832E+08   0.134820E+08   0.213096E+07   0.177427E+07   0.133939E+08   0.134826E+08   0.134830E+08   0.134831E+08  -0.547977E+00   0.744939E+07   0.744908E+07   0.214308E+03   0.498093E+03   0.691042E+00  -0.156987E+13
   0.523976E-03   0.138174E+08   0.138159E+08   0.112571E+07   0.782609E+06   0.137083E+08   0.138166E+08   0.138171E+08   0.138169E+08  -0.561509E+00   0.759040E+07   0.759004E+07   0.223214E+03   0.436353E+03   0.677882E+00  -0.144866E+13
   0.578566E-03   0.141820E+08   0.141802E+08   0.380367E+06   0.716312E+05   0.140491E+08   0.141810E+08   0.141817E+08   0.141811E+08  -0.576280E+00   0.774534E+07   0.774494E+07   0.230123E+03   0.382760E+03   0.664257E+00  -0.133875E+13
   0.638842E-03   0.145736E+08   0.145715E+08  -0.308152E+05  -0.283358E+06   0.144118E+08   0.145724E+08   0.145732E+08   0.145724E+08  -0.592151E+00   0.791291E+07   0.791246E+07   0.234568E+03   0.335801E+03   0.650427E+00  -0.123867E+13
   0.705398E-03   0.149869E+08   0.149846E+08  -0.800259E+05  -0.257388E+06   0.147904E+08   0.149856E+08   0.149865E+08   0.149856E+08  -0.608913E+00   0.809102E+07   0.809052E+07   0.236172E+03   0.294311E+03   0.636669E+00  -0.114705E+13
   0.778888E-03   0.154154E+08   0.154127E+08   0.185193E+06   0.945573E+05   0.151771E+08   0.154138E+08   0.154149E+08   0.154138E+08  -0.626293E+00   0.827680E+07   0.827626E+07   0.234712E+03   0.257413E+03   0.623254E+00  -0.106267E+13
   0.860035E-03   0.158508E+08   0.158478E+08   0.629848E+06   0.626748E+06   0.155625E+08   0.158489E+08   0.158503E+08   0.158491E+08  -0.643962E+00   0.846672E+07   0.846612E+07   0.230161E+03   0.224458E+03   0.610426E+00  -0.984487E+12
   0.949635E-03   0.162842E+08   0.162810E+08   0.105808E+07   0.113362E+07   0.159362E+08   0.162820E+08   0.162837E+08   0.162823E+08  -0.661556E+00   0.865674E+07   0.865611E+07   0.222681E+03   0.194969E+03   0.598384E+00  -0.911609E+12
   0.104857E-02   0.167064E+08   0.167029E+08   0.128906E+07   0.143224E+07   0.162875E+08   0.167039E+08   0.167058E+08   0.167042E+08  -0.678695E+00   0.884263E+07   0.884196E+07   0.212579E+03   0.168597E+03   0.587273E+00  -0.843323E+12
   0.115781E-02   0.171085E+08   0.171047E+08   0.125440E+07   0.146439E+07   0.166058E+08   0.171055E+08   0.171079E+08   0.171058E+08  -0.695012E+00   0.902015E+07   0.901946E+07   0.200230E+03   0.145075E+03   0.577181E+00  -0.779087E+12
   0.127844E-02   0.174822E+08   0.174783E+08   0.103902E+07   0.133371E+07   0.168815E+08   0.174787E+08   0.174816E+08   0.174790E+08  -0.710174E+00   0.918543E+07   0.918471E+07   0.186051E+03   0.124188E+03   0.568143E+00  -0.718506E+12
   0.141163E-02   0.178208E+08   0.178168E+08   0.792061E+06   0.120186E+07   0.171069E+08   0.178168E+08   0.178201E+08   0.178170E+08  -0.723904E+00   0.933508E+07   0.933436E+07   0.170552E+03   0.105749E+03   0.560153E+00  -0.661315E+12
   0.155869E-02   0.181190E+08   0.181149E+08   0.566959E+06   0.455861E+06   0.172755E+08   0.181143E+08   0.181183E+08   0.181144E+08  -0.735983E+00   0.946654E+07   0.946582E+07   0.154422E+03   0.895796E+02   0.553173E+00  -0.607353E+12
   0.172108E-02   0.183730E+08   0.183689E+08   0.309993E+06   0.379138E+06   0.173830E+08   0.183676E+08   0.183723E+08   0.183677E+08  -0.746270E+00   0.957766E+07   0.957694E+07   0.138493E+03   0.755062E+02   0.547127E+00  -0.556504E+12
   0.190039E-02   0.185806E+08   0.185765E+08   0.617369E+05   0.314482E+06   0.174270E+08   0.185745E+08   0.185799E+08   0.185745E+08  -0.754669E+00   0.966726E+07   0.966655E+07   0.123548E+03   0.633426E+02   0.541937E+00  -0.508711E+12
   0.209838E-02   0.187410E+08   0.187369E+08  -0.183368E+05   0.260164E+06   0.174071E+08   0.187340E+08   0.187403E+08   0.187340E+08  -0.761145E+00   0.973476E+07   0.973407E+07   0.110159E+03   0.529023E+02   0.537515E+00  -0.463930E+12
   0.231699E-02   0.188544E+08   0.188502E+08   0.384253E+05   0.214677E+06   0.173243E+08   0.188465E+08   0.188537E+08   0.188465E+08  -0.765712E+00   0.978020E+07   0.977951E+07   0.986751E+02   0.440016E+02   0.533773E+00  -0.422118E+12
   0.255838E-02   0.189221E+08   0.189178E+08   0.813859E+05   0.176710E+06   0.171813E+08   0.189132E+08   0.189214E+08   0.189132E+08  -0.768420E+00   0.980395E+07   0.980327E+07   0.891032E+02   0.364610E+02   0.530621E+00  -0.383219E+12
   0.282492E-02   0.189450E+08   0.189405E+08   0.124847E+06   0.145112E+06   0.169803E+08   0.189349E+08   0.189442E+08   0.189349E+08  -0.769301E+00   0.980614E+07   0.980546E+07   0.810134E+02   0.301073E+02   0.527973E+00  -0.347139E+12
   0.311923E-02   0.189246E+08   0.189199E+08   0.885780E+05   0.118892E+06   0.167239E+08   0.189134E+08   0.189239E+08   0.189135E+08  -0.768428E+00   0.978754E+07   0.978685E+07   0.737926E+02   0.247810E+02   0.525758E+00  -0.313789E+12
   0.344419E-02   0.188628E+08   0.188579E+08   0.191474E+05   0.971964E+05   0.164143E+08   0.188504E+08   0.188620E+08   0.188504E+08  -0.765867E+00   0.974879E+07   0.974810E+07   0.669198E+02   0.203358E+02   0.523910E+00  -0.283057E+12
   0.380302E-02   0.187611E+08   0.187558E+08  -0.192214E+05   0.792899E+05   0.160533E+08   0.187474E+08   0.187602E+08   0.187474E+08  -0.761679E+00   0.969049E+07   0.968980E+07   0.602664E+02   0.166412E+02   0.522370E+00  -0.254817E+12
   0.419923E-02   0.186207E+08   0.186151E+08   0.110533E+05   0.645464E+05   0.156428E+08   0.186056E+08   0.186197E+08   0.186056E+08  -0.755919E+00   0.961316E+07   0.961248E+07   0.540896E+02   0.135816E+02   0.521088E+00  -0.228933E+12
   0.463671E-02   0.184427E+08   0.184367E+08   0.246671E+05   0.524346E+05   0.151848E+08   0.184263E+08   0.184417E+08   0.184263E+08  -0.748631E+00   0.951724E+07   0.951656E+07   0.486729E+02   0.110564E+02   0.520022E+00  -0.205263E+12
   0.511978E-02   0.182280E+08   0.182215E+08  -0.154028E+04   0.425058E+05   0.146830E+08   0.182101E+08   0.182269E+08   0.182101E+08  -0.739848E+00   0.940300E+07   0.940233E+07   0.439502E+02   0.897835E+01   0.519136E+00  -0.183665E+12
   0.565317E-02   0.179776E+08   0.179705E+08  -0.151122E+05   0.343841E+05   0.141155E+08   0.179582E+08   0.179764E+08   0.179582E+08  -0.729611E+00   0.927088E+07   0.927021E+07   0.396254E+02   0.727302E+01   0.518395E+00  -0.163998E+12
   0.624213E-02   0.176908E+08   0.176830E+08  -0.190558E+05   0.277516E+05   0.135170E+08   0.176698E+08   0.176895E+08   0.176698E+08  -0.717894E+00   0.912043E+07   0.911976E+07   0.356115E+02   0.587682E+01   0.517778E+00  -0.146114E+12
   0.689245E-02   0.173682E+08   0.173594E+08  -0.469738E+05   0.223464E+05   0.128766E+08   0.173454E+08   0.173667E+08   0.173454E+08  -0.704716E+00   0.895181E+07   0.895115E+07   0.320507E+02   0.473656E+01   0.517261E+00  -0.129882E+12
   0.761052E-02   0.170094E+08   0.169996E+08  -0.401785E+05   0.179497E+05   0.122045E+08   0.169850E+08   0.170078E+08   0.169850E+08  -0.690074E+00   0.876493E+07   0.876427E+07   0.288907E+02   0.380743E+01   0.516827E+00  -0.115171E+12
   0.840340E-02   0.166143E+08   0.166032E+08  -0.135126E+05   0.143800E+05   0.115103E+08   0.165883E+08   0.166124E+08   0.165883E+08  -0.673954E+00   0.855955E+07   0.855889E+07   0.260139E+02   0.305212E+01   0.516462E+00  -0.101861E+12
   0.927889E-02   0.161824E+08   0.161698E+08  -0.254242E+05   0.114877E+05   0.107946E+08   0.161548E+08   0.161803E+08   0.161548E+08  -0.656342E+00   0.833543E+07   0.833478E+07   0.234602E+02   0.243938E+01   0.516154E+00  -0.898343E+11
   0.102456E-01   0.157132E+08   0.156989E+08  -0.119634E+05   0.914877E+04   0.100583E+08   0.156841E+08   0.157108E+08   0.156841E+08  -0.637217E+00   0.809229E+07   0.809164E+07   0.211797E+02   0.194345E+01   0.515893E+00  -0.789850E+11
   0.113130E-01   0.152061E+08   0.151897E+08  -0.136580E+05   0.726142E+04   0.930899E+07   0.151755E+08   0.152034E+08   0.151755E+08  -0.616552E+00   0.782974E+07   0.782909E+07   0.191452E+02   0.154300E+01   0.515669E+00  -0.692117E+11
   0.124916E-01   0.146603E+08   0.146416E+08  -0.768940E+04   0.574184E+04   0.855499E+07   0.146283E+08   0.146572E+08   0.146283E+08  -0.594323E+00   0.754743E+07   0.754678E+07   0.173355E+02   0.122038E+01   0.515476E+00  -0.604213E+11
   0.137930E-01   0.140755E+08   0.140541E+08  -0.100592E+05   0.452138E+04   0.780269E+07   0.140422E+08   0.140719E+08   0.140422E+08  -0.570511E+00   0.724511E+07   0.724446E+07   0.157237E+02   0.961157E+00   0.515310E+00  -0.525285E+11
   0.152300E-01   0.134514E+08   0.134269E+08   0.111026E+03   0.354383E+04   0.705537E+07   0.134171E+08   0.134473E+08   0.134171E+08  -0.545112E+00   0.692268E+07   0.692203E+07   0.142835E+02   0.753448E+00   0.515165E+00  -0.454551E+11
   0.168167E-01   0.128034E+08   0.127755E+08  -0.412284E+04   0.276644E+04   0.633072E+07   0.127681E+08   0.127987E+08   0.127681E+08  -0.518746E+00   0.658802E+07   0.658737E+07   0.130026E+02   0.588231E+00   0.515038E+00  -0.391762E+11
   0.185687E-01   0.121064E+08   0.120748E+08  -0.432187E+04   0.214535E+04   0.562033E+07   0.120704E+08   0.121011E+08   0.120704E+08  -0.490400E+00   0.622825E+07   0.622759E+07   0.118342E+02   0.456204E+00   0.514926E+00  -0.335423E+11
   0.205033E-01   0.113757E+08   0.113403E+08   0.151126E+04   0.165327E+04   0.493850E+07   0.113393E+08   0.113697E+08   0.113393E+08  -0.460696E+00   0.585123E+07   0.585057E+07   0.107620E+02   0.351584E+00   0.514827E+00  -0.285386E+11
   0.226393E-01   0.106056E+08   0.105664E+08  -0.509954E+03   0.126408E+04   0.428755E+07   0.105691E+08   0.105990E+08   0.105691E+08  -0.429405E+00   0.545404E+07   0.545338E+07   0.975534E+01   0.268832E+00   0.514739E+00  -0.240914E+11
   0.249980E-01   0.982383E+07   0.978102E+07  -0.500765E+03   0.960266E+03   0.368322E+07   0.978762E+07   0.981664E+07   0.978762E+07  -0.397653E+00   0.505099E+07   0.505033E+07   0.879746E+01   0.204227E+00   0.514661E+00  -0.202059E+11
   0.276023E-01   0.903980E+07   0.899397E+07  -0.853774E+02   0.724663E+03   0.312999E+07   0.900418E+07   0.903211E+07   0.900418E+07  -0.365824E+00   0.464692E+07   0.464627E+07   0.786554E+01   0.154123E+00   0.514590E+00  -0.168355E+11
   0.304780E-01   0.825704E+07   0.820916E+07  -0.732952E+02   0.542833E+03   0.262906E+07   0.822240E+07   0.824900E+07   0.822240E+07  -0.334062E+00   0.424367E+07   0.424304E+07   0.693435E+01   0.115454E+00   0.514527E+00  -0.139239E+11
   0.336533E-01   0.749683E+07   0.744836E+07  -0.233436E+03   0.404194E+03   0.218568E+07   0.746360E+07   0.748870E+07   0.746360E+07  -0.303233E+00   0.385224E+07   0.385163E+07   0.599428E+01   0.859686E-01   0.514470E+00  -0.114470E+11
   0.371593E-01   0.678672E+07   0.673950E+07  -0.343878E+03   0.300092E+03   0.180407E+07   0.675525E+07   0.677879E+07   0.675525E+07  -0.274454E+00   0.348681E+07   0.348624E+07   0.504777E+01   0.638279E-01   0.514419E+00  -0.938348E+10
   0.410307E-01   0.614415E+07   0.610034E+07  -0.185573E+03   0.222824E+03   0.148278E+07   0.611476E+07   0.613679E+07   0.611476E+07  -0.248432E+00   0.315637E+07   0.315586E+07   0.410876E+01   0.473941E-01   0.514373E+00  -0.769277E+10
   0.451338E-01   0.560786E+07   0.556931E+07   0.168085E+03   0.168085E+03   0.122829E+07   0.558069E+07   0.560138E+07   0.558069E+07  -0.226733E+00   0.288082E+07   0.288038E+07   0.324188E+01   0.357520E-01   0.514335E+00  -0.638293E+10
   0.492368E-01   0.518371E+07   0.515127E+07   0.130569E+03   0.130569E+03   0.103561E+07   0.515866E+07   0.517826E+07   0.515866E+07  -0.209587E+00   0.266306E+07   0.266269E+07   0.251879E+01   0.277726E-01   0.514302E+00  -0.540876E+10
   0.533399E-01   0.484193E+07   0.481559E+07   0.103933E+03   0.103933E+03   0.886220E+06   0.481880E+07   0.483750E+07   0.481880E+07  -0.195779E+00   0.248771E+07   0.248740E+07   0.194286E+01   0.221073E-01   0.514274E+00  -0.466395E+10
   0.574430E-01   0.455414E+07   0.453316E+07   0.843013E+02   0.843013E+02   0.766648E+06   0.453271E+07   0.455062E+07   0.453271E+07  -0.184156E+00   0.234008E+07   0.233982E+07   0.151012E+01   0.179317E-01   0.514250E+00  -0.407382E+10
   0.615460E-01   0.429819E+07   0.428131E+07   0.693164E+02   0.693164E+02   0.667819E+06   0.427818E+07   0.429535E+07   0.427818E+07  -0.173815E+00   0.220874E+07   0.220851E+07   0.120725E+01   0.147444E-01   0.514230E+00  -0.358883E+10
   0.656491E-01   0.405697E+07   0.404270E+07   0.575076E+02   0.575076E+02   0.583597E+06   0.403815E+07   0.405457E+07   0.403815E+07  -0.164063E+00   0.208486E+07   0.208466E+07   0.101307E+01   0.122327E-01   0.514212E+00  -0.317583E+10
   0.697522E-01   0.381837E+07   0.380526E+07   0.479457E+02   0.479457E+02   0.509979E+06   0.380052E+07   0.381617E+07   0.380052E+07  -0.154408E+00   0.196223E+07   0.196204E+07   0.901469E+00   0.101989E-01   0.514197E+00  -0.281320E+10
   0.738552E-01   0.358442E+07   0.357125E+07   0.401445E+02   0.401445E+02   0.445650E+06   0.356736E+07   0.358221E+07   0.356736E+07  -0.144936E+00   0.184188E+07   0.184170E+07   0.846441E+00   0.853949E-02   0.514183E+00  -0.249396E+10
   0.779583E-01   0.334756E+07   0.333354E+07   0.336462E+02   0.336462E+02   0.388377E+06   0.333122E+07   0.334521E+07   0.333122E+07  -0.135341E+00   0.171999E+07   0.171980E+07   0.821079E+00   0.715725E-02   0.514171E+00  -0.220634E+10
   0.820614E-01   0.311938E+07   0.310416E+07   0.282926E+02   0.282926E+02   0.338483E+06   0.310368E+07   0.311683E+07   0.310368E+07  -0.126097E+00   0.160254E+07   0.160234E+07   0.805712E+00   0.601848E-02   0.514160E+00  -0.195289E+10
   0.861644E-01   0.290617E+07   0.288984E+07   0.239052E+02   0.239052E+02   0.295578E+06   0.289109E+07   0.290343E+07   0.289109E+07  -0.117460E+00   0.149280E+07   0.149260E+07   0.785410E+00   0.508522E-02   0.514151E+00  -0.173253E+10
   0.912856E-01   0.266907E+07   0.265198E+07   0.195581E+02   0.195581E+02   0.251116E+06   0.265477E+07   0.266620E+07   0.265477E+07  -0.107859E+00   0.137081E+07   0.137060E+07   0.740650E+00   0.416052E-02   0.514140E+00  -0.150169E+10
   0.964067E-01   0.247135E+07   0.245452E+07   0.162353E+02   0.162353E+02   0.215739E+06   0.245786E+07   0.246852E+07   0.245786E+07  -0.998584E-01   0.126915E+07   0.126896E+07   0.671249E+00   0.345370E-02   0.514131E+00  -0.131647E+10
   0.101528E+00   0.231544E+07   0.229987E+07   0.137154E+02   0.137154E+02   0.188082E+06   0.230277E+07   0.231282E+07   0.230277E+07  -0.935573E-01   0.118908E+07   0.118891E+07   0.583765E+00   0.291768E-02   0.514122E+00  -0.117120E+10
   0.106649E+00   0.219566E+07   0.218207E+07   0.117879E+02   0.117879E+02   0.166404E+06   0.218378E+07   0.219338E+07   0.218378E+07  -0.887231E-01   0.112766E+07   0.112750E+07   0.490118E+00   0.250766E-02   0.514115E+00  -0.105737E+10
   0.111770E+00   0.210020E+07   0.208885E+07   0.102672E+02   0.102672E+02   0.148881E+06   0.208907E+07   0.209829E+07   0.208907E+07  -0.848751E-01   0.107876E+07   0.107862E+07   0.402823E+00   0.218417E-02   0.514108E+00  -0.965174E+09
   0.116891E+00   0.201633E+07   0.200701E+07   0.901358E+01   0.901358E+01   0.134016E+06   0.200586E+07   0.201476E+07   0.200586E+07  -0.814946E-01   0.103580E+07   0.103569E+07   0.331529E+00   0.191749E-02   0.514102E+00  -0.886140E+09
   0.122012E+00   0.193409E+07   0.192626E+07   0.793618E+01   0.793618E+01   0.120804E+06   0.192420E+07   0.193278E+07   0.192420E+07  -0.781769E-01   0.993641E+06   0.993539E+06   0.281098E+00   0.168830E-02   0.514097E+00  -0.814393E+09
   0.127134E+00   0.184766E+07   0.184060E+07   0.698328E+01   0.698328E+01   0.108688E+06   0.183825E+07   0.184647E+07   0.183825E+07  -0.746847E-01   0.949263E+06   0.949167E+06   0.251260E+00   0.148559E-02   0.514092E+00  -0.746681E+09
   0.132255E+00   0.175541E+07   0.174846E+07   0.613064E+01   0.613064E+01   0.974530E+05   0.174641E+07   0.175425E+07   0.174641E+07  -0.709533E-01   0.901844E+06   0.901750E+06   0.237666E+00   0.130421E-02   0.514088E+00  -0.681913E+09
   0.137376E+00   0.165925E+07   0.165193E+07   0.537039E+01   0.537039E+01   0.871022E+05   0.165058E+07   0.165802E+07   0.165058E+07  -0.670603E-01   0.852369E+06   0.852273E+06   0.233735E+00   0.114248E-02   0.514084E+00  -0.620476E+09
   0.142497E+00   0.156329E+07   0.155542E+07   0.470218E+01   0.470218E+01   0.777408E+05   0.155495E+07   0.156197E+07   0.155495E+07  -0.631747E-01   0.802989E+06   0.802890E+06   0.232685E+00   0.100034E-02   0.514080E+00  -0.563522E+09
   0.147618E+00   0.147283E+07   0.146449E+07   0.412760E+01   0.412760E+01   0.694986E+05   0.146480E+07   0.147143E+07   0.146480E+07  -0.595120E-01   0.756440E+06   0.756338E+06   0.229181E+00   0.878106E-03   0.514077E+00  -0.512438E+09
   0.152739E+00   0.139285E+07   0.138433E+07   0.364582E+01   0.364582E+01   0.624620E+05   0.138513E+07   0.139142E+07   0.138513E+07  -0.562754E-01   0.715305E+06   0.715205E+06   0.220254E+00   0.775614E-03   0.514074E+00  -0.468324E+09
   0.157860E+00   0.132612E+07   0.131779E+07   0.324949E+01   0.324949E+01   0.565988E+05   0.131872E+07   0.132472E+07   0.131872E+07  -0.535773E-01   0.681013E+06   0.680916E+06   0.205397E+00   0.691304E-03   0.514071E+00  -0.431408E+09
   0.162982E+00   0.127214E+07   0.126434E+07   0.292449E+01   0.292449E+01   0.517447E+05   0.126507E+07   0.127084E+07   0.126507E+07  -0.513974E-01   0.653308E+06   0.653217E+06   0.186068E+00   0.622164E-03   0.514068E+00  -0.400853E+09
   0.168103E+00   0.122812E+07   0.122109E+07   0.265407E+01   0.265407E+01   0.476693E+05   0.122136E+07   0.122694E+07   0.122136E+07  -0.496217E-01   0.630739E+06   0.630656E+06   0.164868E+00   0.564636E-03   0.514066E+00  -0.375216E+09
   0.173224E+00   0.119053E+07   0.118432E+07   0.242315E+01   0.242315E+01   0.441508E+05   0.118406E+07   0.118948E+07   0.118406E+07  -0.481063E-01   0.611479E+06   0.611404E+06   0.144643E+00   0.515512E-03   0.514064E+00  -0.353005E+09
   0.178345E+00   0.115577E+07   0.115030E+07   0.221943E+01   0.221943E+01   0.410000E+05   0.114958E+07   0.115485E+07   0.114958E+07  -0.467053E-01   0.593672E+06   0.593604E+06   0.127668E+00   0.472173E-03   0.514062E+00  -0.332884E+09
   0.183466E+00   0.112053E+07   0.111560E+07   0.203342E+01   0.203342E+01   0.380653E+05   0.111458E+07   0.111970E+07   0.111458E+07  -0.452834E-01   0.575601E+06   0.575537E+06   0.115155E+00   0.432603E-03   0.514060E+00  -0.313742E+09
   0.188587E+00   0.108266E+07   0.107801E+07   0.185948E+01   0.185948E+01   0.352572E+05   0.107693E+07   0.108188E+07   0.107693E+07  -0.437536E-01   0.556157E+06   0.556096E+06   0.107156E+00   0.395599E-03   0.514058E+00  -0.294912E+09
   0.193708E+00   0.104195E+07   0.103736E+07   0.169615E+01   0.169615E+01   0.325596E+05   0.103640E+07   0.104118E+07   0.103640E+07  -0.421072E-01   0.535232E+06   0.535172E+06   0.102800E+00   0.360853E-03   0.514056E+00  -0.276313E+09
   0.198830E+00   0.999731E+06   0.995035E+06   0.154460E+01   0.154460E+01   0.300055E+05   0.994357E+06   0.998942E+06   0.994357E+06  -0.403989E-01   0.513519E+06   0.513459E+06   0.100665E+00   0.328611E-03   0.514055E+00  -0.258275E+09
   0.203951E+00   0.957864E+06   0.953005E+06   0.140644E+01   0.140644E+01   0.276370E+05   0.952650E+06   0.957048E+06   0.952650E+06  -0.387045E-01   0.491982E+06   0.491922E+06   0.992160E-01   0.299219E-03   0.514053E+00  -0.241230E+09
   0.209072E+00   0.918156E+06   0.913167E+06   0.128282E+01   0.128282E+01   0.254876E+05   0.913098E+06   0.917319E+06   0.913098E+06  -0.370975E-01   0.471558E+06   0.471497E+06   0.971823E-01   0.272921E-03   0.514052E+00  -0.225552E+09
   0.214193E+00   0.882150E+06   0.877133E+06   0.117423E+01   0.117423E+01   0.235781E+05   0.877248E+06   0.881307E+06   0.877248E+06  -0.356410E-01   0.453045E+06   0.452985E+06   0.938194E-01   0.249819E-03   0.514051E+00  -0.211516E+09
   0.219314E+00   0.850777E+06   0.845866E+06   0.108019E+01   0.108019E+01   0.219088E+05   0.846034E+06   0.849953E+06   0.846034E+06  -0.343728E-01   0.436926E+06   0.436868E+06   0.889713E-01   0.229812E-03   0.514050E+00  -0.199227E+09
   0.224435E+00   0.824031E+06   0.819345E+06   0.999042E+00   0.999042E+00   0.204563E+05   0.819445E+06   0.823244E+06   0.819445E+06  -0.332926E-01   0.423195E+06   0.423140E+06   0.829726E-01   0.212549E-03   0.514049E+00  -0.188563E+09
   0.229556E+00   0.801056E+06   0.796677E+06   0.928373E+00   0.928373E+00   0.191790E+05   0.796624E+06   0.800320E+06   0.796624E+06  -0.323654E-01   0.411410E+06   0.411358E+06   0.764560E-01   0.197514E-03   0.514047E+00  -0.179222E+09
   0.234678E+00   0.780550E+06   0.776503E+06   0.865599E+00   0.865599E+00   0.180307E+05   0.776265E+06   0.779871E+06   0.776265E+06  -0.315383E-01   0.400897E+06   0.400847E+06   0.701331E-01   0.184160E-03   0.514046E+00  -0.170832E+09
   0.239799E+00   0.761130E+06   0.757384E+06   0.808432E+00   0.808432E+00   0.169694E+05   0.756982E+06   0.760501E+06   0.756982E+06  -0.307548E-01   0.390939E+06   0.390892E+06   0.645979E-01   0.171998E-03   0.514045E+00  -0.163031E+09
   0.244920E+00   0.741620E+06   0.738106E+06   0.755136E+00   0.755136E+00   0.159637E+05   0.737598E+06   0.741030E+06   0.737598E+06  -0.299673E-01   0.380929E+06   0.380884E+06   0.601982E-01   0.160659E-03   0.514045E+00  -0.155535E+09
   0.250041E+00   0.721336E+06   0.717966E+06   0.704712E+00   0.704712E+00   0.149967E+05   0.717430E+06   0.720770E+06   0.717430E+06  -0.291479E-01   0.370513E+06   0.370471E+06   0.569950E-01   0.149932E-03   0.514044E+00  -0.148184E+09
   0.255162E+00   0.700202E+06   0.696893E+06   0.656876E+00   0.656876E+00   0.140657E+05   0.696402E+06   0.699646E+06   0.696402E+06  -0.282936E-01   0.359654E+06   0.359612E+06   0.548002E-01   0.139755E-03   0.514043E+00  -0.140954E+09
   0.260283E+00   0.678610E+06   0.675304E+06   0.611800E+00   0.611800E+00   0.131777E+05   0.674908E+06   0.678055E+06   0.674908E+06  -0.274203E-01   0.348555E+06   0.348513E+06   0.532664E-01   0.130165E-03   0.514042E+00  -0.133916E+09
   0.265404E+00   0.657179E+06   0.653851E+06   0.569817E+00   0.569817E+00   0.123423E+05   0.653571E+06   0.656620E+06   0.653571E+06  -0.265534E-01   0.337536E+06   0.337495E+06   0.519967E-01   0.121233E-03   0.514041E+00  -0.127180E+09
   0.270526E+00   0.636584E+06   0.633240E+06   0.531243E+00   0.531243E+00   0.115689E+05   0.633067E+06   0.636023E+06   0.633067E+06  -0.257204E-01   0.326948E+06   0.326907E+06   0.506486E-01   0.113026E-03   0.514041E+00  -0.120858E+09
   0.275647E+00   0.617417E+06   0.614090E+06   0.496269E+00   0.496269E+00   0.108636E+05   0.613990E+06   0.616858E+06   0.613990E+06  -0.249453E-01   0.317096E+06   0.317055E+06   0.490034E-01   0.105585E-03   0.514040E+00  -0.115039E+09
   0.280768E+00   0.600030E+06   0.596764E+06   0.464856E+00   0.464856E+00   0.102277E+05   0.596693E+06   0.599482E+06   0.596693E+06  -0.242426E-01   0.308163E+06   0.308124E+06   0.469920E-01   0.989020E-04   0.514039E+00  -0.109759E+09
   0.285889E+00   0.584438E+06   0.581276E+06   0.436703E+00   0.436703E+00   0.965619E+04   0.581189E+06   0.583907E+06   0.581189E+06  -0.236127E-01   0.300157E+06   0.300118E+06   0.446784E-01   0.929122E-04   0.514039E+00  -0.104992E+09
   0.291010E+00   0.570366E+06   0.567337E+06   0.411327E+00   0.411327E+00   0.914009E+04   0.567203E+06   0.569857E+06   0.567203E+06  -0.230445E-01   0.292934E+06   0.292897E+06   0.422168E-01   0.875133E-04   0.514038E+00  -0.100663E+09
   0.296131E+00   0.557379E+06   0.554495E+06   0.388188E+00   0.388188E+00   0.866871E+04   0.554301E+06   0.556895E+06   0.554301E+06  -0.225202E-01   0.286270E+06   0.286235E+06   0.397952E-01   0.825904E-04   0.514038E+00  -0.966716E+08
   0.301252E+00   0.545007E+06   0.542258E+06   0.366784E+00   0.366784E+00   0.823166E+04   0.542007E+06   0.544545E+06   0.542007E+06  -0.220208E-01   0.279922E+06   0.279888E+06   0.375810E-01   0.780366E-04   0.514037E+00  -0.929208E+08
   0.306374E+00   0.532826E+06   0.530192E+06   0.346705E+00   0.346705E+00   0.782044E+04   0.529902E+06   0.532384E+06   0.529902E+06  -0.215289E-01   0.273670E+06   0.273637E+06   0.356821E-01   0.737646E-04   0.514037E+00  -0.893270E+08
   0.311495E+00   0.520558E+06   0.518007E+06   0.327678E+00   0.327678E+00   0.742915E+04   0.517703E+06   0.520130E+06   0.517703E+06  -0.210334E-01   0.267370E+06   0.267338E+06   0.341318E-01   0.697166E-04   0.514036E+00  -0.858360E+08
   0.316616E+00   0.508118E+06   0.505621E+06   0.309584E+00   0.309584E+00   0.705526E+04   0.505330E+06   0.507699E+06   0.505330E+06  -0.205306E-01   0.260980E+06   0.260949E+06   0.328933E-01   0.658669E-04   0.514036E+00  -0.824294E+08
   0.321737E+00   0.495609E+06   0.493142E+06   0.292423E+00   0.292423E+00   0.669883E+04   0.492883E+06   0.495194E+06   0.492883E+06  -0.200249E-01   0.254552E+06   0.254521E+06   0.318811E-01   0.622157E-04   0.514035E+00  -0.791194E+08
   0.326858E+00   0.483239E+06   0.480791E+06   0.276256E+00   0.276256E+00   0.636132E+04   0.480573E+06   0.482828E+06   0.480573E+06  -0.195248E-01   0.248195E+06   0.248165E+06   0.309889E-01   0.587761E-04   0.514035E+00  -0.759349E+08
   0.331979E+00   0.471247E+06   0.468817E+06   0.261149E+00   0.261149E+00   0.604436E+04   0.468640E+06   0.470839E+06   0.468640E+06  -0.190400E-01   0.242032E+06   0.242002E+06   0.301175E-01   0.555620E-04   0.514034E+00  -0.729070E+08
   0.337100E+00   0.459834E+06   0.457431E+06   0.247138E+00   0.247138E+00   0.574883E+04   0.457284E+06   0.459431E+06   0.457284E+06  -0.185786E-01   0.236168E+06   0.236138E+06   0.291970E-01   0.525811E-04   0.514034E+00  -0.700597E+08
   0.342222E+00   0.449130E+06   0.446767E+06   0.234213E+00   0.234213E+00   0.547469E+04   0.446635E+06   0.448733E+06   0.446635E+06  -0.181460E-01   0.230668E+06   0.230639E+06   0.281964E-01   0.498313E-04   0.514034E+00  -0.674043E+08
   0.347343E+00   0.439162E+06   0.436854E+06   0.222312E+00   0.222312E+00   0.522062E+04   0.436723E+06   0.438775E+06   0.436723E+06  -0.177433E-01   0.225549E+06   0.225521E+06   0.271232E-01   0.472993E-04   0.514033E+00  -0.649367E+08
   0.352464E+00   0.429864E+06   0.427621E+06   0.211329E+00   0.211329E+00   0.498435E+04   0.427478E+06   0.429487E+06   0.427478E+06  -0.173677E-01   0.220775E+06   0.220747E+06   0.260126E-01   0.449626E-04   0.514033E+00  -0.626386E+08
   0.357585E+00   0.421095E+06   0.418923E+06   0.201133E+00   0.201133E+00   0.476305E+04   0.418762E+06   0.420730E+06   0.418762E+06  -0.170135E-01   0.216273E+06   0.216247E+06   0.249139E-01   0.427934E-04   0.514033E+00  -0.604826E+08
   0.362706E+00   0.412693E+06   0.410589E+06   0.191594E+00   0.191594E+00   0.455401E+04   0.410410E+06   0.412340E+06   0.410410E+06  -0.166742E-01   0.211960E+06   0.211934E+06   0.238751E-01   0.407641E-04   0.514032E+00  -0.584395E+08
   0.367827E+00   0.404508E+06   0.402466E+06   0.182603E+00   0.182603E+00   0.435503E+04   0.402273E+06   0.404165E+06   0.402273E+06  -0.163436E-01   0.207758E+06   0.207733E+06   0.229310E-01   0.388512E-04   0.514032E+00  -0.564834E+08
   0.372948E+00   0.396428E+06   0.394438E+06   0.174076E+00   0.174076E+00   0.416455E+04   0.394239E+06   0.396094E+06   0.394239E+06  -0.160172E-01   0.203609E+06   0.203584E+06   0.220969E-01   0.370369E-04   0.514032E+00  -0.545952E+08
   0.378070E+00   0.388395E+06   0.386446E+06   0.165959E+00   0.165959E+00   0.398180E+04   0.386250E+06   0.388068E+06   0.386250E+06  -0.156926E-01   0.199483E+06   0.199459E+06   0.213676E-01   0.353100E-04   0.514031E+00  -0.527644E+08
   0.383191E+00   0.380418E+06   0.378500E+06   0.158234E+00   0.158234E+00   0.380670E+04   0.378315E+06   0.380096E+06   0.378315E+06  -0.153703E-01   0.195385E+06   0.195361E+06   0.207227E-01   0.336665E-04   0.514031E+00  -0.509898E+08
   0.388312E+00   0.372562E+06   0.370671E+06   0.150905E+00   0.150905E+00   0.363970E+04   0.370500E+06   0.372245E+06   0.370500E+06  -0.150528E-01   0.191349E+06   0.191326E+06   0.201340E-01   0.321072E-04   0.514031E+00  -0.492780E+08
   0.393433E+00   0.364907E+06   0.363040E+06   0.143981E+00   0.143981E+00   0.348123E+04   0.362884E+06   0.364594E+06   0.362884E+06  -0.147433E-01   0.187416E+06   0.187393E+06   0.195724E-01   0.306339E-04   0.514031E+00  -0.476368E+08
   0.398554E+00   0.357514E+06   0.355673E+06   0.137461E+00   0.137461E+00   0.333148E+04   0.355530E+06   0.357205E+06   0.355530E+06  -0.144446E-01   0.183618E+06   0.183595E+06   0.190147E-01   0.292468E-04   0.514030E+00  -0.460717E+08
   0.403675E+00   0.350427E+06   0.348614E+06   0.131339E+00   0.131339E+00   0.319040E+04   0.348480E+06   0.350122E+06   0.348480E+06  -0.141581E-01   0.179977E+06   0.179955E+06   0.184476E-01   0.279442E-04   0.514030E+00  -0.445853E+08
   0.408796E+00   0.343668E+06   0.341889E+06   0.125599E+00   0.125599E+00   0.305773E+04   0.341759E+06   0.343369E+06   0.341759E+06  -0.138850E-01   0.176506E+06   0.176484E+06   0.178691E-01   0.267229E-04   0.514030E+00  -0.431776E+08
   0.413918E+00   0.337232E+06   0.335491E+06   0.120216E+00   0.120216E+00   0.293299E+04   0.335359E+06   0.336940E+06   0.335359E+06  -0.136250E-01   0.173200E+06   0.173179E+06   0.172862E-01   0.255777E-04   0.514030E+00  -0.418449E+08
   0.419039E+00   0.331077E+06   0.329374E+06   0.115155E+00   0.115155E+00   0.281540E+04   0.329239E+06   0.330791E+06   0.329239E+06  -0.133764E-01   0.170040E+06   0.170019E+06   0.167110E-01   0.245009E-04   0.514029E+00  -0.405791E+08
   0.424160E+00   0.325139E+06   0.323476E+06   0.110376E+00   0.110376E+00   0.270412E+04   0.323335E+06   0.324860E+06   0.323335E+06  -0.131365E-01   0.166991E+06   0.166970E+06   0.161567E-01   0.234841E-04   0.514029E+00  -0.393704E+08
   0.429281E+00   0.319365E+06   0.317739E+06   0.105845E+00   0.105845E+00   0.259839E+04   0.317595E+06   0.319092E+06   0.317595E+06  -0.129033E-01   0.164026E+06   0.164006E+06   0.156342E-01   0.225201E-04   0.514029E+00  -0.382101E+08
   0.434402E+00   0.313716E+06   0.312124E+06   0.101536E+00   0.101536E+00   0.249766E+04   0.311977E+06   0.313449E+06   0.311977E+06  -0.126751E-01   0.161125E+06   0.161105E+06   0.151497E-01   0.216033E-04   0.514029E+00  -0.370918E+08
   0.439523E+00   0.308166E+06   0.306604E+06   0.974291E-01   0.974291E-01   0.240153E+04   0.306458E+06   0.307904E+06   0.306458E+06  -0.124508E-01   0.158275E+06   0.158255E+06   0.147038E-01   0.207295E-04   0.514029E+00  -0.360111E+08
   0.444644E+00   0.302704E+06   0.301167E+06   0.935102E-01   0.935102E-01   0.230972E+04   0.301025E+06   0.302446E+06   0.301025E+06  -0.122301E-01   0.155469E+06   0.155450E+06   0.142921E-01   0.198957E-04   0.514028E+00  -0.349653E+08
   0.449766E+00   0.297335E+06   0.295822E+06   0.897719E-01   0.897719E-01   0.222212E+04   0.295686E+06   0.297081E+06   0.295686E+06  -0.120132E-01   0.152711E+06   0.152692E+06   0.139069E-01   0.191003E-04   0.514028E+00  -0.339540E+08
   0.454887E+00   0.292083E+06   0.290592E+06   0.862115E-01   0.862115E-01   0.213871E+04   0.290462E+06   0.291833E+06   0.290462E+06  -0.118010E-01   0.150013E+06   0.149995E+06   0.135399E-01   0.183428E-04   0.514028E+00  -0.329787E+08
   0.460008E+00   0.286974E+06   0.285505E+06   0.828279E-01   0.828279E-01   0.205950E+04   0.285380E+06   0.286728E+06   0.285380E+06  -0.115945E-01   0.147389E+06   0.147371E+06   0.131835E-01   0.176229E-04   0.514028E+00  -0.320410E+08
   0.465129E+00   0.282026E+06   0.280579E+06   0.796169E-01   0.796169E-01   0.198440E+04   0.280459E+06   0.281783E+06   0.280459E+06  -0.113945E-01   0.144847E+06   0.144829E+06   0.128327E-01   0.169397E-04   0.514028E+00  -0.311418E+08
   0.470250E+00   0.277244E+06   0.275820E+06   0.765715E-01   0.765715E-01   0.191322E+04   0.275703E+06   0.277005E+06   0.275703E+06  -0.112013E-01   0.142391E+06   0.142373E+06   0.124851E-01   0.162917E-04   0.514028E+00  -0.302803E+08
   0.475371E+00   0.272623E+06   0.271224E+06   0.736817E-01   0.736817E-01   0.184570E+04   0.271108E+06   0.272388E+06   0.271108E+06  -0.110146E-01   0.140018E+06   0.140000E+06   0.121413E-01   0.156769E-04   0.514027E+00  -0.294549E+08
   0.480492E+00   0.268154E+06   0.266779E+06   0.709373E-01   0.709373E-01   0.178154E+04   0.266664E+06   0.267923E+06   0.266664E+06  -0.108341E-01   0.137723E+06   0.137706E+06   0.118037E-01   0.150930E-04   0.514027E+00  -0.286633E+08
   0.485614E+00   0.263823E+06   0.262473E+06   0.683275E-01   0.683275E-01   0.172043E+04   0.262357E+06   0.263596E+06   0.262357E+06  -0.106591E-01   0.135498E+06   0.135482E+06   0.114760E-01   0.145377E-04   0.514027E+00  -0.279030E+08
   0.490735E+00   0.259611E+06   0.258286E+06   0.658408E-01   0.658408E-01   0.166207E+04   0.258169E+06   0.259389E+06   0.258169E+06  -0.104889E-01   0.133335E+06   0.133319E+06   0.111613E-01   0.140087E-04   0.514027E+00  -0.271710E+08
   0.495856E+00   0.255497E+06   0.254195E+06   0.634660E-01   0.634660E-01   0.160616E+04   0.254078E+06   0.255279E+06   0.254078E+06  -0.103227E-01   0.131223E+06   0.131207E+06   0.108616E-01   0.135034E-04   0.514027E+00  -0.264643E+08
   0.500977E+00   0.251466E+06   0.250185E+06   0.611941E-01   0.611941E-01   0.155248E+04   0.250069E+06   0.251251E+06   0.250069E+06  -0.101599E-01   0.129152E+06   0.129136E+06   0.105776E-01   0.130200E-04   0.514027E+00  -0.257805E+08
   0.506098E+00   0.247512E+06   0.246251E+06   0.590192E-01   0.590192E-01   0.150089E+04   0.246137E+06   0.247300E+06   0.246137E+06  -0.100001E-01   0.127122E+06   0.127106E+06   0.103087E-01   0.125573E-04   0.514027E+00  -0.251184E+08
   0.511219E+00   0.243639E+06   0.242397E+06   0.569374E-01   0.569374E-01   0.145129E+04   0.242285E+06   0.243430E+06   0.242285E+06  -0.984361E-02   0.125132E+06   0.125117E+06   0.100529E-01   0.121144E-04   0.514026E+00  -0.244776E+08
   0.516340E+00   0.239849E+06   0.238625E+06   0.549453E-01   0.549453E-01   0.140359E+04   0.238516E+06   0.239643E+06   0.238516E+06  -0.969047E-02   0.123185E+06   0.123170E+06   0.980796E-02   0.116905E-04   0.514026E+00  -0.238578E+08
   0.521462E+00   0.236144E+06   0.234937E+06   0.530392E-01   0.530392E-01   0.135769E+04   0.234831E+06   0.235941E+06   0.234831E+06  -0.954077E-02   0.121282E+06   0.121267E+06   0.957125E-02   0.112850E-04   0.514026E+00  -0.232585E+08
   0.526583E+00   0.232529E+06   0.231339E+06   0.512162E-01   0.512162E-01   0.131350E+04   0.231236E+06   0.232329E+06   0.231236E+06  -0.939469E-02   0.119426E+06   0.119411E+06   0.934086E-02   0.108971E-04   0.514026E+00  -0.226797E+08
   0.531704E+00   0.229009E+06   0.227837E+06   0.494740E-01   0.494740E-01   0.127098E+04   0.227736E+06   0.228812E+06   0.227736E+06  -0.925248E-02   0.117618E+06   0.117603E+06   0.911565E-02   0.105264E-04   0.514026E+00  -0.221213E+08
   0.536825E+00   0.225587E+06   0.224432E+06   0.478093E-01   0.478093E-01   0.123004E+04   0.224332E+06   0.225393E+06   0.224332E+06  -0.911421E-02   0.115860E+06   0.115846E+06   0.889528E-02   0.101722E-04   0.514026E+00  -0.215828E+08
   0.541946E+00   0.222256E+06   0.221119E+06   0.462174E-01   0.462174E-01   0.119062E+04   0.221020E+06   0.222065E+06   0.221020E+06  -0.897965E-02   0.114150E+06   0.114135E+06   0.867997E-02   0.983355E-05   0.514026E+00  -0.210632E+08
   0.547067E+00   0.219009E+06   0.217889E+06   0.446936E-01   0.446936E-01   0.115262E+04   0.217791E+06   0.218821E+06   0.217791E+06  -0.884846E-02   0.112482E+06   0.112468E+06   0.847037E-02   0.950933E-05   0.514026E+00  -0.205612E+08
   0.559946E+00   0.211181E+06   0.210103E+06   0.411366E-01   0.411366E-01   0.106310E+04   0.210006E+06   0.211000E+06   0.210006E+06  -0.853218E-02   0.108462E+06   0.108448E+06   0.797334E-02   0.875253E-05   0.514025E+00  -0.193703E+08
   0.593872E+00   0.192429E+06   0.191445E+06   0.333234E-01   0.333234E-01   0.866417E+03   0.191358E+06   0.192264E+06   0.191358E+06  -0.777452E-02   0.988302E+05   0.988180E+05   0.686496E-02   0.709014E-05   0.514025E+00  -0.166419E+08
   0.629853E+00   0.175296E+06   0.174401E+06   0.269872E-01   0.269872E-01   0.710510E+03   0.174320E+06   0.175146E+06   0.174320E+06  -0.708231E-02   0.900309E+05   0.900197E+05   0.590047E-02   0.574201E-05   0.514024E+00  -0.142942E+08
   0.879031E+00   0.102473E+06   0.101950E+06   0.809962E-02   0.809962E-02   0.223014E+03   0.101901E+06   0.102385E+06   0.101901E+06  -0.414007E-02   0.526292E+05   0.526226E+05   0.250094E-02   0.172336E-05   0.514022E+00  -0.598727E+07
   0.122679E+01   0.591791E+05   0.588769E+05   0.240157E-02   0.240157E-02   0.678389E+02   0.588488E+05   0.591283E+05   0.588488E+05  -0.239092E-02   0.303938E+05   0.303900E+05   0.105905E-02   0.510985E-06   0.514021E+00  -0.247755E+07
   0.171212E+01   0.338213E+05   0.336484E+05   0.704672E-03   0.704672E-03   0.202466E+02   0.336324E+05   0.337922E+05   0.336324E+05  -0.136642E-02   0.173703E+05   0.173680E+05   0.453187E-03   0.149935E-06   0.514020E+00  -0.101456E+07
   0.238945E+01   0.191559E+05   0.190578E+05   0.204913E-03   0.204913E-03   0.596160E+01   0.190489E+05   0.191395E+05   0.190489E+05  -0.773923E-03   0.983829E+04   0.983686E+04   0.199417E-03   0.436000E-07   0.514019E+00  -0.411743E+06
