#          k/h    CDM            baryon         photon         nu             mass_nu        total          no_nu          total_de       Weyl           v_CDM          v_b            v_b-v_c        ISW            log_grow       pert_vel    
   0.994668E-05   0.132424E+08   0.132424E+08   0.176410E+08   0.176406E+08   0.132445E+08   0.132424E+08   0.132424E+08   0.132471E+08  -0.329220E+00   0.161463E+08   0.161463E+08   0.664694E+01   0.836335E+06  -0.448967E+00  -0.162335E+15
   0.109829E-04   0.132445E+08   0.132445E+08   0.176403E+08   0.176398E+08   0.132466E+08   0.132445E+08   0.132445E+08   0.132492E+08  -0.329271E+00   0.161469E+08   0.161469E+08   0.733922E+01   0.685925E+06  -0.448671E+00  -0.147023E+15
   0.121272E-04   0.132469E+08   0.132469E+08   0.176395E+08   0.176389E+08   0.132491E+08   0.132470E+08   0.132469E+08   0.132517E+08  -0.329333E+00   0.161476E+08   0.161476E+08   0.810354E+01   0.562560E+06  -0.448310E+00  -0.133157E+15
   0.133906E-04   0.132500E+08   0.132500E+08   0.176385E+08   0.176377E+08   0.132521E+08   0.132500E+08   0.132500E+08   0.132547E+08  -0.329408E+00   0.161485E+08   0.161485E+08   0.894738E+01   0.461376E+06  -0.447870E+00  -0.120600E+15
   0.147857E-04   0.132537E+08   0.132537E+08   0.176373E+08   0.176363E+08   0.132558E+08   0.132537E+08   0.132537E+08   0.132584E+08  -0.329500E+00   0.161496E+08   0.161496E+08   0.987901E+01   0.378385E+06  -0.447334E+00  -0.109229E+15
   0.163261E-04   0.132582E+08   0.132582E+08   0.176358E+08   0.176346E+08   0.132603E+08   0.132582E+08   0.132582E+08   0.132629E+08  -0.329612E+00   0.161510E+08   0.161510E+08   0.109075E+02   0.310316E+06  -0.446682E+00  -0.989309E+14
   0.180270E-04   0.132637E+08   0.132637E+08   0.176340E+08   0.176326E+08   0.132658E+08   0.132637E+08   0.132637E+08   0.132684E+08  -0.329749E+00   0.161526E+08   0.161526E+08   0.120429E+02   0.254486E+06  -0.445887E+00  -0.896055E+14
   0.199051E-04   0.132704E+08   0.132704E+08   0.176318E+08   0.176300E+08   0.132724E+08   0.132704E+08   0.132704E+08   0.132751E+08  -0.329915E+00   0.161545E+08   0.161545E+08   0.132962E+02   0.208695E+06  -0.444920E+00  -0.811609E+14
   0.219788E-04   0.132786E+08   0.132786E+08   0.176291E+08   0.176270E+08   0.132806E+08   0.132786E+08   0.132786E+08   0.132833E+08  -0.330118E+00   0.161570E+08   0.161570E+08   0.146797E+02   0.171137E+06  -0.443743E+00  -0.735141E+14
   0.242687E-04   0.132885E+08   0.132885E+08   0.176257E+08   0.176232E+08   0.132905E+08   0.132886E+08   0.132885E+08   0.132933E+08  -0.330365E+00   0.161599E+08   0.161599E+08   0.162067E+02   0.140332E+06  -0.442311E+00  -0.665899E+14
   0.267970E-04   0.133007E+08   0.133007E+08   0.176217E+08   0.176186E+08   0.133025E+08   0.133007E+08   0.133007E+08   0.133054E+08  -0.330666E+00   0.161634E+08   0.161634E+08   0.178920E+02   0.115066E+06  -0.440571E+00  -0.603203E+14
   0.295888E-04   0.133154E+08   0.133154E+08   0.176167E+08   0.176129E+08   0.133172E+08   0.133154E+08   0.133154E+08   0.133201E+08  -0.331032E+00   0.161678E+08   0.161678E+08   0.197517E+02   0.943424E+05  -0.438456E+00  -0.546436E+14
   0.326714E-04   0.133334E+08   0.133333E+08   0.176107E+08   0.176060E+08   0.133351E+08   0.133334E+08   0.133334E+08   0.133381E+08  -0.331477E+00   0.161731E+08   0.161731E+08   0.218037E+02   0.773453E+05  -0.435889E+00  -0.495040E+14
   0.360752E-04   0.133552E+08   0.133552E+08   0.176032E+08   0.175976E+08   0.133568E+08   0.133552E+08   0.133552E+08   0.133599E+08  -0.332019E+00   0.161795E+08   0.161795E+08   0.240674E+02   0.634045E+05  -0.432775E+00  -0.448509E+14
   0.398336E-04   0.133817E+08   0.133817E+08   0.175941E+08   0.175873E+08   0.133832E+08   0.133817E+08   0.133817E+08   0.133864E+08  -0.332678E+00   0.161873E+08   0.161873E+08   0.265644E+02   0.519704E+05  -0.429002E+00  -0.406387E+14
   0.439836E-04   0.134140E+08   0.134140E+08   0.175830E+08   0.175746E+08   0.134153E+08   0.134140E+08   0.134140E+08   0.134187E+08  -0.333479E+00   0.161967E+08   0.161967E+08   0.293178E+02   0.425922E+05  -0.424437E+00  -0.368258E+14
   0.485659E-04   0.134532E+08   0.134531E+08   0.175693E+08   0.175591E+08   0.134543E+08   0.134532E+08   0.134532E+08   0.134579E+08  -0.334451E+00   0.162082E+08   0.162082E+08   0.323532E+02   0.349004E+05  -0.418923E+00  -0.333748E+14
   0.536256E-04   0.135007E+08   0.135007E+08   0.175524E+08   0.175400E+08   0.135016E+08   0.135007E+08   0.135007E+08   0.135054E+08  -0.335630E+00   0.162221E+08   0.162221E+08   0.356983E+02   0.285917E+05  -0.412275E+00  -0.302518E+14
   0.592125E-04   0.135583E+08   0.135582E+08   0.175316E+08   0.175165E+08   0.135590E+08   0.135583E+08   0.135583E+08   0.135629E+08  -0.337059E+00   0.162389E+08   0.162389E+08   0.393830E+02   0.234175E+05  -0.404280E+00  -0.274258E+14
   0.653814E-04   0.136280E+08   0.136279E+08   0.175059E+08   0.174876E+08   0.136283E+08   0.136280E+08   0.136280E+08   0.136326E+08  -0.338789E+00   0.162592E+08   0.162592E+08   0.434398E+02   0.191739E+05  -0.394692E+00  -0.248692E+14
   0.721930E-04   0.137122E+08   0.137121E+08   0.174741E+08   0.174519E+08   0.137121E+08   0.137122E+08   0.137122E+08   0.137168E+08  -0.340879E+00   0.162837E+08   0.162837E+08   0.479033E+02   0.156935E+05  -0.383233E+00  -0.225567E+14
   0.797142E-04   0.138137E+08   0.138137E+08   0.174347E+08   0.174077E+08   0.138132E+08   0.138137E+08   0.138137E+08   0.138184E+08  -0.343399E+00   0.163132E+08   0.163131E+08   0.528104E+02   0.128392E+05  -0.369593E+00  -0.204653E+14
   0.880190E-04   0.139359E+08   0.139359E+08   0.173856E+08   0.173529E+08   0.139348E+08   0.139359E+08   0.139359E+08   0.139405E+08  -0.346432E+00   0.163484E+08   0.163484E+08   0.582001E+02   0.104985E+05  -0.353437E+00  -0.185744E+14
   0.971891E-04   0.140825E+08   0.140824E+08   0.173244E+08   0.172848E+08   0.140807E+08   0.140825E+08   0.140825E+08   0.140871E+08  -0.350070E+00   0.163906E+08   0.163906E+08   0.641127E+02   0.857907E+04  -0.334411E+00  -0.168652E+14
   0.107314E-03   0.142578E+08   0.142577E+08   0.172477E+08   0.171999E+08   0.142550E+08   0.142577E+08   0.142577E+08   0.142623E+08  -0.354419E+00   0.164407E+08   0.164406E+08   0.705897E+02   0.700526E+04  -0.312155E+00  -0.153206E+14
   0.118495E-03   0.144664E+08   0.144663E+08   0.171513E+08   0.170937E+08   0.144626E+08   0.144664E+08   0.144664E+08   0.144710E+08  -0.359598E+00   0.164999E+08   0.164999E+08   0.776724E+02   0.571502E+04  -0.286328E+00  -0.139251E+14
   0.130840E-03   0.147136E+08   0.147135E+08   0.170300E+08   0.169606E+08   0.147085E+08   0.147136E+08   0.147136E+08   0.147181E+08  -0.365733E+00   0.165695E+08   0.165694E+08   0.854005E+02   0.465745E+04  -0.256630E+00  -0.126644E+14
   0.144471E-03   0.150047E+08   0.150046E+08   0.168766E+08   0.167934E+08   0.149981E+08   0.150047E+08   0.150047E+08   0.150092E+08  -0.372957E+00   0.166505E+08   0.166505E+08   0.938104E+02   0.379083E+04  -0.222839E+00  -0.115256E+14
   0.159522E-03   0.153451E+08   0.153449E+08   0.166826E+08   0.165830E+08   0.153365E+08   0.153450E+08   0.153450E+08   0.153495E+08  -0.381402E+00   0.167440E+08   0.167440E+08   0.102932E+03   0.308093E+04  -0.184846E+00  -0.104967E+14
   0.176142E-03   0.157395E+08   0.157393E+08   0.164367E+08   0.163182E+08   0.157285E+08   0.157394E+08   0.157395E+08   0.157438E+08  -0.391190E+00   0.168507E+08   0.168506E+08   0.112786E+03   0.249970E+04  -0.142699E+00  -0.956688E+13
   0.194493E-03   0.161920E+08   0.161918E+08   0.161256E+08   0.159853E+08   0.161782E+08   0.161919E+08   0.161920E+08   0.161962E+08  -0.402418E+00   0.169706E+08   0.169705E+08   0.123378E+03   0.202413E+04  -0.966298E-01  -0.872586E+13
   0.214755E-03   0.167049E+08   0.167046E+08   0.157328E+08   0.155678E+08   0.166875E+08   0.167048E+08   0.167048E+08   0.167089E+08  -0.415143E+00   0.171031E+08   0.171030E+08   0.134692E+03   0.163534E+04  -0.470784E-01  -0.796426E+13
   0.237129E-03   0.172778E+08   0.172775E+08   0.152398E+08   0.150472E+08   0.172562E+08   0.172777E+08   0.172778E+08   0.172817E+08  -0.429358E+00   0.172465E+08   0.172464E+08   0.146686E+03   0.131787E+04   0.530646E-02  -0.727331E+13
   0.261834E-03   0.179074E+08   0.179069E+08   0.146262E+08   0.144036E+08   0.178805E+08   0.179072E+08   0.179073E+08   0.179110E+08  -0.444975E+00   0.173981E+08   0.173979E+08   0.159279E+03   0.105900E+04   0.596903E-01  -0.664494E+13
   0.289112E-03   0.185858E+08   0.185853E+08   0.138721E+08   0.136181E+08   0.185527E+08   0.185855E+08   0.185857E+08   0.185892E+08  -0.461804E+00   0.175535E+08   0.175533E+08   0.172344E+03   0.848337E+03   0.115100E+00  -0.607172E+13
   0.319233E-03   0.193011E+08   0.193004E+08   0.129614E+08   0.126760E+08   0.192603E+08   0.193008E+08   0.193010E+08   0.193042E+08  -0.479545E+00   0.177072E+08   0.177070E+08   0.185697E+03   0.677309E+03   0.170492E+00  -0.554698E+13
   0.352491E-03   0.200367E+08   0.200360E+08   0.118867E+08   0.115718E+08   0.199866E+08   0.200364E+08   0.200366E+08   0.200395E+08  -0.497788E+00   0.178527E+08   0.178525E+08   0.199086E+03   0.538883E+03   0.224826E+00  -0.506489E+13
   0.389215E-03   0.207730E+08   0.207720E+08   0.106551E+08   0.103162E+08   0.207115E+08   0.207725E+08   0.207728E+08   0.207753E+08  -0.516043E+00   0.179831E+08   0.179828E+08   0.212183E+03   0.427260E+03   0.277146E+00  -0.462051E+13
   0.429764E-03   0.214882E+08   0.214871E+08   0.929579E+07   0.894179E+07   0.214130E+08   0.214877E+08   0.214880E+08   0.214901E+08  -0.533772E+00   0.180917E+08   0.180914E+08   0.224583E+03   0.337640E+03   0.326637E+00  -0.420982E+13
   0.474538E-03   0.221612E+08   0.221599E+08   0.786422E+07   0.750869E+07   0.220694E+08   0.221606E+08   0.221610E+08   0.221627E+08  -0.550451E+00   0.181731E+08   0.181728E+08   0.235814E+03   0.266038E+03   0.372671E+00  -0.382977E+13
   0.523976E-03   0.227737E+08   0.227722E+08   0.644275E+07   0.610362E+07   0.226618E+08   0.227730E+08   0.227735E+08   0.227747E+08  -0.565625E+00   0.182238E+08   0.182234E+08   0.245349E+03   0.209128E+03   0.414827E+00  -0.347810E+13
   0.578566E-03   0.233120E+08   0.233103E+08   0.513236E+07   0.483075E+07   0.231758E+08   0.233111E+08   0.233117E+08   0.233124E+08  -0.578955E+00   0.182426E+08   0.182421E+08   0.252646E+03   0.164128E+03   0.452881E+00  -0.315317E+13
   0.638842E-03   0.237683E+08   0.237662E+08   0.403314E+07   0.379062E+07   0.236026E+08   0.237671E+08   0.237679E+08   0.237682E+08  -0.590249E+00   0.182305E+08   0.182300E+08   0.257203E+03   0.128719E+03   0.486788E+00  -0.285377E+13
   0.705398E-03   0.241405E+08   0.241381E+08   0.321454E+07   0.304868E+07   0.239395E+08   0.241391E+08   0.241401E+08   0.241400E+08  -0.599458E+00   0.181907E+08   0.181902E+08   0.258617E+03   0.100968E+03   0.516653E+00  -0.257887E+13
   0.778888E-03   0.244317E+08   0.244291E+08   0.268285E+07   0.260190E+07   0.241884E+08   0.244301E+08   0.244313E+08   0.244309E+08  -0.606662E+00   0.181277E+08   0.181271E+08   0.256652E+03   0.792860E+02   0.542688E+00  -0.232745E+13
   0.860035E-03   0.246489E+08   0.246460E+08   0.236333E+07   0.236193E+07   0.243549E+08   0.246470E+08   0.246484E+08   0.246477E+08  -0.612030E+00   0.180465E+08   0.180458E+08   0.251282E+03   0.623750E+02   0.565181E+00  -0.209841E+13
   0.949635E-03   0.248009E+08   0.247976E+08   0.211916E+07   0.217840E+07   0.244465E+08   0.247987E+08   0.248004E+08   0.247993E+08  -0.615782E+00   0.179520E+08   0.179513E+08   0.242693E+03   0.491903E+02   0.584460E+00  -0.189046E+13
   0.104857E-02   0.248972E+08   0.248937E+08   0.181873E+07   0.191297E+07   0.244712E+08   0.248946E+08   0.248967E+08   0.248951E+08  -0.618154E+00   0.178485E+08   0.178478E+08   0.231229E+03   0.389012E+02   0.600873E+00  -0.170222E+13
   0.115781E-02   0.249470E+08   0.249432E+08   0.142453E+07   0.153364E+07   0.244364E+08   0.249440E+08   0.249464E+08   0.249444E+08  -0.619369E+00   0.177394E+08   0.177386E+08   0.217325E+03   0.308553E+02   0.614763E+00  -0.153219E+13
   0.127844E-02   0.249582E+08   0.249542E+08   0.102702E+07   0.114654E+07   0.243487E+08   0.249546E+08   0.249575E+08   0.249549E+08  -0.619625E+00   0.176269E+08   0.176261E+08   0.201469E+03   0.245465E+02   0.626458E+00  -0.137882E+13
   0.141163E-02   0.249371E+08   0.249330E+08   0.751986E+06   0.891142E+06   0.242136E+08   0.249330E+08   0.249364E+08   0.249332E+08  -0.619081E+00   0.175123E+08   0.175115E+08   0.184251E+03   0.195846E+02   0.636263E+00  -0.124061E+13
   0.155869E-02   0.248888E+08   0.248846E+08   0.602742E+06   0.626191E+06   0.240349E+08   0.248840E+08   0.248881E+08   0.248842E+08  -0.617856E+00   0.173960E+08   0.173952E+08   0.166438E+03   0.156679E+02   0.644453E+00  -0.111610E+13
   0.172108E-02   0.248164E+08   0.248122E+08   0.458550E+06   0.512107E+06   0.238151E+08   0.248110E+08   0.248157E+08   0.248111E+08  -0.616038E+00   0.172777E+08   0.172769E+08   0.148935E+03   0.125665E+02   0.651271E+00  -0.100391E+13
   0.190039E-02   0.247223E+08   0.247181E+08   0.293783E+06   0.418436E+06   0.235563E+08   0.247161E+08   0.247216E+08   0.247162E+08  -0.613678E+00   0.171564E+08   0.171556E+08   0.132575E+03   0.100998E+02   0.656929E+00  -0.902810E+12
   0.209838E-02   0.246075E+08   0.246033E+08   0.225113E+06   0.341606E+06   0.232600E+08   0.246004E+08   0.246068E+08   0.246005E+08  -0.610802E+00   0.170309E+08   0.170302E+08   0.117956E+03   0.813147E+01   0.661615E+00  -0.811648E+12
   0.231699E-02   0.244722E+08   0.244680E+08   0.220603E+06   0.278644E+06   0.229273E+08   0.244642E+08   0.244715E+08   0.244643E+08  -0.607418E+00   0.168998E+08   0.168990E+08   0.105420E+03   0.655613E+01   0.665487E+00  -0.729405E+12
   0.255838E-02   0.243163E+08   0.243120E+08   0.172008E+06   0.227087E+06   0.225591E+08   0.243073E+08   0.243156E+08   0.243073E+08  -0.603520E+00   0.167613E+08   0.167606E+08   0.949486E+02   0.529142E+01   0.668681E+00  -0.655171E+12
   0.282492E-02   0.241389E+08   0.241344E+08   0.154037E+06   0.184897E+06   0.221562E+08   0.241288E+08   0.241381E+08   0.241288E+08  -0.599086E+00   0.166137E+08   0.166130E+08   0.860797E+02   0.427358E+01   0.671311E+00  -0.588131E+12
   0.311923E-02   0.239390E+08   0.239342E+08   0.118518E+06   0.150395E+06   0.217180E+08   0.239277E+08   0.239382E+08   0.239277E+08  -0.594092E+00   0.164554E+08   0.164546E+08   0.781764E+02   0.345288E+01   0.673472E+00  -0.527562E+12
   0.344419E-02   0.237152E+08   0.237102E+08   0.848883E+05   0.122201E+06   0.212441E+08   0.237027E+08   0.237144E+08   0.237027E+08  -0.588505E+00   0.162846E+08   0.162838E+08   0.707101E+02   0.278992E+01   0.675245E+00  -0.472826E+12
   0.380302E-02   0.234663E+08   0.234610E+08   0.579801E+05   0.991764E+05   0.207331E+08   0.234525E+08   0.234654E+08   0.234525E+08  -0.582291E+00   0.160996E+08   0.160989E+08   0.635520E+02   0.225380E+01   0.676698E+00  -0.423350E+12
   0.419923E-02   0.231906E+08   0.231850E+08   0.577575E+05   0.803884E+05   0.201840E+08   0.231754E+08   0.231897E+08   0.231755E+08  -0.575412E+00   0.158989E+08   0.158982E+08   0.569501E+02   0.181986E+01   0.677885E+00  -0.378627E+12
   0.463671E-02   0.228866E+08   0.228806E+08   0.473641E+05   0.650697E+05   0.195959E+08   0.228700E+08   0.228856E+08   0.228700E+08  -0.567828E+00   0.156810E+08   0.156803E+08   0.511678E+02   0.146842E+01   0.678854E+00  -0.338202E+12
   0.511978E-02   0.225526E+08   0.225461E+08   0.326607E+05   0.525911E+05   0.189701E+08   0.225346E+08   0.225516E+08   0.225346E+08  -0.559500E+00   0.154443E+08   0.154436E+08   0.461248E+02   0.118372E+01   0.679641E+00  -0.301668E+12
   0.565317E-02   0.221877E+08   0.221806E+08   0.256906E+05   0.424369E+05   0.182824E+08   0.221681E+08   0.221865E+08   0.221681E+08  -0.550399E+00   0.151877E+08   0.151870E+08   0.415233E+02   0.953109E+00   0.680277E+00  -0.268666E+12
   0.624213E-02   0.217889E+08   0.217810E+08   0.189186E+05   0.341807E+05   0.175651E+08   0.217676E+08   0.217876E+08   0.217676E+08  -0.540455E+00   0.149091E+08   0.149084E+08   0.372701E+02   0.766314E+00   0.680790E+00  -0.238853E+12
   0.689245E-02   0.213550E+08   0.213462E+08   0.107914E+05   0.274764E+05   0.168056E+08   0.213320E+08   0.213535E+08   0.213320E+08  -0.529640E+00   0.146075E+08   0.146068E+08   0.334983E+02   0.615102E+00   0.681202E+00  -0.211940E+12
   0.761052E-02   0.208844E+08   0.208746E+08   0.682279E+04   0.220393E+05   0.160123E+08   0.208597E+08   0.208828E+08   0.208597E+08  -0.517915E+00   0.142815E+08   0.142808E+08   0.301566E+02   0.492781E+00   0.681529E+00  -0.187660E+12
   0.840340E-02   0.203755E+08   0.203644E+08   0.878313E+04   0.176358E+05   0.151933E+08   0.203491E+08   0.203736E+08   0.203491E+08  -0.505236E+00   0.139300E+08   0.139293E+08   0.271236E+02   0.393928E+00   0.681787E+00  -0.165770E+12
   0.927889E-02   0.198267E+08   0.198141E+08   0.517332E+04   0.140750E+05   0.143481E+08   0.197986E+08   0.198245E+08   0.197986E+08  -0.491568E+00   0.135517E+08   0.135510E+08   0.244282E+02   0.314132E+00   0.681990E+00  -0.146052E+12
   0.102456E-01   0.192364E+08   0.192221E+08   0.450964E+04   0.112004E+05   0.134763E+08   0.192068E+08   0.192340E+08   0.192068E+08  -0.476874E+00   0.131455E+08   0.131448E+08   0.220244E+02   0.249806E+00   0.682145E+00  -0.128308E+12
   0.113130E-01   0.186033E+08   0.185869E+08   0.332576E+04   0.888397E+04   0.125850E+08   0.185721E+08   0.186005E+08   0.185721E+08  -0.461114E+00   0.127103E+08   0.127097E+08   0.198804E+02   0.198031E+00   0.682261E+00  -0.112355E+12
   0.124916E-01   0.179257E+08   0.179070E+08   0.297746E+04   0.702103E+04   0.116813E+08   0.178930E+08   0.179226E+08   0.178930E+08  -0.444255E+00   0.122452E+08   0.122445E+08   0.179738E+02   0.156433E+00   0.682345E+00  -0.980298E+11
   0.137930E-01   0.172027E+08   0.171813E+08   0.177536E+04   0.552618E+04   0.107714E+08   0.171687E+08   0.171991E+08   0.171687E+08  -0.426272E+00   0.117492E+08   0.117485E+08   0.162760E+02   0.123081E+00   0.682405E+00  -0.851846E+11
   0.152300E-01   0.164337E+08   0.164092E+08   0.230541E+04   0.432976E+04   0.985765E+07   0.163985E+08   0.164296E+08   0.163985E+08  -0.407148E+00   0.112220E+08   0.112214E+08   0.147599E+02   0.964047E-01   0.682442E+00  -0.736856E+11
   0.168167E-01   0.156370E+08   0.156091E+08   0.135213E+04   0.337893E+04   0.896073E+07   0.156008E+08   0.156323E+08   0.156008E+08  -0.387341E+00   0.106761E+08   0.106755E+08   0.134117E+02   0.752158E-01   0.682463E+00  -0.634870E+11
   0.185687E-01   0.147818E+08   0.147502E+08   0.842571E+03   0.261965E+04   0.806695E+07   0.147447E+08   0.147764E+08   0.147447E+08  -0.366087E+00   0.100904E+08   0.100898E+08   0.121835E+02   0.583034E-01   0.682470E+00  -0.543425E+11
   0.205033E-01   0.138864E+08   0.138510E+08   0.134819E+04   0.201834E+04   0.719417E+07   0.138488E+08   0.138804E+08   0.138488E+08  -0.343843E+00   0.947755E+07   0.947687E+07   0.110587E+02   0.449144E-01   0.682467E+00  -0.462257E+11
   0.226393E-01   0.129438E+08   0.129045E+08   0.749495E+03   0.154294E+04   0.634437E+07   0.129060E+08   0.129372E+08   0.129060E+08  -0.320434E+00   0.883258E+07   0.883190E+07   0.100052E+02   0.343321E-01   0.682454E+00  -0.390153E+11
   0.249980E-01   0.119876E+08   0.119448E+08   0.551263E+03   0.117193E+04   0.553985E+07   0.119500E+08   0.119804E+08   0.119500E+08  -0.296698E+00   0.817859E+07   0.817792E+07   0.900641E+01   0.260752E-01   0.682435E+00  -0.327178E+11
   0.276023E-01   0.110293E+08   0.109834E+08   0.468425E+03   0.884282E+03   0.478802E+07   0.109921E+08   0.110216E+08   0.109921E+08  -0.272915E+00   0.752333E+07   0.752267E+07   0.803968E+01   0.196747E-01   0.682411E+00  -0.272568E+11
   0.304780E-01   0.100730E+08   0.100251E+08   0.325281E+03   0.662332E+03   0.409203E+07   0.100367E+08   0.100649E+08   0.100367E+08  -0.249194E+00   0.686971E+07   0.686906E+07   0.707822E+01   0.147365E-01   0.682383E+00  -0.225404E+11
   0.336533E-01   0.914457E+07   0.909608E+07   0.235546E+03   0.493128E+03   0.346227E+07   0.910958E+07   0.913643E+07   0.910958E+07  -0.226176E+00   0.623546E+07   0.623485E+07   0.611245E+01   0.109721E-01   0.682352E+00  -0.185289E+11
   0.371593E-01   0.827763E+07   0.823041E+07   0.149824E+03   0.366093E+03   0.290862E+07   0.824433E+07   0.826970E+07   0.824433E+07  -0.204693E+00   0.564349E+07   0.564292E+07   0.514457E+01   0.814592E-02   0.682319E+00  -0.151876E+11
   0.410307E-01   0.749338E+07   0.744956E+07   0.104210E+03   0.271814E+03   0.243281E+07   0.746211E+07   0.748602E+07   0.746211E+07  -0.185272E+00   0.510830E+07   0.510778E+07   0.418807E+01   0.604848E-02   0.682286E+00  -0.124502E+11
   0.451338E-01   0.683905E+07   0.680050E+07   0.205031E+03   0.205031E+03   0.204869E+07   0.680994E+07   0.683258E+07   0.680994E+07  -0.169079E+00   0.466212E+07   0.466168E+07   0.325631E+01   0.456207E-02   0.682260E+00  -0.103298E+11
   0.492368E-01   0.632163E+07   0.628919E+07   0.159262E+03   0.159262E+03   0.175240E+07   0.629458E+07   0.631618E+07   0.629458E+07  -0.156284E+00   0.430951E+07   0.430913E+07   0.253102E+01   0.354395E-02   0.682230E+00  -0.875280E+10
   0.533399E-01   0.590477E+07   0.587843E+07   0.126768E+03   0.126768E+03   0.151847E+07   0.587961E+07   0.590034E+07   0.587961E+07  -0.145981E+00   0.402557E+07   0.402525E+07   0.195340E+01   0.282110E-02   0.682203E+00  -0.754719E+10
   0.574430E-01   0.555379E+07   0.553281E+07   0.102820E+03   0.102820E+03   0.132765E+07   0.553028E+07   0.555027E+07   0.553028E+07  -0.137308E+00   0.378654E+07   0.378628E+07   0.151932E+01   0.228833E-02   0.682178E+00  -0.659200E+10
   0.615460E-01   0.524164E+07   0.522476E+07   0.845415E+02   0.845415E+02   0.116680E+07   0.521953E+07   0.523880E+07   0.521953E+07  -0.129592E+00   0.357390E+07   0.357368E+07   0.121536E+01   0.188167E-02   0.682155E+00  -0.580703E+10
   0.656491E-01   0.494744E+07   0.493317E+07   0.701375E+02   0.701375E+02   0.102700E+07   0.492650E+07   0.494504E+07   0.492650E+07  -0.122317E+00   0.337337E+07   0.337317E+07   0.102024E+01   0.156118E-02   0.682135E+00  -0.513863E+10
   0.697522E-01   0.465640E+07   0.464329E+07   0.584746E+02   0.584746E+02   0.902544E+06   0.463644E+07   0.465420E+07   0.463644E+07  -0.115115E+00   0.317486E+07   0.317467E+07   0.907820E+00   0.130167E-02   0.682116E+00  -0.455176E+10
   0.738552E-01   0.437100E+07   0.435783E+07   0.489594E+02   0.489594E+02   0.792087E+06   0.435186E+07   0.436879E+07   0.435186E+07  -0.108050E+00   0.298008E+07   0.297990E+07   0.852071E+00   0.108992E-02   0.682098E+00  -0.403514E+10
   0.779583E-01   0.408205E+07   0.406803E+07   0.410337E+02   0.410337E+02   0.692454E+06   0.406367E+07   0.407970E+07   0.406367E+07  -0.100894E+00   0.278281E+07   0.278262E+07   0.826060E+00   0.913528E-03   0.682082E+00  -0.356971E+10
   0.820614E-01   0.380368E+07   0.378846E+07   0.345042E+02   0.345042E+02   0.604801E+06   0.378600E+07   0.380113E+07   0.378600E+07  -0.940001E-01   0.259273E+07   0.259253E+07   0.810121E+00   0.768199E-03   0.682067E+00  -0.315958E+10
   0.861644E-01   0.354358E+07   0.352725E+07   0.291533E+02   0.291533E+02   0.528869E+06   0.352658E+07   0.354084E+07   0.352658E+07  -0.875592E-01   0.241514E+07   0.241493E+07   0.789321E+00   0.649092E-03   0.682053E+00  -0.280300E+10
   0.912856E-01   0.325436E+07   0.323727E+07   0.238515E+02   0.238515E+02   0.449699E+06   0.323823E+07   0.325149E+07   0.323823E+07  -0.803999E-01   0.221772E+07   0.221752E+07   0.744041E+00   0.531072E-03   0.682038E+00  -0.242949E+10
   0.964067E-01   0.301321E+07   0.299638E+07   0.197991E+02   0.197991E+02   0.386395E+06   0.299796E+07   0.301038E+07   0.299796E+07  -0.744345E-01   0.205323E+07   0.205303E+07   0.674222E+00   0.440859E-03   0.682023E+00  -0.212980E+10
   0.101528E+00   0.282310E+07   0.280753E+07   0.167259E+02   0.167259E+02   0.336724E+06   0.280873E+07   0.282048E+07   0.280873E+07  -0.697361E-01   0.192367E+07   0.192349E+07   0.586411E+00   0.372443E-03   0.682010E+00  -0.189476E+10
   0.106649E+00   0.267707E+07   0.266349E+07   0.143752E+02   0.143752E+02   0.297698E+06   0.266354E+07   0.267479E+07   0.266354E+07  -0.661314E-01   0.182426E+07   0.182411E+07   0.492508E+00   0.320107E-03   0.681998E+00  -0.171057E+10
   0.111770E+00   0.256073E+07   0.254938E+07   0.125206E+02   0.125206E+02   0.266138E+06   0.254797E+07   0.255882E+07   0.254797E+07  -0.632620E-01   0.174514E+07   0.174500E+07   0.405005E+00   0.278816E-03   0.681988E+00  -0.156140E+10
   0.116891E+00   0.245851E+07   0.244919E+07   0.109918E+02   0.109918E+02   0.239432E+06   0.244645E+07   0.245694E+07   0.244645E+07  -0.607413E-01   0.167563E+07   0.167551E+07   0.333533E+00   0.244775E-03   0.681978E+00  -0.143353E+10
   0.122012E+00   0.235827E+07   0.235043E+07   0.967787E+01   0.967787E+01   0.215819E+06   0.234682E+07   0.235695E+07   0.234682E+07  -0.582676E-01   0.160740E+07   0.160730E+07   0.282940E+00   0.215517E-03   0.681969E+00  -0.131744E+10
   0.127134E+00   0.225288E+07   0.224581E+07   0.851581E+01   0.851581E+01   0.194311E+06   0.224195E+07   0.225169E+07   0.224195E+07  -0.556640E-01   0.153560E+07   0.153550E+07   0.252950E+00   0.189641E-03   0.681960E+00  -0.120789E+10
   0.132255E+00   0.214038E+07   0.213343E+07   0.747601E+01   0.747601E+01   0.174497E+06   0.212992E+07   0.213921E+07   0.212992E+07  -0.528823E-01   0.145888E+07   0.145878E+07   0.239209E+00   0.166487E-03   0.681953E+00  -0.110311E+10
   0.137376E+00   0.202309E+07   0.201577E+07   0.654889E+01   0.654889E+01   0.156329E+06   0.201303E+07   0.202186E+07   0.201303E+07  -0.499802E-01   0.137883E+07   0.137873E+07   0.235140E+00   0.145842E-03   0.681946E+00  -0.100372E+10
   0.142497E+00   0.190605E+07   0.189818E+07   0.573402E+01   0.573402E+01   0.139940E+06   0.189638E+07   0.190473E+07   0.189638E+07  -0.470839E-01   0.129894E+07   0.129884E+07   0.233962E+00   0.127697E-03   0.681940E+00  -0.911578E+09
   0.147618E+00   0.179571E+07   0.178737E+07   0.503334E+01   0.503334E+01   0.125522E+06   0.178642E+07   0.179431E+07   0.178642E+07  -0.443537E-01   0.122363E+07   0.122353E+07   0.230343E+00   0.112095E-03   0.681934E+00  -0.828936E+09
   0.152739E+00   0.169817E+07   0.168965E+07   0.444582E+01   0.444582E+01   0.113209E+06   0.168925E+07   0.169674E+07   0.168925E+07  -0.419412E-01   0.115708E+07   0.115698E+07   0.221316E+00   0.990126E-04   0.681929E+00  -0.757572E+09
   0.157860E+00   0.161680E+07   0.160846E+07   0.396252E+01   0.396252E+01   0.102947E+06   0.160824E+07   0.161540E+07   0.160824E+07  -0.399300E-01   0.110161E+07   0.110151E+07   0.206376E+00   0.882509E-04   0.681924E+00  -0.697851E+09
   0.162982E+00   0.155099E+07   0.154319E+07   0.356618E+01   0.356618E+01   0.944539E+05   0.154280E+07   0.154968E+07   0.154280E+07  -0.383051E-01   0.105678E+07   0.105669E+07   0.186978E+00   0.794256E-04   0.681920E+00  -0.648421E+09
   0.168103E+00   0.149734E+07   0.149030E+07   0.323641E+01   0.323641E+01   0.873292E+05   0.148949E+07   0.149615E+07   0.148949E+07  -0.369815E-01   0.102027E+07   0.102019E+07   0.165721E+00   0.720824E-04   0.681916E+00  -0.606948E+09
   0.173224E+00   0.145152E+07   0.144531E+07   0.295482E+01   0.295482E+01   0.811857E+05   0.144399E+07   0.145047E+07   0.144399E+07  -0.358519E-01   0.989115E+06   0.989039E+06   0.145446E+00   0.658117E-04   0.681912E+00  -0.571017E+09
   0.178345E+00   0.140916E+07   0.140369E+07   0.270640E+01   0.270640E+01   0.756876E+05   0.140193E+07   0.140824E+07   0.140193E+07  -0.348076E-01   0.960307E+06   0.960238E+06   0.128426E+00   0.602795E-04   0.681909E+00  -0.538468E+09
   0.183466E+00   0.136620E+07   0.136127E+07   0.247957E+01   0.247957E+01   0.705614E+05   0.135924E+07   0.136537E+07   0.135924E+07  -0.337478E-01   0.931071E+06   0.931008E+06   0.115869E+00   0.552282E-04   0.681906E+00  -0.507502E+09
   0.188587E+00   0.132003E+07   0.131538E+07   0.226746E+01   0.226746E+01   0.656411E+05   0.131332E+07   0.131925E+07   0.131332E+07  -0.326075E-01   0.899616E+06   0.899556E+06   0.107828E+00   0.505045E-04   0.681903E+00  -0.477041E+09
   0.193708E+00   0.127039E+07   0.126579E+07   0.206830E+01   0.206830E+01   0.608943E+05   0.126390E+07   0.126962E+07   0.126390E+07  -0.313804E-01   0.865766E+06   0.865706E+06   0.103429E+00   0.460690E-04   0.681900E+00  -0.446954E+09
   0.198830E+00   0.121890E+07   0.121420E+07   0.188349E+01   0.188349E+01   0.563792E+05   0.121261E+07   0.121811E+07   0.121261E+07  -0.301072E-01   0.830642E+06   0.830581E+06   0.101255E+00   0.419532E-04   0.681897E+00  -0.417776E+09
   0.203951E+00   0.116784E+07   0.116298E+07   0.171501E+01   0.171501E+01   0.521728E+05   0.116175E+07   0.116702E+07   0.116175E+07  -0.288443E-01   0.795802E+06   0.795741E+06   0.997666E-01   0.382010E-04   0.681895E+00  -0.390203E+09
   0.209072E+00   0.111941E+07   0.111442E+07   0.156427E+01   0.156427E+01   0.483368E+05   0.111351E+07   0.111858E+07   0.111351E+07  -0.276466E-01   0.762763E+06   0.762701E+06   0.976975E-01   0.348439E-04   0.681893E+00  -0.364841E+09
   0.214193E+00   0.107551E+07   0.107049E+07   0.143186E+01   0.143186E+01   0.449095E+05   0.106979E+07   0.107466E+07   0.106979E+07  -0.265611E-01   0.732816E+06   0.732755E+06   0.943029E-01   0.318950E-04   0.681890E+00  -0.342137E+09
   0.219314E+00   0.103725E+07   0.103234E+07   0.131717E+01   0.131717E+01   0.418921E+05   0.103172E+07   0.103643E+07   0.103172E+07  -0.256159E-01   0.706741E+06   0.706682E+06   0.894271E-01   0.293410E-04   0.681888E+00  -0.322258E+09
   0.224435E+00   0.100464E+07   0.999959E+06   0.121823E+01   0.121823E+01   0.392404E+05   0.999293E+06   0.100386E+07   0.999293E+06  -0.248108E-01   0.684530E+06   0.684474E+06   0.834044E-01   0.271374E-04   0.681887E+00  -0.305008E+09
   0.229556E+00   0.976639E+06   0.972260E+06   0.113205E+01   0.113205E+01   0.368773E+05   0.971460E+06   0.975904E+06   0.971460E+06  -0.241197E-01   0.665466E+06   0.665413E+06   0.768667E-01   0.252184E-04   0.681885E+00  -0.289899E+09
   0.234678E+00   0.951646E+06   0.947598E+06   0.105550E+01   0.105550E+01   0.347185E+05   0.946630E+06   0.950966E+06   0.946630E+06  -0.235033E-01   0.648459E+06   0.648409E+06   0.705248E-01   0.235137E-04   0.681883E+00  -0.276326E+09
   0.239799E+00   0.927975E+06   0.924229E+06   0.985793E+00   0.985793E+00   0.326903E+05   0.923112E+06   0.927346E+06   0.923112E+06  -0.229193E-01   0.632350E+06   0.632303E+06   0.649721E-01   0.219612E-04   0.681881E+00  -0.263707E+09
   0.244920E+00   0.904192E+06   0.900678E+06   0.920803E+00   0.920803E+00   0.307407E+05   0.899471E+06   0.903602E+06   0.899471E+06  -0.223324E-01   0.616158E+06   0.616113E+06   0.605555E-01   0.205137E-04   0.681880E+00  -0.251581E+09
   0.250041E+00   0.879463E+06   0.876092E+06   0.859316E+00   0.859316E+00   0.288468E+05   0.874874E+06   0.878897E+06   0.874874E+06  -0.217217E-01   0.599310E+06   0.599267E+06   0.573357E-01   0.191441E-04   0.681878E+00  -0.239691E+09
   0.255162E+00   0.853694E+06   0.850385E+06   0.800985E+00   0.800985E+00   0.270128E+05   0.849229E+06   0.853138E+06   0.849229E+06  -0.210849E-01   0.581744E+06   0.581702E+06   0.551246E-01   0.178448E-04   0.681877E+00  -0.227996E+09
   0.260283E+00   0.827364E+06   0.824058E+06   0.746020E+00   0.746020E+00   0.252587E+05   0.823016E+06   0.826809E+06   0.823016E+06  -0.204341E-01   0.563790E+06   0.563748E+06   0.535748E-01   0.166204E-04   0.681875E+00  -0.216611E+09
   0.265404E+00   0.801230E+06   0.797902E+06   0.694825E+00   0.694825E+00   0.236081E+05   0.796994E+06   0.800672E+06   0.796994E+06  -0.197880E-01   0.545966E+06   0.545924E+06   0.522900E-01   0.154799E-04   0.681874E+00  -0.205716E+09
   0.270526E+00   0.776116E+06   0.772772E+06   0.647788E+00   0.647788E+00   0.220817E+05   0.771989E+06   0.775555E+06   0.771989E+06  -0.191672E-01   0.528838E+06   0.528797E+06   0.509275E-01   0.144321E-04   0.681873E+00  -0.195490E+09
   0.275647E+00   0.752744E+06   0.749417E+06   0.605141E+00   0.605141E+00   0.206929E+05   0.748724E+06   0.752185E+06   0.748724E+06  -0.185896E-01   0.512902E+06   0.512861E+06   0.492692E-01   0.134820E-04   0.681872E+00  -0.186077E+09
   0.280768E+00   0.731544E+06   0.728279E+06   0.566836E+00   0.566836E+00   0.194450E+05   0.727629E+06   0.730996E+06   0.727629E+06  -0.180658E-01   0.498452E+06   0.498413E+06   0.472458E-01   0.126286E-04   0.681870E+00  -0.177536E+09
   0.285889E+00   0.712535E+06   0.709373E+06   0.532507E+00   0.532507E+00   0.183297E+05   0.708721E+06   0.712004E+06   0.708721E+06  -0.175964E-01   0.485501E+06   0.485463E+06   0.449214E-01   0.118637E-04   0.681869E+00  -0.169826E+09
   0.291010E+00   0.695380E+06   0.692351E+06   0.501563E+00   0.501563E+00   0.173303E+05   0.691665E+06   0.694871E+06   0.691665E+06  -0.171729E-01   0.473818E+06   0.473781E+06   0.424501E-01   0.111743E-04   0.681868E+00  -0.162822E+09
   0.296131E+00   0.679550E+06   0.676665E+06   0.473348E+00   0.473348E+00   0.164269E+05   0.675930E+06   0.679066E+06   0.675930E+06  -0.167822E-01   0.463039E+06   0.463004E+06   0.400195E-01   0.105457E-04   0.681867E+00  -0.156367E+09
   0.301252E+00   0.664467E+06   0.661719E+06   0.447248E+00   0.447248E+00   0.155997E+05   0.660937E+06   0.664006E+06   0.660937E+06  -0.164100E-01   0.452770E+06   0.452736E+06   0.377967E-01   0.996419E-05   0.681866E+00  -0.150299E+09
   0.306374E+00   0.649619E+06   0.646984E+06   0.422764E+00   0.422764E+00   0.148315E+05   0.646174E+06   0.649177E+06   0.646174E+06  -0.160434E-01   0.442657E+06   0.442624E+06   0.358898E-01   0.941868E-05   0.681865E+00  -0.144486E+09
   0.311495E+00   0.634662E+06   0.632110E+06   0.399563E+00   0.399563E+00   0.141093E+05   0.631299E+06   0.634233E+06   0.631299E+06  -0.156741E-01   0.432467E+06   0.432435E+06   0.343315E-01   0.890178E-05   0.681864E+00  -0.138839E+09
   0.316616E+00   0.619495E+06   0.616997E+06   0.377499E+00   0.377499E+00   0.134261E+05   0.616209E+06   0.619076E+06   0.616209E+06  -0.152995E-01   0.422131E+06   0.422099E+06   0.330853E-01   0.841021E-05   0.681863E+00  -0.133329E+09
   0.321737E+00   0.604242E+06   0.601775E+06   0.356573E+00   0.356573E+00   0.127796E+05   0.601030E+06   0.603827E+06   0.601030E+06  -0.149226E-01   0.411733E+06   0.411702E+06   0.320656E-01   0.794401E-05   0.681862E+00  -0.127975E+09
   0.326858E+00   0.589159E+06   0.586711E+06   0.336859E+00   0.336859E+00   0.121703E+05   0.586020E+06   0.588748E+06   0.586020E+06  -0.145499E-01   0.401450E+06   0.401420E+06   0.311662E-01   0.750483E-05   0.681861E+00  -0.122824E+09
   0.331979E+00   0.574537E+06   0.572107E+06   0.318438E+00   0.318438E+00   0.115991E+05   0.571466E+06   0.574129E+06   0.571466E+06  -0.141886E-01   0.391481E+06   0.391451E+06   0.302880E-01   0.709446E-05   0.681861E+00  -0.117926E+09
   0.337100E+00   0.560621E+06   0.558218E+06   0.301353E+00   0.301353E+00   0.110658E+05   0.557619E+06   0.560218E+06   0.557619E+06  -0.138447E-01   0.381995E+06   0.381966E+06   0.293610E-01   0.671387E-05   0.681860E+00  -0.113321E+09
   0.342222E+00   0.547569E+06   0.545206E+06   0.285593E+00   0.285593E+00   0.105686E+05   0.544633E+06   0.547172E+06   0.544633E+06  -0.135223E-01   0.373100E+06   0.373071E+06   0.283544E-01   0.636279E-05   0.681859E+00  -0.109026E+09
   0.347343E+00   0.535417E+06   0.533109E+06   0.271081E+00   0.271081E+00   0.101036E+05   0.532545E+06   0.535030E+06   0.532545E+06  -0.132222E-01   0.364820E+06   0.364791E+06   0.272755E-01   0.603954E-05   0.681858E+00  -0.105034E+09
   0.352464E+00   0.524081E+06   0.521838E+06   0.257688E+00   0.257688E+00   0.966558E+04   0.521272E+06   0.523705E+06   0.521272E+06  -0.129423E-01   0.357097E+06   0.357070E+06   0.261598E-01   0.574122E-05   0.681858E+00  -0.101317E+09
   0.357585E+00   0.513391E+06   0.511218E+06   0.245255E+00   0.245255E+00   0.924877E+04   0.510642E+06   0.513026E+06   0.510642E+06  -0.126784E-01   0.349816E+06   0.349789E+06   0.250562E-01   0.546429E-05   0.681857E+00  -0.978296E+08
   0.362706E+00   0.503148E+06   0.501044E+06   0.233625E+00   0.233625E+00   0.884840E+04   0.500457E+06   0.502795E+06   0.500457E+06  -0.124255E-01   0.342839E+06   0.342813E+06   0.240127E-01   0.520521E-05   0.681857E+00  -0.945248E+08
   0.367827E+00   0.493170E+06   0.491128E+06   0.222661E+00   0.222661E+00   0.846131E+04   0.490535E+06   0.492827E+06   0.490535E+06  -0.121792E-01   0.336042E+06   0.336016E+06   0.230642E-01   0.496099E-05   0.681856E+00  -0.913608E+08
   0.372948E+00   0.483319E+06   0.481329E+06   0.212263E+00   0.212263E+00   0.808606E+04   0.480737E+06   0.482985E+06   0.480737E+06  -0.119359E-01   0.329330E+06   0.329306E+06   0.222258E-01   0.472935E-05   0.681855E+00  -0.883067E+08
   0.378070E+00   0.473525E+06   0.471576E+06   0.202366E+00   0.202366E+00   0.772282E+04   0.470995E+06   0.473198E+06   0.470995E+06  -0.116940E-01   0.322657E+06   0.322632E+06   0.214923E-01   0.450887E-05   0.681855E+00  -0.853453E+08
   0.383191E+00   0.463799E+06   0.461882E+06   0.192946E+00   0.192946E+00   0.737295E+04   0.461318E+06   0.463477E+06   0.461318E+06  -0.114538E-01   0.316028E+06   0.316004E+06   0.208434E-01   0.429901E-05   0.681854E+00  -0.824748E+08
   0.388312E+00   0.454221E+06   0.452330E+06   0.184009E+00   0.184009E+00   0.703843E+04   0.451789E+06   0.453904E+06   0.451789E+06  -0.112172E-01   0.309500E+06   0.309477E+06   0.202508E-01   0.409991E-05   0.681854E+00  -0.797060E+08
   0.393433E+00   0.444887E+06   0.443020E+06   0.175566E+00   0.175566E+00   0.672078E+04   0.442501E+06   0.444574E+06   0.442501E+06  -0.109866E-01   0.303138E+06   0.303115E+06   0.196855E-01   0.391178E-05   0.681853E+00  -0.770514E+08
   0.398554E+00   0.435873E+06   0.434032E+06   0.167616E+00   0.167616E+00   0.642066E+04   0.433533E+06   0.435564E+06   0.433533E+06  -0.107639E-01   0.296995E+06   0.296972E+06   0.191242E-01   0.373466E-05   0.681853E+00  -0.745198E+08
   0.403675E+00   0.427232E+06   0.425420E+06   0.160150E+00   0.160150E+00   0.613806E+04   0.424936E+06   0.426928E+06   0.424936E+06  -0.105505E-01   0.291106E+06   0.291083E+06   0.185537E-01   0.356833E-05   0.681852E+00  -0.721156E+08
   0.408796E+00   0.418992E+06   0.417213E+06   0.153151E+00   0.153151E+00   0.587248E+04   0.416740E+06   0.418693E+06   0.416740E+06  -0.103470E-01   0.285491E+06   0.285469E+06   0.179720E-01   0.341238E-05   0.681852E+00  -0.698386E+08
   0.413918E+00   0.411146E+06   0.409404E+06   0.146587E+00   0.146587E+00   0.562303E+04   0.408935E+06   0.410853E+06   0.408935E+06  -0.101532E-01   0.280145E+06   0.280123E+06   0.173861E-01   0.326614E-05   0.681851E+00  -0.676829E+08
   0.419039E+00   0.403641E+06   0.401939E+06   0.140416E+00   0.140416E+00   0.538829E+04   0.401472E+06   0.403355E+06   0.401472E+06  -0.996788E-02   0.275032E+06   0.275011E+06   0.168080E-01   0.312864E-05   0.681851E+00  -0.656356E+08
   0.424160E+00   0.396402E+06   0.394739E+06   0.134589E+00   0.134589E+00   0.516674E+04   0.394273E+06   0.396123E+06   0.394273E+06  -0.978915E-02   0.270101E+06   0.270080E+06   0.162510E-01   0.299881E-05   0.681851E+00  -0.636805E+08
   0.429281E+00   0.389363E+06   0.387737E+06   0.129064E+00   0.129064E+00   0.495709E+04   0.387272E+06   0.389090E+06   0.387272E+06  -0.961533E-02   0.265305E+06   0.265285E+06   0.157258E-01   0.287571E-05   0.681850E+00  -0.618036E+08
   0.434402E+00   0.382476E+06   0.380884E+06   0.123810E+00   0.123810E+00   0.475840E+04   0.380422E+06   0.382209E+06   0.380422E+06  -0.944526E-02   0.260612E+06   0.260593E+06   0.152387E-01   0.275864E-05   0.681850E+00  -0.599948E+08
   0.439523E+00   0.375710E+06   0.374147E+06   0.118802E+00   0.118802E+00   0.457000E+04   0.373692E+06   0.375447E+06   0.373692E+06  -0.927816E-02   0.256002E+06   0.255982E+06   0.147904E-01   0.264705E-05   0.681849E+00  -0.582468E+08
   0.444644E+00   0.369050E+06   0.367513E+06   0.114023E+00   0.114023E+00   0.439144E+04   0.367067E+06   0.368792E+06   0.367067E+06  -0.911367E-02   0.251464E+06   0.251444E+06   0.143763E-01   0.254058E-05   0.681849E+00  -0.565552E+08
   0.449766E+00   0.362504E+06   0.360991E+06   0.109465E+00   0.109465E+00   0.422262E+04   0.360556E+06   0.362250E+06   0.360556E+06  -0.895200E-02   0.247003E+06   0.246984E+06   0.139888E-01   0.243901E-05   0.681849E+00  -0.549195E+08
   0.454887E+00   0.356101E+06   0.354610E+06   0.105123E+00   0.105123E+00   0.406354E+04   0.354186E+06   0.355851E+06   0.354186E+06  -0.879385E-02   0.242640E+06   0.242621E+06   0.136196E-01   0.234227E-05   0.681848E+00  -0.533419E+08
   0.460008E+00   0.349872E+06   0.348403E+06   0.100997E+00   0.100997E+00   0.391417E+04   0.347989E+06   0.349625E+06   0.347989E+06  -0.864000E-02   0.238395E+06   0.238376E+06   0.132611E-01   0.225034E-05   0.681848E+00  -0.518253E+08
   0.465129E+00   0.343839E+06   0.342392E+06   0.970820E-01   0.970820E-01   0.377420E+04   0.341988E+06   0.343596E+06   0.341988E+06  -0.849099E-02   0.234283E+06   0.234265E+06   0.129082E-01   0.216310E-05   0.681848E+00  -0.503707E+08
   0.470250E+00   0.338009E+06   0.336585E+06   0.933684E-01   0.933684E-01   0.364298E+04   0.336188E+06   0.337770E+06   0.336188E+06  -0.834700E-02   0.230310E+06   0.230293E+06   0.125586E-01   0.208035E-05   0.681847E+00  -0.489773E+08
   0.475371E+00   0.332375E+06   0.330975E+06   0.898448E-01   0.898448E-01   0.351964E+04   0.330585E+06   0.332140E+06   0.330585E+06  -0.820787E-02   0.226472E+06   0.226454E+06   0.122129E-01   0.200184E-05   0.681847E+00  -0.476422E+08
   0.480492E+00   0.326926E+06   0.325552E+06   0.864983E-01   0.864983E-01   0.340318E+04   0.325166E+06   0.326696E+06   0.325166E+06  -0.807332E-02   0.222759E+06   0.222742E+06   0.118735E-01   0.192728E-05   0.681847E+00  -0.463617E+08
   0.485614E+00   0.321646E+06   0.320296E+06   0.833160E-01   0.833160E-01   0.329267E+04   0.319914E+06   0.321420E+06   0.319914E+06  -0.794294E-02   0.219162E+06   0.219145E+06   0.115441E-01   0.185638E-05   0.681846E+00  -0.451320E+08
   0.490735E+00   0.316512E+06   0.315186E+06   0.802838E-01   0.802838E-01   0.318720E+04   0.314807E+06   0.316289E+06   0.314807E+06  -0.781614E-02   0.215663E+06   0.215647E+06   0.112276E-01   0.178882E-05   0.681846E+00  -0.439481E+08
   0.495856E+00   0.311496E+06   0.310194E+06   0.773881E-01   0.773881E-01   0.308601E+04   0.309819E+06   0.311277E+06   0.309819E+06  -0.769229E-02   0.212246E+06   0.212230E+06   0.109264E-01   0.172430E-05   0.681846E+00  -0.428050E+08
   0.500977E+00   0.306581E+06   0.305300E+06   0.746177E-01   0.746177E-01   0.298853E+04   0.304930E+06   0.306366E+06   0.304930E+06  -0.757091E-02   0.208897E+06   0.208881E+06   0.106408E-01   0.166258E-05   0.681845E+00  -0.416989E+08
   0.506098E+00   0.301760E+06   0.300500E+06   0.719657E-01   0.719657E-01   0.289438E+04   0.300135E+06   0.301549E+06   0.300135E+06  -0.745187E-02   0.205612E+06   0.205597E+06   0.103703E-01   0.160350E-05   0.681845E+00  -0.406280E+08
   0.511219E+00   0.297038E+06   0.295796E+06   0.694273E-01   0.694273E-01   0.280328E+04   0.295438E+06   0.296830E+06   0.295438E+06  -0.733524E-02   0.202395E+06   0.202379E+06   0.101131E-01   0.154694E-05   0.681845E+00  -0.395915E+08
   0.516340E+00   0.292417E+06   0.291193E+06   0.669982E-01   0.669982E-01   0.271489E+04   0.290842E+06   0.292212E+06   0.290842E+06  -0.722112E-02   0.199246E+06   0.199231E+06   0.986674E-02   0.149282E-05   0.681845E+00  -0.385890E+08
   0.521462E+00   0.287900E+06   0.286694E+06   0.646739E-01   0.646739E-01   0.262889E+04   0.286349E+06   0.287698E+06   0.286349E+06  -0.710956E-02   0.196168E+06   0.196153E+06   0.962866E-02   0.144104E-05   0.681844E+00  -0.376197E+08
   0.526583E+00   0.283493E+06   0.282303E+06   0.624511E-01   0.624511E-01   0.254498E+04   0.281964E+06   0.283293E+06   0.281964E+06  -0.700071E-02   0.193164E+06   0.193149E+06   0.939694E-02   0.139152E-05   0.681844E+00  -0.366835E+08
   0.531704E+00   0.279202E+06   0.278030E+06   0.603267E-01   0.603267E-01   0.246297E+04   0.277696E+06   0.279005E+06   0.277696E+06  -0.689474E-02   0.190240E+06   0.190226E+06   0.917044E-02   0.134419E-05   0.681844E+00  -0.357803E+08
   0.536825E+00   0.275029E+06   0.273875E+06   0.582968E-01   0.582968E-01   0.238274E+04   0.273546E+06   0.274835E+06   0.273546E+06  -0.679169E-02   0.187397E+06   0.187383E+06   0.894883E-02   0.129897E-05   0.681844E+00  -0.349093E+08
   0.541946E+00   0.270969E+06   0.269832E+06   0.563557E-01   0.563557E-01   0.230423E+04   0.269507E+06   0.270778E+06   0.269507E+06  -0.669142E-02   0.184631E+06   0.184616E+06   0.873233E-02   0.125573E-05   0.681844E+00  -0.340689E+08
   0.547067E+00   0.267010E+06   0.265890E+06   0.544976E-01   0.544976E-01   0.222750E+04   0.265570E+06   0.266822E+06   0.265570E+06  -0.659365E-02   0.181933E+06   0.181919E+06   0.852157E-02   0.121433E-05   0.681843E+00  -0.332569E+08
   0.559946E+00   0.257466E+06   0.256388E+06   0.501603E-01   0.501603E-01   0.204384E+04   0.256077E+06   0.257285E+06   0.256077E+06  -0.635797E-02   0.175430E+06   0.175417E+06   0.802181E-02   0.111769E-05   0.681843E+00  -0.313306E+08
   0.593872E+00   0.234603E+06   0.233620E+06   0.406332E-01   0.406332E-01   0.164977E+04   0.233337E+06   0.234438E+06   0.233337E+06  -0.579336E-02   0.159852E+06   0.159840E+06   0.690713E-02   0.905394E-06   0.681842E+00  -0.269176E+08
   0.629853E+00   0.213715E+06   0.212821E+06   0.329071E-01   0.329071E-01   0.136957E+04   0.212561E+06   0.213565E+06   0.212561E+06  -0.527754E-02   0.145619E+06   0.145608E+06   0.593720E-02   0.733236E-06   0.681841E+00  -0.231201E+08
   0.879031E+00   0.124931E+06   0.124408E+06   0.987631E-02   0.987631E-02   0.437370E+03   0.124255E+06   0.124843E+06   0.124255E+06  -0.308504E-02   0.851240E+05   0.851173E+05   0.251815E-02   0.220076E-06   0.681836E+00  -0.968407E+07
   0.122679E+01   0.721491E+05   0.718469E+05   0.292836E-02   0.292836E-02   0.132860E+03   0.717578E+05   0.720984E+05   0.717578E+05  -0.178163E-02   0.491598E+05   0.491559E+05   0.106764E-02   0.652538E-07   0.681834E+00  -0.400729E+07
   0.171212E+01   0.412337E+05   0.410608E+05   0.859244E-03   0.859244E-03   0.397122E+02   0.410099E+05   0.412047E+05   0.410099E+05  -0.101821E-02   0.280951E+05   0.280927E+05   0.457871E-03   0.191472E-07   0.681833E+00  -0.164099E+07
   0.238945E+01   0.233542E+05   0.232561E+05   0.249861E-03   0.249861E-03   0.117868E+02   0.232274E+05   0.233378E+05   0.232274E+05  -0.576697E-03   0.159127E+05   0.159112E+05   0.202243E-03   0.556790E-08   0.681832E+00  -0.665968E+06
