#          k/h    CDM            baryon         photon         nu             mass_nu        total          no_nu          total_de       Weyl           v_CDM          v_b            v_b-v_c        ISW            log_grow       pert_vel    
   0.994668E-05   0.144607E+08   0.144607E+08   0.192657E+08   0.192653E+08   0.144629E+08   0.144607E+08   0.144607E+08   0.144659E+08  -0.359478E+00   0.153447E+08   0.153447E+08   0.658205E+01   0.100489E+07  -0.275867E+00  -0.154275E+15
   0.109829E-04   0.144624E+08   0.144624E+08   0.192646E+08   0.192641E+08   0.144646E+08   0.144624E+08   0.144624E+08   0.144676E+08  -0.359520E+00   0.153451E+08   0.153451E+08   0.726756E+01   0.824154E+06  -0.275638E+00  -0.139723E+15
   0.121272E-04   0.144645E+08   0.144645E+08   0.192633E+08   0.192627E+08   0.144666E+08   0.144645E+08   0.144645E+08   0.144696E+08  -0.359571E+00   0.153456E+08   0.153456E+08   0.802442E+01   0.675917E+06  -0.275359E+00  -0.126544E+15
   0.133906E-04   0.144670E+08   0.144670E+08   0.192617E+08   0.192610E+08   0.144691E+08   0.144670E+08   0.144670E+08   0.144722E+08  -0.359633E+00   0.153462E+08   0.153462E+08   0.886002E+01   0.554334E+06  -0.275020E+00  -0.114609E+15
   0.147857E-04   0.144701E+08   0.144701E+08   0.192598E+08   0.192588E+08   0.144722E+08   0.144701E+08   0.144701E+08   0.144752E+08  -0.359710E+00   0.153470E+08   0.153470E+08   0.978255E+01   0.454612E+06  -0.274606E+00  -0.103800E+15
   0.163261E-04   0.144738E+08   0.144738E+08   0.192574E+08   0.192562E+08   0.144759E+08   0.144738E+08   0.144738E+08   0.144790E+08  -0.359802E+00   0.153479E+08   0.153479E+08   0.108010E+02   0.372821E+06  -0.274102E+00  -0.940121E+14
   0.180270E-04   0.144784E+08   0.144784E+08   0.192545E+08   0.192531E+08   0.144804E+08   0.144784E+08   0.144784E+08   0.144835E+08  -0.359916E+00   0.153491E+08   0.153491E+08   0.119253E+02   0.305736E+06  -0.273488E+00  -0.851481E+14
   0.199051E-04   0.144839E+08   0.144839E+08   0.192510E+08   0.192492E+08   0.144860E+08   0.144839E+08   0.144839E+08   0.144891E+08  -0.360053E+00   0.153505E+08   0.153505E+08   0.131664E+02   0.250712E+06  -0.272740E+00  -0.771211E+14
   0.219788E-04   0.144907E+08   0.144907E+08   0.192466E+08   0.192445E+08   0.144927E+08   0.144907E+08   0.144907E+08   0.144958E+08  -0.360221E+00   0.153521E+08   0.153521E+08   0.145364E+02   0.205583E+06  -0.271831E+00  -0.698522E+14
   0.242687E-04   0.144989E+08   0.144989E+08   0.192413E+08   0.192388E+08   0.145009E+08   0.144989E+08   0.144989E+08   0.145041E+08  -0.360426E+00   0.153542E+08   0.153542E+08   0.160484E+02   0.168567E+06  -0.270725E+00  -0.632700E+14
   0.267970E-04   0.145090E+08   0.145090E+08   0.192349E+08   0.192318E+08   0.145109E+08   0.145090E+08   0.145090E+08   0.145141E+08  -0.360675E+00   0.153567E+08   0.153567E+08   0.177172E+02   0.138208E+06  -0.269379E+00  -0.573096E+14
   0.295888E-04   0.145212E+08   0.145212E+08   0.192270E+08   0.192232E+08   0.145230E+08   0.145212E+08   0.145212E+08   0.145263E+08  -0.360978E+00   0.153597E+08   0.153597E+08   0.195588E+02   0.113307E+06  -0.267744E+00  -0.519126E+14
   0.326714E-04   0.145360E+08   0.145360E+08   0.192174E+08   0.192128E+08   0.145378E+08   0.145360E+08   0.145360E+08   0.145412E+08  -0.361346E+00   0.153635E+08   0.153634E+08   0.215907E+02   0.928834E+05  -0.265759E+00  -0.470258E+14
   0.360752E-04   0.145541E+08   0.145541E+08   0.192057E+08   0.192001E+08   0.145558E+08   0.145541E+08   0.145541E+08   0.145592E+08  -0.361795E+00   0.153680E+08   0.153680E+08   0.238323E+02   0.761322E+05  -0.263350E+00  -0.426013E+14
   0.398336E-04   0.145761E+08   0.145760E+08   0.191913E+08   0.191845E+08   0.145776E+08   0.145761E+08   0.145761E+08   0.145812E+08  -0.362340E+00   0.153734E+08   0.153734E+08   0.263048E+02   0.623931E+05  -0.260430E+00  -0.385955E+14
   0.439836E-04   0.146027E+08   0.146027E+08   0.191738E+08   0.191654E+08   0.146041E+08   0.146027E+08   0.146027E+08   0.146079E+08  -0.363002E+00   0.153801E+08   0.153801E+08   0.290313E+02   0.511246E+05  -0.256895E+00  -0.349690E+14
   0.485659E-04   0.146351E+08   0.146351E+08   0.191523E+08   0.191421E+08   0.146363E+08   0.146351E+08   0.146351E+08   0.146402E+08  -0.363805E+00   0.153881E+08   0.153881E+08   0.320369E+02   0.418824E+05  -0.252622E+00  -0.316862E+14
   0.536256E-04   0.146744E+08   0.146744E+08   0.191260E+08   0.191136E+08   0.146754E+08   0.146744E+08   0.146744E+08   0.146795E+08  -0.364780E+00   0.153979E+08   0.153979E+08   0.353492E+02   0.343023E+05  -0.247467E+00  -0.287147E+14
   0.592125E-04   0.147220E+08   0.147219E+08   0.190937E+08   0.190787E+08   0.147227E+08   0.147220E+08   0.147220E+08   0.147271E+08  -0.365961E+00   0.154097E+08   0.154097E+08   0.389979E+02   0.280854E+05  -0.241261E+00  -0.260253E+14
   0.653814E-04   0.147795E+08   0.147795E+08   0.190542E+08   0.190359E+08   0.147799E+08   0.147795E+08   0.147795E+08   0.147846E+08  -0.367388E+00   0.154239E+08   0.154239E+08   0.430148E+02   0.229868E+05  -0.233810E+00  -0.235915E+14
   0.721930E-04   0.148490E+08   0.148490E+08   0.190056E+08   0.189834E+08   0.148490E+08   0.148490E+08   0.148490E+08   0.148541E+08  -0.369112E+00   0.154411E+08   0.154411E+08   0.474345E+02   0.188054E+05  -0.224893E+00  -0.213894E+14
   0.797142E-04   0.149327E+08   0.149327E+08   0.189458E+08   0.189190E+08   0.149322E+08   0.149327E+08   0.149327E+08   0.149378E+08  -0.371190E+00   0.154617E+08   0.154617E+08   0.522934E+02   0.153765E+05  -0.214263E+00  -0.193971E+14
   0.880190E-04   0.150333E+08   0.150333E+08   0.188723E+08   0.188397E+08   0.150323E+08   0.150333E+08   0.150333E+08   0.150384E+08  -0.373686E+00   0.154864E+08   0.154864E+08   0.576300E+02   0.125649E+05  -0.201648E+00  -0.175951E+14
   0.971891E-04   0.151539E+08   0.151538E+08   0.187815E+08   0.187421E+08   0.151521E+08   0.151539E+08   0.151539E+08   0.151589E+08  -0.376678E+00   0.155160E+08   0.155159E+08   0.634845E+02   0.102596E+05  -0.186757E+00  -0.159653E+14
   0.107314E-03   0.152979E+08   0.152978E+08   0.186694E+08   0.186217E+08   0.152952E+08   0.152978E+08   0.152979E+08   0.153028E+08  -0.380250E+00   0.155511E+08   0.155510E+08   0.698976E+02   0.836982E+04  -0.169294E+00  -0.144916E+14
   0.118495E-03   0.154690E+08   0.154689E+08   0.185307E+08   0.184733E+08   0.154653E+08   0.154690E+08   0.154690E+08   0.154739E+08  -0.384497E+00   0.155925E+08   0.155925E+08   0.769105E+02   0.682101E+04  -0.148966E+00  -0.131593E+14
   0.130840E-03   0.156714E+08   0.156713E+08   0.183590E+08   0.182898E+08   0.156663E+08   0.156713E+08   0.156714E+08   0.156762E+08  -0.389518E+00   0.156413E+08   0.156412E+08   0.845626E+02   0.555204E+04  -0.125508E+00  -0.119549E+14
   0.144471E-03   0.159092E+08   0.159090E+08   0.181461E+08   0.180631E+08   0.159026E+08   0.159091E+08   0.159092E+08   0.159140E+08  -0.395418E+00   0.156980E+08   0.156980E+08   0.928899E+02   0.451278E+04  -0.987076E-01  -0.108663E+14
   0.159522E-03   0.161866E+08   0.161864E+08   0.178822E+08   0.177829E+08   0.161780E+08   0.161865E+08   0.161865E+08   0.161913E+08  -0.402299E+00   0.157635E+08   0.157635E+08   0.101922E+03   0.366214E+04  -0.684370E-01  -0.988207E+13
   0.176142E-03   0.165073E+08   0.165070E+08   0.175550E+08   0.174368E+08   0.164964E+08   0.165072E+08   0.165072E+08   0.165118E+08  -0.410255E+00   0.158383E+08   0.158382E+08   0.111681E+03   0.296640E+04  -0.346842E-01  -0.899211E+13
   0.194493E-03   0.168742E+08   0.168740E+08   0.171504E+08   0.170104E+08   0.168604E+08   0.168741E+08   0.168742E+08   0.168787E+08  -0.419359E+00   0.159224E+08   0.159224E+08   0.122170E+03   0.239792E+04   0.241646E-02  -0.818694E+13
   0.214755E-03   0.172890E+08   0.172887E+08   0.166518E+08   0.164871E+08   0.172718E+08   0.172889E+08   0.172890E+08   0.172933E+08  -0.429649E+00   0.160156E+08   0.160155E+08   0.133378E+03   0.193400E+04   0.425617E-01  -0.745786E+13
   0.237129E-03   0.177514E+08   0.177511E+08   0.160409E+08   0.158487E+08   0.177299E+08   0.177513E+08   0.177514E+08   0.177555E+08  -0.441118E+00   0.161168E+08   0.161167E+08   0.145261E+03   0.155601E+04   0.852719E-01  -0.679686E+13
   0.261834E-03   0.182586E+08   0.182581E+08   0.152991E+08   0.150768E+08   0.182319E+08   0.182584E+08   0.182585E+08   0.182624E+08  -0.453695E+00   0.162241E+08   0.162240E+08   0.157743E+03   0.124861E+04   0.129902E+00  -0.619657E+13
   0.289112E-03   0.188046E+08   0.188040E+08   0.144091E+08   0.141554E+08   0.187716E+08   0.188043E+08   0.188045E+08   0.188082E+08  -0.467235E+00   0.163350E+08   0.163348E+08   0.170698E+03   0.999214E+03   0.175673E+00  -0.565024E+13
   0.319233E-03   0.193803E+08   0.193797E+08   0.133592E+08   0.130739E+08   0.193397E+08   0.193800E+08   0.193802E+08   0.193836E+08  -0.481510E+00   0.164457E+08   0.164455E+08   0.183946E+03   0.797419E+03   0.221726E+00  -0.515181E+13
   0.352491E-03   0.199735E+08   0.199727E+08   0.121469E+08   0.118321E+08   0.199236E+08   0.199731E+08   0.199734E+08   0.199764E+08  -0.496215E+00   0.165520E+08   0.165518E+08   0.197240E+03   0.634650E+03   0.267181E+00  -0.469588E+13
   0.389215E-03   0.205694E+08   0.205685E+08   0.107859E+08   0.104467E+08   0.205081E+08   0.205689E+08   0.205692E+08   0.205718E+08  -0.510984E+00   0.166492E+08   0.166489E+08   0.210257E+03   0.503818E+03   0.311206E+00  -0.427778E+13
   0.429764E-03   0.211517E+08   0.211506E+08   0.931122E+07   0.895650E+07   0.210768E+08   0.211512E+08   0.211515E+08   0.211536E+08  -0.525412E+00   0.167327E+08   0.167324E+08   0.222597E+03   0.399054E+03   0.353077E+00  -0.389359E+13
   0.474538E-03   0.217044E+08   0.217031E+08   0.778355E+07   0.742675E+07   0.216129E+08   0.217038E+08   0.217042E+08   0.217058E+08  -0.539104E+00   0.167984E+08   0.167981E+08   0.233789E+03   0.315494E+03   0.392215E+00  -0.354007E+13
   0.523976E-03   0.222132E+08   0.222117E+08   0.628875E+07   0.594760E+07   0.221016E+08   0.222124E+08   0.222130E+08   0.222141E+08  -0.551702E+00   0.168436E+08   0.168432E+08   0.243312E+03   0.249107E+03   0.428213E+00  -0.321467E+13
   0.578566E-03   0.226669E+08   0.226651E+08   0.492899E+07   0.462442E+07   0.225309E+08   0.226659E+08   0.226666E+08   0.226672E+08  -0.562930E+00   0.168666E+08   0.168662E+08   0.250623E+03   0.196559E+03   0.460834E+00  -0.291535E+13
   0.638842E-03   0.230582E+08   0.230561E+08   0.380331E+07   0.355665E+07   0.228929E+08   0.230571E+08   0.230579E+08   0.230581E+08  -0.572613E+00   0.168678E+08   0.168673E+08   0.255220E+03   0.155099E+03   0.490001E+00  -0.264045E+13
   0.705398E-03   0.233843E+08   0.233820E+08   0.297812E+07   0.280673E+07   0.231837E+08   0.233830E+08   0.233840E+08   0.233838E+08  -0.580679E+00   0.168484E+08   0.168479E+08   0.256696E+03   0.122471E+03   0.515767E+00  -0.238857E+13
   0.778888E-03   0.236463E+08   0.236436E+08   0.245547E+07   0.236735E+07   0.234034E+08   0.236447E+08   0.236458E+08   0.236453E+08  -0.587154E+00   0.168111E+08   0.168105E+08   0.254812E+03   0.968368E+02   0.538287E+00  -0.215841E+13
   0.860035E-03   0.238479E+08   0.238449E+08   0.215582E+07   0.214543E+07   0.235544E+08   0.238460E+08   0.238474E+08   0.238466E+08  -0.592137E+00   0.167589E+08   0.167582E+08   0.249540E+03   0.767115E+02   0.557786E+00  -0.194869E+13
   0.949635E-03   0.239950E+08   0.239918E+08   0.193775E+07   0.198603E+07   0.236412E+08   0.239928E+08   0.239945E+08   0.239934E+08  -0.595769E+00   0.166949E+08   0.166942E+08   0.241058E+03   0.609057E+02   0.574531E+00  -0.175809E+13
   0.104857E-02   0.240943E+08   0.240908E+08   0.166568E+07   0.174691E+07   0.236688E+08   0.240917E+08   0.240937E+08   0.240922E+08  -0.598215E+00   0.166221E+08   0.166214E+08   0.229709E+03   0.484756E+02   0.588811E+00  -0.158526E+13
   0.115781E-02   0.241523E+08   0.241485E+08   0.129903E+07   0.139316E+07   0.236423E+08   0.241493E+08   0.241517E+08   0.241496E+08  -0.599635E+00   0.165427E+08   0.165419E+08   0.215922E+03   0.386794E+02   0.600912E+00  -0.142883E+13
   0.127844E-02   0.241749E+08   0.241709E+08   0.926146E+06   0.102893E+07   0.235661E+08   0.241713E+08   0.241742E+08   0.241716E+08  -0.600175E+00   0.164583E+08   0.164575E+08   0.200183E+03   0.309389E+02   0.611113E+00  -0.128741E+13
   0.141163E-02   0.241670E+08   0.241629E+08   0.671643E+06   0.792742E+06   0.234442E+08   0.241629E+08   0.241663E+08   0.241631E+08  -0.599958E+00   0.163698E+08   0.163690E+08   0.183079E+03   0.248057E+02   0.619673E+00  -0.115967E+13
   0.155869E-02   0.241324E+08   0.241283E+08   0.538498E+06   0.607161E+06   0.232794E+08   0.241277E+08   0.241317E+08   0.241279E+08  -0.599076E+00   0.162775E+08   0.162767E+08   0.165376E+03   0.199307E+02   0.626828E+00  -0.104433E+13
   0.172108E-02   0.240739E+08   0.240697E+08   0.406290E+06   0.496785E+06   0.230735E+08   0.240685E+08   0.240732E+08   0.240686E+08  -0.597602E+00   0.161810E+08   0.161803E+08   0.147976E+03   0.160454E+02   0.632789E+00  -0.940192E+12
   0.190039E-02   0.239932E+08   0.239890E+08   0.250177E+06   0.406095E+06   0.228282E+08   0.239870E+08   0.239925E+08   0.239871E+08  -0.595575E+00   0.160798E+08   0.160790E+08   0.131711E+03   0.129379E+02   0.637739E+00  -0.846154E+12
   0.209838E-02   0.238912E+08   0.238870E+08   0.187866E+06   0.331662E+06   0.225449E+08   0.238841E+08   0.238905E+08   0.238842E+08  -0.593018E+00   0.159726E+08   0.159719E+08   0.117180E+03   0.104454E+02   0.641839E+00  -0.761212E+12
   0.231699E-02   0.237681E+08   0.237639E+08   0.188438E+06   0.270627E+06   0.222245E+08   0.237601E+08   0.237674E+08   0.237602E+08  -0.589936E+00   0.158585E+08   0.158577E+08   0.104724E+03   0.844160E+01   0.645228E+00  -0.684463E+12
   0.255838E-02   0.236238E+08   0.236195E+08   0.144402E+06   0.220619E+06   0.218682E+08   0.236148E+08   0.236231E+08   0.236148E+08  -0.586325E+00   0.157360E+08   0.157352E+08   0.943245E+02   0.682673E+01   0.648023E+00  -0.615093E+12
   0.282492E-02   0.234575E+08   0.234530E+08   0.130794E+06   0.179677E+06   0.214765E+08   0.234473E+08   0.234567E+08   0.234474E+08  -0.582167E+00   0.156036E+08   0.156029E+08   0.855206E+02   0.552278E+01   0.650325E+00  -0.552372E+12
   0.311923E-02   0.232683E+08   0.232635E+08   0.993527E+05   0.146182E+06   0.210494E+08   0.232570E+08   0.232675E+08   0.232570E+08  -0.577440E+00   0.154600E+08   0.154593E+08   0.776758E+02   0.446841E+01   0.652216E+00  -0.495651E+12
   0.344419E-02   0.230551E+08   0.230501E+08   0.692377E+05   0.118799E+06   0.205864E+08   0.230426E+08   0.230542E+08   0.230426E+08  -0.572115E+00   0.153038E+08   0.153031E+08   0.702621E+02   0.361469E+01   0.653768E+00  -0.444349E+12
   0.380302E-02   0.228166E+08   0.228113E+08   0.451333E+05   0.964306E+05   0.200862E+08   0.228028E+08   0.228157E+08   0.228028E+08  -0.566161E+00   0.151335E+08   0.151328E+08   0.631516E+02   0.292292E+01   0.655038E+00  -0.397945E+12
   0.419923E-02   0.225515E+08   0.225459E+08   0.471360E+05   0.781729E+05   0.195482E+08   0.225364E+08   0.225506E+08   0.225364E+08  -0.559545E+00   0.149477E+08   0.149470E+08   0.565924E+02   0.236204E+01   0.656076E+00  -0.355974E+12
   0.463671E-02   0.222583E+08   0.222523E+08   0.386321E+05   0.632834E+05   0.189716E+08   0.222418E+08   0.222573E+08   0.222418E+08  -0.552230E+00   0.147451E+08   0.147444E+08   0.508487E+02   0.190717E+01   0.656921E+00  -0.318018E+12
   0.511978E-02   0.219355E+08   0.219290E+08   0.255658E+05   0.511519E+05   0.183575E+08   0.219175E+08   0.219344E+08   0.219175E+08  -0.544179E+00   0.145245E+08   0.145238E+08   0.458404E+02   0.153825E+01   0.657608E+00  -0.283701E+12
   0.565317E-02   0.215823E+08   0.215751E+08   0.199395E+05   0.412787E+05   0.176823E+08   0.215626E+08   0.215811E+08   0.215626E+08  -0.535366E+00   0.142847E+08   0.142840E+08   0.412702E+02   0.123913E+01   0.658161E+00  -0.252693E+12
   0.624213E-02   0.211956E+08   0.211878E+08   0.142788E+05   0.332500E+05   0.169782E+08   0.211744E+08   0.211943E+08   0.211744E+08  -0.525726E+00   0.140240E+08   0.140233E+08   0.370453E+02   0.996649E+00   0.658607E+00  -0.224673E+12
   0.689245E-02   0.207747E+08   0.207659E+08   0.711702E+04   0.267297E+05   0.162328E+08   0.207517E+08   0.207732E+08   0.207517E+08  -0.515232E+00   0.137412E+08   0.137405E+08   0.332989E+02   0.800231E+00   0.658963E+00  -0.199372E+12
   0.761052E-02   0.203178E+08   0.203079E+08   0.394003E+04   0.214412E+05   0.154546E+08   0.202931E+08   0.203161E+08   0.202931E+08  -0.503846E+00   0.134354E+08   0.134347E+08   0.299802E+02   0.641256E+00   0.659245E+00  -0.176542E+12
   0.840340E-02   0.198234E+08   0.198123E+08   0.633509E+04   0.171579E+05   0.146518E+08   0.197970E+08   0.198215E+08   0.197970E+08  -0.491529E+00   0.131054E+08   0.131047E+08   0.269678E+02   0.512724E+00   0.659467E+00  -0.155957E+12
   0.927889E-02   0.192900E+08   0.192774E+08   0.324423E+04   0.136940E+05   0.138238E+08   0.192620E+08   0.192879E+08   0.192620E+08  -0.478245E+00   0.127500E+08   0.127493E+08   0.242910E+02   0.408932E+00   0.659639E+00  -0.137412E+12
   0.102456E-01   0.187162E+08   0.187019E+08   0.300550E+04   0.108975E+05   0.129707E+08   0.186867E+08   0.187138E+08   0.186867E+08  -0.463960E+00   0.123683E+08   0.123676E+08   0.219038E+02   0.325237E+00   0.659769E+00  -0.120721E+12
   0.113130E-01   0.181006E+08   0.180842E+08   0.208553E+04   0.864388E+04   0.120992E+08   0.180695E+08   0.180978E+08   0.180695E+08  -0.448635E+00   0.119592E+08   0.119585E+08   0.197749E+02   0.257857E+00   0.659866E+00  -0.105715E+12
   0.124916E-01   0.174417E+08   0.174229E+08   0.201527E+04   0.683141E+04   0.112169E+08   0.174091E+08   0.174385E+08   0.174091E+08  -0.432239E+00   0.115218E+08   0.115211E+08   0.178817E+02   0.203710E+00   0.659934E+00  -0.922386E+11
   0.137930E-01   0.167385E+08   0.167170E+08   0.999340E+03   0.537702E+04   0.103296E+08   0.167046E+08   0.167349E+08   0.167046E+08  -0.414748E+00   0.110553E+08   0.110547E+08   0.161960E+02   0.160289E+00   0.659980E+00  -0.801539E+11
   0.152300E-01   0.159905E+08   0.159659E+08   0.170740E+04   0.421295E+04   0.944002E+07   0.159554E+08   0.159863E+08   0.159554E+08  -0.396146E+00   0.105595E+08   0.105588E+08   0.146907E+02   0.125556E+00   0.660008E+00  -0.693351E+11
   0.168167E-01   0.152154E+08   0.151875E+08   0.878247E+03   0.328780E+04   0.856826E+07   0.151793E+08   0.152107E+08   0.151793E+08  -0.376877E+00   0.100459E+08   0.100453E+08   0.133521E+02   0.979639E-01   0.660020E+00  -0.597394E+11
   0.185687E-01   0.143834E+08   0.143518E+08   0.471533E+03   0.254903E+04   0.770142E+07   0.143465E+08   0.143781E+08   0.143465E+08  -0.356200E+00   0.949494E+07   0.949426E+07   0.121325E+02   0.759390E-01   0.660021E+00  -0.511353E+11
   0.205033E-01   0.135123E+08   0.134769E+08   0.106597E+04   0.196394E+04   0.685679E+07   0.134749E+08   0.135063E+08   0.134749E+08  -0.334559E+00   0.891830E+07   0.891762E+07   0.110153E+02   0.585015E-01   0.660012E+00  -0.434980E+11
   0.226393E-01   0.125952E+08   0.125559E+08   0.534854E+03   0.150137E+04   0.603640E+07   0.125576E+08   0.125886E+08   0.125576E+08  -0.311784E+00   0.831146E+07   0.831079E+07   0.996861E+01   0.447186E-01   0.659996E+00  -0.367133E+11
   0.249980E-01   0.116649E+08   0.116221E+08   0.388445E+03   0.114036E+04   0.526155E+07   0.116274E+08   0.116577E+08   0.116274E+08  -0.288690E+00   0.769611E+07   0.769544E+07   0.897574E+01   0.339640E-01   0.659974E+00  -0.307877E+11
   0.276023E-01   0.107324E+08   0.106866E+08   0.345448E+03   0.860465E+03   0.453922E+07   0.106955E+08   0.107247E+08   0.106955E+08  -0.265551E+00   0.707956E+07   0.707889E+07   0.801409E+01   0.256272E-01   0.659948E+00  -0.256490E+11
   0.304780E-01   0.980192E+07   0.975403E+07   0.232962E+03   0.644495E+03   0.387224E+07   0.976585E+07   0.979388E+07   0.976585E+07  -0.242470E+00   0.646453E+07   0.646388E+07   0.705706E+01   0.191949E-01   0.659918E+00  -0.212109E+11
   0.336533E-01   0.889857E+07   0.885008E+07   0.166642E+03   0.479851E+03   0.327025E+07   0.886383E+07   0.889043E+07   0.886383E+07  -0.220074E+00   0.586772E+07   0.586711E+07   0.609506E+01   0.142915E-01   0.659887E+00  -0.174362E+11
   0.371593E-01   0.805500E+07   0.800778E+07   0.988392E+02   0.356237E+03   0.274225E+07   0.802196E+07   0.804707E+07   0.802196E+07  -0.199172E+00   0.531069E+07   0.531012E+07   0.513031E+01   0.106103E-01   0.659854E+00  -0.142919E+11
   0.410307E-01   0.729187E+07   0.724805E+07   0.664979E+02   0.264497E+03   0.228950E+07   0.726087E+07   0.728451E+07   0.726087E+07  -0.180276E+00   0.480708E+07   0.480656E+07   0.417638E+01   0.787821E-02   0.659821E+00  -0.117160E+11
   0.451338E-01   0.665515E+07   0.661660E+07   0.199513E+03   0.199513E+03   0.192475E+07   0.662633E+07   0.664868E+07   0.662633E+07  -0.164521E+00   0.438724E+07   0.438680E+07   0.325421E+01   0.594223E-02   0.659796E+00  -0.972073E+10
   0.492368E-01   0.615165E+07   0.611921E+07   0.154976E+03   0.154976E+03   0.164394E+07   0.612490E+07   0.614620E+07   0.612490E+07  -0.152071E+00   0.405543E+07   0.405506E+07   0.252924E+01   0.461604E-02   0.659767E+00  -0.823676E+10
   0.533399E-01   0.574599E+07   0.571965E+07   0.123357E+03   0.123357E+03   0.142265E+07   0.572113E+07   0.574157E+07   0.572113E+07  -0.142046E+00   0.378824E+07   0.378793E+07   0.195186E+01   0.367447E-02   0.659741E+00  -0.710225E+10
   0.574430E-01   0.540445E+07   0.538346E+07   0.100053E+03   0.100053E+03   0.124248E+07   0.538124E+07   0.540092E+07   0.538124E+07  -0.133607E+00   0.356332E+07   0.356306E+07   0.151798E+01   0.298050E-02   0.659717E+00  -0.620339E+10
   0.615460E-01   0.510068E+07   0.508380E+07   0.822668E+02   0.822668E+02   0.109091E+07   0.507889E+07   0.509785E+07   0.507889E+07  -0.126100E+00   0.336323E+07   0.336300E+07   0.121418E+01   0.245080E-02   0.659696E+00  -0.546472E+10
   0.656491E-01   0.481439E+07   0.480013E+07   0.682504E+02   0.682504E+02   0.959451E+06   0.479376E+07   0.481200E+07   0.479376E+07  -0.119021E+00   0.317453E+07   0.317433E+07   0.101920E+01   0.203336E-02   0.659676E+00  -0.483573E+10
   0.697522E-01   0.453119E+07   0.451808E+07   0.569014E+02   0.569014E+02   0.842626E+06   0.451154E+07   0.452899E+07   0.451154E+07  -0.112014E+00   0.298772E+07   0.298754E+07   0.906892E+00   0.169533E-02   0.659658E+00  -0.428346E+10
   0.738552E-01   0.425347E+07   0.424030E+07   0.476423E+02   0.476423E+02   0.739108E+06   0.423464E+07   0.425126E+07   0.423464E+07  -0.105139E+00   0.280443E+07   0.280424E+07   0.851249E+00   0.141953E-02   0.659642E+00  -0.379730E+10
   0.779583E-01   0.397230E+07   0.395828E+07   0.399299E+02   0.399299E+02   0.645862E+06   0.395422E+07   0.396995E+07   0.395422E+07  -0.981767E-01   0.261879E+07   0.261860E+07   0.825332E+00   0.118979E-02   0.659626E+00  -0.335931E+10
   0.820614E-01   0.370143E+07   0.368621E+07   0.335761E+02   0.335761E+02   0.563913E+06   0.368404E+07   0.369888E+07   0.368404E+07  -0.914686E-01   0.243992E+07   0.243972E+07   0.809477E+00   0.100050E-02   0.659612E+00  -0.297336E+10
   0.861644E-01   0.344833E+07   0.343200E+07   0.283691E+02   0.283691E+02   0.492981E+06   0.343162E+07   0.344559E+07   0.343162E+07  -0.852014E-01   0.227280E+07   0.227260E+07   0.788750E+00   0.845372E-03   0.659599E+00  -0.263780E+10
   0.912856E-01   0.316690E+07   0.314982E+07   0.232099E+02   0.232099E+02   0.419075E+06   0.315104E+07   0.316403E+07   0.315104E+07  -0.782351E-01   0.208703E+07   0.208682E+07   0.743546E+00   0.691659E-03   0.659585E+00  -0.228631E+10
   0.964067E-01   0.293224E+07   0.291541E+07   0.192665E+02   0.192665E+02   0.360014E+06   0.291725E+07   0.292941E+07   0.291725E+07  -0.724306E-01   0.193223E+07   0.193203E+07   0.673788E+00   0.574163E-03   0.659571E+00  -0.200429E+10
   0.101528E+00   0.274724E+07   0.273167E+07   0.162761E+02   0.162761E+02   0.313692E+06   0.273312E+07   0.274462E+07   0.273312E+07  -0.678588E-01   0.181030E+07   0.181013E+07   0.586024E+00   0.485058E-03   0.659559E+00  -0.178310E+10
   0.106649E+00   0.260514E+07   0.259155E+07   0.139886E+02   0.139886E+02   0.277307E+06   0.259185E+07   0.260285E+07   0.259185E+07  -0.643513E-01   0.171676E+07   0.171660E+07   0.492159E+00   0.416895E-03   0.659548E+00  -0.160977E+10
   0.111770E+00   0.249191E+07   0.248056E+07   0.121839E+02   0.121839E+02   0.247889E+06   0.247940E+07   0.249001E+07   0.247940E+07  -0.615593E-01   0.164230E+07   0.164217E+07   0.404686E+00   0.363117E-03   0.659538E+00  -0.146939E+10
   0.116891E+00   0.239243E+07   0.238311E+07   0.106962E+02   0.106962E+02   0.222993E+06   0.238061E+07   0.239087E+07   0.238061E+07  -0.591066E-01   0.157689E+07   0.157677E+07   0.333240E+00   0.318783E-03   0.659529E+00  -0.134905E+10
   0.122012E+00   0.229488E+07   0.228704E+07   0.941760E+01   0.941760E+01   0.200977E+06   0.228366E+07   0.229356E+07   0.228366E+07  -0.566995E-01   0.151269E+07   0.151259E+07   0.282671E+00   0.280679E-03   0.659521E+00  -0.123981E+10
   0.127134E+00   0.219232E+07   0.218526E+07   0.828679E+01   0.828679E+01   0.180917E+06   0.218162E+07   0.219114E+07   0.218162E+07  -0.541661E-01   0.144512E+07   0.144502E+07   0.252703E+00   0.246979E-03   0.659513E+00  -0.113672E+10
   0.132255E+00   0.208286E+07   0.207590E+07   0.727496E+01   0.727496E+01   0.162431E+06   0.207260E+07   0.208169E+07   0.207260E+07  -0.514593E-01   0.137292E+07   0.137282E+07   0.238984E+00   0.216824E-03   0.659506E+00  -0.103811E+10
   0.137376E+00   0.196872E+07   0.196140E+07   0.637278E+01   0.637278E+01   0.145479E+06   0.195887E+07   0.196749E+07   0.195887E+07  -0.486354E-01   0.129759E+07   0.129749E+07   0.234935E+00   0.189937E-03   0.659500E+00  -0.944576E+09
   0.142497E+00   0.185483E+07   0.184696E+07   0.557983E+01   0.557983E+01   0.130185E+06   0.184535E+07   0.185351E+07   0.184535E+07  -0.458171E-01   0.122241E+07   0.122231E+07   0.233775E+00   0.166305E-03   0.659494E+00  -0.857867E+09
   0.147618E+00   0.174746E+07   0.173912E+07   0.489799E+01   0.489799E+01   0.116731E+06   0.173835E+07   0.174606E+07   0.173835E+07  -0.431604E-01   0.115154E+07   0.115143E+07   0.230173E+00   0.145986E-03   0.659489E+00  -0.780095E+09
   0.152739E+00   0.165255E+07   0.164402E+07   0.432627E+01   0.432627E+01   0.105244E+06   0.164380E+07   0.165112E+07   0.164380E+07  -0.408128E-01   0.108891E+07   0.108881E+07   0.221161E+00   0.128948E-03   0.659484E+00  -0.712936E+09
   0.157860E+00   0.157336E+07   0.156503E+07   0.385597E+01   0.385597E+01   0.956709E+05   0.156498E+07   0.157196E+07   0.156498E+07  -0.388558E-01   0.103670E+07   0.103660E+07   0.206233E+00   0.114932E-03   0.659480E+00  -0.656734E+09
   0.162982E+00   0.150932E+07   0.150152E+07   0.347029E+01   0.347029E+01   0.877476E+05   0.150129E+07   0.150801E+07   0.150129E+07  -0.372746E-01   0.994521E+06   0.994430E+06   0.186845E+00   0.103438E-03   0.659476E+00  -0.610218E+09
   0.168103E+00   0.145711E+07   0.145007E+07   0.314939E+01   0.314939E+01   0.811011E+05   0.144942E+07   0.145592E+07   0.144942E+07  -0.359866E-01   0.960161E+06   0.960078E+06   0.165596E+00   0.938746E-04   0.659472E+00  -0.571188E+09
   0.173224E+00   0.141251E+07   0.140631E+07   0.287537E+01   0.287537E+01   0.753697E+05   0.140515E+07   0.141147E+07   0.140515E+07  -0.348875E-01   0.930840E+06   0.930764E+06   0.145328E+00   0.857080E-04   0.659469E+00  -0.537375E+09
   0.178345E+00   0.137129E+07   0.136582E+07   0.263363E+01   0.263363E+01   0.702405E+05   0.136422E+07   0.137037E+07   0.136422E+07  -0.338713E-01   0.903729E+06   0.903661E+06   0.128315E+00   0.785030E-04   0.659465E+00  -0.506743E+09
   0.183466E+00   0.132949E+07   0.132456E+07   0.241290E+01   0.241290E+01   0.654590E+05   0.132268E+07   0.132866E+07   0.132268E+07  -0.328400E-01   0.876217E+06   0.876153E+06   0.115764E+00   0.719245E-04   0.659462E+00  -0.477602E+09
   0.188587E+00   0.128456E+07   0.127991E+07   0.220650E+01   0.220650E+01   0.608714E+05   0.127799E+07   0.128378E+07   0.127799E+07  -0.317304E-01   0.846615E+06   0.846555E+06   0.107730E+00   0.657727E-04   0.659460E+00  -0.448936E+09
   0.193708E+00   0.123625E+07   0.123166E+07   0.201269E+01   0.201269E+01   0.564474E+05   0.122990E+07   0.123548E+07   0.122990E+07  -0.305364E-01   0.814760E+06   0.814700E+06   0.103337E+00   0.599961E-04   0.659457E+00  -0.420622E+09
   0.198830E+00   0.118615E+07   0.118145E+07   0.183285E+01   0.183285E+01   0.522415E+05   0.118000E+07   0.118536E+07   0.118000E+07  -0.292974E-01   0.781705E+06   0.781645E+06   0.101168E+00   0.546359E-04   0.659455E+00  -0.393163E+09
   0.203951E+00   0.113646E+07   0.113160E+07   0.166890E+01   0.166890E+01   0.483246E+05   0.113050E+07   0.113565E+07   0.113050E+07  -0.280685E-01   0.748918E+06   0.748858E+06   0.996861E-01   0.497494E-04   0.659452E+00  -0.367214E+09
   0.209072E+00   0.108934E+07   0.108435E+07   0.152221E+01   0.152221E+01   0.447544E+05   0.108356E+07   0.108850E+07   0.108356E+07  -0.269030E-01   0.717826E+06   0.717764E+06   0.976222E-01   0.453773E-04   0.659450E+00  -0.343347E+09
   0.214193E+00   0.104661E+07   0.104159E+07   0.139336E+01   0.139336E+01   0.415659E+05   0.104102E+07   0.104577E+07   0.104102E+07  -0.258467E-01   0.689643E+06   0.689583E+06   0.942322E-01   0.415368E-04   0.659448E+00  -0.321980E+09
   0.219314E+00   0.100939E+07   0.100447E+07   0.128176E+01   0.128176E+01   0.387605E+05   0.100397E+07   0.100856E+07   0.100397E+07  -0.249270E-01   0.665105E+06   0.665046E+06   0.893605E-01   0.382106E-04   0.659446E+00  -0.303272E+09
   0.224435E+00   0.977655E+06   0.972969E+06   0.118547E+01   0.118547E+01   0.362968E+05   0.972417E+06   0.976868E+06   0.972417E+06  -0.241435E-01   0.644202E+06   0.644146E+06   0.833412E-01   0.353408E-04   0.659445E+00  -0.287039E+09
   0.229556E+00   0.950401E+06   0.946022E+06   0.110161E+01   0.110161E+01   0.341036E+05   0.945333E+06   0.949666E+06   0.945333E+06  -0.234710E-01   0.626261E+06   0.626208E+06   0.768066E-01   0.328415E-04   0.659443E+00  -0.272820E+09
   0.234678E+00   0.926078E+06   0.922031E+06   0.102712E+01   0.102712E+01   0.321024E+05   0.921171E+06   0.925399E+06   0.921171E+06  -0.228712E-01   0.610257E+06   0.610207E+06   0.704675E-01   0.306214E-04   0.659441E+00  -0.260046E+09
   0.239799E+00   0.903042E+06   0.899296E+06   0.959289E+00   0.959289E+00   0.302246E+05   0.898286E+06   0.902413E+06   0.898286E+06  -0.223029E-01   0.595097E+06   0.595050E+06   0.649173E-01   0.285995E-04   0.659440E+00  -0.248171E+09
   0.244920E+00   0.879898E+06   0.876384E+06   0.896047E+00   0.896047E+00   0.284216E+05   0.875281E+06   0.879308E+06   0.875281E+06  -0.217318E-01   0.579859E+06   0.579814E+06   0.605033E-01   0.267144E-04   0.659438E+00  -0.236760E+09
   0.250041E+00   0.855833E+06   0.852462E+06   0.836213E+00   0.836213E+00   0.266714E+05   0.851346E+06   0.855267E+06   0.851346E+06  -0.211375E-01   0.564004E+06   0.563961E+06   0.572858E-01   0.249309E-04   0.659437E+00  -0.225570E+09
   0.255162E+00   0.830757E+06   0.827448E+06   0.779450E+00   0.779450E+00   0.249773E+05   0.826390E+06   0.830201E+06   0.826390E+06  -0.205179E-01   0.547473E+06   0.547431E+06   0.550771E-01   0.232387E-04   0.659436E+00  -0.214564E+09
   0.260283E+00   0.805135E+06   0.801829E+06   0.725962E+00   0.725962E+00   0.233575E+05   0.800883E+06   0.804580E+06   0.800883E+06  -0.198846E-01   0.530576E+06   0.530534E+06   0.535297E-01   0.216442E-04   0.659434E+00  -0.203850E+09
   0.265404E+00   0.779704E+06   0.776376E+06   0.676145E+00   0.676145E+00   0.218334E+05   0.775561E+06   0.779145E+06   0.775561E+06  -0.192559E-01   0.513802E+06   0.513761E+06   0.522471E-01   0.201590E-04   0.659433E+00  -0.193597E+09
   0.270526E+00   0.755265E+06   0.751921E+06   0.630372E+00   0.630372E+00   0.204239E+05   0.751228E+06   0.754703E+06   0.751228E+06  -0.186518E-01   0.497684E+06   0.497642E+06   0.508867E-01   0.187944E-04   0.659432E+00  -0.183973E+09
   0.275647E+00   0.732521E+06   0.729195E+06   0.588872E+00   0.588872E+00   0.191414E+05   0.728589E+06   0.731963E+06   0.728589E+06  -0.180897E-01   0.482687E+06   0.482646E+06   0.492303E-01   0.175571E-04   0.659431E+00  -0.175115E+09
   0.280768E+00   0.711891E+06   0.708626E+06   0.551597E+00   0.551597E+00   0.179886E+05   0.708062E+06   0.711343E+06   0.708062E+06  -0.175800E-01   0.469089E+06   0.469049E+06   0.472086E-01   0.164458E-04   0.659430E+00  -0.167077E+09
   0.285889E+00   0.693393E+06   0.690230E+06   0.518190E+00   0.518190E+00   0.169580E+05   0.689663E+06   0.692862E+06   0.689663E+06  -0.171232E-01   0.456900E+06   0.456862E+06   0.448859E-01   0.154497E-04   0.659429E+00  -0.159821E+09
   0.291010E+00   0.676698E+06   0.673669E+06   0.488079E+00   0.488079E+00   0.160340E+05   0.673066E+06   0.676190E+06   0.673066E+06  -0.167111E-01   0.445905E+06   0.445868E+06   0.424160E-01   0.145519E-04   0.659428E+00  -0.153230E+09
   0.296131E+00   0.661293E+06   0.658408E+06   0.460622E+00   0.460622E+00   0.151982E+05   0.657754E+06   0.660809E+06   0.657754E+06  -0.163309E-01   0.435762E+06   0.435726E+06   0.399867E-01   0.137333E-04   0.659427E+00  -0.147155E+09
   0.301252E+00   0.646616E+06   0.643867E+06   0.435224E+00   0.435224E+00   0.144323E+05   0.643164E+06   0.646154E+06   0.643164E+06  -0.159687E-01   0.426097E+06   0.426063E+06   0.377652E-01   0.129760E-04   0.659426E+00  -0.141445E+09
   0.306374E+00   0.632166E+06   0.629531E+06   0.411398E+00   0.411398E+00   0.137203E+05   0.628799E+06   0.631724E+06   0.628799E+06  -0.156120E-01   0.416580E+06   0.416548E+06   0.358594E-01   0.122656E-04   0.659425E+00  -0.135975E+09
   0.311495E+00   0.617611E+06   0.615059E+06   0.388821E+00   0.388821E+00   0.130504E+05   0.614323E+06   0.617182E+06   0.614323E+06  -0.152526E-01   0.406991E+06   0.406959E+06   0.343023E-01   0.115925E-04   0.659424E+00  -0.130660E+09
   0.316616E+00   0.602851E+06   0.600353E+06   0.367350E+00   0.367350E+00   0.124162E+05   0.599640E+06   0.602432E+06   0.599640E+06  -0.148881E-01   0.397263E+06   0.397232E+06   0.330572E-01   0.109524E-04   0.659423E+00  -0.125475E+09
   0.321737E+00   0.588008E+06   0.585541E+06   0.346987E+00   0.346987E+00   0.118158E+05   0.584869E+06   0.587594E+06   0.584869E+06  -0.145213E-01   0.387478E+06   0.387447E+06   0.320386E-01   0.103452E-04   0.659422E+00  -0.120436E+09
   0.326858E+00   0.573331E+06   0.570883E+06   0.327803E+00   0.327803E+00   0.112498E+05   0.570262E+06   0.572920E+06   0.570262E+06  -0.141587E-01   0.377801E+06   0.377771E+06   0.311402E-01   0.977331E-05   0.659422E+00  -0.115588E+09
   0.331979E+00   0.559102E+06   0.556672E+06   0.309877E+00   0.309877E+00   0.107191E+05   0.556100E+06   0.558694E+06   0.556100E+06  -0.138070E-01   0.368420E+06   0.368390E+06   0.302630E-01   0.923888E-05   0.659421E+00  -0.110979E+09
   0.337100E+00   0.545560E+06   0.543157E+06   0.293251E+00   0.293251E+00   0.102238E+05   0.542625E+06   0.545156E+06   0.542625E+06  -0.134725E-01   0.359493E+06   0.359463E+06   0.293370E-01   0.874324E-05   0.659420E+00  -0.106645E+09
   0.342222E+00   0.532859E+06   0.530496E+06   0.277915E+00   0.277915E+00   0.976212E+04   0.529988E+06   0.532462E+06   0.529988E+06  -0.131587E-01   0.351121E+06   0.351092E+06   0.283313E-01   0.828604E-05   0.659419E+00  -0.102603E+09
   0.347343E+00   0.521033E+06   0.518725E+06   0.263793E+00   0.263793E+00   0.933067E+04   0.518226E+06   0.520646E+06   0.518226E+06  -0.128667E-01   0.343329E+06   0.343300E+06   0.272532E-01   0.786507E-05   0.659419E+00  -0.988467E+08
   0.352464E+00   0.510002E+06   0.507759E+06   0.250761E+00   0.250761E+00   0.892462E+04   0.507256E+06   0.509625E+06   0.507256E+06  -0.125943E-01   0.336061E+06   0.336034E+06   0.261383E-01   0.747657E-05   0.659418E+00  -0.953485E+08
   0.357585E+00   0.499599E+06   0.497426E+06   0.238662E+00   0.238662E+00   0.853870E+04   0.496912E+06   0.499234E+06   0.496912E+06  -0.123375E-01   0.329209E+06   0.329182E+06   0.250354E-01   0.711591E-05   0.659418E+00  -0.920666E+08
   0.362706E+00   0.489631E+06   0.487527E+06   0.227344E+00   0.227344E+00   0.816845E+04   0.487001E+06   0.489278E+06   0.487001E+06  -0.120914E-01   0.322643E+06   0.322617E+06   0.239926E-01   0.677852E-05   0.659417E+00  -0.889564E+08
   0.367827E+00   0.479921E+06   0.477879E+06   0.216675E+00   0.216675E+00   0.781090E+04   0.477345E+06   0.479578E+06   0.477345E+06  -0.118517E-01   0.316246E+06   0.316221E+06   0.230447E-01   0.646047E-05   0.659417E+00  -0.859788E+08
   0.372948E+00   0.470334E+06   0.468344E+06   0.206556E+00   0.206556E+00   0.746459E+04   0.467811E+06   0.470000E+06   0.467811E+06  -0.116150E-01   0.309930E+06   0.309905E+06   0.222069E-01   0.615880E-05   0.659416E+00  -0.831047E+08
   0.378070E+00   0.460804E+06   0.458854E+06   0.196925E+00   0.196925E+00   0.712960E+04   0.458331E+06   0.460476E+06   0.458331E+06  -0.113796E-01   0.303650E+06   0.303625E+06   0.214741E-01   0.587168E-05   0.659415E+00  -0.803177E+08
   0.383191E+00   0.451339E+06   0.449421E+06   0.187759E+00   0.187759E+00   0.680705E+04   0.448915E+06   0.451017E+06   0.448915E+06  -0.111458E-01   0.297412E+06   0.297388E+06   0.208258E-01   0.559838E-05   0.659415E+00  -0.776163E+08
   0.388312E+00   0.442018E+06   0.440127E+06   0.179062E+00   0.179062E+00   0.649872E+04   0.439641E+06   0.441701E+06   0.439641E+06  -0.109156E-01   0.291268E+06   0.291245E+06   0.202337E-01   0.533910E-05   0.659415E+00  -0.750106E+08
   0.393433E+00   0.432935E+06   0.431068E+06   0.170846E+00   0.170846E+00   0.620596E+04   0.430604E+06   0.432622E+06   0.430604E+06  -0.106912E-01   0.285281E+06   0.285258E+06   0.196690E-01   0.509412E-05   0.659414E+00  -0.725124E+08
   0.398554E+00   0.424164E+06   0.422322E+06   0.163110E+00   0.163110E+00   0.592937E+04   0.421877E+06   0.423854E+06   0.421877E+06  -0.104745E-01   0.279500E+06   0.279477E+06   0.191082E-01   0.486346E-05   0.659414E+00  -0.701300E+08
   0.403675E+00   0.415754E+06   0.413942E+06   0.155845E+00   0.155845E+00   0.566891E+04   0.413511E+06   0.415450E+06   0.413511E+06  -0.102668E-01   0.273957E+06   0.273935E+06   0.185382E-01   0.464685E-05   0.659413E+00  -0.678673E+08
   0.408796E+00   0.407736E+06   0.405957E+06   0.149034E+00   0.149034E+00   0.542414E+04   0.405535E+06   0.407437E+06   0.405535E+06  -0.100688E-01   0.268673E+06   0.268651E+06   0.179570E-01   0.444376E-05   0.659413E+00  -0.657245E+08
   0.413918E+00   0.400100E+06   0.398359E+06   0.142646E+00   0.142646E+00   0.519423E+04   0.397940E+06   0.399808E+06   0.397940E+06  -0.988020E-02   0.263642E+06   0.263621E+06   0.173715E-01   0.425333E-05   0.659412E+00  -0.636958E+08
   0.419039E+00   0.392797E+06   0.391095E+06   0.136641E+00   0.136641E+00   0.497785E+04   0.390677E+06   0.392511E+06   0.390677E+06  -0.969987E-02   0.258830E+06   0.258809E+06   0.167939E-01   0.407427E-05   0.659412E+00  -0.617691E+08
   0.424160E+00   0.385753E+06   0.384090E+06   0.130970E+00   0.130970E+00   0.477361E+04   0.383672E+06   0.385474E+06   0.383672E+06  -0.952595E-02   0.254190E+06   0.254169E+06   0.162372E-01   0.390519E-05   0.659412E+00  -0.599292E+08
   0.429281E+00   0.378903E+06   0.377277E+06   0.125594E+00   0.125594E+00   0.458028E+04   0.376860E+06   0.378630E+06   0.376860E+06  -0.935681E-02   0.249677E+06   0.249656E+06   0.157124E-01   0.374488E-05   0.659411E+00  -0.581629E+08
   0.434402E+00   0.372201E+06   0.370609E+06   0.120481E+00   0.120481E+00   0.439700E+04   0.370194E+06   0.371934E+06   0.370194E+06  -0.919131E-02   0.245261E+06   0.245241E+06   0.152257E-01   0.359242E-05   0.659411E+00  -0.564606E+08
   0.439523E+00   0.365616E+06   0.364054E+06   0.115608E+00   0.115608E+00   0.422314E+04   0.363645E+06   0.365354E+06   0.363645E+06  -0.902870E-02   0.240922E+06   0.240902E+06   0.147777E-01   0.344712E-05   0.659410E+00  -0.548156E+08
   0.444644E+00   0.359135E+06   0.357599E+06   0.110958E+00   0.110958E+00   0.405829E+04   0.357198E+06   0.358877E+06   0.357198E+06  -0.886863E-02   0.236651E+06   0.236632E+06   0.143640E-01   0.330846E-05   0.659410E+00  -0.532237E+08
   0.449766E+00   0.352766E+06   0.351253E+06   0.106522E+00   0.106522E+00   0.390233E+04   0.350862E+06   0.352512E+06   0.350862E+06  -0.871132E-02   0.232453E+06   0.232434E+06   0.139769E-01   0.317619E-05   0.659410E+00  -0.516843E+08
   0.454887E+00   0.346535E+06   0.345044E+06   0.102297E+00   0.102297E+00   0.375526E+04   0.344663E+06   0.346284E+06   0.344663E+06  -0.855742E-02   0.228346E+06   0.228328E+06   0.136079E-01   0.305022E-05   0.659409E+00  -0.501997E+08
   0.460008E+00   0.340473E+06   0.339004E+06   0.982822E-01   0.982822E-01   0.361707E+04   0.338633E+06   0.340226E+06   0.338633E+06  -0.840770E-02   0.224351E+06   0.224333E+06   0.132497E-01   0.293050E-05   0.659409E+00  -0.487724E+08
   0.465129E+00   0.334602E+06   0.333155E+06   0.944721E-01   0.944721E-01   0.348747E+04   0.332793E+06   0.334359E+06   0.332793E+06  -0.826270E-02   0.220482E+06   0.220464E+06   0.128971E-01   0.281689E-05   0.659409E+00  -0.474035E+08
   0.470250E+00   0.328928E+06   0.327504E+06   0.908584E-01   0.908584E-01   0.336588E+04   0.327150E+06   0.328689E+06   0.327150E+06  -0.812258E-02   0.216744E+06   0.216726E+06   0.125479E-01   0.270914E-05   0.659409E+00  -0.460922E+08
   0.475371E+00   0.323446E+06   0.322046E+06   0.874294E-01   0.874294E-01   0.325151E+04   0.321697E+06   0.323211E+06   0.321697E+06  -0.798720E-02   0.213131E+06   0.213114E+06   0.122024E-01   0.260689E-05   0.659408E+00  -0.448357E+08
   0.480492E+00   0.318144E+06   0.316769E+06   0.841729E-01   0.841729E-01   0.314348E+04   0.316423E+06   0.317913E+06   0.316423E+06  -0.785627E-02   0.209637E+06   0.209620E+06   0.118633E-01   0.250980E-05   0.659408E+00  -0.436307E+08
   0.485614E+00   0.313005E+06   0.311656E+06   0.810762E-01   0.810762E-01   0.304094E+04   0.311313E+06   0.312779E+06   0.311313E+06  -0.772939E-02   0.206252E+06   0.206235E+06   0.115341E-01   0.241746E-05   0.659408E+00  -0.424734E+08
   0.490735E+00   0.308009E+06   0.306683E+06   0.781255E-01   0.781255E-01   0.294308E+04   0.306343E+06   0.307786E+06   0.306343E+06  -0.760600E-02   0.202959E+06   0.202943E+06   0.112179E-01   0.232949E-05   0.659407E+00  -0.413592E+08
   0.495856E+00   0.303128E+06   0.301825E+06   0.753076E-01   0.753076E-01   0.284920E+04   0.301489E+06   0.302909E+06   0.301489E+06  -0.748548E-02   0.199743E+06   0.199727E+06   0.109169E-01   0.224547E-05   0.659407E+00  -0.402835E+08
   0.500977E+00   0.298345E+06   0.297064E+06   0.726118E-01   0.726118E-01   0.275878E+04   0.296732E+06   0.298130E+06   0.296732E+06  -0.736736E-02   0.196592E+06   0.196576E+06   0.106316E-01   0.216509E-05   0.659407E+00  -0.392425E+08
   0.506098E+00   0.293654E+06   0.292393E+06   0.700310E-01   0.700310E-01   0.267150E+04   0.292066E+06   0.293442E+06   0.292066E+06  -0.725152E-02   0.193500E+06   0.193485E+06   0.103613E-01   0.208815E-05   0.659407E+00  -0.382347E+08
   0.511219E+00   0.289058E+06   0.287817E+06   0.675609E-01   0.675609E-01   0.258707E+04   0.287495E+06   0.288850E+06   0.287495E+06  -0.713803E-02   0.190472E+06   0.190457E+06   0.101043E-01   0.201450E-05   0.659406E+00  -0.372593E+08
   0.516340E+00   0.284562E+06   0.283338E+06   0.651970E-01   0.651970E-01   0.250522E+04   0.283022E+06   0.284356E+06   0.283022E+06  -0.702698E-02   0.187509E+06   0.187494E+06   0.985814E-02   0.194402E-05   0.659406E+00  -0.363158E+08
   0.521462E+00   0.280166E+06   0.278960E+06   0.629353E-01   0.629353E-01   0.242564E+04   0.278650E+06   0.279963E+06   0.278650E+06  -0.691842E-02   0.184612E+06   0.184597E+06   0.962026E-02   0.187659E-05   0.659406E+00  -0.354037E+08
   0.526583E+00   0.275877E+06   0.274688E+06   0.607722E-01   0.607722E-01   0.234807E+04   0.274384E+06   0.275677E+06   0.274384E+06  -0.681249E-02   0.181786E+06   0.181771E+06   0.938873E-02   0.181210E-05   0.659406E+00  -0.345226E+08
   0.531704E+00   0.271701E+06   0.270529E+06   0.587049E-01   0.587049E-01   0.227235E+04   0.270230E+06   0.271504E+06   0.270230E+06  -0.670937E-02   0.179034E+06   0.179019E+06   0.916243E-02   0.175047E-05   0.659406E+00  -0.336725E+08
   0.536825E+00   0.267641E+06   0.266486E+06   0.567296E-01   0.567296E-01   0.219834E+04   0.266192E+06   0.267447E+06   0.266192E+06  -0.660910E-02   0.176358E+06   0.176344E+06   0.894099E-02   0.169157E-05   0.659405E+00  -0.328529E+08
   0.541946E+00   0.263689E+06   0.262552E+06   0.548407E-01   0.548407E-01   0.212601E+04   0.262261E+06   0.263498E+06   0.262261E+06  -0.651152E-02   0.173755E+06   0.173741E+06   0.872467E-02   0.163526E-05   0.659405E+00  -0.320620E+08
   0.547067E+00   0.259837E+06   0.258717E+06   0.530325E-01   0.530325E-01   0.205538E+04   0.258430E+06   0.259649E+06   0.258430E+06  -0.641638E-02   0.171216E+06   0.171202E+06   0.851408E-02   0.158135E-05   0.659405E+00  -0.312978E+08
   0.559946E+00   0.250549E+06   0.249472E+06   0.488118E-01   0.488118E-01   0.188651E+04   0.249192E+06   0.250368E+06   0.249192E+06  -0.618703E-02   0.165096E+06   0.165083E+06   0.801472E-02   0.145550E-05   0.659405E+00  -0.294850E+08
   0.593872E+00   0.228301E+06   0.227318E+06   0.395408E-01   0.395408E-01   0.152364E+04   0.227064E+06   0.228136E+06   0.227064E+06  -0.563761E-02   0.150436E+06   0.150424E+06   0.690096E-02   0.117904E-05   0.659404E+00  -0.253319E+08
   0.629853E+00   0.207974E+06   0.207079E+06   0.320224E-01   0.320224E-01   0.126369E+04   0.206846E+06   0.207824E+06   0.206846E+06  -0.513565E-02   0.137042E+06   0.137030E+06   0.593182E-02   0.954850E-06   0.659403E+00  -0.217582E+08
   0.879031E+00   0.121575E+06   0.121052E+06   0.961081E-02   0.961081E-02   0.402924E+03   0.120914E+06   0.121487E+06   0.120914E+06  -0.300210E-02   0.801097E+05   0.801031E+05   0.251563E-02   0.286590E-06   0.659399E+00  -0.911362E+07
   0.122679E+01   0.702109E+05   0.699087E+05   0.284964E-02   0.284964E-02   0.122370E+03   0.698287E+05   0.701602E+05   0.698287E+05  -0.173373E-02   0.462640E+05   0.462601E+05   0.106638E-02   0.849755E-07   0.659397E+00  -0.377124E+07
   0.171212E+01   0.401260E+05   0.399532E+05   0.836145E-03   0.836145E-03   0.365662E+02   0.399074E+05   0.400970E+05   0.399074E+05  -0.990835E-03   0.264402E+05   0.264378E+05   0.457184E-03   0.249340E-07   0.659395E+00  -0.154433E+07
   0.238945E+01   0.227269E+05   0.226287E+05   0.243145E-03   0.243145E-03   0.108461E+02   0.226030E+05   0.227104E+05   0.226030E+05  -0.561194E-03   0.149753E+05   0.149739E+05   0.201828E-03   0.725066E-08   0.659394E+00  -0.626739E+06
