#          k/h    CDM            baryon         photon         nu             mass_nu        total          no_nu          total_de       Weyl           v_CDM          v_b            v_b-v_c        ISW            log_grow       pert_vel    
   0.994668E-05   0.119690E+08   0.119690E+08   0.159429E+08   0.159424E+08   0.119711E+08   0.119690E+08   0.119690E+08   0.119733E+08  -0.297594E+00   0.168539E+08   0.168539E+08   0.671894E+01   0.640151E+06  -0.635061E+00  -0.169449E+15
   0.109829E-04   0.119714E+08   0.119714E+08   0.159425E+08   0.159420E+08   0.119735E+08   0.119714E+08   0.119714E+08   0.119756E+08  -0.297652E+00   0.168547E+08   0.168547E+08   0.741871E+01   0.525034E+06  -0.634687E+00  -0.153468E+15
   0.121272E-04   0.119742E+08   0.119742E+08   0.159421E+08   0.159415E+08   0.119763E+08   0.119743E+08   0.119742E+08   0.119785E+08  -0.297724E+00   0.168557E+08   0.168557E+08   0.819132E+01   0.430614E+06  -0.634231E+00  -0.138996E+15
   0.133906E-04   0.119777E+08   0.119777E+08   0.159416E+08   0.159409E+08   0.119798E+08   0.119778E+08   0.119777E+08   0.119820E+08  -0.297810E+00   0.168570E+08   0.168570E+08   0.904431E+01   0.353172E+06  -0.633675E+00  -0.125891E+15
   0.147857E-04   0.119820E+08   0.119820E+08   0.159410E+08   0.159401E+08   0.119840E+08   0.119820E+08   0.119820E+08   0.119863E+08  -0.297916E+00   0.168584E+08   0.168584E+08   0.998603E+01   0.289653E+06  -0.632998E+00  -0.114023E+15
   0.163261E-04   0.119872E+08   0.119872E+08   0.159403E+08   0.159391E+08   0.119892E+08   0.119872E+08   0.119872E+08   0.119915E+08  -0.298045E+00   0.168603E+08   0.168603E+08   0.110257E+02   0.237556E+06  -0.632174E+00  -0.103276E+15
   0.180270E-04   0.119935E+08   0.119935E+08   0.159394E+08   0.159380E+08   0.119955E+08   0.119935E+08   0.119935E+08   0.119978E+08  -0.298202E+00   0.168625E+08   0.168625E+08   0.121734E+02   0.194826E+06  -0.631171E+00  -0.935437E+14
   0.199051E-04   0.120013E+08   0.120012E+08   0.159383E+08   0.159366E+08   0.120032E+08   0.120013E+08   0.120013E+08   0.120055E+08  -0.298394E+00   0.168652E+08   0.168652E+08   0.134403E+02   0.159779E+06  -0.629949E+00  -0.847313E+14
   0.219788E-04   0.120107E+08   0.120106E+08   0.159370E+08   0.159349E+08   0.120126E+08   0.120107E+08   0.120107E+08   0.120149E+08  -0.298627E+00   0.168685E+08   0.168685E+08   0.148388E+02   0.131033E+06  -0.628463E+00  -0.767517E+14
   0.242687E-04   0.120221E+08   0.120221E+08   0.159353E+08   0.159327E+08   0.120240E+08   0.120221E+08   0.120221E+08   0.120264E+08  -0.298911E+00   0.168725E+08   0.168725E+08   0.163824E+02   0.107456E+06  -0.626656E+00  -0.695265E+14
   0.267970E-04   0.120360E+08   0.120360E+08   0.159333E+08   0.159302E+08   0.120379E+08   0.120361E+08   0.120360E+08   0.120403E+08  -0.299258E+00   0.168774E+08   0.168774E+08   0.180859E+02   0.881180E+05  -0.624459E+00  -0.629847E+14
   0.295888E-04   0.120530E+08   0.120530E+08   0.159308E+08   0.159270E+08   0.120548E+08   0.120530E+08   0.120530E+08   0.120573E+08  -0.299679E+00   0.168834E+08   0.168834E+08   0.199658E+02   0.722572E+05  -0.621791E+00  -0.570621E+14
   0.326714E-04   0.120737E+08   0.120737E+08   0.159278E+08   0.159231E+08   0.120754E+08   0.120737E+08   0.120737E+08   0.120780E+08  -0.300192E+00   0.168906E+08   0.168906E+08   0.220401E+02   0.592482E+05  -0.618551E+00  -0.517003E+14
   0.360752E-04   0.120988E+08   0.120988E+08   0.159240E+08   0.159184E+08   0.121004E+08   0.120988E+08   0.120988E+08   0.121031E+08  -0.300816E+00   0.168994E+08   0.168994E+08   0.243285E+02   0.485782E+05  -0.614624E+00  -0.468466E+14
   0.398336E-04   0.121294E+08   0.121294E+08   0.159194E+08   0.159125E+08   0.121309E+08   0.121294E+08   0.121294E+08   0.121337E+08  -0.301575E+00   0.169101E+08   0.169101E+08   0.268526E+02   0.398267E+05  -0.609867E+00  -0.424534E+14
   0.439836E-04   0.121666E+08   0.121666E+08   0.159137E+08   0.159053E+08   0.121679E+08   0.121666E+08   0.121666E+08   0.121709E+08  -0.302498E+00   0.169231E+08   0.169231E+08   0.296360E+02   0.326487E+05  -0.604113E+00  -0.384773E+14
   0.485659E-04   0.122118E+08   0.122117E+08   0.159067E+08   0.158965E+08   0.122129E+08   0.122118E+08   0.122118E+08   0.122160E+08  -0.303619E+00   0.169388E+08   0.169388E+08   0.327045E+02   0.267613E+05  -0.597167E+00  -0.348793E+14
   0.536256E-04   0.122666E+08   0.122666E+08   0.158979E+08   0.158855E+08   0.122675E+08   0.122666E+08   0.122666E+08   0.122708E+08  -0.304980E+00   0.169579E+08   0.169579E+08   0.360861E+02   0.219325E+05  -0.588797E+00  -0.316240E+14
   0.592125E-04   0.123331E+08   0.123330E+08   0.158870E+08   0.158719E+08   0.123337E+08   0.123331E+08   0.123331E+08   0.123373E+08  -0.306630E+00   0.169811E+08   0.169811E+08   0.398111E+02   0.179720E+05  -0.578739E+00  -0.286792E+14
   0.653814E-04   0.124136E+08   0.124136E+08   0.158733E+08   0.158550E+08   0.124139E+08   0.124136E+08   0.124136E+08   0.124178E+08  -0.308629E+00   0.170090E+08   0.170090E+08   0.439124E+02   0.147235E+05  -0.566687E+00  -0.260160E+14
   0.721930E-04   0.125110E+08   0.125110E+08   0.158561E+08   0.158338E+08   0.125109E+08   0.125110E+08   0.125110E+08   0.125152E+08  -0.311047E+00   0.170427E+08   0.170427E+08   0.484249E+02   0.120591E+05  -0.552298E+00  -0.236080E+14
   0.797142E-04   0.126286E+08   0.126286E+08   0.158345E+08   0.158074E+08   0.126280E+08   0.126286E+08   0.126286E+08   0.126328E+08  -0.313966E+00   0.170832E+08   0.170832E+08   0.533860E+02   0.987377E+04  -0.535195E+00  -0.214314E+14
   0.880190E-04   0.127703E+08   0.127702E+08   0.158069E+08   0.157741E+08   0.127691E+08   0.127703E+08   0.127703E+08   0.127745E+08  -0.317483E+00   0.171319E+08   0.171319E+08   0.588351E+02   0.808137E+04  -0.514970E+00  -0.194646E+14
   0.971891E-04   0.129406E+08   0.129405E+08   0.157718E+08   0.157321E+08   0.129387E+08   0.129406E+08   0.129406E+08   0.129448E+08  -0.321710E+00   0.171901E+08   0.171901E+08   0.648132E+02   0.661127E+04  -0.491198E+00  -0.176879E+14
   0.107314E-03   0.131446E+08   0.131445E+08   0.157267E+08   0.156787E+08   0.131418E+08   0.131446E+08   0.131446E+08   0.131488E+08  -0.326773E+00   0.172593E+08   0.172593E+08   0.713620E+02   0.540552E+04  -0.463457E+00  -0.160835E+14
   0.118495E-03   0.133881E+08   0.133880E+08   0.156685E+08   0.156107E+08   0.133843E+08   0.133881E+08   0.133881E+08   0.133923E+08  -0.332817E+00   0.173413E+08   0.173413E+08   0.785235E+02   0.441663E+04  -0.431356E+00  -0.146352E+14
   0.130840E-03   0.136774E+08   0.136773E+08   0.155931E+08   0.155235E+08   0.136723E+08   0.136774E+08   0.136774E+08   0.136815E+08  -0.339998E+00   0.174378E+08   0.174378E+08   0.863378E+02   0.360563E+04  -0.394568E+00  -0.133281E+14
   0.144471E-03   0.140192E+08   0.140191E+08   0.154950E+08   0.154114E+08   0.140125E+08   0.140192E+08   0.140192E+08   0.140233E+08  -0.348481E+00   0.175504E+08   0.175504E+08   0.948415E+02   0.294057E+04  -0.352877E+00  -0.121485E+14
   0.159522E-03   0.144204E+08   0.144202E+08   0.153667E+08   0.152668E+08   0.144117E+08   0.144203E+08   0.144203E+08   0.144244E+08  -0.358437E+00   0.176806E+08   0.176806E+08   0.104065E+03   0.239525E+04  -0.306219E+00  -0.110839E+14
   0.176142E-03   0.148873E+08   0.148871E+08   0.151988E+08   0.150800E+08   0.148762E+08   0.148872E+08   0.148872E+08   0.148912E+08  -0.370025E+00   0.178294E+08   0.178294E+08   0.114028E+03   0.194819E+04  -0.254731E+00  -0.101226E+14
   0.194493E-03   0.154254E+08   0.154252E+08   0.149792E+08   0.148385E+08   0.154115E+08   0.154253E+08   0.154254E+08   0.154293E+08  -0.383380E+00   0.179970E+08   0.179969E+08   0.124736E+03   0.158179E+04  -0.198781E+00  -0.925364E+13
   0.214755E-03   0.160384E+08   0.160381E+08   0.146925E+08   0.145270E+08   0.160209E+08   0.160382E+08   0.160383E+08   0.160422E+08  -0.398592E+00   0.181825E+08   0.181824E+08   0.136173E+03   0.128161E+04  -0.138988E+00  -0.846690E+13
   0.237129E-03   0.167267E+08   0.167263E+08   0.143203E+08   0.141272E+08   0.167049E+08   0.167265E+08   0.167266E+08   0.167303E+08  -0.415672E+00   0.183834E+08   0.183833E+08   0.148293E+03   0.103580E+04  -0.762037E-01  -0.775277E+13
   0.261834E-03   0.174866E+08   0.174861E+08   0.138415E+08   0.136185E+08   0.174596E+08   0.174864E+08   0.174865E+08   0.174901E+08  -0.434527E+00   0.185955E+08   0.185954E+08   0.161014E+03   0.834693E+03  -0.114746E-01  -0.710229E+13
   0.289112E-03   0.183090E+08   0.183084E+08   0.132337E+08   0.129794E+08   0.182757E+08   0.183087E+08   0.183089E+08   0.183122E+08  -0.454932E+00   0.188125E+08   0.188123E+08   0.174203E+03   0.670346E+03   0.540233E-01  -0.650721E+13
   0.319233E-03   0.191786E+08   0.191779E+08   0.124767E+08   0.121910E+08   0.191376E+08   0.191783E+08   0.191785E+08   0.191816E+08  -0.476506E+00   0.190260E+08   0.190258E+08   0.187673E+03   0.536282E+03   0.119069E+00  -0.596012E+13
   0.352491E-03   0.200741E+08   0.200734E+08   0.115565E+08   0.112417E+08   0.200238E+08   0.200738E+08   0.200740E+08   0.200768E+08  -0.498720E+00   0.192263E+08   0.192261E+08   0.201164E+03   0.427207E+03   0.182484E+00  -0.545459E+13
   0.389215E-03   0.209694E+08   0.209685E+08   0.104732E+08   0.101346E+08   0.209078E+08   0.209690E+08   0.209693E+08   0.209718E+08  -0.520925E+00   0.194032E+08   0.194029E+08   0.214345E+03   0.338787E+03   0.243211E+00  -0.498538E+13
   0.429764E-03   0.218359E+08   0.218348E+08   0.924779E+07   0.889463E+07   0.217605E+08   0.218354E+08   0.218357E+08   0.218378E+08  -0.542410E+00   0.195471E+08   0.195468E+08   0.226804E+03   0.267454E+03   0.300375E+00  -0.454849E+13
   0.474538E-03   0.226457E+08   0.226444E+08   0.792904E+07   0.757498E+07   0.225536E+08   0.226450E+08   0.226455E+08   0.226471E+08  -0.562485E+00   0.196506E+08   0.196503E+08   0.238065E+03   0.210242E+03   0.353318E+00  -0.414115E+13
   0.523976E-03   0.233751E+08   0.233736E+08   0.659451E+07   0.625767E+07   0.232628E+08   0.233743E+08   0.233748E+08   0.233760E+08  -0.580562E+00   0.197096E+08   0.197092E+08   0.247600E+03   0.164663E+03   0.401619E+00  -0.376166E+13
   0.578566E-03   0.240073E+08   0.240055E+08   0.534334E+07   0.504504E+07   0.238707E+08   0.240064E+08   0.240070E+08   0.240078E+08  -0.596224E+00   0.197232E+08   0.197227E+08   0.254866E+03   0.128603E+03   0.445076E+00  -0.340909E+13
   0.638842E-03   0.245337E+08   0.245317E+08   0.427674E+07   0.403878E+07   0.243676E+08   0.245326E+08   0.245334E+08   0.245337E+08  -0.609260E+00   0.196943E+08   0.196938E+08   0.259364E+03   0.100268E+03   0.483687E+00  -0.308291E+13
   0.705398E-03   0.249537E+08   0.249514E+08   0.346771E+07   0.330790E+07   0.247523E+08   0.249524E+08   0.249533E+08   0.249533E+08  -0.619656E+00   0.196284E+08   0.196279E+08   0.260693E+03   0.781340E+02   0.517607E+00  -0.278269E+13
   0.778888E-03   0.252734E+08   0.252707E+08   0.292764E+07   0.285442E+07   0.250296E+08   0.252718E+08   0.252729E+08   0.252726E+08  -0.627564E+00   0.195328E+08   0.195322E+08   0.258625E+03   0.609260E+02   0.547110E+00  -0.250786E+13
   0.860035E-03   0.255032E+08   0.255002E+08   0.258738E+07   0.259559E+07   0.252087E+08   0.255013E+08   0.255027E+08   0.255020E+08  -0.633245E+00   0.194152E+08   0.194145E+08   0.253137E+03   0.475888E+02   0.572547E+00  -0.225756E+13
   0.949635E-03   0.256560E+08   0.256527E+08   0.231541E+07   0.238628E+07   0.253011E+08   0.256538E+08   0.256555E+08   0.256544E+08  -0.637017E+00   0.192828E+08   0.192821E+08   0.244421E+03   0.372653E+02   0.594312E+00  -0.203061E+13
   0.104857E-02   0.257449E+08   0.257413E+08   0.198462E+07   0.209253E+07   0.253182E+08   0.257422E+08   0.257443E+08   0.257428E+08  -0.639202E+00   0.191417E+08   0.191409E+08   0.232826E+03   0.292712E+02   0.612813E+00  -0.182556E+13
   0.115781E-02   0.257818E+08   0.257780E+08   0.156089E+07   0.168564E+07   0.252706E+08   0.257788E+08   0.257812E+08   0.257792E+08  -0.640100E+00   0.189965E+08   0.189957E+08   0.218791E+03   0.230696E+02   0.628449E+00  -0.164077E+13
   0.127844E-02   0.257772E+08   0.257732E+08   0.113696E+07   0.127385E+07   0.251670E+08   0.257736E+08   0.257765E+08   0.257740E+08  -0.639963E+00   0.188503E+08   0.188495E+08   0.202806E+03   0.182453E+02   0.641599E+00  -0.147453E+13
   0.141163E-02   0.257390E+08   0.257349E+08   0.839838E+06   0.997637E+06   0.250147E+08   0.257349E+08   0.257383E+08   0.257351E+08  -0.638992E+00   0.187048E+08   0.187040E+08   0.185464E+03   0.144803E+02   0.652614E+00  -0.132509E+13
   0.155869E-02   0.256733E+08   0.256691E+08   0.673197E+06   0.645929E+06   0.248186E+08   0.256685E+08   0.256726E+08   0.256687E+08  -0.637335E+00   0.185603E+08   0.185596E+08   0.167534E+03   0.115301E+02   0.661806E+00  -0.119080E+13
   0.172108E-02   0.255841E+08   0.255799E+08   0.515947E+06   0.527949E+06   0.245818E+08   0.255786E+08   0.255834E+08   0.255788E+08  -0.635099E+00   0.184166E+08   0.184158E+08   0.149922E+03   0.921001E+01   0.669453E+00  -0.107009E+13
   0.190039E-02   0.254739E+08   0.254697E+08   0.341636E+06   0.431158E+06   0.243068E+08   0.254677E+08   0.254732E+08   0.254678E+08  -0.632340E+00   0.182723E+08   0.182715E+08   0.133461E+03   0.737595E+01   0.675797E+00  -0.961530E+12
   0.209838E-02   0.253440E+08   0.253399E+08   0.265871E+06   0.351831E+06   0.239953E+08   0.253370E+08   0.253433E+08   0.253370E+08  -0.629090E+00   0.181259E+08   0.181252E+08   0.118750E+03   0.592031E+01   0.681048E+00  -0.863832E+12
   0.231699E-02   0.251947E+08   0.251905E+08   0.255662E+06   0.286871E+06   0.236484E+08   0.251867E+08   0.251940E+08   0.251868E+08  -0.625357E+00   0.179756E+08   0.179748E+08   0.106131E+03   0.476104E+01   0.685386E+00  -0.775838E+12
   0.255838E-02   0.250256E+08   0.250213E+08   0.201990E+06   0.233711E+06   0.232669E+08   0.250166E+08   0.250249E+08   0.250167E+08  -0.621132E+00   0.178193E+08   0.178186E+08   0.955845E+02   0.383421E+01   0.688964E+00  -0.696528E+12
   0.282492E-02   0.248358E+08   0.248313E+08   0.179225E+06   0.190235E+06   0.228513E+08   0.248257E+08   0.248351E+08   0.248257E+08  -0.616389E+00   0.176550E+08   0.176543E+08   0.866487E+02   0.309097E+01   0.691909E+00  -0.624992E+12
   0.311923E-02   0.246240E+08   0.246193E+08   0.139270E+06   0.154699E+06   0.224010E+08   0.246127E+08   0.246232E+08   0.246127E+08  -0.611100E+00   0.174805E+08   0.174798E+08   0.786853E+02   0.249354E+01   0.694329E+00  -0.560430E+12
   0.344419E-02   0.243888E+08   0.243838E+08   0.101831E+06   0.125672E+06   0.219152E+08   0.243763E+08   0.243880E+08   0.243763E+08  -0.605228E+00   0.172940E+08   0.172933E+08   0.711650E+02   0.201216E+01   0.696316E+00  -0.502135E+12
   0.380302E-02   0.241286E+08   0.241233E+08   0.718786E+05   0.101976E+06   0.213925E+08   0.241147E+08   0.241277E+08   0.241148E+08  -0.598734E+00   0.170934E+08   0.170927E+08   0.639585E+02   0.162376E+01   0.697944E+00  -0.449483E+12
   0.419923E-02   0.238416E+08   0.238360E+08   0.692341E+05   0.826452E+05   0.208316E+08   0.238264E+08   0.238407E+08   0.238265E+08  -0.591576E+00   0.168769E+08   0.168762E+08   0.573129E+02   0.130995E+01   0.699275E+00  -0.401918E+12
   0.463671E-02   0.235262E+08   0.235202E+08   0.567899E+05   0.668884E+05   0.202316E+08   0.235096E+08   0.235252E+08   0.235096E+08  -0.583709E+00   0.166428E+08   0.166421E+08   0.514913E+02   0.105620E+01   0.700361E+00  -0.358946E+12
   0.511978E-02   0.231806E+08   0.231740E+08   0.403176E+05   0.540554E+05   0.195934E+08   0.231625E+08   0.231795E+08   0.231625E+08  -0.575090E+00   0.163893E+08   0.163886E+08   0.464130E+02   0.850911E+00   0.701245E+00  -0.320126E+12
   0.565317E-02   0.228036E+08   0.227964E+08   0.318962E+05   0.436148E+05   0.188928E+08   0.227839E+08   0.228024E+08   0.227839E+08  -0.565689E+00   0.161152E+08   0.161145E+08   0.417796E+02   0.684789E+00   0.701960E+00  -0.285073E+12
   0.624213E-02   0.223921E+08   0.223842E+08   0.239252E+05   0.351270E+05   0.181619E+08   0.223708E+08   0.223908E+08   0.223708E+08  -0.555432E+00   0.158181E+08   0.158174E+08   0.374978E+02   0.550355E+00   0.702539E+00  -0.253416E+12
   0.689245E-02   0.219449E+08   0.219362E+08   0.147610E+05   0.282355E+05   0.173879E+08   0.219219E+08   0.219435E+08   0.219219E+08  -0.544286E+00   0.154968E+08   0.154961E+08   0.337001E+02   0.441607E+00   0.703003E+00  -0.224844E+12
   0.761052E-02   0.214603E+08   0.214505E+08   0.994245E+04   0.226470E+05   0.165792E+08   0.214356E+08   0.214587E+08   0.214356E+08  -0.532212E+00   0.151500E+08   0.151494E+08   0.303353E+02   0.353689E+00   0.703373E+00  -0.199073E+12
   0.840340E-02   0.209365E+08   0.209254E+08   0.114215E+05   0.181214E+05   0.157437E+08   0.209101E+08   0.209346E+08   0.209101E+08  -0.519164E+00   0.147763E+08   0.147756E+08   0.272813E+02   0.282673E+00   0.703668E+00  -0.175843E+12
   0.927889E-02   0.203719E+08   0.203593E+08   0.725448E+04   0.144621E+05   0.148807E+08   0.203438E+08   0.203697E+08   0.203438E+08  -0.505103E+00   0.143744E+08   0.143737E+08   0.245671E+02   0.225372E+00   0.703899E+00  -0.154920E+12
   0.102456E-01   0.197648E+08   0.197505E+08   0.613485E+04   0.115081E+05   0.139901E+08   0.197351E+08   0.197624E+08   0.197351E+08  -0.489991E+00   0.139431E+08   0.139424E+08   0.221463E+02   0.179194E+00   0.704077E+00  -0.136093E+12
   0.113130E-01   0.191138E+08   0.190974E+08   0.466228E+04   0.912782E+04   0.130784E+08   0.190825E+08   0.191111E+08   0.190825E+08  -0.473788E+00   0.134811E+08   0.134805E+08   0.199872E+02   0.142037E+00   0.704213E+00  -0.119168E+12
   0.124916E-01   0.184173E+08   0.183986E+08   0.401580E+04   0.721360E+04   0.121532E+08   0.183845E+08   0.184142E+08   0.183845E+08  -0.456458E+00   0.129874E+08   0.129868E+08   0.180669E+02   0.112190E+00   0.704313E+00  -0.103972E+12
   0.137930E-01   0.176742E+08   0.176527E+08   0.261141E+04   0.567766E+04   0.112202E+08   0.176401E+08   0.176706E+08   0.176401E+08  -0.437974E+00   0.124612E+08   0.124605E+08   0.163569E+02   0.882639E-01   0.704385E+00  -0.903464E+11
   0.152300E-01   0.168838E+08   0.168593E+08   0.295047E+04   0.444838E+04   0.102819E+08   0.168485E+08   0.168797E+08   0.168485E+08  -0.418321E+00   0.119018E+08   0.119011E+08   0.148299E+02   0.691295E-01   0.704432E+00  -0.781493E+11
   0.168167E-01   0.160651E+08   0.160372E+08   0.186279E+04   0.347146E+04   0.935948E+07   0.160287E+08   0.160604E+08   0.160287E+08  -0.397966E+00   0.113227E+08   0.113220E+08   0.134720E+02   0.539329E-01   0.704461E+00  -0.673318E+11
   0.185687E-01   0.151862E+08   0.151547E+08   0.124215E+04   0.269136E+04   0.843838E+07   0.151490E+08   0.151809E+08   0.151490E+08  -0.376126E+00   0.107014E+08   0.107007E+08   0.122351E+02   0.418044E-01   0.704475E+00  -0.576329E+11
   0.205033E-01   0.142662E+08   0.142308E+08   0.165241E+04   0.207357E+04   0.753703E+07   0.142284E+08   0.142603E+08   0.142284E+08  -0.353269E+00   0.100513E+08   0.100506E+08   0.111026E+02   0.322035E-01   0.704476E+00  -0.490242E+11
   0.226393E-01   0.132977E+08   0.132585E+08   0.980948E+03   0.158515E+04   0.665739E+07   0.132597E+08   0.132911E+08   0.132597E+08  -0.329217E+00   0.936720E+07   0.936652E+07   0.100423E+02   0.246156E-01   0.704467E+00  -0.413768E+11
   0.249980E-01   0.123153E+08   0.122725E+08   0.726844E+03   0.120398E+04   0.582276E+07   0.122774E+08   0.123081E+08   0.122774E+08  -0.304828E+00   0.867356E+07   0.867288E+07   0.903742E+01   0.186954E-01   0.704450E+00  -0.346979E+11
   0.276023E-01   0.113307E+08   0.112848E+08   0.601029E+03   0.908463E+03   0.504101E+07   0.112932E+08   0.113230E+08   0.112932E+08  -0.280393E+00   0.797859E+07   0.797792E+07   0.806556E+01   0.141063E-01   0.704428E+00  -0.289062E+11
   0.304780E-01   0.103481E+08   0.103002E+08   0.424808E+03   0.680439E+03   0.431558E+07   0.103116E+08   0.103401E+08   0.103116E+08  -0.256019E+00   0.728537E+07   0.728472E+07   0.709962E+01   0.105657E-01   0.704401E+00  -0.239042E+11
   0.336533E-01   0.939431E+07   0.934582E+07   0.309815E+03   0.506608E+03   0.365765E+07   0.935906E+07   0.938617E+07   0.935906E+07  -0.232370E+00   0.661271E+07   0.661209E+07   0.613004E+01   0.786679E-02   0.704371E+00  -0.196500E+11
   0.371593E-01   0.850365E+07   0.845642E+07   0.204790E+03   0.376099E+03   0.307796E+07   0.847008E+07   0.849572E+07   0.847008E+07  -0.210298E+00   0.598489E+07   0.598432E+07   0.515899E+01   0.584054E-02   0.704338E+00  -0.161064E+11
   0.410307E-01   0.769795E+07   0.765413E+07   0.144877E+03   0.279241E+03   0.257874E+07   0.766640E+07   0.769059E+07   0.766640E+07  -0.190344E+00   0.541730E+07   0.541678E+07   0.419989E+01   0.433675E-02   0.704305E+00  -0.132033E+11
   0.451338E-01   0.702573E+07   0.698718E+07   0.210633E+03   0.210633E+03   0.217496E+07   0.699633E+07   0.701925E+07   0.699633E+07  -0.173707E+00   0.494410E+07   0.494365E+07   0.325844E+01   0.327096E-02   0.704277E+00  -0.109546E+11
   0.492368E-01   0.649418E+07   0.646174E+07   0.163613E+03   0.163613E+03   0.186295E+07   0.646684E+07   0.648874E+07   0.646684E+07  -0.160561E+00   0.457014E+07   0.456976E+07   0.253282E+01   0.254101E-02   0.704246E+00  -0.928217E+10
   0.533399E-01   0.606594E+07   0.603961E+07   0.130231E+03   0.130231E+03   0.161618E+07   0.604049E+07   0.606152E+07   0.604049E+07  -0.149975E+00   0.426901E+07   0.426870E+07   0.195495E+01   0.202276E-02   0.704218E+00  -0.800361E+10
   0.574430E-01   0.570540E+07   0.568441E+07   0.105629E+03   0.105629E+03   0.141454E+07   0.568158E+07   0.570187E+07   0.568158E+07  -0.141064E+00   0.401552E+07   0.401526E+07   0.152068E+01   0.164078E-02   0.704192E+00  -0.699063E+10
   0.615460E-01   0.538473E+07   0.536785E+07   0.868506E+02   0.868506E+02   0.124426E+07   0.536231E+07   0.538189E+07   0.536231E+07  -0.133137E+00   0.379001E+07   0.378979E+07   0.121655E+01   0.134921E-02   0.704169E+00  -0.615818E+10
   0.656491E-01   0.508249E+07   0.506823E+07   0.720530E+02   0.720530E+02   0.109600E+07   0.506124E+07   0.508010E+07   0.506124E+07  -0.125662E+00   0.357735E+07   0.357715E+07   0.102130E+01   0.111943E-02   0.704147E+00  -0.544935E+10
   0.697522E-01   0.478351E+07   0.477039E+07   0.600715E+02   0.600715E+02   0.963782E+06   0.476324E+07   0.478130E+07   0.476324E+07  -0.118263E+00   0.336683E+07   0.336664E+07   0.908754E+00   0.933359E-03   0.704127E+00  -0.482697E+10
   0.738552E-01   0.449031E+07   0.447714E+07   0.502964E+02   0.502964E+02   0.846265E+06   0.447086E+07   0.448810E+07   0.447086E+07  -0.111004E+00   0.316026E+07   0.316007E+07   0.852900E+00   0.781535E-03   0.704108E+00  -0.427911E+10
   0.779583E-01   0.419346E+07   0.417944E+07   0.421542E+02   0.421542E+02   0.740131E+06   0.417477E+07   0.419110E+07   0.417477E+07  -0.103653E+00   0.295106E+07   0.295086E+07   0.826793E+00   0.655058E-03   0.704091E+00  -0.378553E+10
   0.820614E-01   0.390748E+07   0.389225E+07   0.354464E+02   0.354464E+02   0.646666E+06   0.388950E+07   0.390492E+07   0.388950E+07  -0.965699E-01   0.274948E+07   0.274928E+07   0.810770E+00   0.550853E-03   0.704075E+00  -0.335060E+10
   0.861644E-01   0.364026E+07   0.362393E+07   0.299493E+02   0.299493E+02   0.565639E+06   0.362298E+07   0.363752E+07   0.362298E+07  -0.899527E-01   0.256114E+07   0.256094E+07   0.789898E+00   0.465448E-03   0.704061E+00  -0.297246E+10
   0.912856E-01   0.334314E+07   0.332605E+07   0.245027E+02   0.245027E+02   0.481101E+06   0.332674E+07   0.334027E+07   0.332674E+07  -0.825974E-01   0.235179E+07   0.235159E+07   0.744541E+00   0.380822E-03   0.704044E+00  -0.257636E+10
   0.964067E-01   0.309540E+07   0.307858E+07   0.203396E+02   0.203396E+02   0.413466E+06   0.307990E+07   0.309258E+07   0.307990E+07  -0.764688E-01   0.217735E+07   0.217715E+07   0.674660E+00   0.316134E-03   0.704029E+00  -0.225855E+10
   0.101528E+00   0.290010E+07   0.288454E+07   0.171826E+02   0.171826E+02   0.360377E+06   0.288548E+07   0.289749E+07   0.288548E+07  -0.716417E-01   0.203995E+07   0.203977E+07   0.586801E+00   0.267076E-03   0.704015E+00  -0.200929E+10
   0.106649E+00   0.275010E+07   0.273651E+07   0.147677E+02   0.147677E+02   0.318652E+06   0.273632E+07   0.274782E+07   0.273632E+07  -0.679384E-01   0.193453E+07   0.193438E+07   0.492860E+00   0.229548E-03   0.704002E+00  -0.181397E+10
   0.111770E+00   0.263059E+07   0.261924E+07   0.128625E+02   0.128625E+02   0.284905E+06   0.261759E+07   0.262868E+07   0.261759E+07  -0.649904E-01   0.185062E+07   0.185048E+07   0.405326E+00   0.199938E-03   0.703990E+00  -0.165578E+10
   0.116891E+00   0.252558E+07   0.251626E+07   0.112919E+02   0.112919E+02   0.256347E+06   0.251329E+07   0.252402E+07   0.251329E+07  -0.624007E-01   0.177691E+07   0.177679E+07   0.333828E+00   0.175528E-03   0.703980E+00  -0.152017E+10
   0.122012E+00   0.242261E+07   0.241477E+07   0.994206E+01   0.994206E+01   0.231100E+06   0.241093E+07   0.242129E+07   0.241093E+07  -0.598593E-01   0.170456E+07   0.170446E+07   0.283212E+00   0.154548E-03   0.703970E+00  -0.139707E+10
   0.127134E+00   0.231434E+07   0.230728E+07   0.874827E+01   0.874827E+01   0.208108E+06   0.230320E+07   0.231316E+07   0.230320E+07  -0.571845E-01   0.162841E+07   0.162831E+07   0.253199E+00   0.135992E-03   0.703961E+00  -0.128090E+10
   0.132255E+00   0.219878E+07   0.219182E+07   0.768008E+01   0.768008E+01   0.186929E+06   0.218809E+07   0.219761E+07   0.218809E+07  -0.543268E-01   0.154705E+07   0.154695E+07   0.239437E+00   0.119389E-03   0.703953E+00  -0.116978E+10
   0.137376E+00   0.207828E+07   0.207096E+07   0.672766E+01   0.672766E+01   0.167513E+06   0.206801E+07   0.207705E+07   0.206801E+07  -0.513454E-01   0.146216E+07   0.146207E+07   0.235347E+00   0.104584E-03   0.703946E+00  -0.106438E+10
   0.142497E+00   0.195804E+07   0.195017E+07   0.589054E+01   0.589054E+01   0.149997E+06   0.194817E+07   0.195672E+07   0.194817E+07  -0.483699E-01   0.137744E+07   0.137734E+07   0.234150E+00   0.915727E-04   0.703939E+00  -0.966672E+09
   0.147618E+00   0.184469E+07   0.183635E+07   0.517073E+01   0.517073E+01   0.134585E+06   0.183520E+07   0.184329E+07   0.183520E+07  -0.455651E-01   0.129758E+07   0.129748E+07   0.230514E+00   0.803845E-04   0.703933E+00  -0.879034E+09
   0.152739E+00   0.174449E+07   0.173596E+07   0.456717E+01   0.456717E+01   0.121422E+06   0.173538E+07   0.174305E+07   0.173538E+07  -0.430866E-01   0.122701E+07   0.122691E+07   0.221473E+00   0.710033E-04   0.703928E+00  -0.803356E+09
   0.157860E+00   0.166089E+07   0.165256E+07   0.407067E+01   0.407067E+01   0.110451E+06   0.165216E+07   0.165949E+07   0.165216E+07  -0.410204E-01   0.116818E+07   0.116808E+07   0.206521E+00   0.632861E-04   0.703922E+00  -0.740025E+09
   0.162982E+00   0.159329E+07   0.158549E+07   0.366352E+01   0.366352E+01   0.101370E+06   0.158493E+07   0.159198E+07   0.158493E+07  -0.393511E-01   0.112065E+07   0.112056E+07   0.187112E+00   0.569576E-04   0.703918E+00  -0.687608E+09
   0.168103E+00   0.153817E+07   0.153113E+07   0.332475E+01   0.332475E+01   0.937525E+05   0.153016E+07   0.153699E+07   0.153016E+07  -0.379913E-01   0.108193E+07   0.108185E+07   0.165847E+00   0.516918E-04   0.703913E+00  -0.643628E+09
   0.173224E+00   0.149110E+07   0.148490E+07   0.303547E+01   0.303547E+01   0.871842E+05   0.148342E+07   0.149006E+07   0.148342E+07  -0.368309E-01   0.104889E+07   0.104881E+07   0.145564E+00   0.471951E-04   0.703909E+00  -0.605526E+09
   0.178345E+00   0.144759E+07   0.144212E+07   0.278026E+01   0.278026E+01   0.813056E+05   0.144021E+07   0.144667E+07   0.144021E+07  -0.357581E-01   0.101834E+07   0.101827E+07   0.128537E+00   0.432279E-04   0.703906E+00  -0.571009E+09
   0.183466E+00   0.140347E+07   0.139853E+07   0.254725E+01   0.254725E+01   0.758235E+05   0.139636E+07   0.140264E+07   0.139636E+07  -0.346693E-01   0.987337E+06   0.987274E+06   0.115974E+00   0.396056E-04   0.703902E+00  -0.538172E+09
   0.188587E+00   0.135604E+07   0.135139E+07   0.232935E+01   0.232935E+01   0.705599E+05   0.134918E+07   0.135526E+07   0.134918E+07  -0.334979E-01   0.953981E+06   0.953920E+06   0.107927E+00   0.362182E-04   0.703899E+00  -0.505870E+09
   0.193708E+00   0.130504E+07   0.130045E+07   0.212475E+01   0.212475E+01   0.654797E+05   0.129841E+07   0.130427E+07   0.129841E+07  -0.322373E-01   0.918084E+06   0.918024E+06   0.103522E+00   0.330374E-04   0.703896E+00  -0.473964E+09
   0.198830E+00   0.125215E+07   0.124745E+07   0.193489E+01   0.193489E+01   0.606457E+05   0.124572E+07   0.125136E+07   0.124572E+07  -0.309292E-01   0.880837E+06   0.880777E+06   0.101341E+00   0.300859E-04   0.703893E+00  -0.443022E+09
   0.203951E+00   0.119969E+07   0.119483E+07   0.176182E+01   0.176182E+01   0.561401E+05   0.119347E+07   0.119888E+07   0.119347E+07  -0.296318E-01   0.843892E+06   0.843831E+06   0.998478E-01   0.273952E-04   0.703891E+00  -0.413783E+09
   0.209072E+00   0.114994E+07   0.114495E+07   0.160696E+01   0.160696E+01   0.520299E+05   0.114391E+07   0.114910E+07   0.114391E+07  -0.284015E-01   0.808856E+06   0.808794E+06   0.977735E-01   0.249878E-04   0.703888E+00  -0.386889E+09
   0.214193E+00   0.110484E+07   0.109982E+07   0.147093E+01   0.147093E+01   0.483560E+05   0.109900E+07   0.110399E+07   0.109900E+07  -0.272863E-01   0.777099E+06   0.777038E+06   0.943742E-01   0.228731E-04   0.703886E+00  -0.362812E+09
   0.219314E+00   0.106554E+07   0.106063E+07   0.135312E+01   0.135312E+01   0.451200E+05   0.105989E+07   0.106471E+07   0.105989E+07  -0.263153E-01   0.749448E+06   0.749389E+06   0.894943E-01   0.210416E-04   0.703884E+00  -0.341732E+09
   0.224435E+00   0.103204E+07   0.102736E+07   0.125147E+01   0.125147E+01   0.422743E+05   0.102657E+07   0.103126E+07   0.102657E+07  -0.254882E-01   0.725894E+06   0.725838E+06   0.834680E-01   0.194614E-04   0.703882E+00  -0.323439E+09
   0.229556E+00   0.100327E+07   0.998894E+06   0.116295E+01   0.116295E+01   0.397362E+05   0.997982E+06   0.100254E+07   0.997982E+06  -0.247782E-01   0.705678E+06   0.705625E+06   0.769272E-01   0.180852E-04   0.703880E+00  -0.307417E+09
   0.234678E+00   0.977599E+06   0.973552E+06   0.108431E+01   0.108431E+01   0.374153E+05   0.972474E+06   0.976920E+06   0.972474E+06  -0.241449E-01   0.687643E+06   0.687594E+06   0.705826E-01   0.168628E-04   0.703878E+00  -0.293023E+09
   0.239799E+00   0.953284E+06   0.949538E+06   0.101270E+01   0.101270E+01   0.352324E+05   0.948313E+06   0.952654E+06   0.948313E+06  -0.235450E-01   0.670561E+06   0.670514E+06   0.650272E-01   0.157495E-04   0.703876E+00  -0.279642E+09
   0.244920E+00   0.928853E+06   0.925338E+06   0.945933E+00   0.945933E+00   0.331323E+05   0.924026E+06   0.928263E+06   0.924026E+06  -0.229420E-01   0.653390E+06   0.653346E+06   0.606082E-01   0.147115E-04   0.703875E+00  -0.266784E+09
   0.250041E+00   0.903449E+06   0.900078E+06   0.882768E+00   0.882768E+00   0.310908E+05   0.898757E+06   0.902883E+06   0.898757E+06  -0.223147E-01   0.635524E+06   0.635481E+06   0.573859E-01   0.137293E-04   0.703873E+00  -0.254175E+09
   0.255162E+00   0.876977E+06   0.873668E+06   0.822845E+00   0.822845E+00   0.291130E+05   0.872411E+06   0.876421E+06   0.872411E+06  -0.216605E-01   0.616897E+06   0.616855E+06   0.551724E-01   0.127975E-04   0.703871E+00  -0.241773E+09
   0.260283E+00   0.849929E+06   0.846623E+06   0.766379E+00   0.766379E+00   0.272209E+05   0.845483E+06   0.849374E+06   0.845483E+06  -0.209919E-01   0.597857E+06   0.597816E+06   0.536203E-01   0.119194E-04   0.703870E+00  -0.229701E+09
   0.265404E+00   0.823081E+06   0.819753E+06   0.713788E+00   0.713788E+00   0.254404E+05   0.818750E+06   0.822523E+06   0.818750E+06  -0.203282E-01   0.578956E+06   0.578915E+06   0.523332E-01   0.111015E-04   0.703868E+00  -0.218147E+09
   0.270526E+00   0.797281E+06   0.793938E+06   0.665467E+00   0.665467E+00   0.237938E+05   0.793062E+06   0.796720E+06   0.793062E+06  -0.196904E-01   0.560793E+06   0.560752E+06   0.509686E-01   0.103501E-04   0.703867E+00  -0.207303E+09
   0.275647E+00   0.773272E+06   0.769945E+06   0.621656E+00   0.621656E+00   0.222959E+05   0.769162E+06   0.772713E+06   0.769162E+06  -0.190970E-01   0.543894E+06   0.543854E+06   0.493083E-01   0.966869E-05   0.703866E+00  -0.197321E+09
   0.280768E+00   0.751494E+06   0.748228E+06   0.582306E+00   0.582306E+00   0.209501E+05   0.747491E+06   0.750945E+06   0.747491E+06  -0.185590E-01   0.528572E+06   0.528532E+06   0.472832E-01   0.905669E-05   0.703864E+00  -0.188264E+09
   0.285889E+00   0.731966E+06   0.728804E+06   0.547039E+00   0.547039E+00   0.197476E+05   0.728067E+06   0.731435E+06   0.728067E+06  -0.180767E-01   0.514838E+06   0.514799E+06   0.449572E-01   0.850818E-05   0.703863E+00  -0.180087E+09
   0.291010E+00   0.714343E+06   0.711314E+06   0.515251E+00   0.515251E+00   0.186705E+05   0.710545E+06   0.713835E+06   0.710545E+06  -0.176417E-01   0.502448E+06   0.502411E+06   0.424845E-01   0.801376E-05   0.703862E+00  -0.172661E+09
   0.296131E+00   0.698082E+06   0.695197E+06   0.486266E+00   0.486266E+00   0.176975E+05   0.694380E+06   0.697597E+06   0.694380E+06  -0.172403E-01   0.491018E+06   0.490983E+06   0.400525E-01   0.756293E-05   0.703860E+00  -0.165815E+09
   0.301252E+00   0.682588E+06   0.679840E+06   0.459453E+00   0.459453E+00   0.168072E+05   0.678978E+06   0.682127E+06   0.678978E+06  -0.168579E-01   0.480128E+06   0.480094E+06   0.378285E-01   0.714589E-05   0.703859E+00  -0.159381E+09
   0.306374E+00   0.667335E+06   0.664700E+06   0.434301E+00   0.434301E+00   0.159809E+05   0.663812E+06   0.666893E+06   0.663812E+06  -0.164814E-01   0.469404E+06   0.469371E+06   0.359204E-01   0.675467E-05   0.703858E+00  -0.153217E+09
   0.311495E+00   0.651970E+06   0.649419E+06   0.410467E+00   0.410467E+00   0.152047E+05   0.648530E+06   0.651542E+06   0.648530E+06  -0.161019E-01   0.458599E+06   0.458567E+06   0.343610E-01   0.638397E-05   0.703857E+00  -0.147229E+09
   0.316616E+00   0.636389E+06   0.633892E+06   0.387801E+00   0.387801E+00   0.144707E+05   0.633029E+06   0.635970E+06   0.633029E+06  -0.157171E-01   0.447638E+06   0.447606E+06   0.331136E-01   0.603144E-05   0.703856E+00  -0.141386E+09
   0.321737E+00   0.620720E+06   0.618253E+06   0.366304E+00   0.366304E+00   0.137765E+05   0.617435E+06   0.620306E+06   0.617435E+06  -0.153299E-01   0.436612E+06   0.436581E+06   0.320928E-01   0.569710E-05   0.703855E+00  -0.135708E+09
   0.326858E+00   0.605226E+06   0.602778E+06   0.346052E+00   0.346052E+00   0.131223E+05   0.602015E+06   0.604815E+06   0.602015E+06  -0.149470E-01   0.425708E+06   0.425677E+06   0.311923E-01   0.538215E-05   0.703854E+00  -0.130246E+09
   0.331979E+00   0.590204E+06   0.587774E+06   0.327128E+00   0.327128E+00   0.125091E+05   0.587064E+06   0.589796E+06   0.587064E+06  -0.145758E-01   0.415136E+06   0.415106E+06   0.303131E-01   0.508785E-05   0.703854E+00  -0.125052E+09
   0.337100E+00   0.575909E+06   0.573506E+06   0.309577E+00   0.309577E+00   0.119366E+05   0.572839E+06   0.575506E+06   0.572839E+06  -0.142226E-01   0.405077E+06   0.405047E+06   0.293851E-01   0.481491E-05   0.703853E+00  -0.120168E+09
   0.342222E+00   0.562501E+06   0.560138E+06   0.293386E+00   0.293386E+00   0.114026E+05   0.559498E+06   0.562104E+06   0.559498E+06  -0.138914E-01   0.395644E+06   0.395615E+06   0.283777E-01   0.456314E-05   0.703852E+00  -0.115613E+09
   0.347343E+00   0.550018E+06   0.547710E+06   0.278479E+00   0.278479E+00   0.109029E+05   0.547081E+06   0.549630E+06   0.547081E+06  -0.135831E-01   0.386863E+06   0.386835E+06   0.272980E-01   0.433132E-05   0.703851E+00  -0.111381E+09
   0.352464E+00   0.538373E+06   0.536130E+06   0.264720E+00   0.264720E+00   0.104317E+05   0.535500E+06   0.537996E+06   0.535500E+06  -0.132956E-01   0.378674E+06   0.378647E+06   0.261815E-01   0.411739E-05   0.703851E+00  -0.107439E+09
   0.357585E+00   0.527391E+06   0.525219E+06   0.251948E+00   0.251948E+00   0.998300E+04   0.524580E+06   0.527026E+06   0.524580E+06  -0.130244E-01   0.370953E+06   0.370926E+06   0.250772E-01   0.391879E-05   0.703850E+00  -0.103741E+09
   0.362706E+00   0.516869E+06   0.514765E+06   0.240000E+00   0.240000E+00   0.955152E+04   0.514117E+06   0.516516E+06   0.514117E+06  -0.127647E-01   0.363554E+06   0.363528E+06   0.240330E-01   0.373300E-05   0.703849E+00  -0.100236E+09
   0.367827E+00   0.506619E+06   0.504577E+06   0.228737E+00   0.228737E+00   0.913397E+04   0.503923E+06   0.506276E+06   0.503923E+06  -0.125116E-01   0.356346E+06   0.356321E+06   0.230839E-01   0.355786E-05   0.703849E+00  -0.968812E+08
   0.372948E+00   0.496499E+06   0.494509E+06   0.218055E+00   0.218055E+00   0.872888E+04   0.493858E+06   0.496165E+06   0.493858E+06  -0.122617E-01   0.349230E+06   0.349205E+06   0.222448E-01   0.339173E-05   0.703848E+00  -0.936425E+08
   0.378070E+00   0.486438E+06   0.484489E+06   0.207888E+00   0.207888E+00   0.833655E+04   0.483850E+06   0.486111E+06   0.483850E+06  -0.120132E-01   0.342153E+06   0.342128E+06   0.215107E-01   0.323362E-05   0.703847E+00  -0.905022E+08
   0.383191E+00   0.476447E+06   0.474529E+06   0.198211E+00   0.198211E+00   0.795853E+04   0.473909E+06   0.476125E+06   0.473909E+06  -0.117664E-01   0.335123E+06   0.335100E+06   0.208612E-01   0.308311E-05   0.703847E+00  -0.874582E+08
   0.388312E+00   0.466608E+06   0.464716E+06   0.189031E+00   0.189031E+00   0.759704E+04   0.464119E+06   0.466290E+06   0.464119E+06  -0.115233E-01   0.328201E+06   0.328177E+06   0.202680E-01   0.294033E-05   0.703846E+00  -0.845221E+08
   0.393433E+00   0.457019E+06   0.455152E+06   0.180357E+00   0.180357E+00   0.725374E+04   0.454579E+06   0.456706E+06   0.454579E+06  -0.112864E-01   0.321455E+06   0.321431E+06   0.197022E-01   0.280541E-05   0.703846E+00  -0.817071E+08
   0.398554E+00   0.447759E+06   0.445918E+06   0.172190E+00   0.172190E+00   0.692940E+04   0.445366E+06   0.447450E+06   0.445366E+06  -0.110577E-01   0.314940E+06   0.314917E+06   0.191404E-01   0.267839E-05   0.703845E+00  -0.790226E+08
   0.403675E+00   0.438882E+06   0.437070E+06   0.164521E+00   0.164521E+00   0.662397E+04   0.436534E+06   0.438578E+06   0.436534E+06  -0.108384E-01   0.308695E+06   0.308673E+06   0.185694E-01   0.255910E-05   0.703845E+00  -0.764730E+08
   0.408796E+00   0.430418E+06   0.428639E+06   0.157330E+00   0.157330E+00   0.633695E+04   0.428113E+06   0.430119E+06   0.428113E+06  -0.106293E-01   0.302741E+06   0.302719E+06   0.179872E-01   0.244726E-05   0.703844E+00  -0.740584E+08
   0.413918E+00   0.422357E+06   0.420616E+06   0.150588E+00   0.150588E+00   0.606737E+04   0.420096E+06   0.422065E+06   0.420096E+06  -0.104303E-01   0.297072E+06   0.297050E+06   0.174008E-01   0.234238E-05   0.703844E+00  -0.717725E+08
   0.419039E+00   0.414648E+06   0.412946E+06   0.144248E+00   0.144248E+00   0.581370E+04   0.412429E+06   0.414362E+06   0.412429E+06  -0.102399E-01   0.291650E+06   0.291629E+06   0.168223E-01   0.224377E-05   0.703843E+00  -0.696015E+08
   0.424160E+00   0.407212E+06   0.405549E+06   0.138261E+00   0.138261E+00   0.557431E+04   0.405034E+06   0.406933E+06   0.405034E+06  -0.100563E-01   0.286421E+06   0.286400E+06   0.162649E-01   0.215066E-05   0.703843E+00  -0.675282E+08
   0.429281E+00   0.399981E+06   0.398355E+06   0.132586E+00   0.132586E+00   0.534782E+04   0.397842E+06   0.399708E+06   0.397842E+06  -0.987775E-02   0.281335E+06   0.281315E+06   0.157393E-01   0.206237E-05   0.703842E+00  -0.655380E+08
   0.434402E+00   0.392906E+06   0.391314E+06   0.127188E+00   0.127188E+00   0.513322E+04   0.390805E+06   0.392639E+06   0.390805E+06  -0.970304E-02   0.276359E+06   0.276339E+06   0.152519E-01   0.197841E-05   0.703842E+00  -0.636199E+08
   0.439523E+00   0.385955E+06   0.384393E+06   0.122044E+00   0.122044E+00   0.492980E+04   0.383891E+06   0.385693E+06   0.383891E+06  -0.953137E-02   0.271470E+06   0.271451E+06   0.148032E-01   0.189839E-05   0.703841E+00  -0.617662E+08
   0.444644E+00   0.379113E+06   0.377577E+06   0.117135E+00   0.117135E+00   0.473709E+04   0.377085E+06   0.378855E+06   0.377085E+06  -0.936239E-02   0.266658E+06   0.266638E+06   0.143887E-01   0.182203E-05   0.703841E+00  -0.599724E+08
   0.449766E+00   0.372390E+06   0.370877E+06   0.112452E+00   0.112452E+00   0.455497E+04   0.370396E+06   0.372136E+06   0.370396E+06  -0.919632E-02   0.261928E+06   0.261909E+06   0.140009E-01   0.174918E-05   0.703841E+00  -0.582379E+08
   0.454887E+00   0.365812E+06   0.364321E+06   0.107992E+00   0.107992E+00   0.438345E+04   0.363852E+06   0.365561E+06   0.363852E+06  -0.903385E-02   0.257300E+06   0.257282E+06   0.136313E-01   0.167981E-05   0.703840E+00  -0.565650E+08
   0.460008E+00   0.359413E+06   0.357944E+06   0.103753E+00   0.103753E+00   0.422251E+04   0.357486E+06   0.359166E+06   0.357486E+06  -0.887579E-02   0.252799E+06   0.252780E+06   0.132725E-01   0.161387E-05   0.703840E+00  -0.549567E+08
   0.465129E+00   0.353215E+06   0.351768E+06   0.997313E-01   0.997313E-01   0.407178E+04   0.351321E+06   0.352972E+06   0.351321E+06  -0.872272E-02   0.248439E+06   0.248421E+06   0.129193E-01   0.155131E-05   0.703839E+00  -0.534143E+08
   0.470250E+00   0.347226E+06   0.345802E+06   0.959163E-01   0.959163E-01   0.393057E+04   0.345363E+06   0.346987E+06   0.345363E+06  -0.857480E-02   0.244226E+06   0.244208E+06   0.125695E-01   0.149196E-05   0.703839E+00  -0.519366E+08
   0.475371E+00   0.341439E+06   0.340039E+06   0.922965E-01   0.922965E-01   0.379790E+04   0.339607E+06   0.341204E+06   0.339607E+06  -0.843188E-02   0.240155E+06   0.240138E+06   0.122235E-01   0.143566E-05   0.703839E+00  -0.505208E+08
   0.480492E+00   0.335841E+06   0.334467E+06   0.888587E-01   0.888587E-01   0.367269E+04   0.334040E+06   0.335611E+06   0.334040E+06  -0.829365E-02   0.236219E+06   0.236202E+06   0.118838E-01   0.138219E-05   0.703838E+00  -0.491630E+08
   0.485614E+00   0.330417E+06   0.329068E+06   0.855895E-01   0.855895E-01   0.355388E+04   0.328645E+06   0.330191E+06   0.328645E+06  -0.815971E-02   0.232404E+06   0.232387E+06   0.115541E-01   0.133134E-05   0.703838E+00  -0.478589E+08
   0.490735E+00   0.325143E+06   0.323817E+06   0.824746E-01   0.824746E-01   0.344050E+04   0.323399E+06   0.324920E+06   0.323399E+06  -0.802945E-02   0.228694E+06   0.228677E+06   0.112374E-01   0.128289E-05   0.703838E+00  -0.466035E+08
   0.495856E+00   0.319990E+06   0.318688E+06   0.794999E-01   0.794999E-01   0.333171E+04   0.318274E+06   0.319772E+06   0.318274E+06  -0.790222E-02   0.225070E+06   0.225054E+06   0.109359E-01   0.123662E-05   0.703837E+00  -0.453914E+08
   0.500977E+00   0.314941E+06   0.313660E+06   0.766539E-01   0.766539E-01   0.322687E+04   0.313252E+06   0.314726E+06   0.313252E+06  -0.777752E-02   0.221519E+06   0.221503E+06   0.106501E-01   0.119235E-05   0.703837E+00  -0.442184E+08
   0.506098E+00   0.309989E+06   0.308728E+06   0.739295E-01   0.739295E-01   0.312559E+04   0.308326E+06   0.309778E+06   0.308326E+06  -0.765523E-02   0.218036E+06   0.218020E+06   0.103794E-01   0.114998E-05   0.703837E+00  -0.430828E+08
   0.511219E+00   0.305138E+06   0.303896E+06   0.713219E-01   0.713219E-01   0.302754E+04   0.303501E+06   0.304930E+06   0.303501E+06  -0.753543E-02   0.214623E+06   0.214608E+06   0.101220E-01   0.110942E-05   0.703837E+00  -0.419837E+08
   0.516340E+00   0.300391E+06   0.299167E+06   0.688264E-01   0.688264E-01   0.293237E+04   0.298779E+06   0.300186E+06   0.298779E+06  -0.741819E-02   0.211284E+06   0.211269E+06   0.987541E-02   0.107061E-05   0.703836E+00  -0.409206E+08
   0.521462E+00   0.295751E+06   0.294545E+06   0.664388E-01   0.664388E-01   0.283970E+04   0.294163E+06   0.295548E+06   0.294163E+06  -0.730359E-02   0.208020E+06   0.208005E+06   0.963713E-02   0.103348E-05   0.703836E+00  -0.398928E+08
   0.526583E+00   0.291223E+06   0.290034E+06   0.641553E-01   0.641553E-01   0.274922E+04   0.289659E+06   0.291024E+06   0.289659E+06  -0.719176E-02   0.204835E+06   0.204821E+06   0.940521E-02   0.997962E-06   0.703836E+00  -0.389000E+08
   0.531704E+00   0.286815E+06   0.285643E+06   0.619729E-01   0.619729E-01   0.266070E+04   0.285275E+06   0.286618E+06   0.285275E+06  -0.708290E-02   0.201735E+06   0.201720E+06   0.917852E-02   0.964021E-06   0.703836E+00  -0.379422E+08
   0.536825E+00   0.282529E+06   0.281374E+06   0.598876E-01   0.598876E-01   0.257403E+04   0.281011E+06   0.282335E+06   0.281011E+06  -0.697704E-02   0.198720E+06   0.198706E+06   0.895673E-02   0.931589E-06   0.703835E+00  -0.370186E+08
   0.541946E+00   0.278358E+06   0.277221E+06   0.578936E-01   0.578936E-01   0.248914E+04   0.276862E+06   0.278167E+06   0.276862E+06  -0.687403E-02   0.195786E+06   0.195772E+06   0.874005E-02   0.900577E-06   0.703835E+00  -0.361274E+08
   0.547067E+00   0.274291E+06   0.273171E+06   0.559847E-01   0.559847E-01   0.240611E+04   0.272817E+06   0.274103E+06   0.272817E+06  -0.677360E-02   0.192926E+06   0.192912E+06   0.852912E-02   0.870888E-06   0.703835E+00  -0.352663E+08
   0.559946E+00   0.264487E+06   0.263409E+06   0.515291E-01   0.515291E-01   0.220719E+04   0.263065E+06   0.264306E+06   0.263065E+06  -0.653148E-02   0.186030E+06   0.186016E+06   0.802896E-02   0.801583E-06   0.703834E+00  -0.332237E+08
   0.593872E+00   0.241001E+06   0.240018E+06   0.417420E-01   0.417420E-01   0.178087E+04   0.239704E+06   0.240836E+06   0.239704E+06  -0.595146E-02   0.169510E+06   0.169498E+06   0.691335E-02   0.649326E-06   0.703833E+00  -0.285440E+08
   0.629853E+00   0.219543E+06   0.218648E+06   0.338050E-01   0.338050E-01   0.147956E+04   0.218362E+06   0.219393E+06   0.218362E+06  -0.542156E-02   0.154418E+06   0.154407E+06   0.594262E-02   0.525858E-06   0.703832E+00  -0.245171E+08
   0.879031E+00   0.128338E+06   0.127815E+06   0.101458E-01   0.101458E-01   0.473157E+03   0.127645E+06   0.128250E+06   0.127645E+06  -0.316923E-02   0.902671E+05   0.902605E+05   0.252069E-02   0.157835E-06   0.703827E+00  -0.102692E+08
   0.122679E+01   0.741165E+05   0.738143E+05   0.300827E-02   0.300827E-02   0.143771E+03   0.737159E+05   0.740657E+05   0.737159E+05  -0.183024E-02   0.521300E+05   0.521260E+05   0.106891E-02   0.467989E-07   0.703825E+00  -0.424941E+07
   0.171212E+01   0.423581E+05   0.421852E+05   0.882690E-03   0.882690E-03   0.429867E+02   0.421289E+05   0.423290E+05   0.421289E+05  -0.104599E-02   0.297926E+05   0.297902E+05   0.458563E-03   0.137321E-07   0.703823E+00  -0.174014E+07
   0.238945E+01   0.239910E+05   0.238929E+05   0.256679E-03   0.256679E-03   0.127657E+02   0.238612E+05   0.239746E+05   0.238612E+05  -0.592433E-03   0.168741E+05   0.168726E+05   0.202661E-03   0.399321E-08   0.703822E+00  -0.706206E+06
