#           k/h    P           
 0.99999997E-04 0.13337377E+04
 0.10202013E-03 0.13638831E+04
 0.10408108E-03 0.13947737E+04
 0.10618366E-03 0.14264257E+04
 0.10832871E-03 0.14588558E+04
 0.11051710E-03 0.14920801E+04
 0.11274968E-03 0.15261134E+04
 0.11502737E-03 0.15609711E+04
 0.11735109E-03 0.15966683E+04
 0.11972173E-03 0.16332203E+04
 0.12214028E-03 0.16706410E+04
 0.12460767E-03 0.17089435E+04
 0.12712492E-03 0.17481400E+04
 0.12969300E-03 0.17882430E+04
 0.13231297E-03 0.18292645E+04
 0.13498588E-03 0.18712146E+04
 0.13771278E-03 0.19141018E+04
 0.14049475E-03 0.19579341E+04
 0.14333293E-03 0.20027185E+04
 0.14622846E-03 0.20484614E+04
 0.14918247E-03 0.20951667E+04
 0.15219615E-03 0.21428367E+04
 0.15527071E-03 0.21914717E+04
 0.15840739E-03 0.22410715E+04
 0.16160744E-03 0.22916345E+04
 0.16487212E-03 0.23431558E+04
 0.16820275E-03 0.23956287E+04
 0.17160067E-03 0.24490444E+04
 0.17506724E-03 0.25033928E+04
 0.17860383E-03 0.25586614E+04
 0.18221186E-03 0.26148350E+04
 0.18589280E-03 0.26718962E+04
 0.18964807E-03 0.27298252E+04
 0.19347922E-03 0.27885996E+04
 0.19738778E-03 0.28481948E+04
 0.20137527E-03 0.29085842E+04
 0.20544330E-03 0.29697383E+04
 0.20959355E-03 0.30316257E+04
 0.21382760E-03 0.30942117E+04
 0.21814722E-03 0.31574592E+04
 0.22255408E-03 0.32213301E+04
 0.22704997E-03 0.32857834E+04
 0.23163669E-03 0.33507766E+04
 0.23631606E-03 0.34162634E+04
 0.24108996E-03 0.34821956E+04
 0.24596031E-03 0.35485249E+04
 0.25092901E-03 0.36152021E+04
 0.25599814E-03 0.36821753E+04
 0.26116965E-03 0.37493899E+04
 0.26644560E-03 0.38167898E+04
 0.27182818E-03 0.38843206E+04
 0.27731949E-03 0.39519275E+04
 0.28292168E-03 0.40195535E+04
 0.28863709E-03 0.40871401E+04
 0.29446793E-03 0.41546274E+04
 0.30041661E-03 0.42219595E+04
 0.30648540E-03 0.42890815E+04
 0.31267683E-03 0.43559370E+04
 0.31899329E-03 0.44224678E+04
 0.32543740E-03 0.44886162E+04
 0.33201167E-03 0.45543315E+04
 0.33871876E-03 0.46195630E+04
 0.34556136E-03 0.46842593E+04
 0.35254212E-03 0.47483701E+04
 0.35966394E-03 0.48118457E+04
 0.36692963E-03 0.48746431E+04
 0.37434211E-03 0.49367217E+04
 0.38190430E-03 0.49980415E+04
 0.38961932E-03 0.50585630E+04
 0.39749016E-03 0.51182490E+04
 0.40552000E-03 0.51770693E+04
 0.41371203E-03 0.52349976E+04
 0.42206954E-03 0.52920078E+04
 0.43059592E-03 0.53480757E+04
 0.43929456E-03 0.54031792E+04
 0.44816890E-03 0.54573042E+04
 0.45722249E-03 0.55104404E+04
 0.46645897E-03 0.55625767E+04
 0.47588209E-03 0.56137061E+04
 0.48549555E-03 0.56638232E+04
 0.49530319E-03 0.57129307E+04
 0.50530903E-03 0.57610337E+04
 0.51551696E-03 0.58081377E+04
 0.52593107E-03 0.58542520E+04
 0.53655554E-03 0.58993882E+04
 0.54739468E-03 0.59435640E+04
 0.55845280E-03 0.59867988E+04
 0.56973431E-03 0.60291143E+04
 0.58124372E-03 0.60705342E+04
 0.59298560E-03 0.61110840E+04
 0.60496473E-03 0.61507949E+04
 0.61718578E-03 0.61896992E+04
 0.62965375E-03 0.62278306E+04
 0.64237369E-03 0.62652246E+04
 0.65535045E-03 0.63019194E+04
 0.66858943E-03 0.63379556E+04
 0.68209582E-03 0.63733750E+04
 0.69587503E-03 0.64082212E+04
 0.70993265E-03 0.64425396E+04
 0.72427420E-03 0.64763765E+04
 0.73890563E-03 0.65097783E+04
 0.75383246E-03 0.65427949E+04
 0.76906086E-03 0.65754756E+04
 0.78459689E-03 0.66078716E+04
 0.80044678E-03 0.66400337E+04
 0.81661687E-03 0.66720142E+04
 0.83311368E-03 0.67038643E+04
 0.84994361E-03 0.67356382E+04
 0.86711359E-03 0.67673896E+04
 0.88463066E-03 0.67991729E+04
 0.90250134E-03 0.68310405E+04
 0.92073303E-03 0.68630454E+04
 0.93933311E-03 0.68952427E+04
 0.95830887E-03 0.69276875E+04
 0.97766798E-03 0.69604336E+04
 0.99741819E-03 0.69935322E+04
 0.10175674E-02 0.70270366E+04
 0.10381236E-02 0.70609990E+04
 0.10590950E-02 0.70954741E+04
 0.10804901E-02 0.71305142E+04
 0.11023175E-02 0.71661680E+04
 0.11245857E-02 0.72024858E+04
 0.11473041E-02 0.72395190E+04
 0.11704812E-02 0.72773193E+04
 0.11941264E-02 0.73159360E+04
 0.12182494E-02 0.73554141E+04
 0.12428596E-02 0.73958013E+04
 0.12679670E-02 0.74371450E+04
 0.12935817E-02 0.74794937E+04
 0.13197137E-02 0.75228921E+04
 0.13463736E-02 0.75673813E+04
 0.13735722E-02 0.76130044E+04
 0.14013201E-02 0.76598047E+04
 0.14296286E-02 0.77078267E+04
 0.14585090E-02 0.77571094E+04
 0.14879731E-02 0.78076909E+04
 0.15180323E-02 0.78596079E+04
 0.15486985E-02 0.79128999E+04
 0.15799842E-02 0.79676064E+04
 0.16119020E-02 0.80237622E+04
 0.16444647E-02 0.80813984E+04
 0.16776850E-02 0.81405483E+04
 0.17115764E-02 0.82012451E+04
 0.17461524E-02 0.82635225E+04
 0.17814270E-02 0.83274102E+04
 0.18174142E-02 0.83929336E+04
 0.18541284E-02 0.84601211E+04
 0.18915841E-02 0.85289980E+04
 0.19297971E-02 0.85995947E+04
 0.19687817E-02 0.86719336E+04
 0.20085536E-02 0.87460332E+04
 0.20491290E-02 0.88219170E+04
 0.20905242E-02 0.88996045E+04
 0.21327557E-02 0.89791172E+04
 0.21758399E-02 0.90604727E+04
 0.22197948E-02 0.91436836E+04
 0.22646377E-02 0.92287656E+04
 0.23103864E-02 0.93157324E+04
 0.23570592E-02 0.94045986E+04
 0.24046749E-02 0.94953730E+04
 0.24532524E-02 0.95880625E+04
 0.25028118E-02 0.96826758E+04
 0.25533722E-02 0.97792178E+04
 0.26049537E-02 0.98776963E+04
 0.26575772E-02 0.99781123E+04
 0.27112637E-02 0.10080466E+05
 0.27660348E-02 0.10184757E+05
 0.28219123E-02 0.10290983E+05
 0.28789188E-02 0.10399145E+05
 0.29370766E-02 0.10509231E+05
 0.29964095E-02 0.10621238E+05
 0.30569409E-02 0.10735153E+05
 0.31186952E-02 0.10850968E+05
 0.31816978E-02 0.10968668E+05
 0.32459723E-02 0.11088240E+05
 0.33115451E-02 0.11209666E+05
 0.33784427E-02 0.11332926E+05
 0.34466919E-02 0.11458000E+05
 0.35163197E-02 0.11584866E+05
 0.35873537E-02 0.11713498E+05
 0.36598232E-02 0.11843868E+05
 0.37337563E-02 0.11975946E+05
 0.38091831E-02 0.12109699E+05
 0.38861334E-02 0.12245094E+05
 0.39646388E-02 0.12382093E+05
 0.40447293E-02 0.12520659E+05
 0.41264393E-02 0.12660750E+05
 0.42097992E-02 0.12802323E+05
 0.42948425E-02 0.12945331E+05
 0.43816040E-02 0.13089721E+05
 0.44701183E-02 0.13235436E+05
 0.45604203E-02 0.13382418E+05
 0.46525472E-02 0.13530604E+05
 0.47465344E-02 0.13679935E+05
 0.48424210E-02 0.13830358E+05
 0.49402444E-02 0.13981826E+05
 0.50400435E-02 0.14134284E+05
 0.51418589E-02 0.14287676E+05
 0.52457317E-02 0.14441932E+05
 0.53517036E-02 0.14596949E+05
 0.54598148E-02 0.14752621E+05
 0.55701104E-02 0.14908833E+05
 0.56826337E-02 0.15065468E+05
 0.57974309E-02 0.15222418E+05
 0.59145465E-02 0.15379598E+05
 0.60340283E-02 0.15536922E+05
 0.61559235E-02 0.15694306E+05
 0.62802811E-02 0.15851657E+05
 0.64071510E-02 0.16008876E+05
 0.65365843E-02 0.16165847E+05
 0.66686315E-02 0.16322447E+05
 0.68033468E-02 0.16478555E+05
 0.69407835E-02 0.16634039E+05
 0.70809964E-02 0.16788771E+05
 0.72240415E-02 0.16942613E+05
 0.73699774E-02 0.17095432E+05
 0.75188605E-02 0.17247082E+05
 0.76707508E-02 0.17397420E+05
 0.78257136E-02 0.17546297E+05
 0.79838037E-02 0.17693562E+05
 0.81450874E-02 0.17839061E+05
 0.83096288E-02 0.17982631E+05
 0.84774951E-02 0.18124115E+05
 0.86487513E-02 0.18263344E+05
 0.88234674E-02 0.18400145E+05
 0.90017123E-02 0.18534338E+05
 0.91835596E-02 0.18665744E+05
 0.93690790E-02 0.18794186E+05
 0.95583471E-02 0.18919471E+05
 0.97514391E-02 0.19041412E+05
 0.99484306E-02 0.19159816E+05
 0.10149402E-01 0.19274488E+05
 0.10354433E-01 0.19385234E+05
 0.10563606E-01 0.19491838E+05
 0.10777006E-01 0.19594066E+05
 0.10994715E-01 0.19691689E+05
 0.11216822E-01 0.19784471E+05
 0.11443418E-01 0.19872182E+05
 0.11674589E-01 0.19954631E+05
 0.11910431E-01 0.20031670E+05
 0.12151038E-01 0.20103150E+05
 0.12396505E-01 0.20168928E+05
 0.12646930E-01 0.20228846E+05
 0.12902415E-01 0.20282551E+05
 0.13163067E-01 0.20329537E+05
 0.13428980E-01 0.20369303E+05
 0.13700262E-01 0.20401348E+05
 0.13977026E-01 0.20425236E+05
 0.14259379E-01 0.20441293E+05
 0.14547437E-01 0.20450336E+05
 0.14841316E-01 0.20453199E+05
 0.15141129E-01 0.20450729E+05
 0.15447001E-01 0.20443611E+05
 0.15759049E-01 0.20431006E+05
 0.16077405E-01 0.20411174E+05
 0.16402189E-01 0.20382389E+05
 0.16733535E-01 0.20342936E+05
 0.17071573E-01 0.20291324E+05
 0.17416442E-01 0.20227711E+05
 0.17768279E-01 0.20153104E+05
 0.18127220E-01 0.20068520E+05
 0.18493414E-01 0.19974977E+05
 0.18867005E-01 0.19873311E+05
 0.19248145E-01 0.19763010E+05
 0.19636983E-01 0.19642982E+05
 0.20033674E-01 0.19512182E+05
 0.20438381E-01 0.19369607E+05
 0.20851264E-01 0.19214533E+05
 0.21272486E-01 0.19047703E+05
 0.21702228E-01 0.18870422E+05
 0.22140643E-01 0.18683979E+05
 0.22587912E-01 0.18489635E+05
 0.23044219E-01 0.18288494E+05
 0.23509743E-01 0.18080891E+05
 0.23984671E-01 0.17866900E+05
 0.24469191E-01 0.17646621E+05
 0.24963502E-01 0.17420162E+05
 0.25467798E-01 0.17187619E+05
 0.25982281E-01 0.16948967E+05
 0.26507158E-01 0.16704158E+05
 0.27042639E-01 0.16453176E+05
 0.27588934E-01 0.16196030E+05
 0.28146267E-01 0.15932880E+05
 0.28714858E-01 0.15664399E+05
 0.29294936E-01 0.15391382E+05
 0.29886734E-01 0.15114595E+05
 0.30490484E-01 0.14834779E+05
 0.31106433E-01 0.14552743E+05
 0.31734824E-01 0.14269615E+05
 0.32375909E-01 0.13986538E+05
 0.33029947E-01 0.13704580E+05
 0.33697195E-01 0.13424735E+05
 0.34377921E-01 0.13147846E+05
 0.35072401E-01 0.12874437E+05
 0.35780910E-01 0.12604939E+05
 0.36503751E-01 0.12339747E+05
 0.37241172E-01 0.12079222E+05
 0.37993494E-01 0.11823874E+05
 0.38761012E-01 0.11574703E+05
 0.39544035E-01 0.11332710E+05
 0.40342879E-01 0.11098803E+05
 0.41157857E-01 0.10873805E+05
 0.41989300E-01 0.10658193E+05
 0.42837542E-01 0.10451733E+05
 0.43702915E-01 0.10254095E+05
 0.44585772E-01 0.10064966E+05
 0.45486465E-01 0.98840498E+04
 0.46405349E-01 0.97111240E+04
 0.47342800E-01 0.95460527E+04
 0.48299186E-01 0.93887129E+04
 0.49274895E-01 0.92389834E+04
 0.50270312E-01 0.90966025E+04
 0.51285837E-01 0.89607949E+04
 0.52321881E-01 0.88307188E+04
 0.53378850E-01 0.87055771E+04
 0.54457176E-01 0.85845518E+04
 0.55557281E-01 0.84666445E+04
 0.56679614E-01 0.83508594E+04
 0.57824615E-01 0.82362490E+04
 0.58992747E-01 0.81218267E+04
 0.60184479E-01 0.80065215E+04
 0.61400317E-01 0.78893120E+04
 0.62640682E-01 0.77690938E+04
 0.63906111E-01 0.76439951E+04
 0.65197095E-01 0.75119902E+04
 0.66514164E-01 0.73713936E+04
 0.67857832E-01 0.72226528E+04
 0.69228657E-01 0.70675220E+04
 0.70627168E-01 0.69074829E+04
 0.72053924E-01 0.67411401E+04
 0.73509507E-01 0.65653208E+04
 0.74994497E-01 0.63777397E+04
 0.76509491E-01 0.61805259E+04
 0.78055084E-01 0.59776431E+04
 0.79631895E-01 0.57722876E+04
 0.81240565E-01 0.55659927E+04
 0.82881734E-01 0.53599131E+04
 0.84556051E-01 0.51557007E+04
 0.86264193E-01 0.49553911E+04
 0.88006847E-01 0.47608862E+04
 0.89784704E-01 0.45742075E+04
 0.91598473E-01 0.43971265E+04
 0.93448877E-01 0.42312056E+04
 0.95336676E-01 0.40779609E+04
 0.97262599E-01 0.39386670E+04
 0.99227436E-01 0.38138701E+04
 0.10123201E+00 0.37034463E+04
 0.10327702E+00 0.36070627E+04
 0.10536335E+00 0.35231914E+04
 0.10749183E+00 0.34499995E+04
 0.10966332E+00 0.33852861E+04
 0.11187866E+00 0.33263159E+04
 0.11413875E+00 0.32704280E+04
 0.11644451E+00 0.32148696E+04
 0.11879683E+00 0.31570361E+04
 0.12119669E+00 0.30946631E+04
 0.12364503E+00 0.30257961E+04
 0.12614281E+00 0.29491624E+04
 0.12869108E+00 0.28640449E+04
 0.13129081E+00 0.27705708E+04
 0.13394305E+00 0.26695278E+04
 0.13664888E+00 0.25624810E+04
 0.13940936E+00 0.24514990E+04
 0.14222562E+00 0.23393149E+04
 0.14509876E+00 0.22288774E+04
 0.14802995E+00 0.21234458E+04
 0.15102035E+00 0.20259205E+04
 0.15407117E+00 0.19386025E+04
 0.15718360E+00 0.18626685E+04
 0.16035892E+00 0.17981591E+04
 0.16359837E+00 0.17439609E+04
 0.16690327E+00 0.16983429E+04
 0.17027503E+00 0.16591184E+04
 0.17371480E+00 0.16238184E+04
 0.17722408E+00 0.15897172E+04
 0.18080424E+00 0.15538384E+04
 0.18445672E+00 0.15135505E+04
 0.18818299E+00 0.14671566E+04
 0.19198453E+00 0.14144370E+04
 0.19586287E+00 0.13566548E+04
 0.19981956E+00 0.12959021E+04
 0.20385619E+00 0.12346058E+04
 0.20797436E+00 0.11752258E+04
 0.21217570E+00 0.11201074E+04
 0.21646193E+00 0.10711155E+04
 0.22083476E+00 0.10291693E+04
 0.22529592E+00 0.99399640E+03
 0.22984719E+00 0.96425580E+03
 0.23449039E+00 0.93791907E+03
 0.23922741E+00 0.91264679E+03
 0.24406013E+00 0.88620679E+03
 0.24899045E+00 0.85704468E+03
 0.25402039E+00 0.82474261E+03
 0.25915194E+00 0.79000232E+03
 0.26438716E+00 0.75425153E+03
 0.26972812E+00 0.71923914E+03
 0.27517700E+00 0.68666974E+03
 0.28073606E+00 0.65772198E+03
 0.28640729E+00 0.63263690E+03
 0.29219311E+00 0.61073083E+03
 0.29809579E+00 0.59074969E+03
 0.30411756E+00 0.57125812E+03
 0.31026131E+00 0.55104828E+03
 0.31652883E+00 0.52958624E+03
 0.32292327E+00 0.50719305E+03
 0.32944661E+00 0.48477222E+03
 0.33610201E+00 0.46334818E+03
 0.34289157E+00 0.44368814E+03
 0.34981859E+00 0.42603259E+03
 0.35688522E+00 0.41001981E+03
 0.36409497E+00 0.39492477E+03
 0.37145033E+00 0.38001703E+03
 0.37895393E+00 0.36484683E+03
 0.38660949E+00 0.34947409E+03
 0.39441931E+00 0.33437726E+03
 0.40238729E+00 0.32002097E+03
 0.41051584E+00 0.30669034E+03
 0.41880903E+00 0.29437296E+03
 0.42726934E+00 0.28271631E+03
 0.43590093E+00 0.27136523E+03
 0.44470647E+00 0.26013501E+03
 0.45369038E+00 0.24906093E+03
 0.46285531E+00 0.23838306E+03
 0.47220579E+00 0.22828404E+03
 0.48174477E+00 0.21876944E+03
 0.49147689E+00 0.20973341E+03
 0.50140512E+00 0.20099257E+03
 0.51153439E+00 0.19247093E+03
 0.52186781E+00 0.18421837E+03
 0.53241050E+00 0.17630951E+03
 0.54316562E+00 0.16880055E+03
 0.55413854E+00 0.16163991E+03
 0.56533259E+00 0.15475327E+03
 0.57675338E+00 0.14809737E+03
 0.58840430E+00 0.14169487E+03
 0.60029107E+00 0.13556549E+03
 0.61241806E+00 0.12970590E+03
 0.62478942E+00 0.12409600E+03
 0.63741130E+00 0.11871735E+03
 0.65028751E+00 0.11355772E+03
 0.66342449E+00 0.10860905E+03
 0.67682624E+00 0.10386362E+03
 0.69049937E+00 0.99313942E+02
 0.70444804E+00 0.94952713E+02
 0.71867913E+00 0.90772896E+02
 0.73319703E+00 0.86767647E+02
 0.74800897E+00 0.82930328E+02
 0.76311934E+00 0.79254539E+02
 0.77853578E+00 0.75734062E+02
 0.79426283E+00 0.72362885E+02
 0.81030840E+00 0.69135193E+02
 0.82667732E+00 0.66045364E+02
 0.84337759E+00 0.63087975E+02
 0.86041462E+00 0.60257771E+02
 0.87779653E+00 0.57549683E+02
 0.89552867E+00 0.54958805E+02
 0.91362000E+00 0.52480324E+02
 0.93207598E+00 0.50109589E+02
 0.95090556E+00 0.47842129E+02
 0.97011465E+00 0.45673649E+02
 0.98971266E+00 0.43600018E+02
 0.10097067E+01 0.41617279E+02
 0.10301036E+01 0.39721611E+02
 0.10509136E+01 0.37909367E+02
 0.10721428E+01 0.36177025E+02
 0.10938021E+01 0.34521214E+02
 0.11158978E+01 0.32938694E+02
 0.11384410E+01 0.31426359E+02
 0.11614385E+01 0.29981220E+02
 0.11849015E+01 0.28600414E+02
 0.12088375E+01 0.27281193E+02
 0.12332582E+01 0.26020920E+02
 0.12581712E+01 0.24817055E+02
 0.12835884E+01 0.23667154E+02
 0.13095180E+01 0.22568872E+02
 0.13359727E+01 0.21519966E+02
 0.13629605E+01 0.20518282E+02
 0.13904947E+01 0.19561760E+02
 0.14185839E+01 0.18648430E+02
 0.14472418E+01 0.17776400E+02
 0.14764773E+01 0.16943863E+02
 0.15063047E+01 0.16149086E+02
 0.15367334E+01 0.15390409E+02
 0.15677782E+01 0.14666246E+02
 0.15994486E+01 0.13975077E+02
 0.16317604E+01 0.13315444E+02
 0.16647232E+01 0.12685955E+02
 0.16983536E+01 0.12085278E+02
 0.17326634E+01 0.11512136E+02
 0.17676648E+01 0.10965341E+02
 0.18033748E+01 0.10443770E+02
 0.18398044E+01 0.99463463E+01
 0.18769718E+01 0.94720259E+01
 0.19148883E+01 0.90198097E+01
 0.19535724E+01 0.85887318E+01
 0.19930363E+01 0.81778660E+01
 0.20332992E+01 0.77863207E+01
 0.20743735E+01 0.74132385E+01
 0.21162796E+01 0.70577955E+01
 0.21590302E+01 0.67192020E+01
 0.22026465E+01 0.63966985E+01
 0.22471418E+01 0.60895567E+01
 0.22925382E+01 0.57970781E+01
 0.23388493E+01 0.55185933E+01
 0.23860984E+01 0.52534595E+01
