#           k/h    P           
 0.99999997E-04 0.12427491E+04
 0.10202013E-03 0.12638345E+04
 0.10408108E-03 0.12851652E+04
 0.10618366E-03 0.13067378E+04
 0.10832871E-03 0.13285491E+04
 0.11051710E-03 0.13505945E+04
 0.11274968E-03 0.13728698E+04
 0.11502737E-03 0.13953695E+04
 0.11735109E-03 0.14180885E+04
 0.11972173E-03 0.14410210E+04
 0.12214028E-03 0.14641605E+04
 0.12460767E-03 0.14875002E+04
 0.12712492E-03 0.15110327E+04
 0.12969300E-03 0.15347501E+04
 0.13231297E-03 0.15586443E+04
 0.13498588E-03 0.15827063E+04
 0.13771278E-03 0.16069268E+04
 0.14049475E-03 0.16312957E+04
 0.14333293E-03 0.16558026E+04
 0.14622846E-03 0.16804369E+04
 0.14918247E-03 0.17051869E+04
 0.15219615E-03 0.17300406E+04
 0.15527071E-03 0.17549857E+04
 0.15840739E-03 0.17800089E+04
 0.16160744E-03 0.18050969E+04
 0.16487212E-03 0.18302357E+04
 0.16820275E-03 0.18554109E+04
 0.17160067E-03 0.18806077E+04
 0.17506724E-03 0.19058107E+04
 0.17860383E-03 0.19310043E+04
 0.18221186E-03 0.19561724E+04
 0.18589280E-03 0.19812987E+04
 0.18964807E-03 0.20063669E+04
 0.19347922E-03 0.20313600E+04
 0.19738778E-03 0.20562603E+04
 0.20137527E-03 0.20810508E+04
 0.20544330E-03 0.21057146E+04
 0.20959355E-03 0.21302341E+04
 0.21382760E-03 0.21545916E+04
 0.21814722E-03 0.21787693E+04
 0.22255408E-03 0.22027502E+04
 0.22704997E-03 0.22265173E+04
 0.23163669E-03 0.22500542E+04
 0.23631606E-03 0.22733435E+04
 0.24108996E-03 0.22963682E+04
 0.24596031E-03 0.23191130E+04
 0.25092901E-03 0.23415632E+04
 0.25599814E-03 0.23637039E+04
 0.26116965E-03 0.23855200E+04
 0.26644560E-03 0.24069978E+04
 0.27182818E-03 0.24281245E+04
 0.27731949E-03 0.24488889E+04
 0.28292168E-03 0.24692803E+04
 0.28863709E-03 0.24892871E+04
 0.29446793E-03 0.25088997E+04
 0.30041661E-03 0.25281101E+04
 0.30648540E-03 0.25469121E+04
 0.31267683E-03 0.25652998E+04
 0.31899329E-03 0.25832673E+04
 0.32543740E-03 0.26008096E+04
 0.33201167E-03 0.26179253E+04
 0.33871876E-03 0.26346138E+04
 0.34556136E-03 0.26508748E+04
 0.35254212E-03 0.26667087E+04
 0.35966394E-03 0.26821174E+04
 0.36692963E-03 0.26971047E+04
 0.37434211E-03 0.27116770E+04
 0.38190430E-03 0.27258401E+04
 0.38961932E-03 0.27396008E+04
 0.39749016E-03 0.27529668E+04
 0.40552000E-03 0.27659490E+04
 0.41371203E-03 0.27785583E+04
 0.42206954E-03 0.27908071E+04
 0.43059592E-03 0.28027078E+04
 0.43929456E-03 0.28142742E+04
 0.44816890E-03 0.28255215E+04
 0.45722249E-03 0.28364666E+04
 0.46645897E-03 0.28471265E+04
 0.47588209E-03 0.28575186E+04
 0.48549555E-03 0.28676606E+04
 0.49530319E-03 0.28775730E+04
 0.50530903E-03 0.28872754E+04
 0.51551696E-03 0.28967886E+04
 0.52593107E-03 0.29061333E+04
 0.53655554E-03 0.29153311E+04
 0.54739468E-03 0.29244041E+04
 0.55845280E-03 0.29333745E+04
 0.56973431E-03 0.29422656E+04
 0.58124372E-03 0.29510999E+04
 0.59298560E-03 0.29599011E+04
 0.60496473E-03 0.29686919E+04
 0.61718578E-03 0.29774961E+04
 0.62965375E-03 0.29863374E+04
 0.64237369E-03 0.29952395E+04
 0.65535045E-03 0.30042266E+04
 0.66858943E-03 0.30133213E+04
 0.68209582E-03 0.30225471E+04
 0.69587503E-03 0.30319272E+04
 0.70993265E-03 0.30414858E+04
 0.72427420E-03 0.30512458E+04
 0.73890563E-03 0.30612297E+04
 0.75383246E-03 0.30714595E+04
 0.76906086E-03 0.30819583E+04
 0.78459689E-03 0.30927490E+04
 0.80044678E-03 0.31038538E+04
 0.81661687E-03 0.31152932E+04
 0.83311368E-03 0.31270884E+04
 0.84994361E-03 0.31392607E+04
 0.86711359E-03 0.31518315E+04
 0.88463066E-03 0.31648218E+04
 0.90250134E-03 0.31782502E+04
 0.92073303E-03 0.31921367E+04
 0.93933311E-03 0.32065005E+04
 0.95830887E-03 0.32213623E+04
 0.97766798E-03 0.32367410E+04
 0.99741819E-03 0.32526536E+04
 0.10175674E-02 0.32691179E+04
 0.10381236E-02 0.32861526E+04
 0.10590950E-02 0.33037756E+04
 0.10804901E-02 0.33220046E+04
 0.11023175E-02 0.33408550E+04
 0.11245857E-02 0.33603433E+04
 0.11473041E-02 0.33804854E+04
 0.11704812E-02 0.34012991E+04
 0.11941264E-02 0.34227993E+04
 0.12182494E-02 0.34450005E+04
 0.12428596E-02 0.34679170E+04
 0.12679670E-02 0.34915642E+04
 0.12935817E-02 0.35159575E+04
 0.13197137E-02 0.35411106E+04
 0.13463736E-02 0.35670361E+04
 0.13735722E-02 0.35937473E+04
 0.14013201E-02 0.36212573E+04
 0.14296286E-02 0.36495803E+04
 0.14585090E-02 0.36787280E+04
 0.14879731E-02 0.37087119E+04
 0.15180323E-02 0.37395430E+04
 0.15486985E-02 0.37712329E+04
 0.15799842E-02 0.38037942E+04
 0.16119020E-02 0.38372368E+04
 0.16444647E-02 0.38715706E+04
 0.16776850E-02 0.39068047E+04
 0.17115764E-02 0.39429497E+04
 0.17461524E-02 0.39800156E+04
 0.17814270E-02 0.40180107E+04
 0.18174142E-02 0.40569429E+04
 0.18541284E-02 0.40968198E+04
 0.18915841E-02 0.41376499E+04
 0.19297971E-02 0.41794399E+04
 0.19687817E-02 0.42221978E+04
 0.20085536E-02 0.42659282E+04
 0.20491290E-02 0.43106367E+04
 0.20905242E-02 0.43563291E+04
 0.21327557E-02 0.44030112E+04
 0.21758399E-02 0.44506865E+04
 0.22197948E-02 0.44993579E+04
 0.22646377E-02 0.45490293E+04
 0.23103864E-02 0.45997031E+04
 0.23570592E-02 0.46513818E+04
 0.24046749E-02 0.47040669E+04
 0.24532524E-02 0.47577588E+04
 0.25028118E-02 0.48124575E+04
 0.25533722E-02 0.48681626E+04
 0.26049537E-02 0.49248740E+04
 0.26575772E-02 0.49825894E+04
 0.27112637E-02 0.50413062E+04
 0.27660348E-02 0.51010215E+04
 0.28219123E-02 0.51617310E+04
 0.28789188E-02 0.52234297E+04
 0.29370766E-02 0.52861128E+04
 0.29964095E-02 0.53497744E+04
 0.30569409E-02 0.54144067E+04
 0.31186952E-02 0.54800024E+04
 0.31816978E-02 0.55465522E+04
 0.32459723E-02 0.56140469E+04
 0.33115451E-02 0.56824761E+04
 0.33784427E-02 0.57518271E+04
 0.34466919E-02 0.58220889E+04
 0.35163197E-02 0.58932466E+04
 0.35873537E-02 0.59652861E+04
 0.36598232E-02 0.60381914E+04
 0.37337563E-02 0.61119463E+04
 0.38091831E-02 0.61865322E+04
 0.38861334E-02 0.62619297E+04
 0.39646388E-02 0.63381196E+04
 0.40447293E-02 0.64150806E+04
 0.41264393E-02 0.64927910E+04
 0.42097992E-02 0.65712266E+04
 0.42948425E-02 0.66503623E+04
 0.43816040E-02 0.67301704E+04
 0.44701183E-02 0.68106206E+04
 0.45604203E-02 0.68916821E+04
 0.46525472E-02 0.69733213E+04
 0.47465344E-02 0.70555073E+04
 0.48424210E-02 0.71382134E+04
 0.49402444E-02 0.72214121E+04
 0.50400435E-02 0.73050762E+04
 0.51418589E-02 0.73891753E+04
 0.52457317E-02 0.74736733E+04
 0.53517036E-02 0.75585166E+04
 0.54598148E-02 0.76436494E+04
 0.55701104E-02 0.77290112E+04
 0.56826337E-02 0.78145420E+04
 0.57974309E-02 0.79001851E+04
 0.59145465E-02 0.79858955E+04
 0.60340283E-02 0.80716294E+04
 0.61559235E-02 0.81573408E+04
 0.62802811E-02 0.82429824E+04
 0.64071510E-02 0.83285039E+04
 0.65365843E-02 0.84138418E+04
 0.66686315E-02 0.84989346E+04
 0.68033468E-02 0.85837168E+04
 0.69407835E-02 0.86681221E+04
 0.70809964E-02 0.87520820E+04
 0.72240415E-02 0.88355264E+04
 0.73699774E-02 0.89183838E+04
 0.75188605E-02 0.90005791E+04
 0.76707508E-02 0.90820391E+04
 0.78257136E-02 0.91626846E+04
 0.79838037E-02 0.92424365E+04
 0.81450874E-02 0.93212129E+04
 0.83096288E-02 0.93989316E+04
 0.84774951E-02 0.94755068E+04
 0.86487513E-02 0.95508525E+04
 0.88234674E-02 0.96248770E+04
 0.90017123E-02 0.96974863E+04
 0.91835596E-02 0.97685879E+04
 0.93690790E-02 0.98380879E+04
 0.95583471E-02 0.99058887E+04
 0.97514391E-02 0.99718887E+04
 0.99484306E-02 0.10035989E+05
 0.10149402E-01 0.10098087E+05
 0.10354433E-01 0.10158081E+05
 0.10563606E-01 0.10215858E+05
 0.10777006E-01 0.10271299E+05
 0.10994715E-01 0.10324279E+05
 0.11216822E-01 0.10374678E+05
 0.11443418E-01 0.10422375E+05
 0.11674589E-01 0.10467271E+05
 0.11910431E-01 0.10509286E+05
 0.12151038E-01 0.10548344E+05
 0.12396505E-01 0.10584368E+05
 0.12646930E-01 0.10617276E+05
 0.12902415E-01 0.10646884E+05
 0.13163067E-01 0.10672926E+05
 0.13428980E-01 0.10695138E+05
 0.13700262E-01 0.10713256E+05
 0.13977026E-01 0.10727054E+05
 0.14259379E-01 0.10736701E+05
 0.14547437E-01 0.10742628E+05
 0.14841316E-01 0.10745273E+05
 0.15141129E-01 0.10745081E+05
 0.15447001E-01 0.10742415E+05
 0.15759049E-01 0.10736832E+05
 0.16077405E-01 0.10727420E+05
 0.16402189E-01 0.10713270E+05
 0.16733535E-01 0.10693481E+05
 0.17071573E-01 0.10667269E+05
 0.17416442E-01 0.10634716E+05
 0.17768279E-01 0.10596351E+05
 0.18127220E-01 0.10552710E+05
 0.18493414E-01 0.10504328E+05
 0.18867005E-01 0.10451645E+05
 0.19248145E-01 0.10394391E+05
 0.19636983E-01 0.10331993E+05
 0.20033674E-01 0.10263900E+05
 0.20438381E-01 0.10189585E+05
 0.20851264E-01 0.10108668E+05
 0.21272486E-01 0.10021537E+05
 0.21702228E-01 0.99288799E+04
 0.22140643E-01 0.98313750E+04
 0.22587912E-01 0.97296875E+04
 0.23044219E-01 0.96243975E+04
 0.23509743E-01 0.95156787E+04
 0.23984671E-01 0.94035762E+04
 0.24469191E-01 0.92881396E+04
 0.24963502E-01 0.91694258E+04
 0.25467798E-01 0.90474873E+04
 0.25982281E-01 0.89223086E+04
 0.26507158E-01 0.87938662E+04
 0.27042639E-01 0.86621494E+04
 0.27588934E-01 0.85271660E+04
 0.28146267E-01 0.83889971E+04
 0.28714858E-01 0.82480010E+04
 0.29294936E-01 0.81045972E+04
 0.29886734E-01 0.79591914E+04
 0.30490484E-01 0.78121763E+04
 0.31106433E-01 0.76639771E+04
 0.31734824E-01 0.75151841E+04
 0.32375909E-01 0.73663936E+04
 0.33029947E-01 0.72181646E+04
 0.33697195E-01 0.70710156E+04
 0.34377921E-01 0.69253916E+04
 0.35072401E-01 0.67815869E+04
 0.35780910E-01 0.66398472E+04
 0.36503751E-01 0.65003984E+04
 0.37241172E-01 0.63634458E+04
 0.37993494E-01 0.62292559E+04
 0.38761012E-01 0.60982979E+04
 0.39544035E-01 0.59710381E+04
 0.40342879E-01 0.58479004E+04
 0.41157857E-01 0.57292666E+04
 0.41989300E-01 0.56153813E+04
 0.42837542E-01 0.55062134E+04
 0.43702915E-01 0.54016890E+04
 0.44585772E-01 0.53017354E+04
 0.45486465E-01 0.52062812E+04
 0.46405349E-01 0.51152261E+04
 0.47342800E-01 0.50284307E+04
 0.48299186E-01 0.49457622E+04
 0.49274895E-01 0.48670947E+04
 0.50270312E-01 0.47922437E+04
 0.51285837E-01 0.47208120E+04
 0.52321881E-01 0.46523740E+04
 0.53378850E-01 0.45865293E+04
 0.54457176E-01 0.45228608E+04
 0.55557281E-01 0.44608394E+04
 0.56679614E-01 0.43999351E+04
 0.57824615E-01 0.43396445E+04
 0.58992747E-01 0.42794458E+04
 0.60184479E-01 0.42187749E+04
 0.61400317E-01 0.41570962E+04
 0.62640682E-01 0.40938281E+04
 0.63906111E-01 0.40279849E+04
 0.65197095E-01 0.39584985E+04
 0.66514164E-01 0.38844802E+04
 0.67857832E-01 0.38061663E+04
 0.69228657E-01 0.37244805E+04
 0.70627168E-01 0.36402041E+04
 0.72053924E-01 0.35526016E+04
 0.73509507E-01 0.34600002E+04
 0.74994497E-01 0.33611958E+04
 0.76509491E-01 0.32573105E+04
 0.78055084E-01 0.31504329E+04
 0.79631895E-01 0.30422485E+04
 0.81240565E-01 0.29335649E+04
 0.82881734E-01 0.28249905E+04
 0.84556051E-01 0.27173958E+04
 0.86264193E-01 0.26118545E+04
 0.88006847E-01 0.25093689E+04
 0.89784704E-01 0.24110051E+04
 0.91598473E-01 0.23176970E+04
 0.93448877E-01 0.22302683E+04
 0.95336676E-01 0.21495188E+04
 0.97262599E-01 0.20761201E+04
 0.99227436E-01 0.20103610E+04
 0.10123201E+00 0.19521761E+04
 0.10327702E+00 0.19013904E+04
 0.10536335E+00 0.18571986E+04
 0.10749183E+00 0.18186350E+04
 0.10966332E+00 0.17845397E+04
 0.11187866E+00 0.17534708E+04
 0.11413875E+00 0.17240256E+04
 0.11644451E+00 0.16947532E+04
 0.11879683E+00 0.16642802E+04
 0.12119669E+00 0.16314132E+04
 0.12364503E+00 0.15951219E+04
 0.12614281E+00 0.15547355E+04
 0.12869108E+00 0.15098756E+04
 0.13129081E+00 0.14606094E+04
 0.13394305E+00 0.14073518E+04
 0.13664888E+00 0.13509279E+04
 0.13940936E+00 0.12924281E+04
 0.14222562E+00 0.12332936E+04
 0.14509876E+00 0.11750787E+04
 0.14802995E+00 0.11195021E+04
 0.15102035E+00 0.10680928E+04
 0.15407117E+00 0.10220641E+04
 0.15718360E+00 0.98203662E+03
 0.16035892E+00 0.94803162E+03
 0.16359837E+00 0.91946234E+03
 0.16690327E+00 0.89541620E+03
 0.17027503E+00 0.87474072E+03
 0.17371480E+00 0.85613403E+03
 0.17722408E+00 0.83815900E+03
 0.18080424E+00 0.81924634E+03
 0.18445672E+00 0.79800891E+03
 0.18818299E+00 0.77355170E+03
 0.19198453E+00 0.74575903E+03
 0.19586287E+00 0.71529681E+03
 0.19981956E+00 0.68326788E+03
 0.20385619E+00 0.65095203E+03
 0.20797436E+00 0.61964624E+03
 0.21217570E+00 0.59058704E+03
 0.21646193E+00 0.56475781E+03
 0.22083476E+00 0.54264337E+03
 0.22529592E+00 0.52409979E+03
 0.22984719E+00 0.50842035E+03
 0.23449039E+00 0.49453552E+03
 0.23922741E+00 0.48121182E+03
 0.24406013E+00 0.46727234E+03
 0.24899045E+00 0.45189740E+03
 0.25402039E+00 0.43486658E+03
 0.25915194E+00 0.41655014E+03
 0.26438716E+00 0.39770078E+03
 0.26972812E+00 0.37924057E+03
 0.27517700E+00 0.36206830E+03
 0.28073606E+00 0.34680563E+03
 0.28640729E+00 0.33357950E+03
 0.29219311E+00 0.32202960E+03
 0.29809579E+00 0.31149454E+03
 0.30411756E+00 0.30121759E+03
 0.31026131E+00 0.29056180E+03
 0.31652883E+00 0.27924573E+03
 0.32292327E+00 0.26743851E+03
 0.32944661E+00 0.25561678E+03
 0.33610201E+00 0.24432051E+03
 0.34289157E+00 0.23395436E+03
 0.34981859E+00 0.22464508E+03
 0.35688522E+00 0.21620198E+03
 0.36409497E+00 0.20824278E+03
 0.37145033E+00 0.20038226E+03
 0.37895393E+00 0.19238341E+03
 0.38660949E+00 0.18427766E+03
 0.39441931E+00 0.17631734E+03
 0.40238729E+00 0.16874753E+03
 0.41051584E+00 0.16171848E+03
 0.41880903E+00 0.15522372E+03
 0.42726934E+00 0.14907729E+03
 0.43590093E+00 0.14309206E+03
 0.44470647E+00 0.13717046E+03
 0.45369038E+00 0.13133119E+03
 0.46285531E+00 0.12570086E+03
 0.47220579E+00 0.12037569E+03
 0.48174477E+00 0.11535871E+03
 0.49147689E+00 0.11059406E+03
 0.50140512E+00 0.10598506E+03
 0.51153439E+00 0.10149162E+03
 0.52186781E+00 0.97140060E+02
 0.53241050E+00 0.92969742E+02
 0.54316562E+00 0.89010262E+02
 0.55413854E+00 0.85234444E+02
 0.56533259E+00 0.81603127E+02
 0.57675338E+00 0.78093452E+02
 0.58840430E+00 0.74717400E+02
 0.60029107E+00 0.71485352E+02
 0.61241806E+00 0.68395569E+02
 0.62478942E+00 0.65437447E+02
 0.63741130E+00 0.62601254E+02
 0.65028751E+00 0.59880550E+02
 0.66342449E+00 0.57271088E+02
 0.67682624E+00 0.54768791E+02
 0.69049937E+00 0.52369705E+02
 0.70444804E+00 0.50069992E+02
 0.71867913E+00 0.47865936E+02
 0.73319703E+00 0.45753929E+02
 0.74800897E+00 0.43730473E+02
 0.76311934E+00 0.41792187E+02
 0.77853578E+00 0.39935799E+02
 0.79426283E+00 0.38158138E+02
 0.81030840E+00 0.36456139E+02
 0.82667732E+00 0.34826836E+02
 0.84337759E+00 0.33267365E+02
 0.86041462E+00 0.31774960E+02
 0.87779653E+00 0.30346949E+02
 0.89552867E+00 0.28980743E+02
 0.91362000E+00 0.27673805E+02
 0.93207598E+00 0.26423681E+02
 0.95090556E+00 0.25228018E+02
 0.97011465E+00 0.24084545E+02
 0.98971266E+00 0.22991091E+02
 0.10097067E+01 0.21945560E+02
 0.10301036E+01 0.20945946E+02
 0.10509136E+01 0.19990320E+02
 0.10721428E+01 0.19076828E+02
 0.10938021E+01 0.18203693E+02
 0.11158978E+01 0.17369204E+02
 0.11384410E+01 0.16571724E+02
 0.11614385E+01 0.15809678E+02
 0.11849015E+01 0.15081555E+02
 0.12088375E+01 0.14385907E+02
 0.12332582E+01 0.13721343E+02
 0.12581712E+01 0.13086524E+02
 0.12835884E+01 0.12480161E+02
 0.13095180E+01 0.11901017E+02
 0.13359727E+01 0.11347910E+02
 0.13629605E+01 0.10819703E+02
 0.13904947E+01 0.10315311E+02
 0.14185839E+01 0.98336954E+01
 0.14472418E+01 0.93738585E+01
 0.14764773E+01 0.89348450E+01
 0.15063047E+01 0.85157442E+01
 0.15367334E+01 0.81156797E+01
 0.15677782E+01 0.77338142E+01
 0.15994486E+01 0.73693466E+01
 0.16317604E+01 0.70215092E+01
 0.16647232E+01 0.66895676E+01
 0.16983536E+01 0.63728180E+01
 0.17326634E+01 0.60705891E+01
 0.17676648E+01 0.57822528E+01
 0.18033748E+01 0.55072184E+01
 0.18398044E+01 0.52449164E+01
 0.18769718E+01 0.49947977E+01
 0.19148883E+01 0.47563343E+01
 0.19535724E+01 0.45290184E+01
 0.19930363E+01 0.43123603E+01
 0.20332992E+01 0.41058903E+01
 0.20743735E+01 0.39091563E+01
 0.21162796E+01 0.37217240E+01
 0.21590302E+01 0.35431764E+01
 0.22026465E+01 0.33731136E+01
 0.22471418E+01 0.32111514E+01
 0.22925382E+01 0.30569212E+01
 0.23388493E+01 0.29100702E+01
 0.23860984E+01 0.27702596E+01
