#           k/h    P           
 0.99999997E-04 0.10824347E+04
 0.10202013E-03 0.11104982E+04
 0.10408108E-03 0.11394152E+04
 0.10618366E-03 0.11692109E+04
 0.10832871E-03 0.11999109E+04
 0.11051710E-03 0.12315404E+04
 0.11274968E-03 0.12641238E+04
 0.11502737E-03 0.12976860E+04
 0.11735109E-03 0.13322522E+04
 0.11972173E-03 0.13678480E+04
 0.12214028E-03 0.14044980E+04
 0.12460767E-03 0.14422253E+04
 0.12712492E-03 0.14810532E+04
 0.12969300E-03 0.15210050E+04
 0.13231297E-03 0.15621036E+04
 0.13498588E-03 0.16043705E+04
 0.13771278E-03 0.16478250E+04
 0.14049475E-03 0.16924858E+04
 0.14333293E-03 0.17383715E+04
 0.14622846E-03 0.17854989E+04
 0.14918247E-03 0.18338832E+04
 0.15219615E-03 0.18835365E+04
 0.15527071E-03 0.19344700E+04
 0.15840739E-03 0.19866930E+04
 0.16160744E-03 0.20402133E+04
 0.16487212E-03 0.20950356E+04
 0.16820275E-03 0.21511619E+04
 0.17160067E-03 0.22085911E+04
 0.17506724E-03 0.22673208E+04
 0.17860383E-03 0.23273452E+04
 0.18221186E-03 0.23886555E+04
 0.18589280E-03 0.24512395E+04
 0.18964807E-03 0.25150820E+04
 0.19347922E-03 0.25801643E+04
 0.19738778E-03 0.26464646E+04
 0.20137527E-03 0.27139580E+04
 0.20544330E-03 0.27826162E+04
 0.20959355E-03 0.28524075E+04
 0.21382760E-03 0.29232959E+04
 0.21814722E-03 0.29952417E+04
 0.22255408E-03 0.30682031E+04
 0.22704997E-03 0.31421360E+04
 0.23163669E-03 0.32169915E+04
 0.23631606E-03 0.32927168E+04
 0.24108996E-03 0.33692551E+04
 0.24596031E-03 0.34465498E+04
 0.25092901E-03 0.35245422E+04
 0.25599814E-03 0.36031694E+04
 0.26116965E-03 0.36823645E+04
 0.26644560E-03 0.37620576E+04
 0.27182818E-03 0.38421814E+04
 0.27731949E-03 0.39226665E+04
 0.28292168E-03 0.40034409E+04
 0.28863709E-03 0.40844294E+04
 0.29446793E-03 0.41655547E+04
 0.30041661E-03 0.42467437E+04
 0.30648540E-03 0.43279243E+04
 0.31267683E-03 0.44090210E+04
 0.31899329E-03 0.44899570E+04
 0.32543740E-03 0.45706558E+04
 0.33201167E-03 0.46510454E+04
 0.33871876E-03 0.47310576E+04
 0.34556136E-03 0.48106221E+04
 0.35254212E-03 0.48896670E+04
 0.35966394E-03 0.49681235E+04
 0.36692963E-03 0.50459302E+04
 0.37434211E-03 0.51230273E+04
 0.38190430E-03 0.51993569E+04
 0.38961932E-03 0.52748608E+04
 0.39749016E-03 0.53494834E+04
 0.40552000E-03 0.54231777E+04
 0.41371203E-03 0.54959014E+04
 0.42206954E-03 0.55676118E+04
 0.43059592E-03 0.56382695E+04
 0.43929456E-03 0.57078369E+04
 0.44816890E-03 0.57762871E+04
 0.45722249E-03 0.58435957E+04
 0.46645897E-03 0.59097412E+04
 0.47588209E-03 0.59747036E+04
 0.48549555E-03 0.60384678E+04
 0.49530319E-03 0.61010264E+04
 0.50530903E-03 0.61623760E+04
 0.51551696E-03 0.62225146E+04
 0.52593107E-03 0.62814438E+04
 0.53655554E-03 0.63391694E+04
 0.54739468E-03 0.63957036E+04
 0.55845280E-03 0.64510625E+04
 0.56973431E-03 0.65052637E+04
 0.58124372E-03 0.65583281E+04
 0.59298560E-03 0.66102803E+04
 0.60496473E-03 0.66611499E+04
 0.61718578E-03 0.67109683E+04
 0.62965375E-03 0.67597710E+04
 0.64237369E-03 0.68075942E+04
 0.65535045E-03 0.68544780E+04
 0.66858943E-03 0.69004653E+04
 0.68209582E-03 0.69456016E+04
 0.69587503E-03 0.69899341E+04
 0.70993265E-03 0.70335127E+04
 0.72427420E-03 0.70763887E+04
 0.73890563E-03 0.71186143E+04
 0.75383246E-03 0.71602437E+04
 0.76906086E-03 0.72013340E+04
 0.78459689E-03 0.72419419E+04
 0.80044678E-03 0.72821270E+04
 0.81661687E-03 0.73219473E+04
 0.83311368E-03 0.73614624E+04
 0.84994361E-03 0.74007339E+04
 0.86711359E-03 0.74398247E+04
 0.88463066E-03 0.74787964E+04
 0.90250134E-03 0.75177109E+04
 0.92073303E-03 0.75566289E+04
 0.93933311E-03 0.75956143E+04
 0.95830887E-03 0.76347310E+04
 0.97766798E-03 0.76740425E+04
 0.99741819E-03 0.77136084E+04
 0.10175674E-02 0.77534907E+04
 0.10381236E-02 0.77937515E+04
 0.10590950E-02 0.78344551E+04
 0.10804901E-02 0.78756621E+04
 0.11023175E-02 0.79174302E+04
 0.11245857E-02 0.79598188E+04
 0.11473041E-02 0.80028877E+04
 0.11704812E-02 0.80466982E+04
 0.11941264E-02 0.80913081E+04
 0.12182494E-02 0.81367705E+04
 0.12428596E-02 0.81831411E+04
 0.12679670E-02 0.82304766E+04
 0.12935817E-02 0.82788340E+04
 0.13197137E-02 0.83282656E+04
 0.13463736E-02 0.83788213E+04
 0.13735722E-02 0.84305508E+04
 0.14013201E-02 0.84835049E+04
 0.14296286E-02 0.85377363E+04
 0.14585090E-02 0.85932920E+04
 0.14879731E-02 0.86502158E+04
 0.15180323E-02 0.87085518E+04
 0.15486985E-02 0.87683467E+04
 0.15799842E-02 0.88296475E+04
 0.16119020E-02 0.88924932E+04
 0.16444647E-02 0.89569238E+04
 0.16776850E-02 0.90229756E+04
 0.17115764E-02 0.90906904E+04
 0.17461524E-02 0.91601064E+04
 0.17814270E-02 0.92312578E+04
 0.18174142E-02 0.93041777E+04
 0.18541284E-02 0.93788955E+04
 0.18915841E-02 0.94554463E+04
 0.19297971E-02 0.95338623E+04
 0.19687817E-02 0.96141709E+04
 0.20085536E-02 0.96963955E+04
 0.20491290E-02 0.97805625E+04
 0.20905242E-02 0.98666953E+04
 0.21327557E-02 0.99548213E+04
 0.21758399E-02 0.10044959E+05
 0.22197948E-02 0.10137126E+05
 0.22646377E-02 0.10231339E+05
 0.23103864E-02 0.10327616E+05
 0.23570592E-02 0.10425974E+05
 0.24046749E-02 0.10526423E+05
 0.24532524E-02 0.10628975E+05
 0.25028118E-02 0.10733637E+05
 0.25533722E-02 0.10840419E+05
 0.26049537E-02 0.10949330E+05
 0.26575772E-02 0.11060371E+05
 0.27112637E-02 0.11173544E+05
 0.27660348E-02 0.11288849E+05
 0.28219123E-02 0.11406285E+05
 0.28789188E-02 0.11525851E+05
 0.29370766E-02 0.11647539E+05
 0.29964095E-02 0.11771343E+05
 0.30569409E-02 0.11897252E+05
 0.31186952E-02 0.12025255E+05
 0.31816978E-02 0.12155340E+05
 0.32459723E-02 0.12287489E+05
 0.33115451E-02 0.12421686E+05
 0.33784427E-02 0.12557908E+05
 0.34466919E-02 0.12696135E+05
 0.35163197E-02 0.12836341E+05
 0.35873537E-02 0.12978499E+05
 0.36598232E-02 0.13122577E+05
 0.37337563E-02 0.13268543E+05
 0.38091831E-02 0.13416361E+05
 0.38861334E-02 0.13565995E+05
 0.39646388E-02 0.13717403E+05
 0.40447293E-02 0.13870544E+05
 0.41264393E-02 0.14025373E+05
 0.42097992E-02 0.14181842E+05
 0.42948425E-02 0.14339899E+05
 0.43816040E-02 0.14499486E+05
 0.44701183E-02 0.14660542E+05
 0.45604203E-02 0.14823000E+05
 0.46525472E-02 0.14986793E+05
 0.47465344E-02 0.15151853E+05
 0.48424210E-02 0.15318125E+05
 0.49402444E-02 0.15485554E+05
 0.50400435E-02 0.15654078E+05
 0.51418589E-02 0.15823639E+05
 0.52457317E-02 0.15994156E+05
 0.53517036E-02 0.16165520E+05
 0.54598148E-02 0.16337607E+05
 0.55701104E-02 0.16510297E+05
 0.56826337E-02 0.16683455E+05
 0.57974309E-02 0.16856965E+05
 0.59145465E-02 0.17030732E+05
 0.60340283E-02 0.17204662E+05
 0.61559235E-02 0.17378660E+05
 0.62802811E-02 0.17552623E+05
 0.64071510E-02 0.17726443E+05
 0.65365843E-02 0.17899992E+05
 0.66686315E-02 0.18073133E+05
 0.68033468E-02 0.18245729E+05
 0.69407835E-02 0.18417637E+05
 0.70809964E-02 0.18588713E+05
 0.72240415E-02 0.18758809E+05
 0.73699774E-02 0.18927771E+05
 0.75188605E-02 0.19095443E+05
 0.76707508E-02 0.19261666E+05
 0.78257136E-02 0.19426275E+05
 0.79838037E-02 0.19589102E+05
 0.81450874E-02 0.19749973E+05
 0.83096288E-02 0.19908715E+05
 0.84774951E-02 0.20065148E+05
 0.86487513E-02 0.20219088E+05
 0.88234674E-02 0.20370340E+05
 0.90017123E-02 0.20518711E+05
 0.91835596E-02 0.20664000E+05
 0.93690790E-02 0.20806006E+05
 0.95583471E-02 0.20944525E+05
 0.97514391E-02 0.21079346E+05
 0.99484306E-02 0.21210252E+05
 0.10149402E-01 0.21337027E+05
 0.10354433E-01 0.21459459E+05
 0.10563606E-01 0.21577309E+05
 0.10777006E-01 0.21690318E+05
 0.10994715E-01 0.21798229E+05
 0.11216822E-01 0.21900783E+05
 0.11443418E-01 0.21997727E+05
 0.11674589E-01 0.22088850E+05
 0.11910431E-01 0.22173984E+05
 0.12151038E-01 0.22252969E+05
 0.12396505E-01 0.22325641E+05
 0.12646930E-01 0.22391830E+05
 0.12902415E-01 0.22451143E+05
 0.13163067E-01 0.22503021E+05
 0.13428980E-01 0.22546908E+05
 0.13700262E-01 0.22582250E+05
 0.13977026E-01 0.22608570E+05
 0.14259379E-01 0.22626221E+05
 0.14547437E-01 0.22636111E+05
 0.14841316E-01 0.22639164E+05
 0.15141129E-01 0.22636311E+05
 0.15447001E-01 0.22628320E+05
 0.15759049E-01 0.22614252E+05
 0.16077405E-01 0.22592189E+05
 0.16402189E-01 0.22560217E+05
 0.16733535E-01 0.22516439E+05
 0.17071573E-01 0.22459207E+05
 0.17416442E-01 0.22388691E+05
 0.17768279E-01 0.22306010E+05
 0.18127220E-01 0.22212289E+05
 0.18493414E-01 0.22108652E+05
 0.18867005E-01 0.21996029E+05
 0.19248145E-01 0.21873848E+05
 0.19636983E-01 0.21740906E+05
 0.20033674E-01 0.21596041E+05
 0.20438381E-01 0.21438146E+05
 0.20851264E-01 0.21266420E+05
 0.21272486E-01 0.21081684E+05
 0.21702228E-01 0.20885383E+05
 0.22140643E-01 0.20678943E+05
 0.22587912E-01 0.20463764E+05
 0.23044219E-01 0.20241064E+05
 0.23509743E-01 0.20011211E+05
 0.23984671E-01 0.19774295E+05
 0.24469191E-01 0.19530420E+05
 0.24963502E-01 0.19279707E+05
 0.25467798E-01 0.19022266E+05
 0.25982281E-01 0.18758064E+05
 0.26507158E-01 0.18487053E+05
 0.27042639E-01 0.18209211E+05
 0.27588934E-01 0.17924551E+05
 0.28146267E-01 0.17633248E+05
 0.28714858E-01 0.17336047E+05
 0.29294936E-01 0.17033828E+05
 0.29886734E-01 0.16727441E+05
 0.30490484E-01 0.16417705E+05
 0.31106433E-01 0.16105514E+05
 0.31734824E-01 0.15792117E+05
 0.32375909E-01 0.15478780E+05
 0.33029947E-01 0.15166687E+05
 0.33697195E-01 0.14856937E+05
 0.34377921E-01 0.14550462E+05
 0.35072401E-01 0.14247841E+05
 0.35780910E-01 0.13949547E+05
 0.36503751E-01 0.13656015E+05
 0.37241172E-01 0.13367641E+05
 0.37993494E-01 0.13084992E+05
 0.38761012E-01 0.12809184E+05
 0.39544035E-01 0.12541331E+05
 0.40342879E-01 0.12282450E+05
 0.41157857E-01 0.12033459E+05
 0.41989300E-01 0.11794889E+05
 0.42837542E-01 0.11566462E+05
 0.43702915E-01 0.11347799E+05
 0.44585772E-01 0.11138539E+05
 0.45486465E-01 0.10938340E+05
 0.46405349E-01 0.10746954E+05
 0.47342800E-01 0.10564241E+05
 0.48299186E-01 0.10390075E+05
 0.49274895E-01 0.10224334E+05
 0.50270312E-01 0.10066733E+05
 0.51285837E-01 0.99164150E+04
 0.52321881E-01 0.97724424E+04
 0.53378850E-01 0.96339316E+04
 0.54457176E-01 0.94999766E+04
 0.55557281E-01 0.93694707E+04
 0.56679614E-01 0.92413125E+04
 0.57824615E-01 0.91144570E+04
 0.58992747E-01 0.89878115E+04
 0.60184479E-01 0.88601904E+04
 0.61400317E-01 0.87304629E+04
 0.62640682E-01 0.85974072E+04
 0.63906111E-01 0.84589502E+04
 0.65197095E-01 0.83128525E+04
 0.66514164E-01 0.81572471E+04
 0.67857832E-01 0.79926309E+04
 0.69228657E-01 0.78209443E+04
 0.70627168E-01 0.76438286E+04
 0.72053924E-01 0.74597378E+04
 0.73509507E-01 0.72651611E+04
 0.74994497E-01 0.70575693E+04
 0.76509491E-01 0.68393193E+04
 0.78055084E-01 0.66147969E+04
 0.79631895E-01 0.63875405E+04
 0.81240565E-01 0.61592456E+04
 0.82881734E-01 0.59311904E+04
 0.84556051E-01 0.57052021E+04
 0.86264193E-01 0.54835332E+04
 0.88006847E-01 0.52682886E+04
 0.89784704E-01 0.50617051E+04
 0.91598473E-01 0.48657427E+04
 0.93448877E-01 0.46821309E+04
 0.95336676E-01 0.45125474E+04
 0.97262599E-01 0.43584019E+04
 0.99227436E-01 0.42202998E+04
 0.10123201E+00 0.40981025E+04
 0.10327702E+00 0.39914419E+04
 0.10536335E+00 0.38986270E+04
 0.10749183E+00 0.38176301E+04
 0.10966332E+00 0.37460156E+04
 0.11187866E+00 0.36807571E+04
 0.11413875E+00 0.36189089E+04
 0.11644451E+00 0.35574258E+04
 0.11879683E+00 0.34934250E+04
 0.12119669E+00 0.34244016E+04
 0.12364503E+00 0.33481926E+04
 0.12614281E+00 0.32633899E+04
 0.12869108E+00 0.31691995E+04
 0.13129081E+00 0.30657627E+04
 0.13394305E+00 0.29539512E+04
 0.13664888E+00 0.28354963E+04
 0.13940936E+00 0.27126870E+04
 0.14222562E+00 0.25885474E+04
 0.14509876E+00 0.24663413E+04
 0.14802995E+00 0.23496746E+04
 0.15102035E+00 0.22417568E+04
 0.15407117E+00 0.21451340E+04
 0.15718360E+00 0.20611084E+04
 0.16035892E+00 0.19897249E+04
 0.16359837E+00 0.19297510E+04
 0.16690327E+00 0.18792715E+04
 0.17027503E+00 0.18358669E+04
 0.17371480E+00 0.17968051E+04
 0.17722408E+00 0.17590698E+04
 0.18080424E+00 0.17193676E+04
 0.18445672E+00 0.16747869E+04
 0.18818299E+00 0.16234492E+04
 0.19198453E+00 0.15651127E+04
 0.19586287E+00 0.15011741E+04
 0.19981956E+00 0.14339486E+04
 0.20385619E+00 0.13661219E+04
 0.20797436E+00 0.13004154E+04
 0.21217570E+00 0.12394248E+04
 0.21646193E+00 0.11852134E+04
 0.22083476E+00 0.11387983E+04
 0.22529592E+00 0.10998782E+04
 0.22984719E+00 0.10669689E+04
 0.23449039E+00 0.10378263E+04
 0.23922741E+00 0.10098616E+04
 0.24406013E+00 0.98060480E+03
 0.24899045E+00 0.94833600E+03
 0.25402039E+00 0.91259247E+03
 0.25915194E+00 0.87415137E+03
 0.26438716E+00 0.83459222E+03
 0.26972812E+00 0.79585004E+03
 0.27517700E+00 0.75981097E+03
 0.28073606E+00 0.72777960E+03
 0.28640729E+00 0.70002216E+03
 0.29219311E+00 0.67578278E+03
 0.29809579E+00 0.65367303E+03
 0.30411756E+00 0.63210510E+03
 0.31026131E+00 0.60974237E+03
 0.31652883E+00 0.58599432E+03
 0.32292327E+00 0.56121558E+03
 0.32944661E+00 0.53640656E+03
 0.33610201E+00 0.51270038E+03
 0.34289157E+00 0.49094623E+03
 0.34981859E+00 0.47140991E+03
 0.35688522E+00 0.45369150E+03
 0.36409497E+00 0.43698859E+03
 0.37145033E+00 0.42049283E+03
 0.37895393E+00 0.40370682E+03
 0.38660949E+00 0.38669659E+03
 0.39441931E+00 0.36999176E+03
 0.40238729E+00 0.35410623E+03
 0.41051584E+00 0.33935568E+03
 0.41880903E+00 0.32572632E+03
 0.42726934E+00 0.31282809E+03
 0.43590093E+00 0.30026797E+03
 0.44470647E+00 0.28784161E+03
 0.45369038E+00 0.27558795E+03
 0.46285531E+00 0.26377277E+03
 0.47220579E+00 0.25259807E+03
 0.48174477E+00 0.24207005E+03
 0.49147689E+00 0.23207161E+03
 0.50140512E+00 0.22239973E+03
 0.51153439E+00 0.21297046E+03
 0.52186781E+00 0.20383894E+03
 0.53241050E+00 0.19508768E+03
 0.54316562E+00 0.18677892E+03
 0.55413854E+00 0.17885562E+03
 0.56533259E+00 0.17123550E+03
 0.57675338E+00 0.16387068E+03
 0.58840430E+00 0.15678625E+03
 0.60029107E+00 0.15000401E+03
 0.61241806E+00 0.14352034E+03
 0.62478942E+00 0.13731296E+03
 0.63741130E+00 0.13136143E+03
 0.65028751E+00 0.12565226E+03
 0.66342449E+00 0.12017653E+03
 0.67682624E+00 0.11492568E+03
 0.69049937E+00 0.10989142E+03
 0.70444804E+00 0.10506570E+03
 0.71867913E+00 0.10044069E+03
 0.73319703E+00 0.96008850E+02
 0.74800897E+00 0.91762833E+02
 0.76311934E+00 0.87695541E+02
 0.77853578E+00 0.83800102E+02
 0.79426283E+00 0.80069870E+02
 0.81030840E+00 0.76498405E+02
 0.82667732E+00 0.73079498E+02
 0.84337759E+00 0.69807121E+02
 0.86041462E+00 0.66675484E+02
 0.87779653E+00 0.63678967E+02
 0.89552867E+00 0.60812145E+02
 0.91362000E+00 0.58069691E+02
 0.93207598E+00 0.55446457E+02
 0.95090556E+00 0.52937504E+02
 0.97011465E+00 0.50538067E+02
 0.98971266E+00 0.48243587E+02
 0.10097067E+01 0.46049675E+02
 0.10301036E+01 0.43952110E+02
 0.10509136E+01 0.41946854E+02
 0.10721428E+01 0.40030010E+02
 0.10938021E+01 0.38197845E+02
 0.11158978E+01 0.36446785E+02
 0.11384410E+01 0.34773376E+02
 0.11614385E+01 0.33174324E+02
 0.11849015E+01 0.31646460E+02
 0.12088375E+01 0.30186735E+02
 0.12332582E+01 0.28792238E+02
 0.12581712E+01 0.27460157E+02
 0.12835884E+01 0.26187788E+02
 0.13095180E+01 0.24972534E+02
 0.13359727E+01 0.23811914E+02
 0.13629605E+01 0.22703547E+02
 0.13904947E+01 0.21645153E+02
 0.14185839E+01 0.20634550E+02
 0.14472418E+01 0.19669645E+02
 0.14764773E+01 0.18748440E+02
 0.15063047E+01 0.17869017E+02
 0.15367334E+01 0.17029537E+02
 0.15677782E+01 0.16228249E+02
 0.15994486E+01 0.15463467E+02
 0.16317604E+01 0.14733581E+02
 0.16647232E+01 0.14037049E+02
 0.16983536E+01 0.13372397E+02
 0.17326634E+01 0.12738214E+02
 0.17676648E+01 0.12133183E+02
 0.18033748E+01 0.11556065E+02
 0.18398044E+01 0.11005663E+02
 0.18769718E+01 0.10480826E+02
 0.19148883E+01 0.99804468E+01
 0.19535724E+01 0.95034580E+01
 0.19930363E+01 0.90488338E+01
 0.20332992E+01 0.86155882E+01
 0.20743735E+01 0.82027712E+01
 0.21162796E+01 0.78094721E+01
 0.21590302E+01 0.74348173E+01
 0.22026465E+01 0.70779662E+01
 0.22471418E+01 0.67381129E+01
 0.22925382E+01 0.64144845E+01
 0.23388493E+01 0.61063399E+01
 0.23860984E+01 0.58129687E+01
