#           k/h    P           
 0.99999997E-04 0.55300128E+03
 0.10202013E-03 0.56355902E+03
 0.10408108E-03 0.57431189E+03
 0.10618366E-03 0.58526300E+03
 0.10832871E-03 0.59641559E+03
 0.11051710E-03 0.60777307E+03
 0.11274968E-03 0.61933868E+03
 0.11502737E-03 0.63111572E+03
 0.11735109E-03 0.64310760E+03
 0.11972173E-03 0.65531781E+03
 0.12214028E-03 0.66774963E+03
 0.12460767E-03 0.68040662E+03
 0.12712492E-03 0.69329218E+03
 0.12969300E-03 0.70640979E+03
 0.13231297E-03 0.71976300E+03
 0.13498588E-03 0.73335535E+03
 0.13771278E-03 0.74719031E+03
 0.14049475E-03 0.76127148E+03
 0.14333293E-03 0.77560236E+03
 0.14622846E-03 0.79018658E+03
 0.14918247E-03 0.80502765E+03
 0.15219615E-03 0.82012915E+03
 0.15527071E-03 0.83549469E+03
 0.15840739E-03 0.85112781E+03
 0.16160744E-03 0.86703217E+03
 0.16487212E-03 0.88321124E+03
 0.16820275E-03 0.89966858E+03
 0.17160067E-03 0.91640771E+03
 0.17506724E-03 0.93343219E+03
 0.17860383E-03 0.95074548E+03
 0.18221186E-03 0.96835107E+03
 0.18589280E-03 0.98625244E+03
 0.18964807E-03 0.10044529E+04
 0.19347922E-03 0.10229561E+04
 0.19738778E-03 0.10417651E+04
 0.20137527E-03 0.10608835E+04
 0.20544330E-03 0.10803146E+04
 0.20959355E-03 0.11000614E+04
 0.21382760E-03 0.11201273E+04
 0.21814722E-03 0.11405155E+04
 0.22255408E-03 0.11612289E+04
 0.22704997E-03 0.11822709E+04
 0.23163669E-03 0.12036444E+04
 0.23631606E-03 0.12253523E+04
 0.24108996E-03 0.12473978E+04
 0.24596031E-03 0.12697837E+04
 0.25092901E-03 0.12925128E+04
 0.25599814E-03 0.13155881E+04
 0.26116965E-03 0.13390125E+04
 0.26644560E-03 0.13627882E+04
 0.27182818E-03 0.13869186E+04
 0.27731949E-03 0.14114060E+04
 0.28292168E-03 0.14362534E+04
 0.28863709E-03 0.14614635E+04
 0.29446793E-03 0.14870387E+04
 0.30041661E-03 0.15129818E+04
 0.30648540E-03 0.15392959E+04
 0.31267683E-03 0.15659836E+04
 0.31899329E-03 0.15930476E+04
 0.32543740E-03 0.16204906E+04
 0.33201167E-03 0.16483159E+04
 0.33871876E-03 0.16765265E+04
 0.34556136E-03 0.17051255E+04
 0.35254212E-03 0.17341161E+04
 0.35966394E-03 0.17635016E+04
 0.36692963E-03 0.17932856E+04
 0.37434211E-03 0.18234723E+04
 0.38190430E-03 0.18540652E+04
 0.38961932E-03 0.18850686E+04
 0.39749016E-03 0.19164866E+04
 0.40552000E-03 0.19483239E+04
 0.41371203E-03 0.19805859E+04
 0.42206954E-03 0.20132778E+04
 0.43059592E-03 0.20464049E+04
 0.43929456E-03 0.20799731E+04
 0.44816890E-03 0.21139885E+04
 0.45722249E-03 0.21484585E+04
 0.46645897E-03 0.21833901E+04
 0.47588209E-03 0.22187903E+04
 0.48549555E-03 0.22546670E+04
 0.49530319E-03 0.22910288E+04
 0.50530903E-03 0.23278848E+04
 0.51551696E-03 0.23652446E+04
 0.52593107E-03 0.24031179E+04
 0.53655554E-03 0.24415146E+04
 0.54739468E-03 0.24804463E+04
 0.55845280E-03 0.25199243E+04
 0.56973431E-03 0.25599604E+04
 0.58124372E-03 0.26005674E+04
 0.59298560E-03 0.26417578E+04
 0.60496473E-03 0.26835457E+04
 0.61718578E-03 0.27259448E+04
 0.62965375E-03 0.27689700E+04
 0.64237369E-03 0.28126365E+04
 0.65535045E-03 0.28569595E+04
 0.66858943E-03 0.29019556E+04
 0.68209582E-03 0.29476406E+04
 0.69587503E-03 0.29940320E+04
 0.70993265E-03 0.30411472E+04
 0.72427420E-03 0.30890044E+04
 0.73890563E-03 0.31376211E+04
 0.75383246E-03 0.31870164E+04
 0.76906086E-03 0.32372087E+04
 0.78459689E-03 0.32882185E+04
 0.80044678E-03 0.33400649E+04
 0.81661687E-03 0.33927678E+04
 0.83311368E-03 0.34463467E+04
 0.84994361E-03 0.35008225E+04
 0.86711359E-03 0.35562158E+04
 0.88463066E-03 0.36125479E+04
 0.90250134E-03 0.36698391E+04
 0.92073303E-03 0.37281099E+04
 0.93933311E-03 0.37873818E+04
 0.95830887E-03 0.38476768E+04
 0.97766798E-03 0.39090159E+04
 0.99741819E-03 0.39714202E+04
 0.10175674E-02 0.40349102E+04
 0.10381236E-02 0.40995078E+04
 0.10590950E-02 0.41652344E+04
 0.10804901E-02 0.42321118E+04
 0.11023175E-02 0.43001602E+04
 0.11245857E-02 0.43693994E+04
 0.11473041E-02 0.44398516E+04
 0.11704812E-02 0.45115376E+04
 0.11941264E-02 0.45844775E+04
 0.12182494E-02 0.46586919E+04
 0.12428596E-02 0.47341997E+04
 0.12679670E-02 0.48110215E+04
 0.12935817E-02 0.48891772E+04
 0.13197137E-02 0.49686860E+04
 0.13463736E-02 0.50495674E+04
 0.13735722E-02 0.51318389E+04
 0.14013201E-02 0.52155190E+04
 0.14296286E-02 0.53006270E+04
 0.14585090E-02 0.53871797E+04
 0.14879731E-02 0.54751934E+04
 0.15180323E-02 0.55646851E+04
 0.15486985E-02 0.56556709E+04
 0.15799842E-02 0.57481665E+04
 0.16119020E-02 0.58421880E+04
 0.16444647E-02 0.59377490E+04
 0.16776850E-02 0.60348657E+04
 0.17115764E-02 0.61335513E+04
 0.17461524E-02 0.62338203E+04
 0.17814270E-02 0.63356855E+04
 0.18174142E-02 0.64391602E+04
 0.18541284E-02 0.65442563E+04
 0.18915841E-02 0.66509858E+04
 0.19297971E-02 0.67593604E+04
 0.19687817E-02 0.68693877E+04
 0.20085536E-02 0.69810771E+04
 0.20491290E-02 0.70944341E+04
 0.20905242E-02 0.72094658E+04
 0.21327557E-02 0.73261777E+04
 0.21758399E-02 0.74445752E+04
 0.22197948E-02 0.75646626E+04
 0.22646377E-02 0.76864448E+04
 0.23103864E-02 0.78099243E+04
 0.23570592E-02 0.79351040E+04
 0.24046749E-02 0.80619849E+04
 0.24532524E-02 0.81905659E+04
 0.25028118E-02 0.83208457E+04
 0.25533722E-02 0.84528223E+04
 0.26049537E-02 0.85864922E+04
 0.26575772E-02 0.87218496E+04
 0.27112637E-02 0.88588887E+04
 0.27660348E-02 0.89976045E+04
 0.28219123E-02 0.91379863E+04
 0.28789188E-02 0.92800254E+04
 0.29370766E-02 0.94237100E+04
 0.29964095E-02 0.95690283E+04
 0.30569409E-02 0.97159668E+04
 0.31186952E-02 0.98645088E+04
 0.31816978E-02 0.10014638E+05
 0.32459723E-02 0.10166334E+05
 0.33115451E-02 0.10319577E+05
 0.33784427E-02 0.10474346E+05
 0.34466919E-02 0.10630616E+05
 0.35163197E-02 0.10788360E+05
 0.35873537E-02 0.10947552E+05
 0.36598232E-02 0.11108160E+05
 0.37337563E-02 0.11270153E+05
 0.38091831E-02 0.11433497E+05
 0.38861334E-02 0.11598156E+05
 0.39646388E-02 0.11764091E+05
 0.40447293E-02 0.11931264E+05
 0.41264393E-02 0.12099630E+05
 0.42097992E-02 0.12269147E+05
 0.42948425E-02 0.12439768E+05
 0.43816040E-02 0.12611437E+05
 0.44701183E-02 0.12784099E+05
 0.45604203E-02 0.12957694E+05
 0.46525472E-02 0.13132161E+05
 0.47465344E-02 0.13307440E+05
 0.48424210E-02 0.13483479E+05
 0.49402444E-02 0.13660228E+05
 0.50400435E-02 0.13837630E+05
 0.51418589E-02 0.14015632E+05
 0.52457317E-02 0.14194163E+05
 0.53517036E-02 0.14373124E+05
 0.54598148E-02 0.14552405E+05
 0.55701104E-02 0.14731896E+05
 0.56826337E-02 0.14911480E+05
 0.57974309E-02 0.15091051E+05
 0.59145465E-02 0.15270521E+05
 0.60340283E-02 0.15449807E+05
 0.61559235E-02 0.15628819E+05
 0.62802811E-02 0.15807470E+05
 0.64071510E-02 0.15985658E+05
 0.65365843E-02 0.16163270E+05
 0.66686315E-02 0.16340182E+05
 0.68033468E-02 0.16516271E+05
 0.69407835E-02 0.16691414E+05
 0.70809964E-02 0.16865479E+05
 0.72240415E-02 0.17038328E+05
 0.73699774E-02 0.17209822E+05
 0.75188605E-02 0.17379820E+05
 0.76707508E-02 0.17548178E+05
 0.78257136E-02 0.17714754E+05
 0.79838037E-02 0.17879408E+05
 0.81450874E-02 0.18042002E+05
 0.83096288E-02 0.18202395E+05
 0.84774951E-02 0.18360441E+05
 0.86487513E-02 0.18515984E+05
 0.88234674E-02 0.18668848E+05
 0.90017123E-02 0.18818846E+05
 0.91835596E-02 0.18965797E+05
 0.93690790E-02 0.19109523E+05
 0.95583471E-02 0.19249979E+05
 0.97514391E-02 0.19387268E+05
 0.99484306E-02 0.19521506E+05
 0.10149402E-01 0.19652816E+05
 0.10354433E-01 0.19781330E+05
 0.10563606E-01 0.19907154E+05
 0.10777006E-01 0.20030393E+05
 0.10994715E-01 0.20151141E+05
 0.11216822E-01 0.20269506E+05
 0.11443418E-01 0.20385801E+05
 0.11674589E-01 0.20503730E+05
 0.11910431E-01 0.20629908E+05
 0.12151038E-01 0.20771189E+05
 0.12396505E-01 0.20934648E+05
 0.12646930E-01 0.21127533E+05
 0.12902415E-01 0.21356197E+05
 0.13163067E-01 0.21626457E+05
 0.13428980E-01 0.21944570E+05
 0.13700262E-01 0.22317369E+05
 0.13977026E-01 0.22750652E+05
 0.14259379E-01 0.23229988E+05
 0.14547437E-01 0.23725885E+05
 0.14841316E-01 0.24206041E+05
 0.15141129E-01 0.24635576E+05
 0.15447001E-01 0.24980279E+05
 0.15759049E-01 0.25233230E+05
 0.16077405E-01 0.25404840E+05
 0.16402189E-01 0.25506959E+05
 0.16733535E-01 0.25552307E+05
 0.17071573E-01 0.25553580E+05
 0.17416442E-01 0.25518945E+05
 0.17768279E-01 0.25454236E+05
 0.18127220E-01 0.25365334E+05
 0.18493414E-01 0.25258121E+05
 0.18867005E-01 0.25137840E+05
 0.19248145E-01 0.25005277E+05
 0.19636983E-01 0.24859258E+05
 0.20033674E-01 0.24698645E+05
 0.20438381E-01 0.24522361E+05
 0.20851264E-01 0.24329670E+05
 0.21272486E-01 0.24121623E+05
 0.21702228E-01 0.23899963E+05
 0.22140643E-01 0.23666410E+05
 0.22587912E-01 0.23422648E+05
 0.23044219E-01 0.23170146E+05
 0.23509743E-01 0.22909342E+05
 0.23984671E-01 0.22640324E+05
 0.24469191E-01 0.22363207E+05
 0.24963502E-01 0.22078123E+05
 0.25467798E-01 0.21785191E+05
 0.25982281E-01 0.21484379E+05
 0.26507158E-01 0.21175641E+05
 0.27042639E-01 0.20858957E+05
 0.27588934E-01 0.20534354E+05
 0.28146267E-01 0.20202033E+05
 0.28714858E-01 0.19862857E+05
 0.29294936E-01 0.19517832E+05
 0.29886734E-01 0.19167936E+05
 0.30490484E-01 0.18814111E+05
 0.31106433E-01 0.18457383E+05
 0.31734824E-01 0.18099193E+05
 0.32375909E-01 0.17740994E+05
 0.33029947E-01 0.17384146E+05
 0.33697195E-01 0.17029920E+05
 0.34377921E-01 0.16679385E+05
 0.35072401E-01 0.16333204E+05
 0.35780910E-01 0.15991922E+05
 0.36503751E-01 0.15656034E+05
 0.37241172E-01 0.15325995E+05
 0.37993494E-01 0.15002462E+05
 0.38761012E-01 0.14686727E+05
 0.39544035E-01 0.14380088E+05
 0.40342879E-01 0.14083724E+05
 0.41157857E-01 0.13798703E+05
 0.41989300E-01 0.13525641E+05
 0.42837542E-01 0.13264199E+05
 0.43702915E-01 0.13013924E+05
 0.44585772E-01 0.12774381E+05
 0.45486465E-01 0.12545163E+05
 0.46405349E-01 0.12325983E+05
 0.47342800E-01 0.12116699E+05
 0.48299186E-01 0.11917184E+05
 0.49274895E-01 0.11727312E+05
 0.50270312E-01 0.11546770E+05
 0.51285837E-01 0.11374573E+05
 0.52321881E-01 0.11209646E+05
 0.53378850E-01 0.11050969E+05
 0.54457176E-01 0.10897501E+05
 0.55557281E-01 0.10747976E+05
 0.56679614E-01 0.10601130E+05
 0.57824615E-01 0.10455768E+05
 0.58992747E-01 0.10310637E+05
 0.60184479E-01 0.10164376E+05
 0.61400317E-01 0.10015690E+05
 0.62640682E-01 0.98631758E+04
 0.63906111E-01 0.97044570E+04
 0.65197095E-01 0.95369629E+04
 0.66514164E-01 0.93585537E+04
 0.67857832E-01 0.91697979E+04
 0.69228657E-01 0.89729229E+04
 0.70627168E-01 0.87698096E+04
 0.72053924E-01 0.85586875E+04
 0.73509507E-01 0.83355273E+04
 0.74994497E-01 0.80974277E+04
 0.76509491E-01 0.78470928E+04
 0.78055084E-01 0.75895532E+04
 0.79631895E-01 0.73288706E+04
 0.81240565E-01 0.70669893E+04
 0.82881734E-01 0.68053750E+04
 0.84556051E-01 0.65461270E+04
 0.86264193E-01 0.62918301E+04
 0.88006847E-01 0.60448994E+04
 0.89784704E-01 0.58079023E+04
 0.91598473E-01 0.55830869E+04
 0.93448877E-01 0.53724380E+04
 0.95336676E-01 0.51778823E+04
 0.97262599E-01 0.50010376E+04
 0.99227436E-01 0.48425986E+04
 0.10123201E+00 0.47024077E+04
 0.10327702E+00 0.45800415E+04
 0.10536335E+00 0.44735605E+04
 0.10749183E+00 0.43806387E+04
 0.10966332E+00 0.42984814E+04
 0.11187866E+00 0.42236162E+04
 0.11413875E+00 0.41526626E+04
 0.11644451E+00 0.40821262E+04
 0.11879683E+00 0.40087002E+04
 0.12119669E+00 0.39295095E+04
 0.12364503E+00 0.38420720E+04
 0.12614281E+00 0.37447715E+04
 0.12869108E+00 0.36366975E+04
 0.13129081E+00 0.35180122E+04
 0.13394305E+00 0.33897153E+04
 0.13664888E+00 0.32537942E+04
 0.13940936E+00 0.31128755E+04
 0.14222562E+00 0.29704290E+04
 0.14509876E+00 0.28302000E+04
 0.14802995E+00 0.26963269E+04
 0.15102035E+00 0.25724929E+04
 0.15407117E+00 0.24616194E+04
 0.15718360E+00 0.23652009E+04
 0.16035892E+00 0.22832893E+04
 0.16359837E+00 0.22144705E+04
 0.16690327E+00 0.21565461E+04
 0.17027503E+00 0.21067397E+04
 0.17371480E+00 0.20619170E+04
 0.17722408E+00 0.20186169E+04
 0.18080424E+00 0.19730587E+04
 0.18445672E+00 0.19219020E+04
 0.18818299E+00 0.18629919E+04
 0.19198453E+00 0.17960491E+04
 0.19586287E+00 0.17226779E+04
 0.19981956E+00 0.16455347E+04
 0.20385619E+00 0.15677012E+04
 0.20797436E+00 0.14923007E+04
 0.21217570E+00 0.14223119E+04
 0.21646193E+00 0.13601021E+04
 0.22083476E+00 0.13068390E+04
 0.22529592E+00 0.12621766E+04
 0.22984719E+00 0.12244125E+04
 0.23449039E+00 0.11909705E+04
 0.23922741E+00 0.11588799E+04
 0.24406013E+00 0.11253068E+04
 0.24899045E+00 0.10882772E+04
 0.25402039E+00 0.10472601E+04
 0.25915194E+00 0.10031474E+04
 0.26438716E+00 0.95775128E+03
 0.26972812E+00 0.91329272E+03
 0.27517700E+00 0.87193622E+03
 0.28073606E+00 0.83517853E+03
 0.28640729E+00 0.80332550E+03
 0.29219311E+00 0.77550928E+03
 0.29809579E+00 0.75013727E+03
 0.30411756E+00 0.72538684E+03
 0.31026131E+00 0.69972430E+03
 0.31652883E+00 0.67247162E+03
 0.32292327E+00 0.64403662E+03
 0.32944661E+00 0.61556647E+03
 0.33610201E+00 0.58836212E+03
 0.34289157E+00 0.56339777E+03
 0.34981859E+00 0.54097852E+03
 0.35688522E+00 0.52064539E+03
 0.36409497E+00 0.50147775E+03
 0.37145033E+00 0.48254773E+03
 0.37895393E+00 0.46328467E+03
 0.38660949E+00 0.44376434E+03
 0.39441931E+00 0.42459436E+03
 0.40238729E+00 0.40636469E+03
 0.41051584E+00 0.38943741E+03
 0.41880903E+00 0.37379675E+03
 0.42726934E+00 0.35899503E+03
 0.43590093E+00 0.34458148E+03
 0.44470647E+00 0.33032129E+03
 0.45369038E+00 0.31625934E+03
 0.46285531E+00 0.30270050E+03
 0.47220579E+00 0.28987665E+03
 0.48174477E+00 0.27779498E+03
 0.49147689E+00 0.26632092E+03
 0.50140512E+00 0.25522174E+03
 0.51153439E+00 0.24440088E+03
 0.52186781E+00 0.23392171E+03
 0.53241050E+00 0.22387898E+03
 0.54316562E+00 0.21434406E+03
 0.55413854E+00 0.20525146E+03
 0.56533259E+00 0.19650673E+03
 0.57675338E+00 0.18805504E+03
 0.58840430E+00 0.17992514E+03
 0.60029107E+00 0.17214201E+03
 0.61241806E+00 0.16470148E+03
 0.62478942E+00 0.15757797E+03
 0.63741130E+00 0.15074809E+03
 0.65028751E+00 0.14419635E+03
 0.66342449E+00 0.13791249E+03
 0.67682624E+00 0.13188670E+03
 0.69049937E+00 0.12610948E+03
 0.70444804E+00 0.12057156E+03
 0.71867913E+00 0.11526400E+03
 0.73319703E+00 0.11017810E+03
 0.74800897E+00 0.10530545E+03
 0.76311934E+00 0.10063791E+03
 0.77853578E+00 0.96167580E+02
 0.79426283E+00 0.91886833E+02
 0.81030840E+00 0.87788292E+02
 0.82667732E+00 0.83864815E+02
 0.84337759E+00 0.80109497E+02
 0.86041462E+00 0.76515686E+02
 0.87779653E+00 0.73076942E+02
 0.89552867E+00 0.69787033E+02
 0.91362000E+00 0.66639839E+02
 0.93207598E+00 0.63629467E+02
 0.95090556E+00 0.60750233E+02
 0.97011465E+00 0.57996681E+02
 0.98971266E+00 0.55363575E+02
 0.10097067E+01 0.52845879E+02
 0.10301036E+01 0.50438751E+02
 0.10509136E+01 0.48137550E+02
 0.10721428E+01 0.45937813E+02
 0.10938021E+01 0.43835255E+02
 0.11158978E+01 0.41825764E+02
 0.11384410E+01 0.39905388E+02
 0.11614385E+01 0.38070343E+02
 0.11849015E+01 0.36316986E+02
 0.12088375E+01 0.34641834E+02
 0.12332582E+01 0.33041531E+02
 0.12581712E+01 0.31512856E+02
 0.12835884E+01 0.30052704E+02
 0.13095180E+01 0.28658100E+02
 0.13359727E+01 0.27326191E+02
 0.13629605E+01 0.26054247E+02
 0.13904947E+01 0.24839649E+02
 0.14185839E+01 0.23679897E+02
 0.14472418E+01 0.22572588E+02
 0.14764773E+01 0.21515427E+02
 0.15063047E+01 0.20506214E+02
 0.15367334E+01 0.19542843E+02
 0.15677782E+01 0.18623295E+02
 0.15994486E+01 0.17745644E+02
 0.16317604E+01 0.16908037E+02
 0.16647232E+01 0.16108709E+02
 0.16983536E+01 0.15345964E+02
 0.17326634E+01 0.14618185E+02
 0.17676648E+01 0.13923862E+02
 0.18033748E+01 0.13261569E+02
 0.18398044E+01 0.12629935E+02
 0.18769718E+01 0.12027641E+02
 0.19148883E+01 0.11453414E+02
 0.19535724E+01 0.10906029E+02
 0.19930363E+01 0.10384309E+02
 0.20332992E+01 0.98871212E+01
 0.20743735E+01 0.94133787E+01
 0.21162796E+01 0.89620352E+01
 0.21590302E+01 0.85320873E+01
 0.22026465E+01 0.81225700E+01
 0.22471418E+01 0.77325597E+01
 0.22925382E+01 0.73611684E+01
 0.23388493E+01 0.70075464E+01
 0.23860984E+01 0.66708779E+01
