#           k/h    P           
 0.99999997E-04 0.77141705E+03
 0.10202013E-03 0.78794336E+03
 0.10408108E-03 0.80487061E+03
 0.10618366E-03 0.82220978E+03
 0.10832871E-03 0.83997223E+03
 0.11051710E-03 0.85816943E+03
 0.11274968E-03 0.87681287E+03
 0.11502737E-03 0.89591425E+03
 0.11735109E-03 0.91548560E+03
 0.11972173E-03 0.93553937E+03
 0.12214028E-03 0.95608777E+03
 0.12460767E-03 0.97714270E+03
 0.12712492E-03 0.99871649E+03
 0.12969300E-03 0.10208216E+04
 0.13231297E-03 0.10434707E+04
 0.13498588E-03 0.10666760E+04
 0.13771278E-03 0.10904489E+04
 0.14049475E-03 0.11148011E+04
 0.14333293E-03 0.11397444E+04
 0.14622846E-03 0.11652905E+04
 0.14918247E-03 0.11914501E+04
 0.15219615E-03 0.12182325E+04
 0.15527071E-03 0.12456472E+04
 0.15840739E-03 0.12737035E+04
 0.16160744E-03 0.13024099E+04
 0.16487212E-03 0.13317737E+04
 0.16820275E-03 0.13617999E+04
 0.17160067E-03 0.13924933E+04
 0.17506724E-03 0.14238579E+04
 0.17860383E-03 0.14558971E+04
 0.18221186E-03 0.14886111E+04
 0.18589280E-03 0.15219985E+04
 0.18964807E-03 0.15560563E+04
 0.19347922E-03 0.15907805E+04
 0.19738778E-03 0.16261658E+04
 0.20137527E-03 0.16622034E+04
 0.20544330E-03 0.16988820E+04
 0.20959355E-03 0.17361887E+04
 0.21382760E-03 0.17741088E+04
 0.21814722E-03 0.18126254E+04
 0.22255408E-03 0.18517185E+04
 0.22704997E-03 0.18913658E+04
 0.23163669E-03 0.19315427E+04
 0.23631606E-03 0.19722219E+04
 0.24108996E-03 0.20133741E+04
 0.24596031E-03 0.20549683E+04
 0.25092901E-03 0.20969707E+04
 0.25599814E-03 0.21393459E+04
 0.26116965E-03 0.21820552E+04
 0.26644560E-03 0.22250583E+04
 0.27182818E-03 0.22683152E+04
 0.27731949E-03 0.23117847E+04
 0.28292168E-03 0.23554231E+04
 0.28863709E-03 0.23991851E+04
 0.29446793E-03 0.24430234E+04
 0.30041661E-03 0.24868945E+04
 0.30648540E-03 0.25307559E+04
 0.31267683E-03 0.25745620E+04
 0.31899329E-03 0.26182671E+04
 0.32543740E-03 0.26618245E+04
 0.33201167E-03 0.27051951E+04
 0.33871876E-03 0.27483413E+04
 0.34556136E-03 0.27912244E+04
 0.35254212E-03 0.28338057E+04
 0.35966394E-03 0.28760481E+04
 0.36692963E-03 0.29179236E+04
 0.37434211E-03 0.29594072E+04
 0.38190430E-03 0.30004739E+04
 0.38961932E-03 0.30410991E+04
 0.39749016E-03 0.30812622E+04
 0.40552000E-03 0.31209521E+04
 0.41371203E-03 0.31601609E+04
 0.42206954E-03 0.31988821E+04
 0.43059592E-03 0.32371106E+04
 0.43929456E-03 0.32748450E+04
 0.44816890E-03 0.33120933E+04
 0.45722249E-03 0.33488665E+04
 0.46645897E-03 0.33851772E+04
 0.47588209E-03 0.34210408E+04
 0.48549555E-03 0.34564749E+04
 0.49530319E-03 0.34915049E+04
 0.50530903E-03 0.35261587E+04
 0.51551696E-03 0.35604663E+04
 0.52593107E-03 0.35944597E+04
 0.53655554E-03 0.36281729E+04
 0.54739468E-03 0.36616445E+04
 0.55845280E-03 0.36949148E+04
 0.56973431E-03 0.37280259E+04
 0.58124372E-03 0.37610217E+04
 0.59298560E-03 0.37939482E+04
 0.60496473E-03 0.38268506E+04
 0.61718578E-03 0.38597764E+04
 0.62965375E-03 0.38927747E+04
 0.64237369E-03 0.39258962E+04
 0.65535045E-03 0.39591919E+04
 0.66858943E-03 0.39927097E+04
 0.68209582E-03 0.40264993E+04
 0.69587503E-03 0.40606118E+04
 0.70993265E-03 0.40951001E+04
 0.72427420E-03 0.41300146E+04
 0.73890563E-03 0.41654033E+04
 0.75383246E-03 0.42013125E+04
 0.76906086E-03 0.42377925E+04
 0.78459689E-03 0.42748940E+04
 0.80044678E-03 0.43126646E+04
 0.81661687E-03 0.43511479E+04
 0.83311368E-03 0.43903872E+04
 0.84994361E-03 0.44304282E+04
 0.86711359E-03 0.44713174E+04
 0.88463066E-03 0.45130986E+04
 0.90250134E-03 0.45558086E+04
 0.92073303E-03 0.45994873E+04
 0.93933311E-03 0.46441743E+04
 0.95830887E-03 0.46899106E+04
 0.97766798E-03 0.47367344E+04
 0.99741819E-03 0.47846782E+04
 0.10175674E-02 0.48337764E+04
 0.10381236E-02 0.48840630E+04
 0.10590950E-02 0.49355747E+04
 0.10804901E-02 0.49883428E+04
 0.11023175E-02 0.50423960E+04
 0.11245857E-02 0.50977632E+04
 0.11473041E-02 0.51544736E+04
 0.11704812E-02 0.52125576E+04
 0.11941264E-02 0.52720430E+04
 0.12182494E-02 0.53329526E+04
 0.12428596E-02 0.53953125E+04
 0.12679670E-02 0.54591465E+04
 0.12935817E-02 0.55244810E+04
 0.13197137E-02 0.55913384E+04
 0.13463736E-02 0.56597393E+04
 0.13735722E-02 0.57297046E+04
 0.14013201E-02 0.58012539E+04
 0.14296286E-02 0.58744097E+04
 0.14585090E-02 0.59491895E+04
 0.14879731E-02 0.60256108E+04
 0.15180323E-02 0.61036899E+04
 0.15486985E-02 0.61834438E+04
 0.15799842E-02 0.62648892E+04
 0.16119020E-02 0.63480410E+04
 0.16444647E-02 0.64329136E+04
 0.16776850E-02 0.65195215E+04
 0.17115764E-02 0.66078779E+04
 0.17461524E-02 0.66979966E+04
 0.17814270E-02 0.67898892E+04
 0.18174142E-02 0.68835654E+04
 0.18541284E-02 0.69790352E+04
 0.18915841E-02 0.70763076E+04
 0.19297971E-02 0.71753911E+04
 0.19687817E-02 0.72762925E+04
 0.20085536E-02 0.73790195E+04
 0.20491290E-02 0.74835781E+04
 0.20905242E-02 0.75899731E+04
 0.21327557E-02 0.76982090E+04
 0.21758399E-02 0.78082900E+04
 0.22197948E-02 0.79202197E+04
 0.22646377E-02 0.80340015E+04
 0.23103864E-02 0.81496362E+04
 0.23570592E-02 0.82671240E+04
 0.24046749E-02 0.83864639E+04
 0.24532524E-02 0.85076504E+04
 0.25028118E-02 0.86306787E+04
 0.25533722E-02 0.87555410E+04
 0.26049537E-02 0.88822305E+04
 0.26575772E-02 0.90107393E+04
 0.27112637E-02 0.91410625E+04
 0.27660348E-02 0.92731924E+04
 0.28219123E-02 0.94071182E+04
 0.28789188E-02 0.95428301E+04
 0.29370766E-02 0.96803145E+04
 0.29964095E-02 0.98195557E+04
 0.30569409E-02 0.99605400E+04
 0.31186952E-02 0.10103246E+05
 0.31816978E-02 0.10247656E+05
 0.32459723E-02 0.10393748E+05
 0.33115451E-02 0.10541501E+05
 0.33784427E-02 0.10690890E+05
 0.34466919E-02 0.10841890E+05
 0.35163197E-02 0.10994472E+05
 0.35873537E-02 0.11148606E+05
 0.36598232E-02 0.11304262E+05
 0.37337563E-02 0.11461404E+05
 0.38091831E-02 0.11619998E+05
 0.38861334E-02 0.11780004E+05
 0.39646388E-02 0.11941383E+05
 0.40447293E-02 0.12104094E+05
 0.41264393E-02 0.12268094E+05
 0.42097992E-02 0.12433335E+05
 0.42948425E-02 0.12599769E+05
 0.43816040E-02 0.12767340E+05
 0.44701183E-02 0.12935991E+05
 0.45604203E-02 0.13105661E+05
 0.46525472E-02 0.13276286E+05
 0.47465344E-02 0.13447805E+05
 0.48424210E-02 0.13620164E+05
 0.49402444E-02 0.13793312E+05
 0.50400435E-02 0.13967192E+05
 0.51418589E-02 0.14141749E+05
 0.52457317E-02 0.14316910E+05
 0.53517036E-02 0.14492574E+05
 0.54598148E-02 0.14668632E+05
 0.55701104E-02 0.14844969E+05
 0.56826337E-02 0.15021469E+05
 0.57974309E-02 0.15198021E+05
 0.59145465E-02 0.15374542E+05
 0.60340283E-02 0.15550942E+05
 0.61559235E-02 0.15727136E+05
 0.62802811E-02 0.15903029E+05
 0.64071510E-02 0.16078523E+05
 0.65365843E-02 0.16253501E+05
 0.66686315E-02 0.16427840E+05
 0.68033468E-02 0.16601416E+05
 0.69407835E-02 0.16774102E+05
 0.70809964E-02 0.16945766E+05
 0.72240415E-02 0.17116270E+05
 0.73699774E-02 0.17285473E+05
 0.75188605E-02 0.17453236E+05
 0.76707508E-02 0.17619410E+05
 0.78257136E-02 0.17783852E+05
 0.79838037E-02 0.17946424E+05
 0.81450874E-02 0.18106986E+05
 0.83096288E-02 0.18265395E+05
 0.84774951E-02 0.18421508E+05
 0.86487513E-02 0.18575162E+05
 0.88234674E-02 0.18726182E+05
 0.90017123E-02 0.18874383E+05
 0.91835596E-02 0.19019582E+05
 0.93690790E-02 0.19161598E+05
 0.95583471E-02 0.19300389E+05
 0.97514391E-02 0.19436057E+05
 0.99484306E-02 0.19568717E+05
 0.10149402E-01 0.19698492E+05
 0.10354433E-01 0.19825514E+05
 0.10563606E-01 0.19949891E+05
 0.10777006E-01 0.20071721E+05
 0.10994715E-01 0.20191104E+05
 0.11216822E-01 0.20308146E+05
 0.11443418E-01 0.20423162E+05
 0.11674589E-01 0.20539863E+05
 0.11910431E-01 0.20664873E+05
 0.12151038E-01 0.20805068E+05
 0.12396505E-01 0.20967527E+05
 0.12646930E-01 0.21159514E+05
 0.12902415E-01 0.21387383E+05
 0.13163067E-01 0.21656953E+05
 0.13428980E-01 0.21974484E+05
 0.13700262E-01 0.22346811E+05
 0.13977026E-01 0.22779727E+05
 0.14259379E-01 0.23258771E+05
 0.14547437E-01 0.23754395E+05
 0.14841316E-01 0.24234242E+05
 0.15141129E-01 0.24663375E+05
 0.15447001E-01 0.25007541E+05
 0.15759049E-01 0.25259814E+05
 0.16077405E-01 0.25430643E+05
 0.16402189E-01 0.25531906E+05
 0.16733535E-01 0.25576350E+05
 0.17071573E-01 0.25576705E+05
 0.17416442E-01 0.25541150E+05
 0.17768279E-01 0.25475527E+05
 0.18127220E-01 0.25385729E+05
 0.18493414E-01 0.25277637E+05
 0.18867005E-01 0.25156504E+05
 0.19248145E-01 0.25023119E+05
 0.19636983E-01 0.24876303E+05
 0.20033674E-01 0.24714916E+05
 0.20438381E-01 0.24537885E+05
 0.20851264E-01 0.24344469E+05
 0.21272486E-01 0.24135721E+05
 0.21702228E-01 0.23913385E+05
 0.22140643E-01 0.23679180E+05
 0.22587912E-01 0.23434793E+05
 0.23044219E-01 0.23181693E+05
 0.23509743E-01 0.22920314E+05
 0.23984671E-01 0.22650746E+05
 0.24469191E-01 0.22373102E+05
 0.24963502E-01 0.22087514E+05
 0.25467798E-01 0.21794094E+05
 0.25982281E-01 0.21492818E+05
 0.26507158E-01 0.21183631E+05
 0.27042639E-01 0.20866521E+05
 0.27588934E-01 0.20541510E+05
 0.28146267E-01 0.20208799E+05
 0.28714858E-01 0.19869248E+05
 0.29294936E-01 0.19523869E+05
 0.29886734E-01 0.19173635E+05
 0.30490484E-01 0.18819486E+05
 0.31106433E-01 0.18462451E+05
 0.31734824E-01 0.18103969E+05
 0.32375909E-01 0.17745492E+05
 0.33029947E-01 0.17388385E+05
 0.33697195E-01 0.17033912E+05
 0.34377921E-01 0.16683145E+05
 0.35072401E-01 0.16336744E+05
 0.35780910E-01 0.15995254E+05
 0.36503751E-01 0.15659169E+05
 0.37241172E-01 0.15328943E+05
 0.37993494E-01 0.15005232E+05
 0.38761012E-01 0.14689330E+05
 0.39544035E-01 0.14382537E+05
 0.40342879E-01 0.14086032E+05
 0.41157857E-01 0.13800888E+05
 0.41989300E-01 0.13527714E+05
 0.42837542E-01 0.13266175E+05
 0.43702915E-01 0.13015809E+05
 0.44585772E-01 0.12776179E+05
 0.45486465E-01 0.12546874E+05
 0.46405349E-01 0.12327607E+05
 0.47342800E-01 0.12118238E+05
 0.48299186E-01 0.11918641E+05
 0.49274895E-01 0.11728690E+05
 0.50270312E-01 0.11548076E+05
 0.51285837E-01 0.11375813E+05
 0.52321881E-01 0.11210824E+05
 0.53378850E-01 0.11052090E+05
 0.54457176E-01 0.10898567E+05
 0.55557281E-01 0.10748991E+05
 0.56679614E-01 0.10602098E+05
 0.57824615E-01 0.10456688E+05
 0.58992747E-01 0.10311513E+05
 0.60184479E-01 0.10165209E+05
 0.61400317E-01 0.10016482E+05
 0.62640682E-01 0.98639277E+04
 0.63906111E-01 0.97051709E+04
 0.65197095E-01 0.95376396E+04
 0.66514164E-01 0.93591953E+04
 0.67857832E-01 0.91704072E+04
 0.69228657E-01 0.89735000E+04
 0.70627168E-01 0.87703545E+04
 0.72053924E-01 0.85592002E+04
 0.73509507E-01 0.83360088E+04
 0.74994497E-01 0.80978799E+04
 0.76509491E-01 0.78475166E+04
 0.78055084E-01 0.75899507E+04
 0.79631895E-01 0.73292412E+04
 0.81240565E-01 0.70673345E+04
 0.82881734E-01 0.68056973E+04
 0.84556051E-01 0.65464277E+04
 0.86264193E-01 0.62921104E+04
 0.88006847E-01 0.60451597E+04
 0.89784704E-01 0.58081440E+04
 0.91598473E-01 0.55833125E+04
 0.93448877E-01 0.53726494E+04
 0.95336676E-01 0.51780811E+04
 0.97262599E-01 0.50012246E+04
 0.99227436E-01 0.48427739E+04
 0.10123201E+00 0.47025723E+04
 0.10327702E+00 0.45801968E+04
 0.10536335E+00 0.44737075E+04
 0.10749183E+00 0.43807788E+04
 0.10966332E+00 0.42986157E+04
 0.11187866E+00 0.42237441E+04
 0.11413875E+00 0.41527852E+04
 0.11644451E+00 0.40822434E+04
 0.11879683E+00 0.40088123E+04
 0.12119669E+00 0.39296162E+04
 0.12364503E+00 0.38421736E+04
 0.12614281E+00 0.37448679E+04
 0.12869108E+00 0.36367893E+04
 0.13129081E+00 0.35180991E+04
 0.13394305E+00 0.33897971E+04
 0.13664888E+00 0.32538708E+04
 0.13940936E+00 0.31129465E+04
 0.14222562E+00 0.29704951E+04
 0.14509876E+00 0.28302617E+04
 0.14802995E+00 0.26963845E+04
 0.15102035E+00 0.25725469E+04
 0.15407117E+00 0.24616699E+04
 0.15718360E+00 0.23652483E+04
 0.16035892E+00 0.22833335E+04
 0.16359837E+00 0.22145125E+04
 0.16690327E+00 0.21565864E+04
 0.17027503E+00 0.21067788E+04
 0.17371480E+00 0.20619543E+04
 0.17722408E+00 0.20186522E+04
 0.18080424E+00 0.19730928E+04
 0.18445672E+00 0.19219348E+04
 0.18818299E+00 0.18630227E+04
 0.19198453E+00 0.17960785E+04
 0.19586287E+00 0.17227057E+04
 0.19981956E+00 0.16455607E+04
 0.20385619E+00 0.15677256E+04
 0.20797436E+00 0.14923236E+04
 0.21217570E+00 0.14223331E+04
 0.21646193E+00 0.13601222E+04
 0.22083476E+00 0.13068583E+04
 0.22529592E+00 0.12621951E+04
 0.22984719E+00 0.12244297E+04
 0.23449039E+00 0.11909871E+04
 0.23922741E+00 0.11588960E+04
 0.24406013E+00 0.11253221E+04
 0.24899045E+00 0.10882917E+04
 0.25402039E+00 0.10472742E+04
 0.25915194E+00 0.10031605E+04
 0.26438716E+00 0.95776392E+03
 0.26972812E+00 0.91330457E+03
 0.27517700E+00 0.87194714E+03
 0.28073606E+00 0.83518921E+03
 0.28640729E+00 0.80333545E+03
 0.29219311E+00 0.77551904E+03
 0.29809579E+00 0.75014636E+03
 0.30411756E+00 0.72539563E+03
 0.31026131E+00 0.69973267E+03
 0.31652883E+00 0.67247980E+03
 0.32292327E+00 0.64404419E+03
 0.32944661E+00 0.61557379E+03
 0.33610201E+00 0.58836896E+03
 0.34289157E+00 0.56340417E+03
 0.34981859E+00 0.54098474E+03
 0.35688522E+00 0.52065131E+03
 0.36409497E+00 0.50148334E+03
 0.37145033E+00 0.48255310E+03
 0.37895393E+00 0.46328983E+03
 0.38660949E+00 0.44376920E+03
 0.39441931E+00 0.42459903E+03
 0.40238729E+00 0.40636911E+03
 0.41051584E+00 0.38944165E+03
 0.41880903E+00 0.37380075E+03
 0.42726934E+00 0.35899893E+03
 0.43590093E+00 0.34458511E+03
 0.44470647E+00 0.33032480E+03
 0.45369038E+00 0.31626266E+03
 0.46285531E+00 0.30270370E+03
 0.47220579E+00 0.28987967E+03
 0.48174477E+00 0.27779788E+03
 0.49147689E+00 0.26632367E+03
 0.50140512E+00 0.25522433E+03
 0.51153439E+00 0.24440340E+03
 0.52186781E+00 0.23392412E+03
 0.53241050E+00 0.22388127E+03
 0.54316562E+00 0.21434624E+03
 0.55413854E+00 0.20525354E+03
 0.56533259E+00 0.19650876E+03
 0.57675338E+00 0.18805696E+03
 0.58840430E+00 0.17992693E+03
 0.60029107E+00 0.17214371E+03
 0.61241806E+00 0.16470309E+03
 0.62478942E+00 0.15757954E+03
 0.63741130E+00 0.15074962E+03
 0.65028751E+00 0.14419783E+03
 0.66342449E+00 0.13791391E+03
 0.67682624E+00 0.13188808E+03
 0.69049937E+00 0.12611079E+03
 0.70444804E+00 0.12057282E+03
 0.71867913E+00 0.11526520E+03
 0.73319703E+00 0.11017924E+03
 0.74800897E+00 0.10530654E+03
 0.76311934E+00 0.10063895E+03
 0.77853578E+00 0.96168564E+02
 0.79426283E+00 0.91887772E+02
 0.81030840E+00 0.87789177E+02
 0.82667732E+00 0.83865654E+02
 0.84337759E+00 0.80110298E+02
 0.86041462E+00 0.76516441E+02
 0.87779653E+00 0.73077660E+02
 0.89552867E+00 0.69787712E+02
 0.91362000E+00 0.66640488E+02
 0.93207598E+00 0.63630077E+02
 0.95090556E+00 0.60750813E+02
 0.97011465E+00 0.57997234E+02
 0.98971266E+00 0.55364101E+02
 0.10097067E+01 0.52846378E+02
 0.10301036E+01 0.50439228E+02
 0.10509136E+01 0.48138004E+02
 0.10721428E+01 0.45938248E+02
 0.10938021E+01 0.43835667E+02
 0.11158978E+01 0.41826157E+02
 0.11384410E+01 0.39905766E+02
 0.11614385E+01 0.38070702E+02
 0.11849015E+01 0.36317329E+02
 0.12088375E+01 0.34642159E+02
 0.12332582E+01 0.33041840E+02
 0.12581712E+01 0.31513151E+02
 0.12835884E+01 0.30052988E+02
 0.13095180E+01 0.28658371E+02
 0.13359727E+01 0.27326448E+02
 0.13629605E+01 0.26054493E+02
 0.13904947E+01 0.24839886E+02
 0.14185839E+01 0.23680120E+02
 0.14472418E+01 0.22572802E+02
 0.14764773E+01 0.21515631E+02
 0.15063047E+01 0.20506409E+02
 0.15367334E+01 0.19543028E+02
 0.15677782E+01 0.18623472E+02
 0.15994486E+01 0.17745811E+02
 0.16317604E+01 0.16908197E+02
 0.16647232E+01 0.16108862E+02
 0.16983536E+01 0.15346110E+02
 0.17326634E+01 0.14618324E+02
 0.17676648E+01 0.13923994E+02
 0.18033748E+01 0.13261695E+02
 0.18398044E+01 0.12630055E+02
 0.18769718E+01 0.12027756E+02
 0.19148883E+01 0.11453522E+02
 0.19535724E+01 0.10906132E+02
 0.19930363E+01 0.10384407E+02
 0.20332992E+01 0.98872147E+01
 0.20743735E+01 0.94134684E+01
 0.21162796E+01 0.89621201E+01
 0.21590302E+01 0.85321674E+01
 0.22026465E+01 0.81226463E+01
 0.22471418E+01 0.77326322E+01
 0.22925382E+01 0.73612375E+01
 0.23388493E+01 0.70076118E+01
 0.23860984E+01 0.66709404E+01
