#          k/h    CDM            baryon         photon         nu             mass_nu        total          no_nu          total_de       Weyl           v_CDM          v_b            v_b-v_c        ISW            log_grow       pert_vel    
   0.994668E-05   0.324003E+08   0.324003E+08   0.431858E+08   0.431854E+08   0.324031E+08   0.324003E+08   0.324003E+08   0.324118E+08  -0.439139E+00   0.356962E+07   0.356962E+07   0.641464E+01  -0.334451E+05   0.100910E+01  -0.358888E+14
   0.109829E-04   0.323979E+08   0.323979E+08   0.431794E+08   0.431789E+08   0.324007E+08   0.323979E+08   0.323979E+08   0.324094E+08  -0.439106E+00   0.356958E+07   0.356958E+07   0.708271E+01  -0.270427E+05   0.100898E+01  -0.325023E+14
   0.121272E-04   0.323950E+08   0.323950E+08   0.431717E+08   0.431710E+08   0.323978E+08   0.323950E+08   0.323950E+08   0.324065E+08  -0.439067E+00   0.356954E+07   0.356954E+07   0.782030E+01  -0.217917E+05   0.100883E+01  -0.294353E+14
   0.133906E-04   0.323915E+08   0.323915E+08   0.431622E+08   0.431614E+08   0.323942E+08   0.323915E+08   0.323915E+08   0.324030E+08  -0.439019E+00   0.356949E+07   0.356949E+07   0.863463E+01  -0.174850E+05   0.100865E+01  -0.266576E+14
   0.147857E-04   0.323871E+08   0.323871E+08   0.431507E+08   0.431497E+08   0.323899E+08   0.323872E+08   0.323871E+08   0.323987E+08  -0.438961E+00   0.356943E+07   0.356943E+07   0.953366E+01  -0.139530E+05   0.100843E+01  -0.241420E+14
   0.163261E-04   0.323819E+08   0.323819E+08   0.431366E+08   0.431355E+08   0.323846E+08   0.323819E+08   0.323819E+08   0.323934E+08  -0.438890E+00   0.356936E+07   0.356936E+07   0.105262E+02  -0.110564E+05   0.100816E+01  -0.218637E+14
   0.180270E-04   0.323755E+08   0.323755E+08   0.431195E+08   0.431181E+08   0.323782E+08   0.323755E+08   0.323755E+08   0.323870E+08  -0.438803E+00   0.356927E+07   0.356927E+07   0.116218E+02  -0.868100E+04   0.100783E+01  -0.198003E+14
   0.199051E-04   0.323677E+08   0.323677E+08   0.430987E+08   0.430970E+08   0.323704E+08   0.323677E+08   0.323677E+08   0.323792E+08  -0.438697E+00   0.356916E+07   0.356916E+07   0.128313E+02  -0.673323E+04   0.100744E+01  -0.179315E+14
   0.219788E-04   0.323582E+08   0.323582E+08   0.430733E+08   0.430712E+08   0.323608E+08   0.323582E+08   0.323582E+08   0.323697E+08  -0.438569E+00   0.356902E+07   0.356902E+07   0.141663E+02  -0.513630E+04   0.100695E+01  -0.162390E+14
   0.242687E-04   0.323467E+08   0.323467E+08   0.430423E+08   0.430398E+08   0.323492E+08   0.323467E+08   0.323467E+08   0.323582E+08  -0.438412E+00   0.356886E+07   0.356886E+07   0.156397E+02  -0.382725E+04   0.100636E+01  -0.147062E+14
   0.267970E-04   0.323326E+08   0.323326E+08   0.430046E+08   0.430015E+08   0.323351E+08   0.323326E+08   0.323326E+08   0.323441E+08  -0.438221E+00   0.356866E+07   0.356866E+07   0.172658E+02  -0.275449E+04   0.100564E+01  -0.133179E+14
   0.295888E-04   0.323155E+08   0.323155E+08   0.429587E+08   0.429549E+08   0.323179E+08   0.323155E+08   0.323155E+08   0.323270E+08  -0.437989E+00   0.356842E+07   0.356842E+07   0.190602E+02  -0.187572E+04   0.100477E+01  -0.120605E+14
   0.326714E-04   0.322947E+08   0.322946E+08   0.429028E+08   0.428982E+08   0.322970E+08   0.322947E+08   0.322947E+08   0.323061E+08  -0.437707E+00   0.356812E+07   0.356812E+07   0.210401E+02  -0.115631E+04   0.100370E+01  -0.109216E+14
   0.360752E-04   0.322693E+08   0.322693E+08   0.428348E+08   0.428292E+08   0.322716E+08   0.322693E+08   0.322693E+08   0.322808E+08  -0.437363E+00   0.356777E+07   0.356776E+07   0.232241E+02  -0.567893E+03   0.100241E+01  -0.989016E+13
   0.398336E-04   0.322386E+08   0.322386E+08   0.427521E+08   0.427453E+08   0.322407E+08   0.322386E+08   0.322386E+08   0.322500E+08  -0.436946E+00   0.356733E+07   0.356733E+07   0.256330E+02  -0.872587E+02   0.100084E+01  -0.895590E+13
   0.439836E-04   0.322012E+08   0.322012E+08   0.426515E+08   0.426432E+08   0.322032E+08   0.322012E+08   0.322012E+08   0.322126E+08  -0.436439E+00   0.356680E+07   0.356680E+07   0.282891E+02   0.304554E+03   0.998927E+00  -0.810969E+13
   0.485659E-04   0.321559E+08   0.321558E+08   0.425293E+08   0.425193E+08   0.321577E+08   0.321559E+08   0.321559E+08   0.321672E+08  -0.435825E+00   0.356616E+07   0.356615E+07   0.312170E+02   0.623016E+03   0.996613E+00  -0.734319E+13
   0.536256E-04   0.321009E+08   0.321009E+08   0.423809E+08   0.423687E+08   0.321025E+08   0.321009E+08   0.321009E+08   0.321122E+08  -0.435080E+00   0.356538E+07   0.356537E+07   0.344433E+02   0.880718E+03   0.993808E+00  -0.664889E+13
   0.592125E-04   0.320344E+08   0.320344E+08   0.422010E+08   0.421861E+08   0.320357E+08   0.320344E+08   0.320344E+08   0.320457E+08  -0.434178E+00   0.356443E+07   0.356442E+07   0.379967E+02   0.108788E+04   0.990415E+00  -0.601995E+13
   0.653814E-04   0.319540E+08   0.319540E+08   0.419829E+08   0.419648E+08   0.319550E+08   0.319540E+08   0.319540E+08   0.319652E+08  -0.433088E+00   0.356328E+07   0.356327E+07   0.419083E+02   0.125274E+04   0.986316E+00  -0.545020E+13
   0.721930E-04   0.318570E+08   0.318570E+08   0.417190E+08   0.416971E+08   0.318576E+08   0.318570E+08   0.318570E+08   0.318681E+08  -0.431773E+00   0.356190E+07   0.356189E+07   0.462112E+02   0.138193E+04   0.981374E+00  -0.493404E+13
   0.797142E-04   0.317403E+08   0.317402E+08   0.414002E+08   0.413735E+08   0.317404E+08   0.317402E+08   0.317402E+08   0.317513E+08  -0.430190E+00   0.356022E+07   0.356021E+07   0.509408E+02   0.148072E+04   0.975431E+00  -0.446640E+13
   0.880190E-04   0.316001E+08   0.316001E+08   0.410157E+08   0.409834E+08   0.315997E+08   0.316001E+08   0.316001E+08   0.316111E+08  -0.428289E+00   0.355821E+07   0.355819E+07   0.561341E+02   0.155326E+04   0.968303E+00  -0.404269E+13
   0.971891E-04   0.314324E+08   0.314324E+08   0.405531E+08   0.405140E+08   0.314312E+08   0.314324E+08   0.314324E+08   0.314432E+08  -0.426016E+00   0.355579E+07   0.355577E+07   0.618296E+02   0.160276E+04   0.959785E+00  -0.365876E+13
   0.107314E-03   0.312325E+08   0.312325E+08   0.399981E+08   0.399509E+08   0.312305E+08   0.312325E+08   0.312325E+08   0.312432E+08  -0.423305E+00   0.355288E+07   0.355286E+07   0.680665E+02   0.163169E+04   0.949647E+00  -0.331084E+13
   0.118495E-03   0.309954E+08   0.309953E+08   0.393344E+08   0.392774E+08   0.309923E+08   0.309954E+08   0.309954E+08   0.310059E+08  -0.420090E+00   0.354942E+07   0.354939E+07   0.748837E+02   0.164191E+04   0.937639E+00  -0.299553E+13
   0.130840E-03   0.307156E+08   0.307154E+08   0.385439E+08   0.384753E+08   0.307111E+08   0.307155E+08   0.307155E+08   0.307258E+08  -0.416295E+00   0.354531E+07   0.354527E+07   0.823187E+02   0.163482E+04   0.923500E+00  -0.270975E+13
   0.144471E-03   0.303875E+08   0.303873E+08   0.376067E+08   0.375243E+08   0.303815E+08   0.303874E+08   0.303875E+08   0.303975E+08  -0.411846E+00   0.354044E+07   0.354040E+07   0.904051E+02   0.161151E+04   0.906965E+00  -0.245071E+13
   0.159522E-03   0.300057E+08   0.300055E+08   0.365017E+08   0.364031E+08   0.299978E+08   0.300057E+08   0.300057E+08   0.300154E+08  -0.406669E+00   0.353472E+07   0.353468E+07   0.991705E+02   0.157287E+04   0.887784E+00  -0.221589E+13
   0.176142E-03   0.295654E+08   0.295652E+08   0.352072E+08   0.350897E+08   0.295551E+08   0.295653E+08   0.295653E+08   0.295747E+08  -0.400697E+00   0.352805E+07   0.352799E+07   0.108633E+03   0.151979E+04   0.865739E+00  -0.200303E+13
   0.194493E-03   0.290625E+08   0.290623E+08   0.337023E+08   0.335629E+08   0.290493E+08   0.290624E+08   0.290625E+08   0.290714E+08  -0.393878E+00   0.352032E+07   0.352026E+07   0.118796E+03   0.145327E+04   0.840675E+00  -0.181006E+13
   0.214755E-03   0.284949E+08   0.284946E+08   0.319682E+08   0.318040E+08   0.284782E+08   0.284947E+08   0.284948E+08   0.285033E+08  -0.386180E+00   0.351146E+07   0.351138E+07   0.129645E+03   0.137455E+04   0.812525E+00  -0.163515E+13
   0.237129E-03   0.278623E+08   0.278619E+08   0.299906E+08   0.297986E+08   0.278414E+08   0.278622E+08   0.278623E+08   0.278702E+08  -0.377600E+00   0.350140E+07   0.350130E+07   0.141135E+03   0.128524E+04   0.781344E+00  -0.147663E+13
   0.261834E-03   0.271675E+08   0.271670E+08   0.277623E+08   0.275400E+08   0.271414E+08   0.271673E+08   0.271674E+08   0.271747E+08  -0.368175E+00   0.349012E+07   0.349000E+07   0.153190E+03   0.118738E+04   0.747333E+00  -0.133299E+13
   0.289112E-03   0.264162E+08   0.264156E+08   0.252868E+08   0.250322E+08   0.263838E+08   0.264159E+08   0.264161E+08   0.264227E+08  -0.357984E+00   0.347763E+07   0.347748E+07   0.165686E+03   0.108338E+04   0.710858E+00  -0.120290E+13
   0.319233E-03   0.256175E+08   0.256168E+08   0.225817E+08   0.222942E+08   0.255775E+08   0.256172E+08   0.256174E+08   0.256232E+08  -0.347148E+00   0.346399E+07   0.346381E+07   0.178445E+03   0.975990E+03   0.672445E+00  -0.108513E+13
   0.352491E-03   0.247835E+08   0.247827E+08   0.196830E+08   0.193641E+08   0.247342E+08   0.247831E+08   0.247833E+08   0.247883E+08  -0.335833E+00   0.344931E+07   0.344911E+07   0.191226E+03   0.868095E+03   0.632766E+00  -0.978578E+12
   0.389215E-03   0.239288E+08   0.239279E+08   0.166494E+08   0.163030E+08   0.238683E+08   0.239283E+08   0.239286E+08   0.239328E+08  -0.324236E+00   0.343376E+07   0.343353E+07   0.203713E+03   0.762527E+03   0.592594E+00  -0.882251E+12
   0.429764E-03   0.230694E+08   0.230683E+08   0.135643E+08   0.131980E+08   0.229953E+08   0.230689E+08   0.230692E+08   0.230725E+08  -0.312573E+00   0.341756E+07   0.341728E+07   0.215517E+03   0.661825E+03   0.552750E+00  -0.795235E+12
   0.474538E-03   0.222216E+08   0.222203E+08   0.105367E+08   0.101620E+08   0.221310E+08   0.222209E+08   0.222214E+08   0.222237E+08  -0.301067E+00   0.340092E+07   0.340059E+07   0.226176E+03   0.568052E+03   0.514036E+00  -0.716695E+12
   0.523976E-03   0.214006E+08   0.213991E+08   0.769631E+07   0.732801E+07   0.212901E+08   0.213998E+08   0.214004E+08   0.214019E+08  -0.289923E+00   0.338408E+07   0.338371E+07   0.235180E+03   0.482668E+03   0.477169E+00  -0.645859E+12
   0.578566E-03   0.206196E+08   0.206179E+08   0.518093E+07   0.483628E+07   0.204850E+08   0.206187E+08   0.206194E+08   0.206201E+08  -0.279322E+00   0.336728E+07   0.336686E+07   0.241999E+03   0.406495E+03   0.442734E+00  -0.582014E+12
   0.638842E-03   0.198890E+08   0.198870E+08   0.311489E+07   0.281023E+07   0.197252E+08   0.198879E+08   0.198887E+08   0.198887E+08  -0.269404E+00   0.335069E+07   0.335022E+07   0.246138E+03   0.339765E+03   0.411148E+00  -0.524502E+12
   0.705398E-03   0.192158E+08   0.192134E+08   0.157817E+07   0.132427E+07   0.190170E+08   0.192144E+08   0.192154E+08   0.192148E+08  -0.260266E+00   0.333445E+07   0.333393E+07   0.247201E+03   0.282222E+03   0.382659E+00  -0.472710E+12
   0.778888E-03   0.186036E+08   0.186010E+08   0.574654E+06   0.371058E+06   0.183629E+08   0.186020E+08   0.186032E+08   0.186022E+08  -0.251958E+00   0.331864E+07   0.331807E+07   0.244957E+03   0.233256E+03   0.357346E+00  -0.426077E+12
   0.860035E-03   0.180534E+08   0.180504E+08   0.156103E+05  -0.153826E+06   0.177623E+08   0.180515E+08   0.180529E+08   0.180515E+08  -0.244491E+00   0.330326E+07   0.330264E+07   0.239383E+03   0.192041E+03   0.335156E+00  -0.384086E+12
   0.949635E-03   0.175632E+08   0.175599E+08  -0.259851E+06  -0.426904E+06   0.172123E+08   0.175610E+08   0.175626E+08   0.175609E+08  -0.237841E+00   0.328825E+07   0.328759E+07   0.230667E+03   0.157648E+03   0.315927E+00  -0.346266E+12
   0.104857E-02   0.171294E+08   0.171259E+08  -0.416335E+06  -0.621097E+06   0.167075E+08   0.171268E+08   0.171288E+08   0.171267E+08  -0.231956E+00   0.327351E+07   0.327282E+07   0.219161E+03   0.129138E+03   0.299427E+00  -0.312188E+12
   0.115781E-02   0.167471E+08   0.167433E+08  -0.532536E+06  -0.809784E+06   0.162413E+08   0.167440E+08   0.167464E+08   0.167439E+08  -0.226768E+00   0.325888E+07   0.325816E+07   0.205303E+03   0.105621E+03   0.285386E+00  -0.281468E+12
   0.127844E-02   0.164103E+08   0.164064E+08  -0.566537E+06  -0.932930E+06   0.158066E+08   0.164068E+08   0.164096E+08   0.164066E+08  -0.222198E+00   0.324416E+07   0.324343E+07   0.189591E+03   0.862911E+02   0.273519E+00  -0.253759E+12
   0.141163E-02   0.161130E+08   0.161089E+08  -0.446542E+06  -0.898192E+06   0.153963E+08   0.161089E+08   0.161123E+08   0.161088E+08  -0.218162E+00   0.322913E+07   0.322840E+07   0.172621E+03   0.704416E+02   0.263545E+00  -0.228752E+12
   0.155869E-02   0.158489E+08   0.158448E+08  -0.224489E+06   0.398745E+06   0.150031E+08   0.158442E+08   0.158482E+08   0.158442E+08  -0.214578E+00   0.321343E+07   0.321271E+07   0.155169E+03   0.574719E+02   0.255197E+00  -0.206162E+12
   0.172108E-02   0.156120E+08   0.156078E+08  -0.701620E+05   0.322161E+06   0.146202E+08   0.156066E+08   0.156113E+08   0.156066E+08  -0.211360E+00   0.319699E+07   0.319627E+07   0.138135E+03   0.468644E+02   0.248241E+00  -0.185754E+12
   0.190039E-02   0.153967E+08   0.153925E+08  -0.413856E+05   0.260591E+06   0.142420E+08   0.153905E+08   0.153960E+08   0.153905E+08  -0.208433E+00   0.317948E+07   0.317878E+07   0.122342E+03   0.381971E+02   0.242461E+00  -0.167307E+12
   0.209838E-02   0.151977E+08   0.151935E+08  -0.260947E+05   0.210973E+06   0.138638E+08   0.151907E+08   0.151970E+08   0.151907E+08  -0.205726E+00   0.316064E+07   0.315995E+07   0.108366E+03   0.311178E+02   0.237670E+00  -0.150623E+12
   0.231699E-02   0.150102E+08   0.150060E+08  -0.275175E+05   0.170905E+06   0.134815E+08   0.150023E+08   0.150095E+08   0.150023E+08  -0.203174E+00   0.314016E+07   0.313949E+07   0.965162E+02   0.253372E+02   0.233707E+00  -0.135528E+12
   0.255838E-02   0.148299E+08   0.148256E+08  -0.995712E+05   0.138492E+06   0.130922E+08   0.148210E+08   0.148292E+08   0.148210E+08  -0.200719E+00   0.311778E+07   0.311711E+07   0.867383E+02   0.206182E+02   0.230432E+00  -0.121865E+12
   0.282492E-02   0.146529E+08   0.146484E+08  -0.113061E+06   0.112235E+06   0.126934E+08   0.146429E+08   0.146521E+08   0.146429E+08  -0.198306E+00   0.309320E+07   0.309253E+07   0.785404E+02   0.167664E+02   0.227729E+00  -0.109497E+12
   0.311923E-02   0.144756E+08   0.144709E+08  -0.955213E+05   0.909406E+05   0.122826E+08   0.144645E+08   0.144749E+08   0.144645E+08  -0.195890E+00   0.306615E+07   0.306549E+07   0.712715E+02   0.136234E+02   0.225501E+00  -0.982986E+11
   0.344419E-02   0.142950E+08   0.142901E+08  -0.565365E+05   0.736584E+05   0.118574E+08   0.142827E+08   0.142942E+08   0.142827E+08  -0.193428E+00   0.303638E+07   0.303572E+07   0.644048E+02   0.110595E+02   0.223665E+00  -0.881595E+11
   0.380302E-02   0.141083E+08   0.141031E+08  -0.403039E+05   0.596251E+05   0.114153E+08   0.140947E+08   0.141074E+08   0.140947E+08  -0.190882E+00   0.300363E+07   0.300297E+07   0.578191E+02   0.896909E+01   0.222152E+00  -0.789802E+11
   0.419923E-02   0.139130E+08   0.139074E+08  -0.370890E+05   0.482270E+05   0.109545E+08   0.138980E+08   0.139120E+08   0.138980E+08  -0.188219E+00   0.296765E+07   0.296700E+07   0.517616E+02   0.726545E+01   0.220906E+00  -0.706714E+11
   0.463671E-02   0.137068E+08   0.137008E+08  -0.426293E+05   0.389691E+05   0.104738E+08   0.136905E+08   0.137058E+08   0.136905E+08  -0.185407E+00   0.292819E+07   0.292755E+07   0.464869E+02   0.587787E+01   0.219881E+00  -0.631523E+11
   0.511978E-02   0.134876E+08   0.134811E+08  -0.286066E+05   0.314511E+05   0.997410E+07   0.134699E+08   0.134865E+08   0.134699E+08  -0.182420E+00   0.288502E+07   0.288437E+07   0.419110E+02   0.474852E+01   0.219036E+00  -0.563504E+11
   0.565317E-02   0.132541E+08   0.132470E+08  -0.142760E+05   0.253493E+05   0.943136E+07   0.132349E+08   0.132529E+08   0.132349E+08  -0.179237E+00   0.283797E+07   0.283733E+07   0.377415E+02   0.383021E+01   0.218338E+00  -0.502014E+11
   0.624213E-02   0.130037E+08   0.129959E+08  -0.958572E+04   0.203984E+05   0.887858E+07   0.129829E+08   0.130024E+08   0.129829E+08  -0.175824E+00   0.278665E+07   0.278602E+07   0.338867E+02   0.308403E+01   0.217764E+00  -0.446426E+11
   0.689245E-02   0.127352E+08   0.127264E+08   0.873847E+04   0.163849E+05   0.830342E+07   0.127127E+08   0.127337E+08   0.127127E+08  -0.172166E+00   0.273090E+07   0.273027E+07   0.304782E+02   0.247841E+01   0.217289E+00  -0.396216E+11
   0.761052E-02   0.124470E+08   0.124372E+08   0.676888E+04   0.131346E+05   0.771492E+07   0.124230E+08   0.124454E+08   0.124230E+08  -0.168241E+00   0.267051E+07   0.266988E+07   0.274709E+02   0.198749E+01   0.216896E+00  -0.350896E+11
   0.840340E-02   0.121378E+08   0.121267E+08  -0.478869E+04   0.105051E+05   0.712196E+07   0.121122E+08   0.121359E+08   0.121122E+08  -0.164033E+00   0.260524E+07   0.260462E+07   0.247453E+02   0.159003E+01   0.216571E+00  -0.310021E+11
   0.927889E-02   0.118063E+08   0.117938E+08   0.404489E+04   0.838073E+04   0.652459E+07   0.117792E+08   0.118042E+08   0.117792E+08  -0.159523E+00   0.253490E+07   0.253428E+07   0.223257E+02   0.126874E+01   0.216302E+00  -0.273189E+11
   0.102456E-01   0.114514E+08   0.114371E+08  -0.152798E+04   0.666702E+04   0.592286E+07   0.114229E+08   0.114490E+08   0.114229E+08  -0.154697E+00   0.245929E+07   0.245867E+07   0.201731E+02   0.100945E+01   0.216079E+00  -0.240033E+11
   0.113130E-01   0.110719E+08   0.110556E+08   0.550122E+03   0.528687E+04   0.532377E+07   0.110420E+08   0.110692E+08   0.110420E+08  -0.149539E+00   0.237820E+07   0.237759E+07   0.182562E+02   0.800542E+00   0.215893E+00  -0.210217E+11
   0.124916E-01   0.106669E+08   0.106482E+08  -0.877306E+03   0.417743E+04   0.473540E+07   0.106357E+08   0.106637E+08   0.106357E+08  -0.144036E+00   0.229146E+07   0.229084E+07   0.165543E+02   0.632577E+00   0.215738E+00  -0.183438E+11
   0.137930E-01   0.102354E+08   0.102140E+08   0.889854E+03   0.328754E+04   0.416376E+07   0.102031E+08   0.102318E+08   0.102031E+08  -0.138178E+00   0.219891E+07   0.219829E+07   0.150408E+02   0.497825E+00   0.215608E+00  -0.159420E+11
   0.152300E-01   0.977704E+07   0.975257E+07  -0.328934E+04   0.257550E+04   0.361206E+07   0.974377E+07   0.977293E+07   0.974377E+07  -0.131958E+00   0.210049E+07   0.209986E+07   0.136904E+02   0.389995E+00   0.215500E+00  -0.137916E+11
   0.168167E-01   0.930261E+07   0.927475E+07  -0.436480E+03   0.200975E+04   0.309382E+07   0.926857E+07   0.929793E+07   0.926857E+07  -0.125522E+00   0.199852E+07   0.199789E+07   0.124892E+02   0.304313E+00   0.215408E+00  -0.118840E+11
   0.185687E-01   0.879366E+07   0.876214E+07   0.529408E+02   0.155805E+04   0.260638E+07   0.875912E+07   0.878837E+07   0.875912E+07  -0.118622E+00   0.188908E+07   0.188845E+07   0.113933E+02   0.235904E+00   0.215332E+00  -0.101733E+11
   0.205033E-01   0.826109E+07   0.822573E+07  -0.216246E+04   0.120038E+04   0.215913E+07   0.822630E+07   0.825515E+07   0.822630E+07  -0.111407E+00   0.177452E+07   0.177388E+07   0.103861E+02   0.181735E+00   0.215267E+00  -0.865461E+10
   0.226393E-01   0.770058E+07   0.766138E+07  -0.923780E+03   0.917619E+03   0.175420E+07   0.766589E+07   0.769400E+07   0.766589E+07  -0.103817E+00   0.165392E+07   0.165328E+07   0.943725E+01   0.138915E+00   0.215212E+00  -0.730532E+10
   0.249980E-01   0.713211E+07   0.708932E+07  -0.648243E+03   0.696962E+03   0.139876E+07   0.709783E+07   0.712493E+07   0.709783E+07  -0.961241E-01   0.153161E+07   0.153097E+07   0.853054E+01   0.105501E+00   0.215165E+00  -0.612673E+10
   0.276023E-01   0.656238E+07   0.651656E+07  -0.610905E+03   0.525895E+03   0.109322E+07   0.652884E+07   0.655469E+07   0.652884E+07  -0.884184E-01   0.140903E+07   0.140840E+07   0.764254E+01   0.795988E-01   0.215126E+00  -0.510456E+10
   0.304780E-01   0.599382E+07   0.594596E+07  -0.498695E+03   0.393900E+03   0.835924E+06   0.596141E+07   0.598578E+07   0.596141E+07  -0.807338E-01   0.128673E+07   0.128611E+07   0.674969E+01   0.596147E-01   0.215093E+00  -0.422166E+10
   0.336533E-01   0.544179E+07   0.539333E+07  -0.257790E+03   0.293275E+03   0.625446E+06   0.541090E+07   0.543366E+07   0.541090E+07  -0.732784E-01   0.116804E+07   0.116745E+07   0.584231E+01   0.443816E-01   0.215064E+00  -0.347063E+10
   0.371593E-01   0.492619E+07   0.487899E+07  -0.109340E+03   0.217728E+03   0.458789E+06   0.489716E+07   0.491827E+07   0.489716E+07  -0.663210E-01   0.105724E+07   0.105669E+07   0.492308E+01   0.329460E-01   0.215040E+00  -0.284500E+10
   0.410307E-01   0.445962E+07   0.441582E+07  -0.140705E+03   0.161660E+03   0.330461E+06   0.443276E+07   0.445227E+07   0.443276E+07  -0.600317E-01   0.957050E+06   0.956557E+06   0.400647E+01   0.244599E-01   0.215019E+00  -0.233241E+10
   0.451338E-01   0.406996E+07   0.403142E+07   0.121937E+03   0.121937E+03   0.237695E+06   0.404539E+07   0.406349E+07   0.404539E+07  -0.547856E-01   0.873282E+06   0.872846E+06   0.322276E+01   0.184510E-01   0.214958E+00  -0.193479E+10
   0.492368E-01   0.376190E+07   0.372946E+07   0.947186E+02   0.947186E+02   0.174299E+06   0.373950E+07   0.375645E+07   0.373950E+07  -0.506430E-01   0.807281E+06   0.806912E+06   0.250258E+01   0.143316E-01   0.214944E+00  -0.163952E+10
   0.533399E-01   0.351362E+07   0.348728E+07   0.753947E+02   0.753947E+02   0.130331E+06   0.349321E+07   0.350920E+07   0.349321E+07  -0.473076E-01   0.754131E+06   0.753822E+06   0.192887E+01   0.114071E-01   0.214934E+00  -0.141378E+10
   0.574430E-01   0.330457E+07   0.328359E+07   0.611527E+02   0.611527E+02   0.994963E+05   0.328589E+07   0.330104E+07   0.328589E+07  -0.445000E-01   0.709387E+06   0.709129E+06   0.149790E+01   0.925183E-02   0.214925E+00  -0.123491E+10
   0.615460E-01   0.311868E+07   0.310180E+07   0.502821E+02   0.502821E+02   0.777410E+05   0.310147E+07   0.311585E+07   0.310147E+07  -0.420024E-01   0.669579E+06   0.669358E+06   0.119648E+01   0.760688E-02   0.214919E+00  -0.108791E+10
   0.656491E-01   0.294356E+07   0.292930E+07   0.417157E+02   0.417157E+02   0.623237E+05   0.292754E+07   0.294117E+07   0.292754E+07  -0.396469E-01   0.632035E+06   0.631838E+06   0.100354E+01   0.631069E-02   0.214913E+00  -0.962733E+09
   0.697522E-01   0.277042E+07   0.275731E+07   0.347794E+02   0.347794E+02   0.513293E+05   0.275536E+07   0.276822E+07   0.275536E+07  -0.373151E-01   0.594866E+06   0.594680E+06   0.893019E+00   0.526122E-02   0.214908E+00  -0.852815E+09
   0.738552E-01   0.260070E+07   0.258754E+07   0.291203E+02   0.291203E+02   0.435057E+05   0.258640E+07   0.259849E+07   0.258640E+07  -0.350269E-01   0.558393E+06   0.558207E+06   0.838947E+00   0.440504E-02   0.214904E+00  -0.756050E+09
   0.779583E-01   0.242893E+07   0.241490E+07   0.244065E+02   0.244065E+02   0.377557E+05   0.241527E+07   0.242657E+07   0.241527E+07  -0.327093E-01   0.521449E+06   0.521259E+06   0.814447E+00   0.369191E-02   0.214900E+00  -0.668866E+09
   0.820614E-01   0.226346E+07   0.224824E+07   0.205230E+02   0.205230E+02   0.334907E+05   0.225036E+07   0.226090E+07   0.225036E+07  -0.304760E-01   0.485850E+06   0.485653E+06   0.799840E+00   0.310443E-02   0.214897E+00  -0.592038E+09
   0.861644E-01   0.210884E+07   0.209252E+07   0.173405E+02   0.173405E+02   0.302514E+05   0.209628E+07   0.210610E+07   0.209628E+07  -0.283893E-01   0.452586E+06   0.452385E+06   0.780199E+00   0.262299E-02   0.214895E+00  -0.525239E+09
   0.912856E-01   0.193689E+07   0.191980E+07   0.141871E+02   0.141871E+02   0.272091E+05   0.192499E+07   0.193402E+07   0.192499E+07  -0.260697E-01   0.415608E+06   0.415407E+06   0.736132E+00   0.214599E-02   0.214892E+00  -0.455263E+09
   0.964067E-01   0.179345E+07   0.177662E+07   0.117768E+02   0.117768E+02   0.249728E+05   0.178227E+07   0.179062E+07   0.178227E+07  -0.241368E-01   0.384793E+06   0.384601E+06   0.667286E+00   0.178140E-02   0.214890E+00  -0.399117E+09
   0.101528E+00   0.168030E+07   0.166474E+07   0.994895E+01   0.994895E+01   0.233293E+05   0.166985E+07   0.167768E+07   0.166985E+07  -0.226144E-01   0.360522E+06   0.360345E+06   0.580238E+00   0.150491E-02   0.214888E+00  -0.355080E+09
   0.106649E+00   0.159332E+07   0.157973E+07   0.855075E+01   0.855075E+01   0.220775E+05   0.158361E+07   0.159104E+07   0.158361E+07  -0.214464E-01   0.341899E+06   0.341744E+06   0.486933E+00   0.129342E-02   0.214886E+00  -0.320571E+09
   0.111770E+00   0.152397E+07   0.151262E+07   0.744766E+01   0.744766E+01   0.209930E+05   0.151496E+07   0.152207E+07   0.151496E+07  -0.205168E-01   0.327075E+06   0.326941E+06   0.399913E+00   0.112657E-02   0.214885E+00  -0.292623E+09
   0.116891E+00   0.146304E+07   0.145372E+07   0.653831E+01   0.653831E+01   0.198715E+05   0.145465E+07   0.146148E+07   0.145465E+07  -0.197000E-01   0.314052E+06   0.313937E+06   0.328857E+00   0.989032E-03   0.214883E+00  -0.268664E+09
   0.122012E+00   0.140332E+07   0.139549E+07   0.575678E+01   0.575678E+01   0.185705E+05   0.139546E+07   0.140201E+07   0.139546E+07  -0.188983E-01   0.301271E+06   0.301169E+06   0.278641E+00   0.870824E-03   0.214882E+00  -0.246913E+09
   0.127134E+00   0.134059E+07   0.133353E+07   0.506556E+01   0.506556E+01   0.170400E+05   0.133314E+07   0.133940E+07   0.133314E+07  -0.180544E-01   0.287817E+06   0.287722E+06   0.249007E+00   0.766276E-03   0.214881E+00  -0.226385E+09
   0.132255E+00   0.127367E+07   0.126672E+07   0.444707E+01   0.444707E+01   0.153211E+05   0.126655E+07   0.127250E+07   0.126655E+07  -0.171526E-01   0.273442E+06   0.273349E+06   0.235606E+00   0.672724E-03   0.214880E+00  -0.206750E+09
   0.137376E+00   0.120393E+07   0.119661E+07   0.389560E+01   0.389560E+01   0.135185E+05   0.119707E+07   0.120270E+07   0.119707E+07  -0.162117E-01   0.258444E+06   0.258348E+06   0.231860E+00   0.589307E-03   0.214880E+00  -0.188124E+09
   0.142497E+00   0.113435E+07   0.112648E+07   0.341089E+01   0.341089E+01   0.117576E+05   0.112773E+07   0.113303E+07   0.112773E+07  -0.152725E-01   0.243474E+06   0.243375E+06   0.230981E+00   0.515986E-03   0.214879E+00  -0.170857E+09
   0.147618E+00   0.106876E+07   0.106042E+07   0.299411E+01   0.299411E+01   0.101449E+05   0.106235E+07   0.106736E+07   0.106235E+07  -0.143872E-01   0.229362E+06   0.229261E+06   0.227631E+00   0.452937E-03   0.214878E+00  -0.155369E+09
   0.152739E+00   0.101075E+07   0.100223E+07   0.264463E+01   0.264463E+01   0.874398E+04   0.100458E+07   0.100932E+07   0.100458E+07  -0.136048E-01   0.216891E+06   0.216791E+06   0.218836E+00   0.400068E-03   0.214878E+00  -0.141995E+09
   0.157860E+00   0.962335E+06   0.954001E+06   0.235714E+01   0.235714E+01   0.756509E+04   0.956424E+06   0.960936E+06   0.956424E+06  -0.129526E-01   0.206494E+06   0.206398E+06   0.204091E+00   0.356578E-03   0.214877E+00  -0.130803E+09
   0.162982E+00   0.923157E+06   0.915357E+06   0.212139E+01   0.212139E+01   0.657735E+04   0.917516E+06   0.921847E+06   0.917516E+06  -0.124257E-01   0.198094E+06   0.198004E+06   0.184853E+00   0.320913E-03   0.214877E+00  -0.121539E+09
   0.168103E+00   0.891189E+06   0.884152E+06   0.192523E+01   0.192523E+01   0.573209E+04   0.885822E+06   0.890007E+06   0.885822E+06  -0.119965E-01   0.191251E+06   0.191168E+06   0.163731E+00   0.291239E-03   0.214876E+00  -0.113766E+09
   0.173224E+00   0.863878E+06   0.857671E+06   0.175772E+01   0.175772E+01   0.498378E+04   0.858776E+06   0.862836E+06   0.858776E+06  -0.116302E-01   0.185411E+06   0.185336E+06   0.143572E+00   0.265900E-03   0.214876E+00  -0.107032E+09
   0.178345E+00   0.838632E+06   0.833164E+06   0.160995E+01   0.160995E+01   0.429863E+04   0.833770E+06   0.837714E+06   0.833770E+06  -0.112915E-01   0.180012E+06   0.179944E+06   0.126658E+00   0.243545E-03   0.214875E+00  -0.100932E+09
   0.183466E+00   0.813046E+06   0.808113E+06   0.147502E+01   0.147502E+01   0.365616E+04   0.808391E+06   0.812217E+06   0.808391E+06  -0.109478E-01   0.174532E+06   0.174470E+06   0.114201E+00   0.223134E-03   0.214875E+00  -0.951283E+08
   0.188587E+00   0.785564E+06   0.780916E+06   0.134885E+01   0.134885E+01   0.305041E+04   0.781084E+06   0.784783E+06   0.781084E+06  -0.105780E-01   0.168637E+06   0.168577E+06   0.106260E+00   0.204047E-03   0.214874E+00  -0.894191E+08
   0.193708E+00   0.756030E+06   0.751437E+06   0.123037E+01   0.123037E+01   0.248585E+04   0.751696E+06   0.755259E+06   0.751696E+06  -0.101800E-01   0.162293E+06   0.162234E+06   0.101959E+00   0.186125E-03   0.214874E+00  -0.837799E+08
   0.198830E+00   0.725410E+06   0.720715E+06   0.112044E+01   0.112044E+01   0.197183E+04   0.721202E+06   0.724622E+06   0.721202E+06  -0.976705E-02   0.155710E+06   0.155650E+06   0.998792E-01   0.169494E-03   0.214874E+00  -0.783110E+08
   0.203951E+00   0.695049E+06   0.690189E+06   0.102022E+01   0.102022E+01   0.151650E+04   0.690954E+06   0.694233E+06   0.690954E+06  -0.935741E-02   0.149180E+06   0.149120E+06   0.984811E-01   0.154333E-03   0.214873E+00  -0.731429E+08
   0.209072E+00   0.666251E+06   0.661262E+06   0.930546E+00   0.930546E+00   0.112604E+04   0.662270E+06   0.665413E+06   0.662270E+06  -0.896894E-02   0.142988E+06   0.142927E+06   0.964947E-01   0.140767E-03   0.214873E+00  -0.683893E+08
   0.214193E+00   0.640134E+06   0.635118E+06   0.851777E+00   0.851777E+00   0.804615E+03   0.636270E+06   0.639292E+06   0.636270E+06  -0.861683E-02   0.137375E+06   0.137315E+06   0.931740E-01   0.128851E-03   0.214873E+00  -0.641336E+08
   0.219314E+00   0.617372E+06   0.612460E+06   0.783557E+00   0.783557E+00   0.554266E+03   0.613632E+06   0.616547E+06   0.613632E+06  -0.831026E-02   0.132487E+06   0.132429E+06   0.883630E-01   0.118530E-03   0.214873E+00  -0.604076E+08
   0.224435E+00   0.597960E+06   0.593274E+06   0.724696E+00   0.724696E+00   0.374876E+03   0.594349E+06   0.597173E+06   0.594349E+06  -0.804911E-02   0.128324E+06   0.128268E+06   0.823964E-01   0.109625E-03   0.214872E+00  -0.571743E+08
   0.229556E+00   0.581280E+06   0.576901E+06   0.673433E+00   0.673433E+00   0.263291E+03   0.577799E+06   0.580545E+06   0.577799E+06  -0.782497E-02   0.124750E+06   0.124698E+06   0.759079E-01   0.101869E-03   0.214872E+00  -0.543422E+08
   0.234678E+00   0.566390E+06   0.562343E+06   0.627898E+00   0.627898E+00   0.213296E+03   0.563035E+06   0.565711E+06   0.563035E+06  -0.762503E-02   0.121562E+06   0.121513E+06   0.696102E-01   0.949802E-04   0.214872E+00  -0.517981E+08
   0.239799E+00   0.552289E+06   0.548544E+06   0.586429E+00   0.586429E+00   0.214721E+03   0.549050E+06   0.551660E+06   0.549050E+06  -0.743564E-02   0.118543E+06   0.118497E+06   0.640984E-01   0.887066E-04   0.214872E+00  -0.494328E+08
   0.244920E+00   0.538126E+06   0.534612E+06   0.547769E+00   0.547769E+00   0.254489E+03   0.534994E+06   0.537536E+06   0.534994E+06  -0.724528E-02   0.115507E+06   0.115464E+06   0.597213E-01   0.828580E-04   0.214872E+00  -0.471601E+08
   0.250041E+00   0.523406E+06   0.520036E+06   0.511192E+00   0.511192E+00   0.318228E+03   0.520367E+06   0.522840E+06   0.520367E+06  -0.704720E-02   0.112349E+06   0.112307E+06   0.565402E-01   0.773249E-04   0.214872E+00  -0.449312E+08
   0.255162E+00   0.508073E+06   0.504764E+06   0.476492E+00   0.476492E+00   0.392680E+03   0.505117E+06   0.507517E+06   0.505117E+06  -0.684067E-02   0.109057E+06   0.109015E+06   0.543672E-01   0.720760E-04   0.214871E+00  -0.427391E+08
   0.260283E+00   0.492410E+06   0.489105E+06   0.443795E+00   0.443795E+00   0.467725E+03   0.489530E+06   0.491855E+06   0.489530E+06  -0.662957E-02   0.105691E+06   0.105650E+06   0.528546E-01   0.671300E-04   0.214871E+00  -0.406052E+08
   0.265404E+00   0.476866E+06   0.473538E+06   0.413341E+00   0.413341E+00   0.536710E+03   0.474055E+06   0.476307E+06   0.474055E+06  -0.642000E-02   0.102351E+06   0.102310E+06   0.516053E-01   0.625235E-04   0.214871E+00  -0.385628E+08
   0.270526E+00   0.461927E+06   0.458584E+06   0.385359E+00   0.385359E+00   0.596260E+03   0.459185E+06   0.461366E+06   0.459185E+06  -0.621862E-02   0.991401E+05   0.990993E+05   0.502763E-01   0.582911E-04   0.214871E+00  -0.366460E+08
   0.275647E+00   0.448023E+06   0.444696E+06   0.359990E+00   0.359990E+00   0.644704E+03   0.445349E+06   0.447464E+06   0.445349E+06  -0.603125E-02   0.961530E+05   0.961128E+05   0.486487E-01   0.544537E-04   0.214871E+00  -0.348815E+08
   0.280768E+00   0.435408E+06   0.432142E+06   0.337203E+00   0.337203E+00   0.681105E+03   0.432804E+06   0.434859E+06   0.432804E+06  -0.586136E-02   0.934444E+05   0.934051E+05   0.466532E-01   0.510071E-04   0.214871E+00  -0.332806E+08
   0.285889E+00   0.424092E+06   0.420931E+06   0.316781E+00   0.316781E+00   0.704323E+03   0.421560E+06   0.423562E+06   0.421560E+06  -0.570908E-02   0.910166E+05   0.909786E+05   0.443540E-01   0.479182E-04   0.214871E+00  -0.318353E+08
   0.291010E+00   0.413878E+06   0.410850E+06   0.298373E+00   0.298373E+00   0.713016E+03   0.411417E+06   0.413370E+06   0.411417E+06  -0.557171E-02   0.888265E+05   0.887900E+05   0.419055E-01   0.451340E-04   0.214871E+00  -0.305225E+08
   0.296131E+00   0.404452E+06   0.401567E+06   0.281589E+00   0.281589E+00   0.706201E+03   0.402059E+06   0.403968E+06   0.402059E+06  -0.544498E-02   0.868060E+05   0.867709E+05   0.394960E-01   0.425954E-04   0.214871E+00  -0.293124E+08
   0.301252E+00   0.395470E+06   0.392722E+06   0.266062E+00   0.266062E+00   0.683638E+03   0.393143E+06   0.395009E+06   0.393143E+06  -0.532423E-02   0.848808E+05   0.848471E+05   0.372930E-01   0.402470E-04   0.214870E+00  -0.281751E+08
   0.306374E+00   0.386630E+06   0.383995E+06   0.251497E+00   0.251497E+00   0.646455E+03   0.384363E+06   0.386188E+06   0.384363E+06  -0.520532E-02   0.829852E+05   0.829526E+05   0.354050E-01   0.380440E-04   0.214870E+00  -0.270855E+08
   0.311495E+00   0.377727E+06   0.375175E+06   0.237696E+00   0.237696E+00   0.596898E+03   0.375516E+06   0.377298E+06   0.375516E+06  -0.508551E-02   0.810750E+05   0.810434E+05   0.338652E-01   0.359564E-04   0.214870E+00  -0.260270E+08
   0.316616E+00   0.368701E+06   0.366203E+06   0.224570E+00   0.224570E+00   0.538263E+03   0.366541E+06   0.368281E+06   0.366541E+06  -0.496397E-02   0.791374E+05   0.791064E+05   0.326370E-01   0.339710E-04   0.214870E+00  -0.249940E+08
   0.321737E+00   0.359625E+06   0.357158E+06   0.212121E+00   0.212121E+00   0.474256E+03   0.357513E+06   0.359211E+06   0.357513E+06  -0.484170E-02   0.771883E+05   0.771578E+05   0.316348E-01   0.320880E-04   0.214870E+00  -0.239904E+08
   0.326858E+00   0.350651E+06   0.348203E+06   0.200394E+00   0.200394E+00   0.408598E+03   0.348585E+06   0.350240E+06   0.348585E+06  -0.472079E-02   0.752608E+05   0.752306E+05   0.307522E-01   0.303141E-04   0.214870E+00  -0.230248E+08
   0.331979E+00   0.341952E+06   0.339522E+06   0.189436E+00   0.189436E+00   0.344793E+03   0.339929E+06   0.341544E+06   0.339929E+06  -0.460357E-02   0.733920E+05   0.733623E+05   0.298901E-01   0.286563E-04   0.214870E+00  -0.221067E+08
   0.337100E+00   0.333672E+06   0.331269E+06   0.179272E+00   0.179272E+00   0.285899E+03   0.331692E+06   0.333268E+06   0.331692E+06  -0.449202E-02   0.716138E+05   0.715846E+05   0.289782E-01   0.271189E-04   0.214870E+00  -0.212434E+08
   0.342222E+00   0.325905E+06   0.323542E+06   0.169896E+00   0.169896E+00   0.234653E+03   0.323968E+06   0.325508E+06   0.323968E+06  -0.438742E-02   0.699463E+05   0.699176E+05   0.279856E-01   0.257005E-04   0.214870E+00  -0.204382E+08
   0.347343E+00   0.318672E+06   0.316364E+06   0.161264E+00   0.161264E+00   0.193136E+03   0.316779E+06   0.318284E+06   0.316779E+06  -0.429006E-02   0.683941E+05   0.683660E+05   0.269199E-01   0.243945E-04   0.214870E+00  -0.196900E+08
   0.352464E+00   0.311924E+06   0.309681E+06   0.153297E+00   0.153297E+00   0.162735E+03   0.310074E+06   0.311547E+06   0.310074E+06  -0.419925E-02   0.669464E+05   0.669191E+05   0.258163E-01   0.231892E-04   0.214870E+00  -0.189932E+08
   0.357585E+00   0.305560E+06   0.303388E+06   0.145900E+00   0.145900E+00   0.143805E+03   0.303752E+06   0.305195E+06   0.303752E+06  -0.411363E-02   0.655813E+05   0.655548E+05   0.247241E-01   0.220702E-04   0.214870E+00  -0.183395E+08
   0.362706E+00   0.299462E+06   0.297358E+06   0.138981E+00   0.138981E+00   0.135624E+03   0.297694E+06   0.299109E+06   0.297694E+06  -0.403159E-02   0.642734E+05   0.642477E+05   0.236915E-01   0.210235E-04   0.214870E+00  -0.177200E+08
   0.367827E+00   0.293522E+06   0.291480E+06   0.132459E+00   0.132459E+00   0.136503E+03   0.291792E+06   0.293179E+06   0.291792E+06  -0.395167E-02   0.629992E+05   0.629741E+05   0.227533E-01   0.200368E-04   0.214870E+00  -0.171269E+08
   0.372948E+00   0.287658E+06   0.285668E+06   0.126273E+00   0.126273E+00   0.144053E+03   0.285965E+06   0.287324E+06   0.285965E+06  -0.387275E-02   0.617411E+05   0.617166E+05   0.219249E-01   0.191010E-04   0.214870E+00  -0.165544E+08
   0.378070E+00   0.281829E+06   0.279880E+06   0.120386E+00   0.120386E+00   0.155776E+03   0.280171E+06   0.281502E+06   0.280171E+06  -0.379428E-02   0.604900E+05   0.604660E+05   0.212011E-01   0.182104E-04   0.214870E+00  -0.159992E+08
   0.383191E+00   0.276041E+06   0.274124E+06   0.114782E+00   0.114782E+00   0.169406E+03   0.274415E+06   0.275719E+06   0.274415E+06  -0.371633E-02   0.592474E+05   0.592238E+05   0.205617E-01   0.173627E-04   0.214869E+00  -0.154611E+08
   0.388312E+00   0.270342E+06   0.268451E+06   0.109466E+00   0.109466E+00   0.183342E+03   0.268747E+06   0.270024E+06   0.268747E+06  -0.363957E-02   0.580236E+05   0.580004E+05   0.199781E-01   0.165585E-04   0.214869E+00  -0.149421E+08
   0.393433E+00   0.264787E+06   0.262921E+06   0.104443E+00   0.104443E+00   0.196631E+03   0.263223E+06   0.264474E+06   0.263223E+06  -0.356476E-02   0.568310E+05   0.568081E+05   0.194216E-01   0.157987E-04   0.214869E+00  -0.144444E+08
   0.398554E+00   0.259424E+06   0.257582E+06   0.997136E-01   0.997136E-01   0.208883E+03   0.257889E+06   0.259114E+06   0.257889E+06  -0.349252E-02   0.556793E+05   0.556568E+05   0.188686E-01   0.150833E-04   0.214869E+00  -0.139699E+08
   0.403675E+00   0.254281E+06   0.252469E+06   0.952724E-01   0.952724E-01   0.220037E+03   0.252776E+06   0.253977E+06   0.252776E+06  -0.342328E-02   0.545753E+05   0.545532E+05   0.183060E-01   0.144115E-04   0.214869E+00  -0.135192E+08
   0.408796E+00   0.249377E+06   0.247598E+06   0.911085E-01   0.911085E-01   0.230096E+03   0.247901E+06   0.249078E+06   0.247901E+06  -0.335725E-02   0.535227E+05   0.535010E+05   0.177318E-01   0.137817E-04   0.214869E+00  -0.130923E+08
   0.413918E+00   0.244707E+06   0.242965E+06   0.872040E-01   0.872040E-01   0.239052E+03   0.243259E+06   0.244414E+06   0.243259E+06  -0.329439E-02   0.525205E+05   0.524992E+05   0.171529E-01   0.131911E-04   0.214869E+00  -0.126882E+08
   0.419039E+00   0.240240E+06   0.238538E+06   0.835328E-01   0.835328E-01   0.246743E+03   0.238819E+06   0.239954E+06   0.238819E+06  -0.323427E-02   0.515620E+05   0.515412E+05   0.165816E-01   0.126358E-04   0.214869E+00  -0.123044E+08
   0.424160E+00   0.235931E+06   0.234268E+06   0.800661E-01   0.800661E-01   0.252967E+03   0.234538E+06   0.235652E+06   0.234538E+06  -0.317628E-02   0.506375E+05   0.506172E+05   0.160310E-01   0.121114E-04   0.214869E+00  -0.119379E+08
   0.429281E+00   0.231741E+06   0.230115E+06   0.767794E-01   0.767794E-01   0.257483E+03   0.230374E+06   0.231468E+06   0.230374E+06  -0.311989E-02   0.497385E+05   0.497185E+05   0.155120E-01   0.116142E-04   0.214869E+00  -0.115861E+08
   0.434402E+00   0.227641E+06   0.226049E+06   0.736537E-01   0.736537E-01   0.260087E+03   0.226299E+06   0.227374E+06   0.226299E+06  -0.306471E-02   0.488588E+05   0.488392E+05   0.150309E-01   0.111414E-04   0.214869E+00  -0.112470E+08
   0.439523E+00   0.223614E+06   0.222052E+06   0.706746E-01   0.706746E-01   0.260603E+03   0.222296E+06   0.223352E+06   0.222296E+06  -0.301050E-02   0.479945E+05   0.479753E+05   0.145883E-01   0.106908E-04   0.214869E+00  -0.109193E+08
   0.444644E+00   0.219650E+06   0.218114E+06   0.678318E-01   0.678318E-01   0.258855E+03   0.218355E+06   0.219393E+06   0.218355E+06  -0.295713E-02   0.471437E+05   0.471248E+05   0.141797E-01   0.102608E-04   0.214869E+00  -0.106022E+08
   0.449766E+00   0.215755E+06   0.214242E+06   0.651200E-01   0.651200E-01   0.254737E+03   0.214482E+06   0.215501E+06   0.214482E+06  -0.290468E-02   0.463075E+05   0.462889E+05   0.137977E-01   0.985064E-05   0.214869E+00  -0.102956E+08
   0.454887E+00   0.211944E+06   0.210454E+06   0.625374E-01   0.625374E-01   0.248184E+03   0.210693E+06   0.211694E+06   0.210693E+06  -0.285337E-02   0.454895E+05   0.454711E+05   0.134336E-01   0.946000E-05   0.214869E+00  -0.999987E+07
   0.460008E+00   0.208237E+06   0.206768E+06   0.600829E-01   0.600829E-01   0.239290E+03   0.207008E+06   0.207991E+06   0.207008E+06  -0.280345E-02   0.446937E+05   0.446756E+05   0.130801E-01   0.908874E-05   0.214869E+00  -0.971555E+07
   0.465129E+00   0.204647E+06   0.203200E+06   0.577537E-01   0.577537E-01   0.228295E+03   0.203438E+06   0.204404E+06   0.203438E+06  -0.275510E-02   0.439229E+05   0.439052E+05   0.127320E-01   0.873643E-05   0.214869E+00  -0.944288E+07
   0.470250E+00   0.201177E+06   0.199753E+06   0.555445E-01   0.555445E-01   0.215623E+03   0.199988E+06   0.200938E+06   0.199988E+06  -0.270838E-02   0.431781E+05   0.431607E+05   0.123871E-01   0.840226E-05   0.214869E+00  -0.918166E+07
   0.475371E+00   0.197824E+06   0.196424E+06   0.534483E-01   0.534483E-01   0.201831E+03   0.196655E+06   0.197589E+06   0.196655E+06  -0.266324E-02   0.424585E+05   0.424413E+05   0.120458E-01   0.808518E-05   0.214869E+00  -0.893137E+07
   0.480492E+00   0.194581E+06   0.193206E+06   0.514576E-01   0.514576E-01   0.187513E+03   0.193431E+06   0.194350E+06   0.193431E+06  -0.261959E-02   0.417625E+05   0.417457E+05   0.117106E-01   0.778404E-05   0.214869E+00  -0.869134E+07
   0.485614E+00   0.191438E+06   0.190088E+06   0.495644E-01   0.495644E-01   0.173233E+03   0.190307E+06   0.191212E+06   0.190307E+06  -0.257728E-02   0.410881E+05   0.410715E+05   0.113852E-01   0.749767E-05   0.214869E+00  -0.846081E+07
   0.490735E+00   0.188382E+06   0.187056E+06   0.477606E-01   0.477606E-01   0.159413E+03   0.187270E+06   0.188159E+06   0.187270E+06  -0.253614E-02   0.404322E+05   0.404159E+05   0.110727E-01   0.722480E-05   0.214869E+00  -0.823887E+07
   0.495856E+00   0.185397E+06   0.184094E+06   0.460379E-01   0.460379E-01   0.146356E+03   0.184302E+06   0.185178E+06   0.184302E+06  -0.249596E-02   0.397916E+05   0.397756E+05   0.107752E-01   0.696421E-05   0.214869E+00  -0.802458E+07
   0.500977E+00   0.182471E+06   0.181190E+06   0.443899E-01   0.443899E-01   0.134244E+03   0.181394E+06   0.182256E+06   0.181394E+06  -0.245657E-02   0.391637E+05   0.391480E+05   0.104933E-01   0.671490E-05   0.214869E+00  -0.781723E+07
   0.506098E+00   0.179602E+06   0.178342E+06   0.428122E-01   0.428122E-01   0.123232E+03   0.178542E+06   0.179391E+06   0.178542E+06  -0.241795E-02   0.385480E+05   0.385324E+05   0.102264E-01   0.647624E-05   0.214869E+00  -0.761646E+07
   0.511219E+00   0.176792E+06   0.175550E+06   0.413021E-01   0.413021E-01   0.113480E+03   0.175748E+06   0.176583E+06   0.175748E+06  -0.238011E-02   0.379447E+05   0.379294E+05   0.997262E-02   0.624780E-05   0.214869E+00  -0.742217E+07
   0.516340E+00   0.174042E+06   0.172818E+06   0.398571E-01   0.398571E-01   0.105189E+03   0.173014E+06   0.173836E+06   0.173014E+06  -0.234308E-02   0.373544E+05   0.373393E+05   0.972955E-02   0.602919E-05   0.214869E+00  -0.723423E+07
   0.521462E+00   0.171353E+06   0.170147E+06   0.384744E-01   0.384744E-01   0.985906E+02   0.170341E+06   0.171151E+06   0.170341E+06  -0.230689E-02   0.367774E+05   0.367625E+05   0.949468E-02   0.582001E-05   0.214869E+00  -0.705253E+07
   0.526583E+00   0.168730E+06   0.167541E+06   0.371520E-01   0.371520E-01   0.938814E+02   0.167733E+06   0.168530E+06   0.167733E+06  -0.227157E-02   0.362143E+05   0.361997E+05   0.926607E-02   0.561997E-05   0.214869E+00  -0.687701E+07
   0.531704E+00   0.166176E+06   0.165004E+06   0.358882E-01   0.358882E-01   0.911900E+02   0.165194E+06   0.165979E+06   0.165194E+06  -0.223718E-02   0.356661E+05   0.356517E+05   0.904257E-02   0.542878E-05   0.214869E+00  -0.670769E+07
   0.536825E+00   0.163693E+06   0.162538E+06   0.346806E-01   0.346806E-01   0.904963E+02   0.162726E+06   0.163499E+06   0.162726E+06  -0.220375E-02   0.351331E+05   0.351189E+05   0.882385E-02   0.524609E-05   0.214869E+00  -0.654441E+07
   0.541946E+00   0.161276E+06   0.160139E+06   0.335259E-01   0.335259E-01   0.916406E+02   0.160323E+06   0.161085E+06   0.160323E+06  -0.217122E-02   0.346144E+05   0.346005E+05   0.861014E-02   0.507140E-05   0.214869E+00  -0.638686E+07
   0.547067E+00   0.158920E+06   0.157800E+06   0.324205E-01   0.324205E-01   0.943095E+02   0.157981E+06   0.158732E+06   0.157981E+06  -0.213950E-02   0.341087E+05   0.340950E+05   0.840208E-02   0.490418E-05   0.214869E+00  -0.623464E+07
   0.559946E+00   0.153239E+06   0.152162E+06   0.298403E-01   0.298403E-01   0.104847E+03   0.152335E+06   0.153058E+06   0.152335E+06  -0.206303E-02   0.328896E+05   0.328763E+05   0.790869E-02   0.451386E-05   0.214869E+00  -0.587353E+07
   0.593872E+00   0.139632E+06   0.138649E+06   0.241726E-01   0.241726E-01   0.112968E+03   0.138808E+06   0.139467E+06   0.138808E+06  -0.187984E-02   0.299691E+05   0.299570E+05   0.680873E-02   0.365659E-05   0.214869E+00  -0.504623E+07
   0.629853E+00   0.127200E+06   0.126305E+06   0.195764E-01   0.195764E-01   0.701258E+02   0.126449E+06   0.127050E+06   0.126449E+06  -0.171246E-02   0.273008E+05   0.272898E+05   0.585150E-02   0.296135E-05   0.214869E+00  -0.433434E+07
   0.879031E+00   0.743574E+05   0.738343E+05   0.587543E-02   0.587543E-02   0.144875E+02   0.739182E+05   0.742696E+05   0.739182E+05  -0.100105E-02   0.159592E+05   0.159527E+05   0.247803E-02   0.888769E-06   0.214868E+00  -0.181549E+07
   0.122679E+01   0.429422E+05   0.426401E+05   0.174209E-02   0.174209E-02   0.551921E+01   0.426885E+05   0.428915E+05   0.426885E+05  -0.578120E-03   0.921664E+04   0.921279E+04   0.104764E-02   0.263526E-06   0.214868E+00  -0.751258E+06
   0.171212E+01   0.245418E+05   0.243690E+05   0.511167E-03   0.511167E-03   0.171083E+01   0.243968E+05   0.245128E+05   0.243968E+05  -0.330399E-03   0.526738E+04   0.526509E+04   0.446975E-03   0.773240E-07   0.214867E+00  -0.307642E+06
   0.238945E+01   0.139002E+05   0.138021E+05   0.148643E-03   0.148643E-03   0.390409E+00   0.138180E+05   0.138837E+05   0.138180E+05  -0.187133E-03   0.298338E+04   0.298198E+04   0.195678E-03   0.224852E-07   0.214866E+00  -0.124851E+06
