#          k/h    CDM            baryon         photon         nu             mass_nu        total          no_nu          total_de       Weyl           v_CDM          v_b            v_b-v_c        ISW            log_grow       pert_vel    
   0.994668E-05   0.100922E+09   0.100922E+09   0.134538E+09   0.134537E+09   0.100927E+09   0.100922E+09   0.100922E+09   0.100958E+09  -0.455899E+00   0.577339E+07   0.577339E+07   0.807154E+01   0.476301E+06   0.855769E+00  -0.580456E+14
   0.109829E-04   0.100884E+09   0.100884E+09   0.134482E+09   0.134482E+09   0.100890E+09   0.100885E+09   0.100884E+09   0.100920E+09  -0.455728E+00   0.577262E+07   0.577262E+07   0.891175E+01   0.391516E+06   0.855398E+00  -0.525618E+14
   0.121272E-04   0.100839E+09   0.100839E+09   0.134414E+09   0.134414E+09   0.100844E+09   0.100839E+09   0.100839E+09   0.100875E+09  -0.455521E+00   0.577168E+07   0.577168E+07   0.983926E+01   0.321974E+06   0.854946E+00  -0.475947E+14
   0.133906E-04   0.100783E+09   0.100783E+09   0.134332E+09   0.134331E+09   0.100788E+09   0.100783E+09   0.100783E+09   0.100819E+09  -0.455269E+00   0.577053E+07   0.577053E+07   0.108631E+02   0.264934E+06   0.854397E+00  -0.430954E+14
   0.147857E-04   0.100715E+09   0.100715E+09   0.134231E+09   0.134230E+09   0.100720E+09   0.100715E+09   0.100715E+09   0.100751E+09  -0.454962E+00   0.576914E+07   0.576914E+07   0.119931E+02   0.218147E+06   0.853727E+00  -0.390198E+14
   0.163261E-04   0.100632E+09   0.100632E+09   0.134109E+09   0.134108E+09   0.100637E+09   0.100632E+09   0.100632E+09   0.100668E+09  -0.454588E+00   0.576744E+07   0.576744E+07   0.132403E+02   0.179769E+06   0.852913E+00  -0.353278E+14
   0.180270E-04   0.100531E+09   0.100531E+09   0.133960E+09   0.133959E+09   0.100537E+09   0.100531E+09   0.100531E+09   0.100567E+09  -0.454134E+00   0.576537E+07   0.576537E+07   0.146166E+02   0.148287E+06   0.851923E+00  -0.319830E+14
   0.199051E-04   0.100409E+09   0.100409E+09   0.133779E+09   0.133777E+09   0.100414E+09   0.100409E+09   0.100409E+09   0.100445E+09  -0.453581E+00   0.576285E+07   0.576285E+07   0.161352E+02   0.122462E+06   0.850720E+00  -0.289527E+14
   0.219788E-04   0.100260E+09   0.100260E+09   0.133559E+09   0.133557E+09   0.100265E+09   0.100260E+09   0.100260E+09   0.100296E+09  -0.452910E+00   0.575979E+07   0.575979E+07   0.178106E+02   0.101273E+06   0.849258E+00  -0.262070E+14
   0.242687E-04   0.100080E+09   0.100080E+09   0.133292E+09   0.133289E+09   0.100085E+09   0.100080E+09   0.100080E+09   0.100116E+09  -0.452094E+00   0.575606E+07   0.575606E+07   0.196587E+02   0.838878E+05   0.847484E+00  -0.237190E+14
   0.267970E-04   0.998609E+08   0.998608E+08   0.132967E+09   0.132964E+09   0.998657E+08   0.998609E+08   0.998608E+08   0.998964E+08  -0.451105E+00   0.575154E+07   0.575154E+07   0.216967E+02   0.696197E+05   0.845333E+00  -0.214642E+14
   0.295888E-04   0.995954E+08   0.995954E+08   0.132574E+09   0.132570E+09   0.996001E+08   0.995954E+08   0.995954E+08   0.996308E+08  -0.449906E+00   0.574605E+07   0.574605E+07   0.239436E+02   0.579067E+05   0.842729E+00  -0.194204E+14
   0.326714E-04   0.992741E+08   0.992741E+08   0.132098E+09   0.132093E+09   0.992787E+08   0.992741E+08   0.992741E+08   0.993094E+08  -0.448454E+00   0.573939E+07   0.573939E+07   0.264199E+02   0.482874E+05   0.839579E+00  -0.175677E+14
   0.360752E-04   0.988858E+08   0.988858E+08   0.131522E+09   0.131516E+09   0.988903E+08   0.988858E+08   0.988858E+08   0.989209E+08  -0.446700E+00   0.573133E+07   0.573133E+07   0.291480E+02   0.403828E+05   0.835777E+00  -0.158877E+14
   0.398336E-04   0.984174E+08   0.984174E+08   0.130827E+09   0.130820E+09   0.984218E+08   0.984174E+08   0.984174E+08   0.984524E+08  -0.444585E+00   0.572158E+07   0.572157E+07   0.321520E+02   0.338820E+05   0.831198E+00  -0.143642E+14
   0.439836E-04   0.978537E+08   0.978537E+08   0.129989E+09   0.129981E+09   0.978579E+08   0.978537E+08   0.978537E+08   0.978885E+08  -0.442039E+00   0.570980E+07   0.570979E+07   0.354579E+02   0.285292E+05   0.825697E+00  -0.129821E+14
   0.485659E-04   0.971772E+08   0.971771E+08   0.128983E+09   0.128973E+09   0.971811E+08   0.971772E+08   0.971772E+08   0.972116E+08  -0.438983E+00   0.569560E+07   0.569559E+07   0.390935E+02   0.241142E+05   0.819108E+00  -0.117280E+14
   0.536256E-04   0.963678E+08   0.963678E+08   0.127778E+09   0.127765E+09   0.963715E+08   0.963678E+08   0.963678E+08   0.964019E+08  -0.435327E+00   0.567853E+07   0.567852E+07   0.430881E+02   0.204644E+05   0.811245E+00  -0.105896E+14
   0.592125E-04   0.954032E+08   0.954032E+08   0.126340E+09   0.126324E+09   0.954066E+08   0.954032E+08   0.954032E+08   0.954370E+08  -0.430970E+00   0.565807E+07   0.565806E+07   0.474728E+02   0.174375E+05   0.801904E+00  -0.955589E+13
   0.653814E-04   0.942591E+08   0.942591E+08   0.124630E+09   0.124611E+09   0.942621E+08   0.942591E+08   0.942591E+08   0.942924E+08  -0.425802E+00   0.563363E+07   0.563362E+07   0.522798E+02   0.149166E+05   0.790864E+00  -0.861688E+13
   0.721930E-04   0.929094E+08   0.929094E+08   0.122608E+09   0.122585E+09   0.929120E+08   0.929094E+08   0.929094E+08   0.929422E+08  -0.419705E+00   0.560455E+07   0.560454E+07   0.575419E+02   0.128057E+05   0.777896E+00  -0.776357E+13
   0.797142E-04   0.913274E+08   0.913273E+08   0.120232E+09   0.120204E+09   0.913293E+08   0.913274E+08   0.913274E+08   0.913595E+08  -0.412559E+00   0.557012E+07   0.557011E+07   0.632924E+02   0.110260E+05   0.762776E+00  -0.698787E+13
   0.880190E-04   0.894869E+08   0.894868E+08   0.117457E+09   0.117423E+09   0.894881E+08   0.894869E+08   0.894869E+08   0.895183E+08  -0.404245E+00   0.552960E+07   0.552958E+07   0.695636E+02   0.951317E+04   0.745295E+00  -0.628251E+13
   0.971891E-04   0.873643E+08   0.873642E+08   0.114244E+09   0.114203E+09   0.873647E+08   0.873643E+08   0.873643E+08   0.873948E+08  -0.394657E+00   0.548222E+07   0.548220E+07   0.763862E+02   0.821525E+04   0.725281E+00  -0.564099E+13
   0.107314E-03   0.849406E+08   0.849406E+08   0.110556E+09   0.110506E+09   0.849400E+08   0.849406E+08   0.849406E+08   0.849702E+08  -0.383710E+00   0.542726E+07   0.542723E+07   0.837878E+02   0.709070E+04   0.702626E+00  -0.505752E+13
   0.118495E-03   0.822045E+08   0.822044E+08   0.106366E+09   0.106306E+09   0.822027E+08   0.822045E+08   0.822045E+08   0.822329E+08  -0.371350E+00   0.536406E+07   0.536403E+07   0.917914E+02   0.610704E+04   0.677306E+00  -0.452700E+13
   0.130840E-03   0.791547E+08   0.791545E+08   0.101659E+09   0.101587E+09   0.791513E+08   0.791546E+08   0.791546E+08   0.791818E+08  -0.357573E+00   0.529213E+07   0.529209E+07   0.100413E+03   0.523954E+04   0.649414E+00  -0.404488E+13
   0.144471E-03   0.758027E+08   0.758025E+08   0.964381E+08   0.963517E+08   0.757975E+08   0.758026E+08   0.758026E+08   0.758284E+08  -0.342431E+00   0.521119E+07   0.521114E+07   0.109661E+03   0.447010E+04   0.619172E+00  -0.360721E+13
   0.159522E-03   0.721748E+08   0.721746E+08   0.907239E+08   0.906207E+08   0.721675E+08   0.721748E+08   0.721748E+08   0.721990E+08  -0.326043E+00   0.512127E+07   0.512122E+07   0.119531E+03   0.378599E+04   0.586947E+00  -0.321049E+13
   0.176142E-03   0.683128E+08   0.683126E+08   0.845584E+08   0.844355E+08   0.683029E+08   0.683127E+08   0.683127E+08   0.683353E+08  -0.308597E+00   0.502277E+07   0.502270E+07   0.130005E+03   0.317868E+04   0.553247E+00  -0.285165E+13
   0.194493E-03   0.642726E+08   0.642724E+08   0.780036E+08   0.778581E+08   0.642596E+08   0.642725E+08   0.642726E+08   0.642933E+08  -0.290345E+00   0.491647E+07   0.491639E+07   0.141051E+03   0.264250E+04   0.518697E+00  -0.252793E+13
   0.214755E-03   0.601221E+08   0.601218E+08   0.711396E+08   0.709683E+08   0.601053E+08   0.601220E+08   0.601221E+08   0.601410E+08  -0.271595E+00   0.480361E+07   0.480351E+07   0.152612E+03   0.217345E+04   0.484001E+00  -0.223686E+13
   0.237129E-03   0.559366E+08   0.559362E+08   0.640598E+08   0.638598E+08   0.559153E+08   0.559364E+08   0.559365E+08   0.559535E+08  -0.252686E+00   0.468578E+07   0.468566E+07   0.164610E+03   0.176810E+04   0.449896E+00  -0.197611E+13
   0.261834E-03   0.517934E+08   0.517929E+08   0.568662E+08   0.566347E+08   0.517666E+08   0.517932E+08   0.517933E+08   0.518084E+08  -0.233967E+00   0.456491E+07   0.456477E+07   0.176936E+03   0.142280E+04   0.417091E+00  -0.174349E+13
   0.289112E-03   0.477667E+08   0.477661E+08   0.496642E+08   0.493993E+08   0.477333E+08   0.477664E+08   0.477666E+08   0.477797E+08  -0.215774E+00   0.444311E+07   0.444294E+07   0.189445E+03   0.113321E+04   0.386218E+00  -0.153686E+13
   0.319233E-03   0.439220E+08   0.439214E+08   0.425590E+08   0.422600E+08   0.438808E+08   0.439217E+08   0.439219E+08   0.439331E+08  -0.198402E+00   0.432253E+07   0.432233E+07   0.201946E+03   0.894203E+03   0.357789E+00  -0.135408E+13
   0.352491E-03   0.403130E+08   0.403123E+08   0.356546E+08   0.353227E+08   0.402623E+08   0.403127E+08   0.403129E+08   0.403222E+08  -0.182095E+00   0.420523E+07   0.420500E+07   0.214197E+03   0.699987E+03   0.332172E+00  -0.119304E+13
   0.389215E-03   0.369788E+08   0.369779E+08   0.290546E+08   0.286936E+08   0.369165E+08   0.369783E+08   0.369786E+08   0.369861E+08  -0.167027E+00   0.409303E+07   0.409277E+07   0.225897E+03   0.544440E+03   0.309575E+00  -0.105164E+13
   0.429764E-03   0.339435E+08   0.339424E+08   0.228651E+08   0.224822E+08   0.338674E+08   0.339429E+08   0.339433E+08   0.339490E+08  -0.153310E+00   0.398742E+07   0.398711E+07   0.236678E+03   0.421460E+03   0.290060E+00  -0.927838E+12
   0.474538E-03   0.312172E+08   0.312159E+08   0.171970E+08   0.168027E+08   0.311244E+08   0.312166E+08   0.312170E+08   0.312211E+08  -0.140988E+00   0.388946E+07   0.388911E+07   0.246114E+03   0.325287E+03   0.273558E+00  -0.819649E+12
   0.523976E-03   0.287981E+08   0.287965E+08   0.121652E+08   0.117734E+08   0.286851E+08   0.287973E+08   0.287978E+08   0.288005E+08  -0.130053E+00   0.379981E+07   0.379941E+07   0.253732E+03   0.250736E+03   0.259890E+00  -0.725201E+12
   0.578566E-03   0.266742E+08   0.266724E+08   0.788067E+07   0.750680E+07   0.265370E+08   0.266733E+08   0.266739E+08   0.266754E+08  -0.120453E+00   0.371872E+07   0.371827E+07   0.259044E+03   0.193322E+03   0.248803E+00  -0.642759E+12
   0.638842E-03   0.248270E+08   0.248250E+08   0.443332E+07   0.409113E+07   0.246605E+08   0.248259E+08   0.248267E+08   0.248271E+08  -0.112102E+00   0.364609E+07   0.364559E+07   0.261596E+03   0.149296E+03   0.239994E+00  -0.570742E+12
   0.705398E-03   0.232331E+08   0.232308E+08   0.186453E+07   0.156109E+07   0.230315E+08   0.232318E+08   0.232327E+08   0.232322E+08  -0.104897E+00   0.358153E+07   0.358097E+07   0.261033E+03   0.115610E+03   0.233137E+00  -0.507737E+12
   0.778888E-03   0.218668E+08   0.218641E+08   0.138127E+06  -0.132166E+06   0.216230E+08   0.218652E+08   0.218663E+08   0.218652E+08  -0.987206E-01   0.352443E+07   0.352383E+07   0.257160E+03   0.898421E+02   0.227910E+00  -0.452499E+12
   0.860035E-03   0.207016E+08   0.206986E+08  -0.874946E+06  -0.113506E+07   0.204075E+08   0.206997E+08   0.207011E+08   0.206994E+08  -0.934538E-01   0.347407E+07   0.347343E+07   0.249989E+03   0.701047E+02   0.224006E+00  -0.403948E+12
   0.949635E-03   0.197116E+08   0.197083E+08  -0.137607E+07  -0.166644E+07   0.193576E+08   0.197094E+08   0.197111E+08   0.197090E+08  -0.889795E-01   0.342962E+07   0.342894E+07   0.239737E+03   0.549445E+02   0.221150E+00  -0.361153E+12
   0.104857E-02   0.188725E+08   0.188689E+08  -0.157130E+07  -0.194230E+07   0.184473E+08   0.188699E+08   0.188719E+08   0.188694E+08  -0.851870E-01   0.339023E+07   0.338952E+07   0.226782E+03   0.432552E+02   0.219104E+00  -0.323320E+12
   0.115781E-02   0.181616E+08   0.181578E+08  -0.158292E+07  -0.208036E+07   0.176526E+08   0.181586E+08   0.181610E+08   0.181581E+08  -0.819742E-01   0.335505E+07   0.335431E+07   0.211587E+03   0.342005E+02   0.217671E+00  -0.289775E+12
   0.127844E-02   0.175587E+08   0.175547E+08  -0.141560E+07  -0.206612E+07   0.169517E+08   0.175552E+08   0.175580E+08   0.175547E+08  -0.792490E-01   0.332326E+07   0.332251E+07   0.194671E+03   0.271513E+02   0.216688E+00  -0.259947E+12
   0.141163E-02   0.170457E+08   0.170416E+08  -0.104682E+07  -0.185218E+07   0.163257E+08   0.170416E+08   0.170450E+08   0.170412E+08  -0.769299E-01   0.329410E+07   0.329335E+07   0.176649E+03   0.216347E+02   0.216032E+00  -0.233354E+12
   0.155869E-02   0.166067E+08   0.166026E+08  -0.577922E+06   0.417812E+06   0.157575E+08   0.166020E+08   0.166060E+08   0.166019E+08  -0.749465E-01   0.326680E+07   0.326606E+07   0.158304E+03   0.172968E+02   0.215606E+00  -0.209585E+12
   0.172108E-02   0.162279E+08   0.162238E+08  -0.222701E+06   0.334872E+06   0.152328E+08   0.162225E+08   0.162272E+08   0.162225E+08  -0.732334E-01   0.324077E+07   0.324005E+07   0.140543E+03   0.138670E+02   0.215340E+00  -0.188298E+12
   0.190039E-02   0.158974E+08   0.158932E+08  -0.692661E+05   0.269066E+06   0.147394E+08   0.158912E+08   0.158967E+08   0.158912E+08  -0.717378E-01   0.321538E+07   0.321468E+07   0.124181E+03   0.111436E+02   0.215183E+00  -0.169196E+12
   0.209838E-02   0.156048E+08   0.156006E+08  -0.129797E+05   0.216625E+06   0.142675E+08   0.155978E+08   0.156041E+08   0.155978E+08  -0.704130E-01   0.319005E+07   0.318936E+07   0.109775E+03   0.897218E+01   0.215098E+00  -0.152025E+12
   0.231699E-02   0.153412E+08   0.153370E+08  -0.368076E+05   0.174674E+06   0.138091E+08   0.153332E+08   0.153405E+08   0.153332E+08  -0.692187E-01   0.316424E+07   0.316356E+07   0.976055E+02   0.723457E+01   0.215058E+00  -0.136567E+12
   0.255838E-02   0.150989E+08   0.150946E+08  -0.152562E+06   0.141004E+06   0.133578E+08   0.150900E+08   0.150982E+08   0.150900E+08  -0.681206E-01   0.313748E+07   0.313681E+07   0.875868E+02   0.583976E+01   0.215046E+00  -0.122636E+12
   0.282492E-02   0.148714E+08   0.148670E+08  -0.187159E+06   0.113909E+06   0.129086E+08   0.148614E+08   0.148707E+08   0.148614E+08  -0.670886E-01   0.310930E+07   0.310863E+07   0.791984E+02   0.471716E+01   0.215049E+00  -0.110067E+12
   0.311923E-02   0.146531E+08   0.146484E+08  -0.150195E+06   0.920554E+05   0.124568E+08   0.146419E+08   0.146523E+08   0.146419E+08  -0.660976E-01   0.307931E+07   0.307864E+07   0.717727E+02   0.381178E+01   0.215060E+00  -0.987203E+11
   0.344419E-02   0.144390E+08   0.144341E+08  -0.730036E+05   0.744003E+05   0.119981E+08   0.144266E+08   0.144382E+08   0.144266E+08  -0.651258E-01   0.304712E+07   0.304646E+07   0.647795E+02   0.308037E+01   0.215075E+00  -0.884713E+11
   0.380302E-02   0.142250E+08   0.142198E+08  -0.385694E+05   0.601184E+05   0.115287E+08   0.142114E+08   0.142242E+08   0.142114E+08  -0.641542E-01   0.301240E+07   0.301174E+07   0.580989E+02   0.248878E+01   0.215090E+00  -0.792107E+11
   0.419923E-02   0.140075E+08   0.140020E+08  -0.461105E+05   0.485547E+05   0.110458E+08   0.139926E+08   0.140066E+08   0.139926E+08  -0.631663E-01   0.297480E+07   0.297415E+07   0.519737E+02   0.200984E+01   0.215104E+00  -0.708417E+11
   0.463671E-02   0.137832E+08   0.137773E+08  -0.594451E+05   0.391866E+05   0.105471E+08   0.137669E+08   0.137822E+08   0.137669E+08  -0.621476E-01   0.293403E+07   0.293338E+07   0.466475E+02   0.162187E+01   0.215115E+00  -0.632782E+11
   0.511978E-02   0.135494E+08   0.135429E+08  -0.325125E+05   0.315952E+05   0.100328E+08   0.135317E+08   0.135483E+08   0.135317E+08  -0.610857E-01   0.288978E+07   0.288913E+07   0.420298E+02   0.130752E+01   0.215124E+00  -0.564434E+11
   0.565317E-02   0.133040E+08   0.132969E+08  -0.952959E+04   0.254447E+05   0.947814E+07   0.132847E+08   0.133028E+08   0.132847E+08  -0.599707E-01   0.284186E+07   0.284121E+07   0.378287E+02   0.105285E+01   0.215129E+00  -0.502701E+11
   0.624213E-02   0.130439E+08   0.130361E+08  -0.285235E+04   0.204614E+05   0.891572E+07   0.130231E+08   0.130426E+08   0.130231E+08  -0.587895E-01   0.278982E+07   0.278919E+07   0.339509E+02   0.846544E+00   0.215132E+00  -0.446934E+11
   0.689245E-02   0.127675E+08   0.127588E+08   0.301942E+05   0.164265E+05   0.833276E+07   0.127450E+08   0.127660E+08   0.127450E+08  -0.575344E-01   0.273350E+07   0.273287E+07   0.305235E+02   0.679520E+00   0.215131E+00  -0.396592E+11
   0.761052E-02   0.124729E+08   0.124632E+08   0.242903E+05   0.131620E+05   0.773795E+07   0.124489E+08   0.124713E+08   0.124489E+08  -0.561976E-01   0.267263E+07   0.267200E+07   0.275038E+02   0.544404E+00   0.215128E+00  -0.351174E+11
   0.840340E-02   0.121586E+08   0.121475E+08   0.112089E+03   0.105231E+05   0.713991E+07   0.121330E+08   0.121567E+08   0.121330E+08  -0.547714E-01   0.260698E+07   0.260635E+07   0.247708E+02   0.435193E+00   0.215123E+00  -0.310227E+11
   0.927889E-02   0.118229E+08   0.118104E+08   0.154034E+05   0.839253E+04   0.653852E+07   0.117958E+08   0.118208E+08   0.117958E+08  -0.532493E-01   0.253632E+07   0.253570E+07   0.223436E+02   0.347034E+00   0.215117E+00  -0.273342E+11
   0.102456E-01   0.114647E+08   0.114504E+08   0.291712E+04   0.667474E+04   0.593357E+07   0.114361E+08   0.114623E+08   0.114361E+08  -0.516255E-01   0.246046E+07   0.245984E+07   0.201863E+02   0.275965E+00   0.215109E+00  -0.240147E+11
   0.113130E-01   0.110825E+08   0.110662E+08   0.630364E+04   0.529190E+04   0.533192E+07   0.110525E+08   0.110797E+08   0.110525E+08  -0.498940E-01   0.237917E+07   0.237855E+07   0.182658E+02   0.218759E+00   0.215100E+00  -0.210303E+11
   0.124916E-01   0.106752E+08   0.106565E+08   0.207716E+04   0.418070E+04   0.474152E+07   0.106440E+08   0.106721E+08   0.106440E+08  -0.480498E-01   0.229225E+07   0.229163E+07   0.165613E+02   0.172800E+00   0.215090E+00  -0.183502E+11
   0.137930E-01   0.102420E+08   0.102206E+08   0.517881E+04   0.328966E+04   0.416828E+07   0.102097E+08   0.102384E+08   0.102097E+08  -0.460890E-01   0.219957E+07   0.219895E+07   0.150457E+02   0.135950E+00   0.215080E+00  -0.159468E+11
   0.152300E-01   0.978224E+07   0.975776E+07  -0.400382E+04   0.257687E+04   0.361533E+07   0.974896E+07   0.977813E+07   0.974896E+07  -0.440092E-01   0.210103E+07   0.210041E+07   0.136941E+02   0.106478E+00   0.215069E+00  -0.137952E+11
   0.168167E-01   0.930669E+07   0.927882E+07   0.116535E+04   0.201063E+04   0.309612E+07   0.927264E+07   0.930201E+07   0.927264E+07  -0.418590E-01   0.199898E+07   0.199835E+07   0.124918E+02   0.830682E-01   0.215058E+00  -0.118867E+11
   0.185687E-01   0.879685E+07   0.876532E+07   0.181875E+04   0.155862E+04   0.260797E+07   0.876229E+07   0.879156E+07   0.876229E+07  -0.395552E-01   0.188947E+07   0.188883E+07   0.113951E+02   0.643842E-01   0.215047E+00  -0.101753E+11
   0.205033E-01   0.826356E+07   0.822821E+07  -0.317926E+04   0.120074E+04   0.216018E+07   0.822877E+07   0.825763E+07   0.822877E+07  -0.371467E-01   0.177484E+07   0.177420E+07   0.103875E+02   0.495936E-01   0.215036E+00  -0.865619E+10
   0.226393E-01   0.770249E+07   0.766330E+07  -0.905880E+03   0.917847E+03   0.175486E+07   0.766779E+07   0.769591E+07   0.766779E+07  -0.346143E-01   0.165420E+07   0.165355E+07   0.943816E+01   0.379043E-01   0.215025E+00  -0.730653E+10
   0.249980E-01   0.713359E+07   0.709079E+07  -0.579943E+03   0.697106E+03   0.139916E+07   0.709930E+07   0.712640E+07   0.709930E+07  -0.320480E-01   0.153184E+07   0.153120E+07   0.853117E+01   0.287845E-01   0.215015E+00  -0.612765E+10
   0.276023E-01   0.656351E+07   0.651769E+07  -0.696851E+03   0.525985E+03   0.109344E+07   0.652996E+07   0.655581E+07   0.652996E+07  -0.294779E-01   0.140922E+07   0.140859E+07   0.764297E+01   0.217159E-01   0.215005E+00  -0.510526E+10
   0.304780E-01   0.599468E+07   0.594682E+07  -0.572505E+03   0.393957E+03   0.836036E+06   0.596226E+07   0.598664E+07   0.596226E+07  -0.269151E-01   0.128690E+07   0.128628E+07   0.674999E+01   0.162629E-01   0.214996E+00  -0.422220E+10
   0.336533E-01   0.544245E+07   0.539398E+07  -0.214091E+03   0.293311E+03   0.625494E+06   0.541155E+07   0.543431E+07   0.541155E+07  -0.244291E-01   0.116818E+07   0.116759E+07   0.584251E+01   0.121067E-01   0.214988E+00  -0.347105E+10
   0.371593E-01   0.492669E+07   0.487949E+07   0.655783E+01   0.217750E+03   0.458802E+06   0.489766E+07   0.491877E+07   0.489766E+07  -0.221092E-01   0.105736E+07   0.105681E+07   0.492322E+01   0.898689E-02   0.214980E+00  -0.284532E+10
   0.410307E-01   0.446000E+07   0.441620E+07  -0.985563E+02   0.161673E+03   0.330459E+06   0.443314E+07   0.445265E+07   0.443314E+07  -0.200123E-01   0.957154E+06   0.956661E+06   0.400656E+01   0.667184E-02   0.214973E+00  -0.233266E+10
   0.451338E-01   0.407039E+07   0.403184E+07   0.121949E+03   0.121949E+03   0.237774E+06   0.404581E+07   0.406392E+07   0.404581E+07  -0.182638E-01   0.873534E+06   0.873098E+06   0.322279E+01   0.503265E-02   0.214954E+00  -0.193534E+10
   0.492368E-01   0.376226E+07   0.372982E+07   0.947277E+02   0.947277E+02   0.174364E+06   0.373986E+07   0.375681E+07   0.373986E+07  -0.168826E-01   0.807511E+06   0.807142E+06   0.250260E+01   0.390896E-02   0.214949E+00  -0.163999E+10
   0.533399E-01   0.351393E+07   0.348760E+07   0.754014E+02   0.754014E+02   0.130387E+06   0.349352E+07   0.350951E+07   0.349352E+07  -0.157706E-01   0.754344E+06   0.754035E+06   0.192889E+01   0.311126E-02   0.214945E+00  -0.141418E+10
   0.574430E-01   0.330484E+07   0.328386E+07   0.611577E+02   0.611577E+02   0.995448E+05   0.328617E+07   0.330132E+07   0.328617E+07  -0.148346E-01   0.709586E+06   0.709328E+06   0.149791E+01   0.252338E-02   0.214942E+00  -0.123526E+10
   0.615460E-01   0.311892E+07   0.310205E+07   0.502861E+02   0.502861E+02   0.777839E+05   0.310171E+07   0.311609E+07   0.310171E+07  -0.140019E-01   0.669766E+06   0.669545E+06   0.119649E+01   0.207471E-02   0.214939E+00  -0.108822E+10
   0.656491E-01   0.294378E+07   0.292952E+07   0.417188E+02   0.417188E+02   0.623622E+05   0.292776E+07   0.294139E+07   0.292776E+07  -0.132166E-01   0.632211E+06   0.632013E+06   0.100355E+01   0.172117E-02   0.214936E+00  -0.963000E+09
   0.697522E-01   0.277062E+07   0.275751E+07   0.347819E+02   0.347819E+02   0.513642E+05   0.275556E+07   0.276841E+07   0.275556E+07  -0.124393E-01   0.595031E+06   0.594844E+06   0.893025E+00   0.143493E-02   0.214934E+00  -0.853051E+09
   0.738552E-01   0.260088E+07   0.258772E+07   0.291224E+02   0.291224E+02   0.435377E+05   0.258658E+07   0.259867E+07   0.258658E+07  -0.116765E-01   0.558547E+06   0.558361E+06   0.838952E+00   0.120141E-02   0.214932E+00  -0.756258E+09
   0.779583E-01   0.242909E+07   0.241507E+07   0.244081E+02   0.244081E+02   0.377850E+05   0.241543E+07   0.242673E+07   0.241543E+07  -0.109038E-01   0.521593E+06   0.521402E+06   0.814451E+00   0.100691E-02   0.214931E+00  -0.669050E+09
   0.820614E-01   0.226360E+07   0.224838E+07   0.205244E+02   0.205244E+02   0.335174E+05   0.225051E+07   0.226105E+07   0.225051E+07  -0.101593E-01   0.485983E+06   0.485786E+06   0.799843E+00   0.846683E-03   0.214930E+00  -0.592201E+09
   0.861644E-01   0.210898E+07   0.209265E+07   0.173416E+02   0.173416E+02   0.302759E+05   0.209641E+07   0.210623E+07   0.209641E+07  -0.946371E-02   0.452710E+06   0.452509E+06   0.780201E+00   0.715377E-03   0.214929E+00  -0.525383E+09
   0.912856E-01   0.193700E+07   0.191992E+07   0.141880E+02   0.141880E+02   0.272312E+05   0.192511E+07   0.193414E+07   0.192511E+07  -0.869043E-02   0.415722E+06   0.415520E+06   0.736133E+00   0.585280E-03   0.214927E+00  -0.455387E+09
   0.964067E-01   0.179356E+07   0.177673E+07   0.117775E+02   0.117775E+02   0.249932E+05   0.178237E+07   0.179073E+07   0.178237E+07  -0.804607E-02   0.384898E+06   0.384705E+06   0.667288E+00   0.485842E-03   0.214926E+00  -0.399225E+09
   0.101528E+00   0.168040E+07   0.166483E+07   0.994953E+01   0.994953E+01   0.233487E+05   0.166995E+07   0.167778E+07   0.166995E+07  -0.753857E-02   0.360620E+06   0.360443E+06   0.580239E+00   0.410435E-03   0.214925E+00  -0.355177E+09
   0.106649E+00   0.159341E+07   0.157982E+07   0.855125E+01   0.855125E+01   0.220964E+05   0.158370E+07   0.159113E+07   0.158370E+07  -0.714923E-02   0.341992E+06   0.341837E+06   0.486934E+00   0.352755E-03   0.214925E+00  -0.320658E+09
   0.111770E+00   0.152406E+07   0.151271E+07   0.744808E+01   0.744808E+01   0.210117E+05   0.151505E+07   0.152215E+07   0.151505E+07  -0.683931E-02   0.327164E+06   0.327030E+06   0.399914E+00   0.307250E-03   0.214924E+00  -0.292702E+09
   0.116891E+00   0.146312E+07   0.145381E+07   0.653867E+01   0.653867E+01   0.198897E+05   0.145474E+07   0.146156E+07   0.145474E+07  -0.656703E-02   0.314137E+06   0.314022E+06   0.328858E+00   0.269737E-03   0.214923E+00  -0.268737E+09
   0.122012E+00   0.140340E+07   0.139556E+07   0.575709E+01   0.575709E+01   0.185880E+05   0.139554E+07   0.140208E+07   0.139554E+07  -0.629979E-02   0.301352E+06   0.301250E+06   0.278641E+00   0.237498E-03   0.214923E+00  -0.246980E+09
   0.127134E+00   0.134066E+07   0.133360E+07   0.506584E+01   0.506584E+01   0.170562E+05   0.133322E+07   0.133947E+07   0.133322E+07  -0.601846E-02   0.287895E+06   0.287800E+06   0.249007E+00   0.208985E-03   0.214923E+00  -0.226447E+09
   0.132255E+00   0.127374E+07   0.126679E+07   0.444731E+01   0.444731E+01   0.153356E+05   0.126662E+07   0.127257E+07   0.126662E+07  -0.571784E-02   0.273516E+06   0.273423E+06   0.235607E+00   0.183470E-03   0.214922E+00  -0.206806E+09
   0.137376E+00   0.120399E+07   0.119668E+07   0.389581E+01   0.389581E+01   0.135310E+05   0.119714E+07   0.120277E+07   0.119714E+07  -0.540417E-02   0.258513E+06   0.258418E+06   0.231860E+00   0.160720E-03   0.214922E+00  -0.188175E+09
   0.142497E+00   0.113441E+07   0.112654E+07   0.341107E+01   0.341107E+01   0.117682E+05   0.112779E+07   0.113309E+07   0.112779E+07  -0.509110E-02   0.243539E+06   0.243441E+06   0.230982E+00   0.140723E-03   0.214921E+00  -0.170903E+09
   0.147618E+00   0.106881E+07   0.106047E+07   0.299426E+01   0.299426E+01   0.101538E+05   0.106241E+07   0.106741E+07   0.106241E+07  -0.479597E-02   0.229424E+06   0.229323E+06   0.227632E+00   0.123528E-03   0.214921E+00  -0.155411E+09
   0.152739E+00   0.101080E+07   0.100228E+07   0.264476E+01   0.264476E+01   0.875157E+04   0.100464E+07   0.100937E+07   0.100464E+07  -0.453517E-02   0.216949E+06   0.216849E+06   0.218837E+00   0.109109E-03   0.214921E+00  -0.142033E+09
   0.157860E+00   0.962385E+06   0.954050E+06   0.235726E+01   0.235726E+01   0.757169E+04   0.956474E+06   0.960986E+06   0.956474E+06  -0.431776E-02   0.206550E+06   0.206453E+06   0.204091E+00   0.972482E-04   0.214920E+00  -0.130838E+09
   0.162982E+00   0.923204E+06   0.915405E+06   0.212149E+01   0.212149E+01   0.658325E+04   0.917563E+06   0.921895E+06   0.917563E+06  -0.414210E-02   0.198147E+06   0.198057E+06   0.184853E+00   0.875215E-04   0.214920E+00  -0.121572E+09
   0.168103E+00   0.891234E+06   0.884198E+06   0.192532E+01   0.192532E+01   0.573746E+04   0.885868E+06   0.890053E+06   0.885868E+06  -0.399902E-02   0.191302E+06   0.191220E+06   0.163731E+00   0.794284E-04   0.214920E+00  -0.113797E+09
   0.173224E+00   0.863922E+06   0.857715E+06   0.175781E+01   0.175781E+01   0.498872E+04   0.858820E+06   0.862880E+06   0.858820E+06  -0.387692E-02   0.185461E+06   0.185386E+06   0.143572E+00   0.725178E-04   0.214920E+00  -0.107061E+09
   0.178345E+00   0.838674E+06   0.833206E+06   0.161003E+01   0.161003E+01   0.430318E+04   0.833812E+06   0.837756E+06   0.833812E+06  -0.376403E-02   0.180060E+06   0.179992E+06   0.126658E+00   0.664210E-04   0.214919E+00  -0.100959E+09
   0.183466E+00   0.813087E+06   0.808154E+06   0.147509E+01   0.147509E+01   0.366031E+04   0.808432E+06   0.812258E+06   0.808432E+06  -0.364946E-02   0.174579E+06   0.174517E+06   0.114202E+00   0.608544E-04   0.214919E+00  -0.951539E+08
   0.188587E+00   0.785603E+06   0.780956E+06   0.134891E+01   0.134891E+01   0.305415E+04   0.781123E+06   0.784823E+06   0.781123E+06  -0.352618E-02   0.168682E+06   0.168622E+06   0.106260E+00   0.556488E-04   0.214919E+00  -0.894432E+08
   0.193708E+00   0.756068E+06   0.751475E+06   0.123043E+01   0.123043E+01   0.248918E+04   0.751734E+06   0.755296E+06   0.751734E+06  -0.339351E-02   0.162336E+06   0.162277E+06   0.101959E+00   0.507609E-04   0.214919E+00  -0.838025E+08
   0.198830E+00   0.725447E+06   0.720751E+06   0.112049E+01   0.112049E+01   0.197474E+04   0.721238E+06   0.724658E+06   0.721238E+06  -0.325585E-02   0.155752E+06   0.155692E+06   0.998793E-01   0.462252E-04   0.214919E+00  -0.783321E+08
   0.203951E+00   0.695083E+06   0.690224E+06   0.102027E+01   0.102027E+01   0.151902E+04   0.690989E+06   0.694267E+06   0.690989E+06  -0.311929E-02   0.149220E+06   0.149160E+06   0.984812E-01   0.420904E-04   0.214919E+00  -0.731626E+08
   0.209072E+00   0.666284E+06   0.661295E+06   0.930592E+00   0.930592E+00   0.112818E+04   0.662302E+06   0.665446E+06   0.662302E+06  -0.298980E-02   0.143026E+06   0.142966E+06   0.964948E-01   0.383908E-04   0.214918E+00  -0.684077E+08
   0.214193E+00   0.640165E+06   0.635149E+06   0.851819E+00   0.851819E+00   0.806441E+03   0.636301E+06   0.639323E+06   0.636301E+06  -0.287242E-02   0.137412E+06   0.137352E+06   0.931741E-01   0.351408E-04   0.214918E+00  -0.641508E+08
   0.219314E+00   0.617402E+06   0.612491E+06   0.783596E+00   0.783596E+00   0.555839E+03   0.613662E+06   0.616578E+06   0.613662E+06  -0.277022E-02   0.132523E+06   0.132465E+06   0.883631E-01   0.323261E-04   0.214918E+00  -0.604238E+08
   0.224435E+00   0.597990E+06   0.593304E+06   0.724731E+00   0.724731E+00   0.376275E+03   0.594378E+06   0.597203E+06   0.594378E+06  -0.268317E-02   0.128358E+06   0.128303E+06   0.823965E-01   0.298974E-04   0.214918E+00  -0.571897E+08
   0.229556E+00   0.581309E+06   0.576930E+06   0.673466E+00   0.673466E+00   0.264599E+03   0.577827E+06   0.580573E+06   0.577827E+06  -0.260845E-02   0.124784E+06   0.124732E+06   0.759080E-01   0.277823E-04   0.214918E+00  -0.543569E+08
   0.234678E+00   0.566418E+06   0.562371E+06   0.627928E+00   0.627928E+00   0.214588E+03   0.563062E+06   0.565739E+06   0.563062E+06  -0.254180E-02   0.121595E+06   0.121546E+06   0.696102E-01   0.259035E-04   0.214918E+00  -0.518120E+08
   0.239799E+00   0.552316E+06   0.548571E+06   0.586458E+00   0.586458E+00   0.216048E+03   0.549077E+06   0.551687E+06   0.549077E+06  -0.247867E-02   0.118575E+06   0.118529E+06   0.640985E-01   0.241925E-04   0.214918E+00  -0.494461E+08
   0.244920E+00   0.538153E+06   0.534639E+06   0.547796E+00   0.547796E+00   0.255874E+03   0.535020E+06   0.537563E+06   0.535020E+06  -0.241521E-02   0.115539E+06   0.115495E+06   0.597214E-01   0.225974E-04   0.214917E+00  -0.471727E+08
   0.250041E+00   0.523432E+06   0.520061E+06   0.511217E+00   0.511217E+00   0.319666E+03   0.520393E+06   0.522866E+06   0.520393E+06  -0.234918E-02   0.112380E+06   0.112337E+06   0.565403E-01   0.210884E-04   0.214917E+00  -0.449433E+08
   0.255162E+00   0.508098E+06   0.504789E+06   0.476516E+00   0.476516E+00   0.394145E+03   0.505142E+06   0.507542E+06   0.505142E+06  -0.228033E-02   0.109086E+06   0.109045E+06   0.543673E-01   0.196569E-04   0.214917E+00  -0.427506E+08
   0.260283E+00   0.492434E+06   0.489129E+06   0.443816E+00   0.443816E+00   0.469184E+03   0.489554E+06   0.491879E+06   0.489554E+06  -0.220996E-02   0.105720E+06   0.105679E+06   0.528547E-01   0.183080E-04   0.214917E+00  -0.406161E+08
   0.265404E+00   0.476889E+06   0.473561E+06   0.413361E+00   0.413361E+00   0.538135E+03   0.474078E+06   0.476330E+06   0.474078E+06  -0.214011E-02   0.102378E+06   0.102337E+06   0.516054E-01   0.170517E-04   0.214917E+00  -0.385732E+08
   0.270526E+00   0.461949E+06   0.458606E+06   0.385378E+00   0.385378E+00   0.597634E+03   0.459207E+06   0.461388E+06   0.459207E+06  -0.207297E-02   0.991667E+05   0.991260E+05   0.502764E-01   0.158974E-04   0.214917E+00  -0.366559E+08
   0.275647E+00   0.448044E+06   0.444718E+06   0.360007E+00   0.360007E+00   0.646022E+03   0.445371E+06   0.447486E+06   0.445371E+06  -0.201051E-02   0.961788E+05   0.961386E+05   0.486488E-01   0.148509E-04   0.214917E+00  -0.348909E+08
   0.280768E+00   0.435429E+06   0.432163E+06   0.337219E+00   0.337219E+00   0.682369E+03   0.432825E+06   0.434880E+06   0.432825E+06  -0.195388E-02   0.934695E+05   0.934302E+05   0.466533E-01   0.139109E-04   0.214917E+00  -0.332895E+08
   0.285889E+00   0.424113E+06   0.420951E+06   0.316796E+00   0.316796E+00   0.705540E+03   0.421581E+06   0.423582E+06   0.421581E+06  -0.190312E-02   0.910411E+05   0.910031E+05   0.443541E-01   0.130685E-04   0.214917E+00  -0.318438E+08
   0.291010E+00   0.413898E+06   0.410870E+06   0.298388E+00   0.298388E+00   0.714188E+03   0.411437E+06   0.413390E+06   0.411437E+06  -0.185733E-02   0.888504E+05   0.888138E+05   0.419056E-01   0.123092E-04   0.214917E+00  -0.305307E+08
   0.296131E+00   0.404471E+06   0.401587E+06   0.281602E+00   0.281602E+00   0.707329E+03   0.402078E+06   0.403987E+06   0.402078E+06  -0.181508E-02   0.868293E+05   0.867942E+05   0.394960E-01   0.116168E-04   0.214917E+00  -0.293203E+08
   0.301252E+00   0.395490E+06   0.392741E+06   0.266075E+00   0.266075E+00   0.684718E+03   0.393162E+06   0.395028E+06   0.393162E+06  -0.177483E-02   0.849036E+05   0.848700E+05   0.372930E-01   0.109763E-04   0.214917E+00  -0.281827E+08
   0.306374E+00   0.386648E+06   0.384014E+06   0.251509E+00   0.251509E+00   0.647479E+03   0.384381E+06   0.386206E+06   0.384381E+06  -0.173519E-02   0.830074E+05   0.829749E+05   0.354050E-01   0.103755E-04   0.214917E+00  -0.270928E+08
   0.311495E+00   0.377745E+06   0.375194E+06   0.237707E+00   0.237707E+00   0.597859E+03   0.375534E+06   0.377316E+06   0.375534E+06  -0.169525E-02   0.810968E+05   0.810651E+05   0.338652E-01   0.980618E-05   0.214917E+00  -0.260340E+08
   0.316616E+00   0.368718E+06   0.366221E+06   0.224581E+00   0.224581E+00   0.539152E+03   0.366559E+06   0.368299E+06   0.366559E+06  -0.165474E-02   0.791586E+05   0.791277E+05   0.326370E-01   0.926472E-05   0.214917E+00  -0.250008E+08
   0.321737E+00   0.359642E+06   0.357175E+06   0.212132E+00   0.212132E+00   0.475069E+03   0.357530E+06   0.359228E+06   0.357530E+06  -0.161398E-02   0.772090E+05   0.771785E+05   0.316349E-01   0.875118E-05   0.214917E+00  -0.239968E+08
   0.326858E+00   0.350668E+06   0.348220E+06   0.200404E+00   0.200404E+00   0.409330E+03   0.348601E+06   0.350257E+06   0.348601E+06  -0.157367E-02   0.752810E+05   0.752509E+05   0.307523E-01   0.826738E-05   0.214917E+00  -0.230310E+08
   0.331979E+00   0.341968E+06   0.339538E+06   0.189445E+00   0.189445E+00   0.345443E+03   0.339945E+06   0.341560E+06   0.339945E+06  -0.153460E-02   0.734118E+05   0.733820E+05   0.298901E-01   0.781528E-05   0.214917E+00  -0.221127E+08
   0.337100E+00   0.333688E+06   0.331285E+06   0.179281E+00   0.179281E+00   0.286469E+03   0.331708E+06   0.333284E+06   0.331708E+06  -0.149741E-02   0.716331E+05   0.716038E+05   0.289782E-01   0.739597E-05   0.214917E+00  -0.212491E+08
   0.342222E+00   0.325920E+06   0.323557E+06   0.169905E+00   0.169905E+00   0.235150E+03   0.323984E+06   0.325523E+06   0.323984E+06  -0.146254E-02   0.699651E+05   0.699364E+05   0.279857E-01   0.700915E-05   0.214917E+00  -0.204437E+08
   0.347343E+00   0.318687E+06   0.316379E+06   0.161271E+00   0.161271E+00   0.193571E+03   0.316794E+06   0.318300E+06   0.316794E+06  -0.143009E-02   0.684124E+05   0.683844E+05   0.269199E-01   0.665297E-05   0.214917E+00  -0.196953E+08
   0.352464E+00   0.311939E+06   0.309696E+06   0.153304E+00   0.153304E+00   0.163124E+03   0.310089E+06   0.311562E+06   0.310089E+06  -0.139982E-02   0.669643E+05   0.669371E+05   0.258163E-01   0.632425E-05   0.214916E+00  -0.189983E+08
   0.357585E+00   0.305575E+06   0.303402E+06   0.145907E+00   0.145907E+00   0.144163E+03   0.303766E+06   0.305210E+06   0.303766E+06  -0.137127E-02   0.655989E+05   0.655724E+05   0.247241E-01   0.601908E-05   0.214916E+00  -0.183444E+08
   0.362706E+00   0.299476E+06   0.297373E+06   0.138988E+00   0.138988E+00   0.135966E+03   0.297708E+06   0.299123E+06   0.297708E+06  -0.134393E-02   0.642907E+05   0.642649E+05   0.236915E-01   0.573361E-05   0.214916E+00  -0.177247E+08
   0.367827E+00   0.293536E+06   0.291494E+06   0.132466E+00   0.132466E+00   0.136842E+03   0.291806E+06   0.293193E+06   0.291806E+06  -0.131728E-02   0.630161E+05   0.629910E+05   0.227533E-01   0.546452E-05   0.214916E+00  -0.171315E+08
   0.372948E+00   0.287672E+06   0.285682E+06   0.126280E+00   0.126280E+00   0.144395E+03   0.285979E+06   0.287338E+06   0.285979E+06  -0.129098E-02   0.617576E+05   0.617331E+05   0.219249E-01   0.520930E-05   0.214916E+00  -0.165588E+08
   0.378070E+00   0.281843E+06   0.279894E+06   0.120392E+00   0.120392E+00   0.156122E+03   0.280184E+06   0.281516E+06   0.280184E+06  -0.126482E-02   0.605062E+05   0.604822E+05   0.212012E-01   0.496640E-05   0.214916E+00  -0.160035E+08
   0.383191E+00   0.276054E+06   0.274137E+06   0.114788E+00   0.114788E+00   0.169752E+03   0.274428E+06   0.275732E+06   0.274428E+06  -0.123884E-02   0.592633E+05   0.592397E+05   0.205617E-01   0.473522E-05   0.214916E+00  -0.154653E+08
   0.388312E+00   0.270355E+06   0.268464E+06   0.109471E+00   0.109471E+00   0.183686E+03   0.268760E+06   0.270037E+06   0.268760E+06  -0.121325E-02   0.580392E+05   0.580159E+05   0.199782E-01   0.451590E-05   0.214916E+00  -0.149461E+08
   0.393433E+00   0.264800E+06   0.262933E+06   0.104448E+00   0.104448E+00   0.196967E+03   0.263236E+06   0.264487E+06   0.263236E+06  -0.118831E-02   0.568462E+05   0.568233E+05   0.194216E-01   0.430869E-05   0.214916E+00  -0.144483E+08
   0.398554E+00   0.259436E+06   0.257595E+06   0.997184E-01   0.997184E-01   0.209210E+03   0.257901E+06   0.259127E+06   0.257901E+06  -0.116423E-02   0.556943E+05   0.556717E+05   0.188686E-01   0.411359E-05   0.214916E+00  -0.139736E+08
   0.403675E+00   0.254293E+06   0.252481E+06   0.952769E-01   0.952769E-01   0.220352E+03   0.252788E+06   0.253989E+06   0.252788E+06  -0.114115E-02   0.545900E+05   0.545678E+05   0.183060E-01   0.393037E-05   0.214916E+00  -0.135228E+08
   0.408796E+00   0.249389E+06   0.247610E+06   0.911129E-01   0.911129E-01   0.230402E+03   0.247912E+06   0.249090E+06   0.247912E+06  -0.111914E-02   0.535371E+05   0.535153E+05   0.177318E-01   0.375860E-05   0.214916E+00  -0.130959E+08
   0.413918E+00   0.244718E+06   0.242977E+06   0.872081E-01   0.872081E-01   0.239351E+03   0.243270E+06   0.244426E+06   0.243270E+06  -0.109818E-02   0.525346E+05   0.525133E+05   0.171530E-01   0.359752E-05   0.214916E+00  -0.126916E+08
   0.419039E+00   0.240251E+06   0.238549E+06   0.835367E-01   0.835367E-01   0.247037E+03   0.238831E+06   0.239965E+06   0.238831E+06  -0.107814E-02   0.515758E+05   0.515550E+05   0.165816E-01   0.344607E-05   0.214916E+00  -0.123078E+08
   0.424160E+00   0.235942E+06   0.234279E+06   0.800700E-01   0.800700E-01   0.253257E+03   0.234549E+06   0.235663E+06   0.234549E+06  -0.105881E-02   0.506511E+05   0.506307E+05   0.160310E-01   0.330307E-05   0.214916E+00  -0.119412E+08
   0.429281E+00   0.231752E+06   0.230126E+06   0.767831E-01   0.767831E-01   0.257770E+03   0.230385E+06   0.231479E+06   0.230385E+06  -0.104001E-02   0.497518E+05   0.497319E+05   0.155120E-01   0.316748E-05   0.214916E+00  -0.115892E+08
   0.434402E+00   0.227652E+06   0.226060E+06   0.736572E-01   0.736572E-01   0.260370E+03   0.226310E+06   0.227385E+06   0.226310E+06  -0.102162E-02   0.488719E+05   0.488524E+05   0.150309E-01   0.303854E-05   0.214916E+00  -0.112500E+08
   0.439523E+00   0.223625E+06   0.222062E+06   0.706780E-01   0.706780E-01   0.260882E+03   0.222307E+06   0.223362E+06   0.222307E+06  -0.100355E-02   0.480074E+05   0.479882E+05   0.145883E-01   0.291564E-05   0.214916E+00  -0.109223E+08
   0.444644E+00   0.219661E+06   0.218125E+06   0.678351E-01   0.678351E-01   0.259128E+03   0.218366E+06   0.219403E+06   0.218366E+06  -0.985757E-03   0.471563E+05   0.471374E+05   0.141797E-01   0.279837E-05   0.214916E+00  -0.106051E+08
   0.449766E+00   0.215765E+06   0.214253E+06   0.651231E-01   0.651231E-01   0.255001E+03   0.214493E+06   0.215511E+06   0.214493E+06  -0.968272E-03   0.463199E+05   0.463013E+05   0.137977E-01   0.268651E-05   0.214916E+00  -0.102984E+08
   0.454887E+00   0.211955E+06   0.210464E+06   0.625404E-01   0.625404E-01   0.248437E+03   0.210703E+06   0.211704E+06   0.210703E+06  -0.951167E-03   0.455017E+05   0.454834E+05   0.134336E-01   0.257997E-05   0.214916E+00  -0.100026E+08
   0.460008E+00   0.208247E+06   0.206778E+06   0.600858E-01   0.600858E-01   0.239529E+03   0.207017E+06   0.208001E+06   0.207017E+06  -0.934527E-03   0.447057E+05   0.446876E+05   0.130801E-01   0.247872E-05   0.214916E+00  -0.971816E+07
   0.465129E+00   0.204657E+06   0.203210E+06   0.577565E-01   0.577565E-01   0.228517E+03   0.203447E+06   0.204414E+06   0.203447E+06  -0.918411E-03   0.439347E+05   0.439170E+05   0.127321E-01   0.238263E-05   0.214916E+00  -0.944542E+07
   0.470250E+00   0.201186E+06   0.199763E+06   0.555472E-01   0.555472E-01   0.215828E+03   0.199997E+06   0.200947E+06   0.199997E+06  -0.902837E-03   0.431897E+05   0.431723E+05   0.123871E-01   0.229150E-05   0.214916E+00  -0.918413E+07
   0.475371E+00   0.197833E+06   0.196434E+06   0.534509E-01   0.534509E-01   0.202017E+03   0.196664E+06   0.197598E+06   0.196664E+06  -0.887790E-03   0.424699E+05   0.424527E+05   0.120458E-01   0.220502E-05   0.214916E+00  -0.893377E+07
   0.480492E+00   0.194590E+06   0.193216E+06   0.514600E-01   0.514600E-01   0.187683E+03   0.193440E+06   0.194359E+06   0.193440E+06  -0.873237E-03   0.417737E+05   0.417569E+05   0.117106E-01   0.212289E-05   0.214916E+00  -0.869367E+07
   0.485614E+00   0.191447E+06   0.190098E+06   0.495668E-01   0.495668E-01   0.173389E+03   0.190316E+06   0.191221E+06   0.190316E+06  -0.859135E-03   0.410991E+05   0.410825E+05   0.113852E-01   0.204479E-05   0.214916E+00  -0.846308E+07
   0.490735E+00   0.188391E+06   0.187065E+06   0.477629E-01   0.477629E-01   0.159557E+03   0.187279E+06   0.188168E+06   0.187279E+06  -0.845421E-03   0.404431E+05   0.404268E+05   0.110727E-01   0.197038E-05   0.214916E+00  -0.824108E+07
   0.495856E+00   0.185405E+06   0.184103E+06   0.460401E-01   0.460401E-01   0.146491E+03   0.184311E+06   0.185187E+06   0.184311E+06  -0.832025E-03   0.398023E+05   0.397862E+05   0.107752E-01   0.189931E-05   0.214916E+00  -0.802673E+07
   0.500977E+00   0.182480E+06   0.181199E+06   0.443920E-01   0.443920E-01   0.134371E+03   0.181403E+06   0.182265E+06   0.181403E+06  -0.818897E-03   0.391742E+05   0.391585E+05   0.104933E-01   0.183131E-05   0.214916E+00  -0.781932E+07
   0.506098E+00   0.179611E+06   0.178350E+06   0.428142E-01   0.428142E-01   0.123351E+03   0.178551E+06   0.179399E+06   0.178551E+06  -0.806021E-03   0.385583E+05   0.385428E+05   0.102264E-01   0.176622E-05   0.214916E+00  -0.761851E+07
   0.511219E+00   0.176800E+06   0.175558E+06   0.413041E-01   0.413041E-01   0.113593E+03   0.175756E+06   0.176592E+06   0.175756E+06  -0.793408E-03   0.379549E+05   0.379396E+05   0.997263E-02   0.170392E-05   0.214916E+00  -0.742416E+07
   0.516340E+00   0.174050E+06   0.172826E+06   0.398589E-01   0.398589E-01   0.105295E+03   0.173022E+06   0.173844E+06   0.173022E+06  -0.781064E-03   0.373644E+05   0.373494E+05   0.972956E-02   0.164430E-05   0.214916E+00  -0.723617E+07
   0.521462E+00   0.171361E+06   0.170155E+06   0.384762E-01   0.384762E-01   0.986893E+02   0.170349E+06   0.171159E+06   0.170349E+06  -0.768998E-03   0.367872E+05   0.367724E+05   0.949469E-02   0.158726E-05   0.214916E+00  -0.705442E+07
   0.526583E+00   0.168738E+06   0.167549E+06   0.371538E-01   0.371538E-01   0.939741E+02   0.167741E+06   0.168538E+06   0.167741E+06  -0.757225E-03   0.362240E+05   0.362094E+05   0.926608E-02   0.153270E-05   0.214916E+00  -0.687886E+07
   0.531704E+00   0.166184E+06   0.165012E+06   0.358899E-01   0.358899E-01   0.912781E+02   0.165202E+06   0.165987E+06   0.165202E+06  -0.745763E-03   0.356757E+05   0.356613E+05   0.904258E-02   0.148056E-05   0.214916E+00  -0.670949E+07
   0.536825E+00   0.163701E+06   0.162546E+06   0.346823E-01   0.346823E-01   0.905816E+02   0.162733E+06   0.163507E+06   0.162733E+06  -0.734618E-03   0.351426E+05   0.351284E+05   0.882386E-02   0.143073E-05   0.214916E+00  -0.654617E+07
   0.541946E+00   0.161284E+06   0.160147E+06   0.335275E-01   0.335275E-01   0.917249E+02   0.160331E+06   0.161093E+06   0.160331E+06  -0.723773E-03   0.346237E+05   0.346097E+05   0.861015E-02   0.138309E-05   0.214916E+00  -0.638858E+07
   0.547067E+00   0.158927E+06   0.157808E+06   0.324221E-01   0.324221E-01   0.943946E+02   0.157989E+06   0.158739E+06   0.157989E+06  -0.713199E-03   0.341179E+05   0.341041E+05   0.840208E-02   0.133749E-05   0.214916E+00  -0.623632E+07
   0.559946E+00   0.153247E+06   0.152169E+06   0.298417E-01   0.298417E-01   0.104939E+03   0.152342E+06   0.153066E+06   0.152342E+06  -0.687708E-03   0.328984E+05   0.328852E+05   0.790870E-02   0.123104E-05   0.214916E+00  -0.587511E+07
   0.593872E+00   0.139639E+06   0.138656E+06   0.241738E-01   0.241738E-01   0.113062E+03   0.138814E+06   0.139474E+06   0.138814E+06  -0.626641E-03   0.299771E+05   0.299650E+05   0.680873E-02   0.997239E-06   0.214916E+00  -0.504759E+07
   0.629853E+00   0.127206E+06   0.126311E+06   0.195773E-01   0.195773E-01   0.701843E+02   0.126455E+06   0.127056E+06   0.126455E+06  -0.570848E-03   0.273081E+05   0.272971E+05   0.585150E-02   0.807629E-06   0.214916E+00  -0.433550E+07
   0.879031E+00   0.743609E+05   0.738378E+05   0.587571E-02   0.587571E-02   0.145080E+02   0.739216E+05   0.742731E+05   0.739216E+05  -0.333700E-03   0.159635E+05   0.159570E+05   0.247804E-02   0.242388E-06   0.214916E+00  -0.181598E+07
   0.122679E+01   0.429442E+05   0.426421E+05   0.174217E-02   0.174217E-02   0.552431E+01   0.426905E+05   0.428935E+05   0.426905E+05  -0.192716E-03   0.921912E+04   0.921526E+04   0.104764E-02   0.718699E-07   0.214915E+00  -0.751460E+06
   0.171212E+01   0.245430E+05   0.243701E+05   0.511191E-03   0.511191E-03   0.171218E+01   0.243979E+05   0.245139E+05   0.243979E+05  -0.110138E-03   0.526879E+04   0.526650E+04   0.446976E-03   0.210881E-07   0.214915E+00  -0.307724E+06
   0.238945E+01   0.139008E+05   0.138027E+05   0.148650E-03   0.148650E-03   0.390857E+00   0.138186E+05   0.138844E+05   0.138186E+05  -0.623808E-04   0.298418E+04   0.298277E+04   0.195678E-03   0.613226E-08   0.214914E+00  -0.124884E+06
