#          k/h    CDM            baryon         photon         nu             mass_nu        total          no_nu          total_de       Weyl           v_CDM          v_b            v_b-v_c        ISW            log_grow       pert_vel    
   0.994668E-05   0.241697E+08   0.241697E+08   0.322128E+08   0.322124E+08   0.241722E+08   0.241697E+08   0.241697E+08   0.241783E+08  -0.436808E+00   0.331658E+07   0.331658E+07   0.623241E+01  -0.960578E+05   0.102487E+01  -0.333448E+14
   0.109829E-04   0.241687E+08   0.241687E+08   0.322086E+08   0.322081E+08   0.241712E+08   0.241687E+08   0.241687E+08   0.241773E+08  -0.436790E+00   0.331657E+07   0.331657E+07   0.688151E+01  -0.784940E+05   0.102478E+01  -0.301986E+14
   0.121272E-04   0.241676E+08   0.241676E+08   0.322035E+08   0.322029E+08   0.241701E+08   0.241676E+08   0.241676E+08   0.241762E+08  -0.436770E+00   0.331656E+07   0.331656E+07   0.759816E+01  -0.640884E+05   0.102467E+01  -0.273492E+14
   0.133906E-04   0.241662E+08   0.241662E+08   0.321972E+08   0.321965E+08   0.241686E+08   0.241662E+08   0.241662E+08   0.241748E+08  -0.436744E+00   0.331655E+07   0.331655E+07   0.838937E+01  -0.522731E+05   0.102454E+01  -0.247686E+14
   0.147857E-04   0.241645E+08   0.241645E+08   0.321896E+08   0.321887E+08   0.241669E+08   0.241645E+08   0.241645E+08   0.241731E+08  -0.436713E+00   0.331653E+07   0.331653E+07   0.926289E+01  -0.425823E+05   0.102438E+01  -0.224315E+14
   0.163261E-04   0.241624E+08   0.241624E+08   0.321804E+08   0.321792E+08   0.241648E+08   0.241624E+08   0.241624E+08   0.241710E+08  -0.436675E+00   0.331652E+07   0.331652E+07   0.102272E+02  -0.346341E+05   0.102418E+01  -0.203150E+14
   0.180270E-04   0.241598E+08   0.241598E+08   0.321691E+08   0.321677E+08   0.241622E+08   0.241598E+08   0.241598E+08   0.241684E+08  -0.436629E+00   0.331649E+07   0.331649E+07   0.112918E+02  -0.281153E+05   0.102394E+01  -0.183981E+14
   0.199051E-04   0.241567E+08   0.241567E+08   0.321553E+08   0.321536E+08   0.241591E+08   0.241567E+08   0.241567E+08   0.241653E+08  -0.436573E+00   0.331647E+07   0.331647E+07   0.124670E+02  -0.227688E+05   0.102365E+01  -0.166620E+14
   0.219788E-04   0.241530E+08   0.241529E+08   0.321385E+08   0.321364E+08   0.241553E+08   0.241530E+08   0.241530E+08   0.241615E+08  -0.436505E+00   0.331644E+07   0.331643E+07   0.137641E+02  -0.183839E+05   0.102329E+01  -0.150898E+14
   0.242687E-04   0.241484E+08   0.241484E+08   0.321180E+08   0.321155E+08   0.241507E+08   0.241484E+08   0.241484E+08   0.241569E+08  -0.436422E+00   0.331640E+07   0.331639E+07   0.151958E+02  -0.147878E+05   0.102285E+01  -0.136659E+14
   0.267970E-04   0.241428E+08   0.241427E+08   0.320931E+08   0.320901E+08   0.241450E+08   0.241428E+08   0.241428E+08   0.241513E+08  -0.436320E+00   0.331635E+07   0.331635E+07   0.167759E+02  -0.118388E+05   0.102232E+01  -0.123763E+14
   0.295888E-04   0.241359E+08   0.241359E+08   0.320628E+08   0.320590E+08   0.241381E+08   0.241359E+08   0.241359E+08   0.241445E+08  -0.436197E+00   0.331629E+07   0.331629E+07   0.185196E+02  -0.942055E+04   0.102168E+01  -0.112083E+14
   0.326714E-04   0.241276E+08   0.241276E+08   0.320258E+08   0.320212E+08   0.241297E+08   0.241276E+08   0.241276E+08   0.241362E+08  -0.436047E+00   0.331622E+07   0.331622E+07   0.204435E+02  -0.743780E+04   0.102089E+01  -0.101506E+14
   0.360752E-04   0.241175E+08   0.241175E+08   0.319808E+08   0.319752E+08   0.241195E+08   0.241175E+08   0.241175E+08   0.241261E+08  -0.435864E+00   0.331613E+07   0.331613E+07   0.225660E+02  -0.581239E+04   0.101994E+01  -0.919261E+13
   0.398336E-04   0.241053E+08   0.241052E+08   0.319260E+08   0.319192E+08   0.241071E+08   0.241053E+08   0.241053E+08   0.241138E+08  -0.435642E+00   0.331603E+07   0.331602E+07   0.249070E+02  -0.448023E+04   0.101878E+01  -0.832499E+13
   0.439836E-04   0.240903E+08   0.240903E+08   0.318593E+08   0.318511E+08   0.240921E+08   0.240903E+08   0.240903E+08   0.240988E+08  -0.435372E+00   0.331590E+07   0.331589E+07   0.274884E+02  -0.338881E+04   0.101737E+01  -0.753922E+13
   0.485659E-04   0.240722E+08   0.240722E+08   0.317782E+08   0.317682E+08   0.240738E+08   0.240722E+08   0.240722E+08   0.240807E+08  -0.435044E+00   0.331574E+07   0.331574E+07   0.303342E+02  -0.249511E+04   0.101565E+01  -0.682755E+13
   0.536256E-04   0.240502E+08   0.240502E+08   0.316797E+08   0.316675E+08   0.240515E+08   0.240502E+08   0.240502E+08   0.240586E+08  -0.434645E+00   0.331555E+07   0.331555E+07   0.334702E+02  -0.176388E+04   0.101358E+01  -0.618300E+13
   0.592125E-04   0.240235E+08   0.240235E+08   0.315599E+08   0.315452E+08   0.240246E+08   0.240235E+08   0.240235E+08   0.240319E+08  -0.434162E+00   0.331532E+07   0.331531E+07   0.369245E+02  -0.116628E+04   0.101105E+01  -0.559923E+13
   0.653814E-04   0.239911E+08   0.239911E+08   0.314146E+08   0.313966E+08   0.239919E+08   0.239911E+08   0.239911E+08   0.239995E+08  -0.433577E+00   0.331504E+07   0.331503E+07   0.407275E+02  -0.678732E+03   0.100800E+01  -0.507050E+13
   0.721930E-04   0.239520E+08   0.239520E+08   0.312384E+08   0.312165E+08   0.239524E+08   0.239520E+08   0.239520E+08   0.239604E+08  -0.432869E+00   0.331470E+07   0.331470E+07   0.449116E+02  -0.281962E+03   0.100431E+01  -0.459162E+13
   0.797142E-04   0.239048E+08   0.239048E+08   0.310249E+08   0.309984E+08   0.239047E+08   0.239048E+08   0.239048E+08   0.239131E+08  -0.432014E+00   0.331430E+07   0.331428E+07   0.495114E+02   0.397285E+02   0.999854E+00  -0.415787E+13
   0.880190E-04   0.238479E+08   0.238478E+08   0.307667E+08   0.307346E+08   0.238472E+08   0.238479E+08   0.238479E+08   0.238561E+08  -0.430985E+00   0.331380E+07   0.331379E+07   0.545632E+02   0.299114E+03   0.994488E+00  -0.376501E+13
   0.971891E-04   0.237795E+08   0.237794E+08   0.304549E+08   0.304161E+08   0.237781E+08   0.237794E+08   0.237795E+08   0.237876E+08  -0.429746E+00   0.331321E+07   0.331319E+07   0.601049E+02   0.506555E+03   0.988042E+00  -0.340916E+13
   0.107314E-03   0.236975E+08   0.236974E+08   0.300792E+08   0.300323E+08   0.236952E+08   0.236974E+08   0.236974E+08   0.237055E+08  -0.428262E+00   0.331250E+07   0.331248E+07   0.661753E+02   0.670422E+03   0.980322E+00  -0.308683E+13
   0.118495E-03   0.235995E+08   0.235994E+08   0.296277E+08   0.295711E+08   0.235962E+08   0.235995E+08   0.235995E+08   0.236074E+08  -0.426490E+00   0.331165E+07   0.331162E+07   0.728129E+02   0.797451E+03   0.971112E+00  -0.279486E+13
   0.130840E-03   0.234831E+08   0.234830E+08   0.290867E+08   0.290185E+08   0.234785E+08   0.234830E+08   0.234831E+08   0.234908E+08  -0.424383E+00   0.331063E+07   0.331060E+07   0.800552E+02   0.893042E+03   0.960173E+00  -0.253038E+13
   0.144471E-03   0.233453E+08   0.233451E+08   0.284408E+08   0.283589E+08   0.233391E+08   0.233452E+08   0.233453E+08   0.233528E+08  -0.421889E+00   0.330943E+07   0.330939E+07   0.879361E+02   0.961509E+03   0.947248E+00  -0.229080E+13
   0.159522E-03   0.231832E+08   0.231830E+08   0.276731E+08   0.275751E+08   0.231751E+08   0.231831E+08   0.231832E+08   0.231905E+08  -0.418955E+00   0.330800E+07   0.330796E+07   0.964842E+02   0.100631E+04   0.932071E+00  -0.207376E+13
   0.176142E-03   0.229939E+08   0.229937E+08   0.267655E+08   0.266487E+08   0.229835E+08   0.229938E+08   0.229939E+08   0.230009E+08  -0.415529E+00   0.330633E+07   0.330627E+07   0.105719E+03   0.103022E+04   0.914381E+00  -0.187715E+13
   0.194493E-03   0.227746E+08   0.227743E+08   0.256994E+08   0.255609E+08   0.227613E+08   0.227745E+08   0.227745E+08   0.227813E+08  -0.411559E+00   0.330438E+07   0.330431E+07   0.115646E+03   0.103557E+04   0.893938E+00  -0.169903E+13
   0.214755E-03   0.225229E+08   0.225226E+08   0.244568E+08   0.242936E+08   0.225062E+08   0.225228E+08   0.225229E+08   0.225293E+08  -0.407003E+00   0.330213E+07   0.330205E+07   0.126253E+03   0.102435E+04   0.870546E+00  -0.153767E+13
   0.237129E-03   0.222372E+08   0.222368E+08   0.230218E+08   0.228311E+08   0.222163E+08   0.222370E+08   0.222371E+08   0.222432E+08  -0.401831E+00   0.329956E+07   0.329946E+07   0.137501E+03   0.998405E+03   0.844082E+00  -0.139150E+13
   0.261834E-03   0.219168E+08   0.219164E+08   0.213833E+08   0.211624E+08   0.218908E+08   0.219166E+08   0.219167E+08   0.219223E+08  -0.396030E+00   0.329664E+07   0.329653E+07   0.149317E+03   0.959572E+03   0.814524E+00  -0.125910E+13
   0.289112E-03   0.215624E+08   0.215619E+08   0.195375E+08   0.192846E+08   0.215302E+08   0.215622E+08   0.215624E+08   0.215674E+08  -0.389614E+00   0.329338E+07   0.329324E+07   0.161585E+03   0.909761E+03   0.781985E+00  -0.113917E+13
   0.319233E-03   0.211764E+08   0.211757E+08   0.174923E+08   0.172069E+08   0.211366E+08   0.211761E+08   0.211763E+08   0.211807E+08  -0.382623E+00   0.328978E+07   0.328961E+07   0.174136E+03   0.851032E+03   0.746728E+00  -0.103056E+13
   0.352491E-03   0.207627E+08   0.207619E+08   0.152714E+08   0.149549E+08   0.207137E+08   0.207623E+08   0.207625E+08   0.207664E+08  -0.375130E+00   0.328585E+07   0.328566E+07   0.186734E+03   0.785602E+03   0.709179E+00  -0.932205E+12
   0.389215E-03   0.203270E+08   0.203261E+08   0.129188E+08   0.125754E+08   0.202669E+08   0.203266E+08   0.203269E+08   0.203300E+08  -0.367239E+00   0.328163E+07   0.328140E+07   0.199075E+03   0.715798E+03   0.669921E+00  -0.843164E+12
   0.429764E-03   0.198767E+08   0.198756E+08   0.105027E+08   0.101400E+08   0.198030E+08   0.198762E+08   0.198765E+08   0.198789E+08  -0.359080E+00   0.327716E+07   0.327689E+07   0.210776E+03   0.643958E+03   0.629663E+00  -0.762566E+12
   0.474538E-03   0.194198E+08   0.194185E+08   0.811645E+07   0.774619E+07   0.193298E+08   0.194192E+08   0.194196E+08   0.194213E+08  -0.350803E+00   0.327246E+07   0.327215E+07   0.221387E+03   0.572301E+03   0.589194E+00  -0.689625E+12
   0.523976E-03   0.189651E+08   0.189636E+08   0.587480E+07   0.551233E+07   0.188552E+08   0.189643E+08   0.189648E+08   0.189659E+08  -0.342563E+00   0.326759E+07   0.326722E+07   0.230404E+03   0.502801E+03   0.549320E+00  -0.623624E+12
   0.578566E-03   0.185208E+08   0.185190E+08   0.390241E+07   0.356552E+07   0.183869E+08   0.185199E+08   0.185205E+08   0.185209E+08  -0.334512E+00   0.326255E+07   0.326213E+07   0.237301E+03   0.437066E+03   0.510805E+00  -0.563911E+12
   0.638842E-03   0.180943E+08   0.180923E+08   0.231232E+07   0.201833E+07   0.179314E+08   0.180932E+08   0.180940E+08   0.180938E+08  -0.326785E+00   0.325735E+07   0.325688E+07   0.241587E+03   0.376281E+03   0.474311E+00  -0.509890E+12
   0.705398E-03   0.176917E+08   0.176894E+08   0.117577E+07   0.936890E+06   0.174938E+08   0.176904E+08   0.176913E+08   0.176906E+08  -0.319490E+00   0.325196E+07   0.325144E+07   0.242866E+03   0.321189E+03   0.440358E+00  -0.461015E+12
   0.778888E-03   0.173171E+08   0.173144E+08   0.490688E+06   0.308572E+06   0.170773E+08   0.173155E+08   0.173166E+08   0.173156E+08  -0.312705E+00   0.324632E+07   0.324576E+07   0.240900E+03   0.272125E+03   0.409299E+00  -0.416793E+12
   0.860035E-03   0.169728E+08   0.169699E+08   0.165596E+06   0.270644E+05   0.166829E+08   0.169710E+08   0.169724E+08   0.169710E+08  -0.306473E+00   0.324036E+07   0.323975E+07   0.235660E+03   0.229086E+03   0.381327E+00  -0.376772E+12
   0.949635E-03   0.166597E+08   0.166565E+08   0.405661E+05  -0.822156E+05   0.163100E+08   0.166575E+08   0.166592E+08   0.166575E+08  -0.300805E+00   0.323394E+07   0.323329E+07   0.227322E+03   0.191815E+03   0.356481E+00  -0.340546E+12
   0.104857E-02   0.163768E+08   0.163733E+08  -0.437800E+05  -0.185984E+06   0.159561E+08   0.163742E+08   0.163762E+08   0.163742E+08  -0.295685E+00   0.322694E+07   0.322626E+07   0.216222E+03   0.159880E+03   0.334682E+00  -0.307747E+12
   0.115781E-02   0.161222E+08   0.161184E+08  -0.156108E+06  -0.346919E+06   0.156177E+08   0.161192E+08   0.161215E+08   0.161191E+08  -0.291075E+00   0.321919E+07   0.321849E+07   0.202781E+03   0.132757E+03   0.315758E+00  -0.278041E+12
   0.127844E-02   0.158929E+08   0.158889E+08  -0.239443E+06  -0.490056E+06   0.152905E+08   0.158894E+08   0.158922E+08   0.158893E+08  -0.286923E+00   0.321054E+07   0.320982E+07   0.187479E+03   0.109885E+03   0.299479E+00  -0.251130E+12
   0.141163E-02   0.156856E+08   0.156815E+08  -0.202362E+06  -0.505080E+06   0.149703E+08   0.156815E+08   0.156849E+08   0.156814E+08  -0.283167E+00   0.320080E+07   0.320008E+07   0.170896E+03   0.907091E+02   0.285586E+00  -0.226745E+12
   0.155869E-02   0.154966E+08   0.154925E+08  -0.742483E+05   0.389882E+06   0.146522E+08   0.154919E+08   0.154959E+08   0.154919E+08  -0.279744E+00   0.318967E+07   0.318895E+07   0.153791E+03   0.747138E+02   0.273803E+00  -0.204637E+12
   0.172108E-02   0.153222E+08   0.153180E+08  -0.263157E+04   0.316180E+06   0.143319E+08   0.153168E+08   0.153215E+08   0.153168E+08  -0.276581E+00   0.317711E+07   0.317641E+07   0.137053E+03   0.614154E+02   0.263869E+00  -0.184600E+12
   0.190039E-02   0.151586E+08   0.151545E+08  -0.280904E+05   0.256562E+06   0.140055E+08   0.151525E+08   0.151579E+08   0.151525E+08  -0.273613E+00   0.316291E+07   0.316222E+07   0.121501E+03   0.503963E+02   0.255534E+00  -0.166435E+12
   0.209838E-02   0.150024E+08   0.149983E+08  -0.316137E+05   0.208263E+06   0.136701E+08   0.149954E+08   0.150017E+08   0.149954E+08  -0.270776E+00   0.314686E+07   0.314618E+07   0.107712E+03   0.412890E+02   0.248568E+00  -0.149966E+12
   0.231699E-02   0.148503E+08   0.148461E+08  -0.231340E+05   0.169084E+06   0.133232E+08   0.148424E+08   0.148496E+08   0.148424E+08  -0.268012E+00   0.312875E+07   0.312809E+07   0.960037E+02   0.337782E+02   0.242766E+00  -0.135035E+12
   0.255838E-02   0.146992E+08   0.146949E+08  -0.748163E+05   0.137271E+06   0.129630E+08   0.146903E+08   0.146985E+08   0.146903E+08  -0.265265E+00   0.310837E+07   0.310771E+07   0.863350E+02   0.275954E+02   0.237945E+00  -0.121498E+12
   0.282492E-02   0.145462E+08   0.145417E+08  -0.780335E+05   0.111417E+06   0.125883E+08   0.145362E+08   0.145454E+08   0.145362E+08  -0.262482E+00   0.308545E+07   0.308478E+07   0.782250E+02   0.225137E+02   0.233947E+00  -0.109223E+12
   0.311923E-02   0.143886E+08   0.143839E+08  -0.693919E+05   0.903940E+05   0.121972E+08   0.143775E+08   0.143878E+08   0.143775E+08  -0.259616E+00   0.305978E+07   0.305912E+07   0.710295E+02   0.183430E+02   0.230638E+00  -0.980943E+11
   0.344419E-02   0.142242E+08   0.142192E+08  -0.485638E+05   0.732934E+05   0.117882E+08   0.142118E+08   0.142234E+08   0.142118E+08  -0.256625E+00   0.303115E+07   0.303049E+07   0.642227E+02   0.149244E+02   0.227903E+00  -0.880076E+11
   0.380302E-02   0.140507E+08   0.140455E+08  -0.411002E+05   0.593816E+05   0.113592E+08   0.140371E+08   0.140498E+08   0.140371E+08  -0.253469E+00   0.299934E+07   0.299868E+07   0.576824E+02   0.121258E+02   0.225645E+00  -0.788674E+11
   0.419923E-02   0.138662E+08   0.138607E+08  -0.326696E+05   0.480649E+05   0.109093E+08   0.138513E+08   0.138653E+08   0.138513E+08  -0.250114E+00   0.296414E+07   0.296349E+07   0.516576E+02   0.983761E+01   0.223782E+00  -0.705877E+11
   0.463671E-02   0.136689E+08   0.136629E+08  -0.343940E+05   0.388613E+05   0.104374E+08   0.136526E+08   0.136679E+08   0.136526E+08  -0.246525E+00   0.292532E+07   0.292467E+07   0.464079E+02   0.796882E+01   0.222246E+00  -0.630903E+11
   0.511978E-02   0.134569E+08   0.134505E+08  -0.266853E+05   0.313796E+05   0.994496E+07   0.134392E+08   0.134559E+08   0.134392E+08  -0.242673E+00   0.288267E+07   0.288202E+07   0.418525E+02   0.644441E+01   0.220980E+00  -0.563045E+11
   0.565317E-02   0.132293E+08   0.132222E+08  -0.166107E+05   0.253019E+05   0.940810E+07   0.132101E+08   0.132282E+08   0.132101E+08  -0.238535E+00   0.283605E+07   0.283541E+07   0.376983E+02   0.520258E+01   0.219935E+00  -0.501673E+11
   0.624213E-02   0.129837E+08   0.129759E+08  -0.129170E+05   0.203670E+05   0.886009E+07   0.129629E+08   0.129824E+08   0.129629E+08  -0.234072E+00   0.278508E+07   0.278444E+07   0.338549E+02   0.419197E+01   0.219074E+00  -0.446174E+11
   0.689245E-02   0.127191E+08   0.127104E+08  -0.189353E+04   0.163642E+05   0.828881E+07   0.126966E+08   0.127176E+08   0.126966E+08  -0.229264E+00   0.272962E+07   0.272899E+07   0.304557E+02   0.337073E+01   0.218364E+00  -0.396029E+11
   0.761052E-02   0.124341E+08   0.124243E+08  -0.192670E+04   0.131209E+05   0.770344E+07   0.124100E+08   0.124324E+08   0.124100E+08  -0.224089E+00   0.266945E+07   0.266883E+07   0.274546E+02   0.270433E+01   0.217778E+00  -0.350758E+11
   0.840340E-02   0.121274E+08   0.121164E+08  -0.722513E+04   0.104961E+05   0.711301E+07   0.121018E+08   0.121256E+08   0.121018E+08  -0.218523E+00   0.260438E+07   0.260375E+07   0.247326E+02   0.216437E+01   0.217294E+00  -0.309918E+11
   0.927889E-02   0.117980E+08   0.117855E+08  -0.160496E+04   0.837485E+04   0.651764E+07   0.117709E+08   0.117959E+08   0.117709E+08  -0.212548E+00   0.253419E+07   0.253357E+07   0.223167E+02   0.172758E+01   0.216894E+00  -0.273112E+11
   0.102456E-01   0.114448E+08   0.114305E+08  -0.374172E+04   0.666317E+04   0.591751E+07   0.114163E+08   0.114424E+08   0.114163E+08  -0.206144E+00   0.245871E+07   0.245809E+07   0.201665E+02   0.137487E+01   0.216563E+00  -0.239976E+11
   0.113130E-01   0.110667E+08   0.110504E+08  -0.231676E+04   0.528436E+04   0.531970E+07   0.110368E+08   0.110639E+08   0.110368E+08  -0.199291E+00   0.237772E+07   0.237710E+07   0.182514E+02   0.109058E+01   0.216289E+00  -0.210175E+11
   0.124916E-01   0.106627E+08   0.106440E+08  -0.235001E+04   0.417580E+04   0.473235E+07   0.106315E+08   0.106596E+08   0.106315E+08  -0.191973E+00   0.229106E+07   0.229044E+07   0.165508E+02   0.861910E+00   0.216061E+00  -0.183406E+11
   0.137930E-01   0.102321E+08   0.102107E+08  -0.124961E+04   0.328648E+04   0.416151E+07   0.101998E+08   0.102285E+08   0.101998E+08  -0.184178E+00   0.219858E+07   0.219796E+07   0.150383E+02   0.678404E+00   0.215872E+00  -0.159396E+11
   0.152300E-01   0.977444E+07   0.974997E+07  -0.293287E+04   0.257482E+04   0.361043E+07   0.974118E+07   0.977034E+07   0.974118E+07  -0.175897E+00   0.210021E+07   0.209959E+07   0.136885E+02   0.531523E+00   0.215715E+00  -0.137898E+11
   0.168167E-01   0.930057E+07   0.927271E+07  -0.123601E+04   0.200931E+04   0.309266E+07   0.926654E+07   0.929589E+07   0.926654E+07  -0.167326E+00   0.199829E+07   0.199767E+07   0.124880E+02   0.414788E+00   0.215584E+00  -0.118826E+11
   0.185687E-01   0.879207E+07   0.876055E+07  -0.828774E+03   0.155777E+04   0.260559E+07   0.875753E+07   0.878678E+07   0.875753E+07  -0.158135E+00   0.188889E+07   0.188826E+07   0.113924E+02   0.321570E+00   0.215474E+00  -0.101722E+11
   0.205033E-01   0.825985E+07   0.822450E+07  -0.165475E+04   0.120020E+04   0.215861E+07   0.822507E+07   0.825392E+07   0.822507E+07  -0.148520E+00   0.177436E+07   0.177372E+07   0.103855E+02   0.247746E+00   0.215382E+00  -0.865383E+10
   0.226393E-01   0.769962E+07   0.766043E+07  -0.932664E+03   0.917505E+03   0.175387E+07   0.766493E+07   0.769304E+07   0.766493E+07  -0.138406E+00   0.165379E+07   0.165315E+07   0.943680E+01   0.189383E+00   0.215305E+00  -0.730472E+10
   0.249980E-01   0.713138E+07   0.708859E+07  -0.682336E+03   0.696890E+03   0.139856E+07   0.709710E+07   0.712419E+07   0.709710E+07  -0.128152E+00   0.153149E+07   0.153085E+07   0.853023E+01   0.143836E+00   0.215241E+00  -0.612627E+10
   0.276023E-01   0.656182E+07   0.651600E+07  -0.567941E+03   0.525849E+03   0.109311E+07   0.652828E+07   0.655412E+07   0.652828E+07  -0.117881E+00   0.140893E+07   0.140830E+07   0.764232E+01   0.108526E+00   0.215186E+00  -0.510421E+10
   0.304780E-01   0.599339E+07   0.594552E+07  -0.461825E+03   0.393872E+03   0.835868E+06   0.596098E+07   0.598535E+07   0.596098E+07  -0.107637E+00   0.128665E+07   0.128603E+07   0.674954E+01   0.812819E-01   0.215141E+00  -0.422138E+10
   0.336533E-01   0.544146E+07   0.539300E+07  -0.279629E+03   0.293258E+03   0.625422E+06   0.541057E+07   0.543333E+07   0.541057E+07  -0.976987E-01   0.116797E+07   0.116738E+07   0.584221E+01   0.605138E-01   0.215102E+00  -0.347042E+10
   0.371593E-01   0.492594E+07   0.487874E+07  -0.167263E+03   0.217717E+03   0.458782E+06   0.489691E+07   0.491802E+07   0.489691E+07  -0.884235E-01   0.105718E+07   0.105663E+07   0.492302E+01   0.449224E-01   0.215070E+00  -0.284484E+10
   0.410307E-01   0.445943E+07   0.441563E+07  -0.161770E+03   0.161653E+03   0.330462E+06   0.443257E+07   0.445208E+07   0.443257E+07  -0.800388E-01   0.956998E+06   0.956505E+06   0.400642E+01   0.333519E-01   0.215043E+00  -0.233228E+10
   0.451338E-01   0.406975E+07   0.403120E+07   0.121930E+03   0.121930E+03   0.237655E+06   0.404517E+07   0.406328E+07   0.404517E+07  -0.730436E-01   0.873157E+06   0.872721E+06   0.322275E+01   0.251591E-01   0.214959E+00  -0.193451E+10
   0.492368E-01   0.376172E+07   0.372928E+07   0.947140E+02   0.947140E+02   0.174266E+06   0.373932E+07   0.375627E+07   0.373932E+07  -0.675208E-01   0.807166E+06   0.806797E+06   0.250257E+01   0.195422E-01   0.214942E+00  -0.163929E+10
   0.533399E-01   0.351346E+07   0.348713E+07   0.753914E+02   0.753914E+02   0.130303E+06   0.349305E+07   0.350904E+07   0.349305E+07  -0.630739E-01   0.754024E+06   0.753716E+06   0.192887E+01   0.155545E-01   0.214928E+00  -0.141358E+10
   0.574430E-01   0.330443E+07   0.328345E+07   0.611501E+02   0.611501E+02   0.994721E+05   0.328576E+07   0.330091E+07   0.328576E+07  -0.593308E-01   0.709287E+06   0.709029E+06   0.149789E+01   0.126157E-01   0.214917E+00  -0.123474E+10
   0.615460E-01   0.311856E+07   0.310168E+07   0.502801E+02   0.502801E+02   0.777195E+05   0.310135E+07   0.311572E+07   0.310135E+07  -0.560009E-01   0.669486E+06   0.669265E+06   0.119648E+01   0.103728E-01   0.214908E+00  -0.108776E+10
   0.656491E-01   0.294345E+07   0.292919E+07   0.417142E+02   0.417142E+02   0.623044E+05   0.292743E+07   0.294106E+07   0.292743E+07  -0.528606E-01   0.631948E+06   0.631750E+06   0.100354E+01   0.860529E-02   0.214901E+00  -0.962599E+09
   0.697522E-01   0.277032E+07   0.275721E+07   0.347782E+02   0.347782E+02   0.513118E+05   0.275526E+07   0.276812E+07   0.275526E+07  -0.497517E-01   0.594784E+06   0.594598E+06   0.893016E+00   0.717425E-02   0.214895E+00  -0.852697E+09
   0.738552E-01   0.260061E+07   0.258745E+07   0.291193E+02   0.291193E+02   0.434898E+05   0.258631E+07   0.259840E+07   0.258631E+07  -0.467010E-01   0.558316E+06   0.558130E+06   0.838945E+00   0.600678E-02   0.214890E+00  -0.755946E+09
   0.779583E-01   0.242884E+07   0.241482E+07   0.244057E+02   0.244057E+02   0.377411E+05   0.241519E+07   0.242649E+07   0.241519E+07  -0.436110E-01   0.521378E+06   0.521187E+06   0.814446E+00   0.503436E-02   0.214885E+00  -0.668774E+09
   0.820614E-01   0.226338E+07   0.224816E+07   0.205224E+02   0.205224E+02   0.334773E+05   0.225029E+07   0.226083E+07   0.225029E+07  -0.406334E-01   0.485783E+06   0.485587E+06   0.799839E+00   0.423326E-02   0.214881E+00  -0.591957E+09
   0.861644E-01   0.210878E+07   0.209245E+07   0.173399E+02   0.173399E+02   0.302391E+05   0.209621E+07   0.210604E+07   0.209621E+07  -0.378513E-01   0.452524E+06   0.452323E+06   0.780197E+00   0.357677E-02   0.214878E+00  -0.525167E+09
   0.912856E-01   0.193683E+07   0.191975E+07   0.141867E+02   0.141867E+02   0.271980E+05   0.192494E+07   0.193396E+07   0.192494E+07  -0.347585E-01   0.415551E+06   0.415350E+06   0.736131E+00   0.292633E-02   0.214875E+00  -0.455201E+09
   0.964067E-01   0.179340E+07   0.177657E+07   0.117764E+02   0.117764E+02   0.249626E+05   0.178221E+07   0.179057E+07   0.178221E+07  -0.321814E-01   0.384741E+06   0.384548E+06   0.667285E+00   0.242916E-02   0.214872E+00  -0.399062E+09
   0.101528E+00   0.168025E+07   0.166469E+07   0.994866E+01   0.994866E+01   0.233196E+05   0.166981E+07   0.167763E+07   0.166981E+07  -0.301516E-01   0.360473E+06   0.360296E+06   0.580237E+00   0.205214E-02   0.214869E+00  -0.355032E+09
   0.106649E+00   0.159327E+07   0.157969E+07   0.855051E+01   0.855051E+01   0.220681E+05   0.158357E+07   0.159099E+07   0.158357E+07  -0.285944E-01   0.341853E+06   0.341697E+06   0.486932E+00   0.176375E-02   0.214867E+00  -0.320528E+09
   0.111770E+00   0.152393E+07   0.151258E+07   0.744745E+01   0.744745E+01   0.209837E+05   0.151492E+07   0.152202E+07   0.151492E+07  -0.273549E-01   0.327031E+06   0.326897E+06   0.399913E+00   0.153623E-02   0.214865E+00  -0.292583E+09
   0.116891E+00   0.146300E+07   0.145368E+07   0.653812E+01   0.653812E+01   0.198623E+05   0.145461E+07   0.146144E+07   0.145461E+07  -0.262659E-01   0.314010E+06   0.313894E+06   0.328857E+00   0.134868E-02   0.214864E+00  -0.268627E+09
   0.122012E+00   0.140328E+07   0.139545E+07   0.575662E+01   0.575662E+01   0.185617E+05   0.139542E+07   0.140197E+07   0.139542E+07  -0.251971E-01   0.301230E+06   0.301128E+06   0.278640E+00   0.118748E-02   0.214862E+00  -0.246880E+09
   0.127134E+00   0.134055E+07   0.133349E+07   0.506543E+01   0.506543E+01   0.170319E+05   0.133311E+07   0.133937E+07   0.133311E+07  -0.240719E-01   0.287778E+06   0.287683E+06   0.249006E+00   0.104492E-02   0.214861E+00  -0.226355E+09
   0.132255E+00   0.127364E+07   0.126668E+07   0.444695E+01   0.444695E+01   0.153139E+05   0.126652E+07   0.127247E+07   0.126652E+07  -0.228695E-01   0.273405E+06   0.273312E+06   0.235606E+00   0.917351E-03   0.214860E+00  -0.206722E+09
   0.137376E+00   0.120390E+07   0.119658E+07   0.389550E+01   0.389550E+01   0.135122E+05   0.119704E+07   0.120267E+07   0.119704E+07  -0.216150E-01   0.258409E+06   0.258313E+06   0.231860E+00   0.803601E-03   0.214859E+00  -0.188099E+09
   0.142497E+00   0.113432E+07   0.112645E+07   0.341080E+01   0.341080E+01   0.117523E+05   0.112770E+07   0.113300E+07   0.112770E+07  -0.203628E-01   0.243441E+06   0.243342E+06   0.230981E+00   0.703617E-03   0.214858E+00  -0.170834E+09
   0.147618E+00   0.106873E+07   0.106039E+07   0.299403E+01   0.299403E+01   0.101404E+05   0.106232E+07   0.106733E+07   0.106232E+07  -0.191824E-01   0.229331E+06   0.229230E+06   0.227631E+00   0.617641E-03   0.214857E+00  -0.155348E+09
   0.152739E+00   0.101072E+07   0.100220E+07   0.264456E+01   0.264456E+01   0.874019E+04   0.100456E+07   0.100929E+07   0.100456E+07  -0.181393E-01   0.216862E+06   0.216761E+06   0.218836E+00   0.545549E-03   0.214856E+00  -0.141976E+09
   0.157860E+00   0.962310E+06   0.953976E+06   0.235708E+01   0.235708E+01   0.756179E+04   0.956399E+06   0.960911E+06   0.956399E+06  -0.172697E-01   0.206466E+06   0.206370E+06   0.204091E+00   0.486244E-03   0.214855E+00  -0.130785E+09
   0.162982E+00   0.923133E+06   0.915334E+06   0.212133E+01   0.212133E+01   0.657441E+04   0.917492E+06   0.921824E+06   0.917492E+06  -0.165671E-01   0.198067E+06   0.197977E+06   0.184853E+00   0.437610E-03   0.214855E+00  -0.121522E+09
   0.168103E+00   0.891166E+06   0.884129E+06   0.192518E+01   0.192518E+01   0.572941E+04   0.885800E+06   0.889984E+06   0.885800E+06  -0.159949E-01   0.191225E+06   0.191143E+06   0.163731E+00   0.397145E-03   0.214854E+00  -0.113751E+09
   0.173224E+00   0.863856E+06   0.857649E+06   0.175768E+01   0.175768E+01   0.498131E+04   0.858754E+06   0.862814E+06   0.858754E+06  -0.155065E-01   0.185386E+06   0.185312E+06   0.143572E+00   0.362592E-03   0.214854E+00  -0.107018E+09
   0.178345E+00   0.838611E+06   0.833143E+06   0.160991E+01   0.160991E+01   0.429636E+04   0.833749E+06   0.837693E+06   0.833749E+06  -0.150550E-01   0.179987E+06   0.179920E+06   0.126658E+00   0.332108E-03   0.214853E+00  -0.100918E+09
   0.183466E+00   0.813025E+06   0.808093E+06   0.147498E+01   0.147498E+01   0.365409E+04   0.808370E+06   0.812197E+06   0.808370E+06  -0.145967E-01   0.174509E+06   0.174446E+06   0.114201E+00   0.304275E-03   0.214853E+00  -0.951155E+08
   0.188587E+00   0.785544E+06   0.780896E+06   0.134881E+01   0.134881E+01   0.304854E+04   0.781064E+06   0.784764E+06   0.781064E+06  -0.141037E-01   0.168614E+06   0.168554E+06   0.106260E+00   0.278247E-03   0.214852E+00  -0.894071E+08
   0.193708E+00   0.756011E+06   0.751418E+06   0.123034E+01   0.123034E+01   0.248419E+04   0.751677E+06   0.755240E+06   0.751677E+06  -0.135730E-01   0.162271E+06   0.162212E+06   0.101959E+00   0.253807E-03   0.214852E+00  -0.837686E+08
   0.198830E+00   0.725392E+06   0.720696E+06   0.112041E+01   0.112041E+01   0.197037E+04   0.721184E+06   0.724604E+06   0.721184E+06  -0.130224E-01   0.155689E+06   0.155629E+06   0.998791E-01   0.231129E-03   0.214851E+00  -0.783005E+08
   0.203951E+00   0.695031E+06   0.690172E+06   0.102019E+01   0.102019E+01   0.151525E+04   0.690937E+06   0.694216E+06   0.690937E+06  -0.124762E-01   0.149160E+06   0.149100E+06   0.984810E-01   0.210454E-03   0.214851E+00  -0.731330E+08
   0.209072E+00   0.666234E+06   0.661246E+06   0.930523E+00   0.930523E+00   0.112496E+04   0.662253E+06   0.665397E+06   0.662253E+06  -0.119583E-01   0.142968E+06   0.142908E+06   0.964946E-01   0.191956E-03   0.214851E+00  -0.683801E+08
   0.214193E+00   0.640118E+06   0.635102E+06   0.851756E+00   0.851756E+00   0.803702E+03   0.636254E+06   0.639276E+06   0.636254E+06  -0.114888E-01   0.137356E+06   0.137296E+06   0.931740E-01   0.175706E-03   0.214850E+00  -0.641249E+08
   0.219314E+00   0.617357E+06   0.612445E+06   0.783538E+00   0.783538E+00   0.553480E+03   0.613617E+06   0.616532E+06   0.613617E+06  -0.110801E-01   0.132469E+06   0.132411E+06   0.883630E-01   0.161632E-03   0.214850E+00  -0.603994E+08
   0.224435E+00   0.597945E+06   0.593260E+06   0.724678E+00   0.724678E+00   0.374176E+03   0.594334E+06   0.597159E+06   0.594334E+06  -0.107319E-01   0.128307E+06   0.128251E+06   0.823964E-01   0.149489E-03   0.214850E+00  -0.571666E+08
   0.229556E+00   0.581266E+06   0.576887E+06   0.673416E+00   0.673416E+00   0.262636E+03   0.577784E+06   0.580531E+06   0.577784E+06  -0.104330E-01   0.124734E+06   0.124681E+06   0.759079E-01   0.138913E-03   0.214849E+00  -0.543349E+08
   0.234678E+00   0.566377E+06   0.562329E+06   0.627882E+00   0.627882E+00   0.212650E+03   0.563021E+06   0.565697E+06   0.563021E+06  -0.101665E-01   0.121546E+06   0.121497E+06   0.696101E-01   0.129519E-03   0.214849E+00  -0.517911E+08
   0.239799E+00   0.552276E+06   0.548530E+06   0.586415E+00   0.586415E+00   0.214057E+03   0.549037E+06   0.551647E+06   0.549037E+06  -0.991395E-02   0.118527E+06   0.118481E+06   0.640984E-01   0.120964E-03   0.214849E+00  -0.494262E+08
   0.244920E+00   0.538113E+06   0.534599E+06   0.547755E+00   0.547755E+00   0.253796E+03   0.534980E+06   0.537523E+06   0.534980E+06  -0.966013E-02   0.115492E+06   0.115448E+06   0.597213E-01   0.112989E-03   0.214849E+00  -0.471537E+08
   0.250041E+00   0.523393E+06   0.520023E+06   0.511179E+00   0.511179E+00   0.317508E+03   0.520355E+06   0.522827E+06   0.520355E+06  -0.939603E-02   0.112334E+06   0.112292E+06   0.565402E-01   0.105444E-03   0.214849E+00  -0.449252E+08
   0.255162E+00   0.508061E+06   0.504752E+06   0.476481E+00   0.476481E+00   0.391947E+03   0.505105E+06   0.507505E+06   0.505105E+06  -0.912067E-02   0.109042E+06   0.109001E+06   0.543672E-01   0.982859E-04   0.214848E+00  -0.427333E+08
   0.260283E+00   0.492398E+06   0.489093E+06   0.443784E+00   0.443784E+00   0.466995E+03   0.489518E+06   0.491843E+06   0.489518E+06  -0.883921E-02   0.105677E+06   0.105636E+06   0.528546E-01   0.915414E-04   0.214848E+00  -0.405997E+08
   0.265404E+00   0.476854E+06   0.473526E+06   0.413330E+00   0.413330E+00   0.535997E+03   0.474044E+06   0.476295E+06   0.474044E+06  -0.855980E-02   0.102337E+06   0.102296E+06   0.516053E-01   0.852597E-04   0.214848E+00  -0.385576E+08
   0.270526E+00   0.461916E+06   0.458572E+06   0.385350E+00   0.385350E+00   0.595573E+03   0.459174E+06   0.461354E+06   0.459174E+06  -0.829129E-02   0.991268E+05   0.990860E+05   0.502763E-01   0.794883E-04   0.214848E+00  -0.366411E+08
   0.275647E+00   0.448012E+06   0.444685E+06   0.359981E+00   0.359981E+00   0.644045E+03   0.445339E+06   0.447453E+06   0.445339E+06  -0.804147E-02   0.961400E+05   0.960998E+05   0.486487E-01   0.742555E-04   0.214848E+00  -0.348768E+08
   0.280768E+00   0.435397E+06   0.432132E+06   0.337195E+00   0.337195E+00   0.680473E+03   0.432794E+06   0.434849E+06   0.432794E+06  -0.781495E-02   0.934318E+05   0.933926E+05   0.466532E-01   0.695555E-04   0.214848E+00  -0.332761E+08
   0.285889E+00   0.424082E+06   0.420920E+06   0.316773E+00   0.316773E+00   0.703715E+03   0.421550E+06   0.423551E+06   0.421550E+06  -0.761192E-02   0.910044E+05   0.909664E+05   0.443540E-01   0.653434E-04   0.214848E+00  -0.318310E+08
   0.291010E+00   0.413868E+06   0.410840E+06   0.298366E+00   0.298366E+00   0.712429E+03   0.411407E+06   0.413360E+06   0.411407E+06  -0.742877E-02   0.888146E+05   0.887780E+05   0.419055E-01   0.615467E-04   0.214847E+00  -0.305184E+08
   0.296131E+00   0.404442E+06   0.401558E+06   0.281582E+00   0.281582E+00   0.705637E+03   0.402049E+06   0.403958E+06   0.402049E+06  -0.725980E-02   0.867943E+05   0.867592E+05   0.394959E-01   0.580849E-04   0.214847E+00  -0.293085E+08
   0.301252E+00   0.395461E+06   0.392713E+06   0.266056E+00   0.266056E+00   0.683098E+03   0.393133E+06   0.395000E+06   0.393133E+06  -0.709880E-02   0.848694E+05   0.848358E+05   0.372930E-01   0.548825E-04   0.214847E+00  -0.281714E+08
   0.306374E+00   0.386621E+06   0.383986E+06   0.251491E+00   0.251491E+00   0.645943E+03   0.384354E+06   0.386178E+06   0.384354E+06  -0.694027E-02   0.829740E+05   0.829415E+05   0.354050E-01   0.518784E-04   0.214847E+00  -0.270818E+08
   0.311495E+00   0.377718E+06   0.375166E+06   0.237690E+00   0.237690E+00   0.596418E+03   0.375506E+06   0.377289E+06   0.375506E+06  -0.678051E-02   0.810641E+05   0.810325E+05   0.338652E-01   0.490317E-04   0.214847E+00  -0.260235E+08
   0.316616E+00   0.368692E+06   0.366194E+06   0.224565E+00   0.224565E+00   0.537818E+03   0.366532E+06   0.368272E+06   0.366532E+06  -0.661846E-02   0.791268E+05   0.790958E+05   0.326370E-01   0.463244E-04   0.214847E+00  -0.249907E+08
   0.321737E+00   0.359616E+06   0.357149E+06   0.212116E+00   0.212116E+00   0.473850E+03   0.357504E+06   0.359202E+06   0.357504E+06  -0.645545E-02   0.771779E+05   0.771474E+05   0.316348E-01   0.437566E-04   0.214847E+00  -0.239872E+08
   0.326858E+00   0.350643E+06   0.348195E+06   0.200389E+00   0.200389E+00   0.408232E+03   0.348576E+06   0.350232E+06   0.348576E+06  -0.629424E-02   0.752507E+05   0.752205E+05   0.307522E-01   0.413376E-04   0.214847E+00  -0.230217E+08
   0.331979E+00   0.341943E+06   0.339514E+06   0.189431E+00   0.189431E+00   0.344468E+03   0.339921E+06   0.341535E+06   0.339921E+06  -0.613794E-02   0.733822E+05   0.733524E+05   0.298901E-01   0.390771E-04   0.214847E+00  -0.221038E+08
   0.337100E+00   0.333664E+06   0.331261E+06   0.179268E+00   0.179268E+00   0.285613E+03   0.331684E+06   0.333260E+06   0.331684E+06  -0.598922E-02   0.716042E+05   0.715749E+05   0.289781E-01   0.369805E-04   0.214847E+00  -0.212405E+08
   0.342222E+00   0.325897E+06   0.323534E+06   0.169892E+00   0.169892E+00   0.234404E+03   0.323961E+06   0.325500E+06   0.323961E+06  -0.584975E-02   0.699369E+05   0.699082E+05   0.279856E-01   0.350463E-04   0.214847E+00  -0.204355E+08
   0.347343E+00   0.318664E+06   0.316356E+06   0.161260E+00   0.161260E+00   0.192918E+03   0.316771E+06   0.318277E+06   0.316771E+06  -0.571994E-02   0.683849E+05   0.683569E+05   0.269198E-01   0.332654E-04   0.214846E+00  -0.196874E+08
   0.352464E+00   0.311917E+06   0.309674E+06   0.153293E+00   0.153293E+00   0.162541E+03   0.310066E+06   0.311540E+06   0.310066E+06  -0.559886E-02   0.669374E+05   0.669101E+05   0.258163E-01   0.316218E-04   0.214846E+00  -0.189907E+08
   0.357585E+00   0.305553E+06   0.303380E+06   0.145897E+00   0.145897E+00   0.143626E+03   0.303744E+06   0.305188E+06   0.303744E+06  -0.548470E-02   0.655725E+05   0.655460E+05   0.247241E-01   0.300959E-04   0.214846E+00  -0.183370E+08
   0.362706E+00   0.299455E+06   0.297351E+06   0.138978E+00   0.138978E+00   0.135452E+03   0.297687E+06   0.299102E+06   0.297687E+06  -0.537532E-02   0.642648E+05   0.642390E+05   0.236914E-01   0.286685E-04   0.214846E+00  -0.177176E+08
   0.367827E+00   0.293515E+06   0.291473E+06   0.132456E+00   0.132456E+00   0.136334E+03   0.291785E+06   0.293172E+06   0.291785E+06  -0.526876E-02   0.629907E+05   0.629657E+05   0.227533E-01   0.273231E-04   0.214846E+00  -0.171246E+08
   0.372948E+00   0.287651E+06   0.285661E+06   0.126270E+00   0.126270E+00   0.143882E+03   0.285958E+06   0.287317E+06   0.285958E+06  -0.516354E-02   0.617328E+05   0.617083E+05   0.219249E-01   0.260470E-04   0.214846E+00  -0.165521E+08
   0.378070E+00   0.281823E+06   0.279874E+06   0.120383E+00   0.120383E+00   0.155604E+03   0.280164E+06   0.281495E+06   0.280164E+06  -0.505891E-02   0.604819E+05   0.604578E+05   0.212011E-01   0.248325E-04   0.214846E+00  -0.159971E+08
   0.383191E+00   0.276035E+06   0.274117E+06   0.114779E+00   0.114779E+00   0.169232E+03   0.274409E+06   0.275713E+06   0.274409E+06  -0.495499E-02   0.592394E+05   0.592158E+05   0.205616E-01   0.236765E-04   0.214846E+00  -0.154590E+08
   0.388312E+00   0.270335E+06   0.268444E+06   0.109463E+00   0.109463E+00   0.183170E+03   0.268741E+06   0.270018E+06   0.268741E+06  -0.485265E-02   0.580158E+05   0.579926E+05   0.199781E-01   0.225799E-04   0.214846E+00  -0.149401E+08
   0.393433E+00   0.264781E+06   0.262914E+06   0.104440E+00   0.104440E+00   0.196463E+03   0.263217E+06   0.264468E+06   0.263217E+06  -0.475290E-02   0.568234E+05   0.568005E+05   0.194215E-01   0.215438E-04   0.214846E+00  -0.144425E+08
   0.398554E+00   0.259417E+06   0.257576E+06   0.997112E-01   0.997112E-01   0.208720E+03   0.257883E+06   0.259108E+06   0.257883E+06  -0.465659E-02   0.556719E+05   0.556493E+05   0.188686E-01   0.205683E-04   0.214846E+00  -0.139680E+08
   0.403675E+00   0.254275E+06   0.252463E+06   0.952701E-01   0.952701E-01   0.219879E+03   0.252770E+06   0.253971E+06   0.252770E+06  -0.456426E-02   0.545680E+05   0.545458E+05   0.183060E-01   0.196522E-04   0.214846E+00  -0.135174E+08
   0.408796E+00   0.249371E+06   0.247592E+06   0.911064E-01   0.911064E-01   0.229942E+03   0.247895E+06   0.249072E+06   0.247895E+06  -0.447623E-02   0.535155E+05   0.534938E+05   0.177318E-01   0.187933E-04   0.214846E+00  -0.130906E+08
   0.413918E+00   0.244701E+06   0.242960E+06   0.872019E-01   0.872019E-01   0.238902E+03   0.243253E+06   0.244408E+06   0.243253E+06  -0.439241E-02   0.525135E+05   0.524922E+05   0.171529E-01   0.179879E-04   0.214846E+00  -0.126865E+08
   0.419039E+00   0.240234E+06   0.238532E+06   0.835308E-01   0.835308E-01   0.246596E+03   0.238814E+06   0.239948E+06   0.238814E+06  -0.431225E-02   0.515551E+05   0.515342E+05   0.165816E-01   0.172307E-04   0.214846E+00  -0.123028E+08
   0.424160E+00   0.235925E+06   0.234262E+06   0.800642E-01   0.800642E-01   0.252822E+03   0.234532E+06   0.235646E+06   0.234532E+06  -0.423494E-02   0.506307E+05   0.506104E+05   0.160310E-01   0.165156E-04   0.214846E+00  -0.119363E+08
   0.429281E+00   0.231735E+06   0.230110E+06   0.767776E-01   0.767776E-01   0.257340E+03   0.230368E+06   0.231462E+06   0.230368E+06  -0.415975E-02   0.497318E+05   0.497119E+05   0.155120E-01   0.158377E-04   0.214846E+00  -0.115846E+08
   0.434402E+00   0.227636E+06   0.226044E+06   0.736520E-01   0.736520E-01   0.259945E+03   0.226294E+06   0.227369E+06   0.226294E+06  -0.408618E-02   0.488523E+05   0.488327E+05   0.150309E-01   0.151930E-04   0.214846E+00  -0.112455E+08
   0.439523E+00   0.223609E+06   0.222047E+06   0.706729E-01   0.706729E-01   0.260463E+03   0.222291E+06   0.223347E+06   0.222291E+06  -0.401390E-02   0.479880E+05   0.479688E+05   0.145883E-01   0.145785E-04   0.214846E+00  -0.109179E+08
   0.444644E+00   0.219645E+06   0.218109E+06   0.678302E-01   0.678302E-01   0.258719E+03   0.218350E+06   0.219387E+06   0.218350E+06  -0.394275E-02   0.471374E+05   0.471185E+05   0.141797E-01   0.139921E-04   0.214846E+00  -0.106008E+08
   0.449766E+00   0.215750E+06   0.214237E+06   0.651185E-01   0.651185E-01   0.254604E+03   0.214477E+06   0.215496E+06   0.214477E+06  -0.387281E-02   0.463013E+05   0.462827E+05   0.137977E-01   0.134328E-04   0.214846E+00  -0.102942E+08
   0.454887E+00   0.211939E+06   0.210449E+06   0.625359E-01   0.625359E-01   0.248058E+03   0.210688E+06   0.211689E+06   0.210688E+06  -0.380440E-02   0.454834E+05   0.454650E+05   0.134336E-01   0.129001E-04   0.214846E+00  -0.999852E+07
   0.460008E+00   0.208232E+06   0.206763E+06   0.600815E-01   0.600815E-01   0.239171E+03   0.207003E+06   0.207986E+06   0.207003E+06  -0.373784E-02   0.446877E+05   0.446696E+05   0.130801E-01   0.123938E-04   0.214845E+00  -0.971424E+07
   0.465129E+00   0.204642E+06   0.203195E+06   0.577524E-01   0.577524E-01   0.228184E+03   0.203433E+06   0.204399E+06   0.203433E+06  -0.367338E-02   0.439170E+05   0.438993E+05   0.127320E-01   0.119134E-04   0.214845E+00  -0.944161E+07
   0.470250E+00   0.201172E+06   0.199748E+06   0.555432E-01   0.555432E-01   0.215521E+03   0.199983E+06   0.200933E+06   0.199983E+06  -0.361109E-02   0.431723E+05   0.431549E+05   0.123871E-01   0.114577E-04   0.214845E+00  -0.918043E+07
   0.475371E+00   0.197819E+06   0.196420E+06   0.534471E-01   0.534471E-01   0.201738E+03   0.196650E+06   0.197584E+06   0.196650E+06  -0.355091E-02   0.424528E+05   0.424356E+05   0.120458E-01   0.110253E-04   0.214845E+00  -0.893017E+07
   0.480492E+00   0.194576E+06   0.193202E+06   0.514563E-01   0.514563E-01   0.187428E+03   0.193427E+06   0.194346E+06   0.193427E+06  -0.349270E-02   0.417569E+05   0.417401E+05   0.117106E-01   0.106147E-04   0.214845E+00  -0.869017E+07
   0.485614E+00   0.191434E+06   0.190084E+06   0.495632E-01   0.495632E-01   0.173156E+03   0.190303E+06   0.191207E+06   0.190303E+06  -0.343630E-02   0.410826E+05   0.410660E+05   0.113852E-01   0.102242E-04   0.214845E+00  -0.845967E+07
   0.490735E+00   0.188377E+06   0.187052E+06   0.477595E-01   0.477595E-01   0.159341E+03   0.187265E+06   0.188155E+06   0.187265E+06  -0.338144E-02   0.404268E+05   0.404105E+05   0.110727E-01   0.985206E-05   0.214845E+00  -0.823776E+07
   0.495856E+00   0.185392E+06   0.184090E+06   0.460369E-01   0.460369E-01   0.146289E+03   0.184298E+06   0.185174E+06   0.184298E+06  -0.332786E-02   0.397862E+05   0.397702E+05   0.107752E-01   0.949671E-05   0.214845E+00  -0.802350E+07
   0.500977E+00   0.182467E+06   0.181186E+06   0.443888E-01   0.443888E-01   0.134181E+03   0.181390E+06   0.182252E+06   0.181390E+06  -0.327535E-02   0.391585E+05   0.391427E+05   0.104933E-01   0.915674E-05   0.214845E+00  -0.781618E+07
   0.506098E+00   0.179598E+06   0.178337E+06   0.428112E-01   0.428112E-01   0.123172E+03   0.178538E+06   0.179386E+06   0.178538E+06  -0.322386E-02   0.385428E+05   0.385273E+05   0.102264E-01   0.883129E-05   0.214845E+00  -0.761544E+07
   0.511219E+00   0.176788E+06   0.175546E+06   0.413012E-01   0.413012E-01   0.113424E+03   0.175744E+06   0.176579E+06   0.175744E+06  -0.317340E-02   0.379396E+05   0.379243E+05   0.997261E-02   0.851978E-05   0.214845E+00  -0.742117E+07
   0.516340E+00   0.174037E+06   0.172814E+06   0.398561E-01   0.398561E-01   0.105136E+03   0.173010E+06   0.173832E+06   0.173010E+06  -0.312403E-02   0.373494E+05   0.373343E+05   0.972954E-02   0.822167E-05   0.214845E+00  -0.723326E+07
   0.521462E+00   0.171349E+06   0.170143E+06   0.384735E-01   0.384735E-01   0.985413E+02   0.170337E+06   0.171147E+06   0.170337E+06  -0.307577E-02   0.367724E+05   0.367576E+05   0.949468E-02   0.793643E-05   0.214845E+00  -0.705158E+07
   0.526583E+00   0.168726E+06   0.167537E+06   0.371511E-01   0.371511E-01   0.938350E+02   0.167729E+06   0.168526E+06   0.167729E+06  -0.302868E-02   0.362094E+05   0.361948E+05   0.926606E-02   0.766364E-05   0.214845E+00  -0.687609E+07
   0.531704E+00   0.166172E+06   0.165000E+06   0.358874E-01   0.358874E-01   0.911459E+02   0.165190E+06   0.165976E+06   0.165190E+06  -0.298284E-02   0.356614E+05   0.356469E+05   0.904257E-02   0.740293E-05   0.214845E+00  -0.670679E+07
   0.536825E+00   0.163689E+06   0.162535E+06   0.346798E-01   0.346798E-01   0.904537E+02   0.162722E+06   0.163495E+06   0.162722E+06  -0.293826E-02   0.351284E+05   0.351142E+05   0.882385E-02   0.715380E-05   0.214845E+00  -0.654354E+07
   0.541946E+00   0.161272E+06   0.160135E+06   0.335251E-01   0.335251E-01   0.915984E+02   0.160319E+06   0.161081E+06   0.160319E+06  -0.289489E-02   0.346098E+05   0.345958E+05   0.861014E-02   0.691559E-05   0.214845E+00  -0.638601E+07
   0.547067E+00   0.158916E+06   0.157796E+06   0.324198E-01   0.324198E-01   0.942670E+02   0.157977E+06   0.158728E+06   0.157977E+06  -0.285259E-02   0.341042E+05   0.340904E+05   0.840207E-02   0.668756E-05   0.214845E+00  -0.623381E+07
   0.559946E+00   0.153236E+06   0.152158E+06   0.298396E-01   0.298396E-01   0.104801E+03   0.152331E+06   0.153055E+06   0.152331E+06  -0.275064E-02   0.328852E+05   0.328719E+05   0.790869E-02   0.615530E-05   0.214845E+00  -0.587275E+07
   0.593872E+00   0.139629E+06   0.138646E+06   0.241721E-01   0.241721E-01   0.112921E+03   0.138804E+06   0.139464E+06   0.138804E+06  -0.250639E-02   0.299651E+05   0.299530E+05   0.680872E-02   0.498629E-05   0.214845E+00  -0.504556E+07
   0.629853E+00   0.127197E+06   0.126302E+06   0.195759E-01   0.195759E-01   0.700965E+02   0.126446E+06   0.127047E+06   0.126446E+06  -0.228323E-02   0.272972E+05   0.272861E+05   0.585149E-02   0.403823E-05   0.214845E+00  -0.433376E+07
   0.879031E+00   0.743557E+05   0.738326E+05   0.587530E-02   0.587530E-02   0.144772E+02   0.739164E+05   0.742678E+05   0.739164E+05  -0.133471E-02   0.159571E+05   0.159506E+05   0.247803E-02   0.121197E-05   0.214844E+00  -0.181525E+07
   0.122679E+01   0.429412E+05   0.426391E+05   0.174205E-02   0.174205E-02   0.551665E+01   0.426875E+05   0.428905E+05   0.426875E+05  -0.770808E-03   0.921541E+04   0.921155E+04   0.104764E-02   0.359357E-06   0.214844E+00  -0.751157E+06
   0.171212E+01   0.245412E+05   0.243684E+05   0.511155E-03   0.511155E-03   0.171015E+01   0.243962E+05   0.245122E+05   0.243962E+05  -0.440522E-03   0.526667E+04   0.526438E+04   0.446974E-03   0.105443E-06   0.214844E+00  -0.307600E+06
   0.238945E+01   0.138998E+05   0.138017E+05   0.148640E-03   0.148640E-03   0.390185E+00   0.138177E+05   0.138834E+05   0.138177E+05  -0.249505E-03   0.298298E+04   0.298157E+04   0.195678E-03   0.306619E-07   0.214843E+00  -0.124834E+06
