#          k/h    CDM            baryon         photon         nu             mass_nu        total          no_nu          total_de       Weyl           v_CDM          v_b            v_b-v_c        ISW            log_grow       pert_vel    
   0.994668E-05   0.276864E+08   0.276864E+08   0.369013E+08   0.369008E+08   0.276890E+08   0.276864E+08   0.276864E+08   0.276962E+08  -0.437804E+00   0.342468E+07   0.342468E+07   0.631003E+01  -0.693009E+05   0.101819E+01  -0.344317E+14
   0.109829E-04   0.276849E+08   0.276849E+08   0.368962E+08   0.368957E+08   0.276875E+08   0.276849E+08   0.276849E+08   0.276948E+08  -0.437780E+00   0.342466E+07   0.342466E+07   0.696721E+01  -0.565059E+05   0.101809E+01  -0.311828E+14
   0.121272E-04   0.276831E+08   0.276831E+08   0.368901E+08   0.368895E+08   0.276857E+08   0.276831E+08   0.276831E+08   0.276929E+08  -0.437752E+00   0.342464E+07   0.342464E+07   0.769279E+01  -0.460116E+05   0.101796E+01  -0.282404E+14
   0.133906E-04   0.276809E+08   0.276809E+08   0.368826E+08   0.368818E+08   0.276835E+08   0.276809E+08   0.276809E+08   0.276907E+08  -0.437717E+00   0.342461E+07   0.342461E+07   0.849385E+01  -0.374043E+05   0.101781E+01  -0.255757E+14
   0.147857E-04   0.276782E+08   0.276782E+08   0.368735E+08   0.368726E+08   0.276807E+08   0.276782E+08   0.276782E+08   0.276880E+08  -0.437674E+00   0.342458E+07   0.342458E+07   0.937823E+01  -0.303449E+05   0.101762E+01  -0.231623E+14
   0.163261E-04   0.276749E+08   0.276749E+08   0.368624E+08   0.368613E+08   0.276774E+08   0.276749E+08   0.276749E+08   0.276847E+08  -0.437622E+00   0.342454E+07   0.342454E+07   0.103546E+02  -0.245550E+05   0.101740E+01  -0.209767E+14
   0.180270E-04   0.276709E+08   0.276709E+08   0.368489E+08   0.368475E+08   0.276734E+08   0.276709E+08   0.276709E+08   0.276807E+08  -0.437559E+00   0.342450E+07   0.342450E+07   0.114324E+02  -0.198064E+05   0.101712E+01  -0.189972E+14
   0.199051E-04   0.276660E+08   0.276660E+08   0.368324E+08   0.368307E+08   0.276685E+08   0.276660E+08   0.276660E+08   0.276759E+08  -0.437482E+00   0.342444E+07   0.342444E+07   0.126222E+02  -0.159120E+05   0.101678E+01  -0.172045E+14
   0.219788E-04   0.276601E+08   0.276601E+08   0.368123E+08   0.368102E+08   0.276625E+08   0.276601E+08   0.276601E+08   0.276699E+08  -0.437388E+00   0.342437E+07   0.342437E+07   0.139354E+02  -0.127183E+05   0.101637E+01  -0.155809E+14
   0.242687E-04   0.276528E+08   0.276528E+08   0.367878E+08   0.367853E+08   0.276553E+08   0.276529E+08   0.276528E+08   0.276627E+08  -0.437273E+00   0.342428E+07   0.342428E+07   0.153850E+02  -0.100993E+05   0.101587E+01  -0.141104E+14
   0.267970E-04   0.276440E+08   0.276440E+08   0.367580E+08   0.367549E+08   0.276464E+08   0.276440E+08   0.276440E+08   0.276539E+08  -0.437134E+00   0.342418E+07   0.342418E+07   0.169847E+02  -0.795183E+04   0.101526E+01  -0.127787E+14
   0.295888E-04   0.276333E+08   0.276333E+08   0.367216E+08   0.367179E+08   0.276356E+08   0.276333E+08   0.276333E+08   0.276431E+08  -0.436964E+00   0.342405E+07   0.342405E+07   0.187500E+02  -0.619128E+04   0.101451E+01  -0.115726E+14
   0.326714E-04   0.276203E+08   0.276203E+08   0.366774E+08   0.366728E+08   0.276225E+08   0.276203E+08   0.276203E+08   0.276301E+08  -0.436758E+00   0.342390E+07   0.342390E+07   0.206977E+02  -0.474822E+04   0.101361E+01  -0.104802E+14
   0.360752E-04   0.276044E+08   0.276044E+08   0.366235E+08   0.366180E+08   0.276065E+08   0.276044E+08   0.276044E+08   0.276142E+08  -0.436507E+00   0.342371E+07   0.342371E+07   0.228465E+02  -0.356577E+04   0.101251E+01  -0.949083E+13
   0.398336E-04   0.275851E+08   0.275851E+08   0.365580E+08   0.365512E+08   0.275871E+08   0.275851E+08   0.275851E+08   0.275949E+08  -0.436202E+00   0.342348E+07   0.342348E+07   0.252164E+02  -0.259732E+04   0.101117E+01  -0.859477E+13
   0.439836E-04   0.275617E+08   0.275617E+08   0.364783E+08   0.364701E+08   0.275635E+08   0.275617E+08   0.275617E+08   0.275714E+08  -0.435831E+00   0.342321E+07   0.342320E+07   0.278298E+02  -0.180468E+04   0.100955E+01  -0.778320E+13
   0.485659E-04   0.275332E+08   0.275332E+08   0.363814E+08   0.363714E+08   0.275349E+08   0.275332E+08   0.275332E+08   0.275430E+08  -0.435381E+00   0.342287E+07   0.342286E+07   0.307106E+02  -0.115659E+04   0.100757E+01  -0.704814E+13
   0.536256E-04   0.274987E+08   0.274987E+08   0.362636E+08   0.362514E+08   0.275002E+08   0.274987E+08   0.274987E+08   0.275084E+08  -0.434834E+00   0.342246E+07   0.342246E+07   0.338852E+02  -0.627484E+03   0.100518E+01  -0.638237E+13
   0.592125E-04   0.274569E+08   0.274568E+08   0.361207E+08   0.361058E+08   0.274581E+08   0.274569E+08   0.274569E+08   0.274665E+08  -0.434172E+00   0.342196E+07   0.342196E+07   0.373820E+02  -0.196474E+03   0.100228E+01  -0.577934E+13
   0.653814E-04   0.274063E+08   0.274062E+08   0.359472E+08   0.359292E+08   0.274071E+08   0.274063E+08   0.274062E+08   0.274159E+08  -0.433371E+00   0.342136E+07   0.342135E+07   0.412315E+02   0.153477E+03   0.998780E+00  -0.523312E+13
   0.721930E-04   0.273451E+08   0.273451E+08   0.357371E+08   0.357152E+08   0.273456E+08   0.273451E+08   0.273451E+08   0.273546E+08  -0.432403E+00   0.342063E+07   0.342062E+07   0.454665E+02   0.436237E+03   0.994548E+00  -0.473836E+13
   0.797142E-04   0.272713E+08   0.272713E+08   0.354828E+08   0.354563E+08   0.272713E+08   0.272713E+08   0.272713E+08   0.272808E+08  -0.431236E+00   0.341975E+07   0.341974E+07   0.501221E+02   0.663055E+03   0.989447E+00  -0.429017E+13
   0.880190E-04   0.271826E+08   0.271825E+08   0.351756E+08   0.351435E+08   0.271820E+08   0.271826E+08   0.271826E+08   0.271920E+08  -0.429832E+00   0.341869E+07   0.341868E+07   0.552347E+02   0.843022E+03   0.983315E+00  -0.388418E+13
   0.971891E-04   0.270761E+08   0.270761E+08   0.348052E+08   0.347663E+08   0.270748E+08   0.270761E+08   0.270761E+08   0.270854E+08  -0.428147E+00   0.341742E+07   0.341740E+07   0.608428E+02   0.983449E+03   0.975966E+00  -0.351638E+13
   0.107314E-03   0.269489E+08   0.269488E+08   0.343597E+08   0.343126E+08   0.269467E+08   0.269488E+08   0.269488E+08   0.269580E+08  -0.426133E+00   0.341588E+07   0.341586E+07   0.669851E+02   0.109018E+04   0.967188E+00  -0.318317E+13
   0.118495E-03   0.267973E+08   0.267972E+08   0.338252E+08   0.337683E+08   0.267940E+08   0.267972E+08   0.267972E+08   0.268063E+08  -0.423734E+00   0.341405E+07   0.341403E+07   0.737006E+02   0.116786E+04   0.956748E+00  -0.288129E+13
   0.130840E-03   0.266176E+08   0.266175E+08   0.331862E+08   0.331178E+08   0.266131E+08   0.266175E+08   0.266176E+08   0.266264E+08  -0.420890E+00   0.341187E+07   0.341184E+07   0.810267E+02   0.122016E+04   0.944394E+00  -0.260776E+13
   0.144471E-03   0.264058E+08   0.264057E+08   0.324253E+08   0.323432E+08   0.263997E+08   0.264058E+08   0.264058E+08   0.264144E+08  -0.417539E+00   0.340928E+07   0.340924E+07   0.889975E+02   0.125000E+04   0.929862E+00  -0.235992E+13
   0.159522E-03   0.261579E+08   0.261577E+08   0.315238E+08   0.314256E+08   0.261499E+08   0.261578E+08   0.261579E+08   0.261663E+08  -0.413615E+00   0.340622E+07   0.340618E+07   0.976412E+02   0.125969E+04   0.912888E+00  -0.213534E+13
   0.176142E-03   0.258699E+08   0.258697E+08   0.304618E+08   0.303448E+08   0.258595E+08   0.258698E+08   0.258699E+08   0.258780E+08  -0.409056E+00   0.340264E+07   0.340259E+07   0.106977E+03   0.125117E+04   0.893224E+00  -0.193183E+13
   0.194493E-03   0.255383E+08   0.255381E+08   0.292194E+08   0.290805E+08   0.255251E+08   0.255382E+08   0.255383E+08   0.255460E+08  -0.403808E+00   0.339848E+07   0.339841E+07   0.117009E+03   0.122614E+04   0.870660E+00  -0.174741E+13
   0.214755E-03   0.251606E+08   0.251603E+08   0.277776E+08   0.276140E+08   0.251439E+08   0.251604E+08   0.251605E+08   0.251678E+08  -0.397828E+00   0.339368E+07   0.339359E+07   0.127725E+03   0.118621E+04   0.845052E+00  -0.158030E+13
   0.237129E-03   0.247352E+08   0.247348E+08   0.261207E+08   0.259294E+08   0.247143E+08   0.247350E+08   0.247351E+08   0.247420E+08  -0.391094E+00   0.338819E+07   0.338809E+07   0.139084E+03   0.113308E+04   0.816350E+00  -0.142888E+13
   0.261834E-03   0.242625E+08   0.242620E+08   0.242385E+08   0.240170E+08   0.242364E+08   0.242623E+08   0.242624E+08   0.242687E+08  -0.383611E+00   0.338199E+07   0.338187E+07   0.151011E+03   0.106861E+04   0.784628E+00  -0.129170E+13
   0.289112E-03   0.237449E+08   0.237444E+08   0.221296E+08   0.218759E+08   0.237126E+08   0.237446E+08   0.237448E+08   0.237505E+08  -0.375416E+00   0.337508E+07   0.337493E+07   0.163387E+03   0.994913E+03   0.750111E+00  -0.116743E+13
   0.319233E-03   0.231871E+08   0.231865E+08   0.198052E+08   0.195189E+08   0.231473E+08   0.231868E+08   0.231870E+08   0.231921E+08  -0.366584E+00   0.336746E+07   0.336729E+07   0.176039E+03   0.914351E+03   0.713185E+00  -0.105489E+13
   0.352491E-03   0.225964E+08   0.225956E+08   0.172938E+08   0.169762E+08   0.225473E+08   0.225960E+08   0.225963E+08   0.226006E+08  -0.357229E+00   0.335918E+07   0.335898E+07   0.188729E+03   0.829476E+03   0.674398E+00  -0.953009E+12
   0.389215E-03   0.219820E+08   0.219810E+08   0.146453E+08   0.143006E+08   0.219217E+08   0.219815E+08   0.219818E+08   0.219854E+08  -0.347497E+00   0.335033E+07   0.335009E+07   0.201148E+03   0.742907E+03   0.634435E+00  -0.860814E+12
   0.429764E-03   0.213548E+08   0.213537E+08   0.119343E+08   0.115701E+08   0.212809E+08   0.213542E+08   0.213546E+08   0.213574E+08  -0.337562E+00   0.334099E+07   0.334072E+07   0.212909E+03   0.657171E+03   0.594075E+00  -0.777419E+12
   0.474538E-03   0.207267E+08   0.207254E+08   0.926124E+07   0.888894E+07   0.206364E+08   0.207260E+08   0.207264E+08   0.207285E+08  -0.327612E+00   0.333128E+07   0.333096E+07   0.223557E+03   0.574528E+03   0.554133E+00  -0.702020E+12
   0.523976E-03   0.201094E+08   0.201079E+08   0.674776E+07   0.638263E+07   0.199992E+08   0.201086E+08   0.201091E+08   0.201104E+08  -0.317832E+00   0.332132E+07   0.332095E+07   0.232584E+03   0.496827E+03   0.515395E+00  -0.633879E+12
   0.578566E-03   0.195138E+08   0.195121E+08   0.452513E+07   0.418469E+07   0.193796E+08   0.195129E+08   0.195135E+08   0.195141E+08  -0.308396E+00   0.331120E+07   0.331079E+07   0.239462E+03   0.425411E+03   0.478558E+00  -0.572322E+12
   0.638842E-03   0.189491E+08   0.189470E+08   0.271236E+07   0.241345E+07   0.187857E+08   0.189479E+08   0.189487E+08   0.189486E+08  -0.299447E+00   0.330103E+07   0.330056E+07   0.243697E+03   0.361098E+03   0.444179E+00  -0.516727E+12
   0.705398E-03   0.184220E+08   0.184196E+08   0.138567E+07   0.113980E+07   0.182237E+08   0.184206E+08   0.184216E+08   0.184210E+08  -0.291097E+00   0.329083E+07   0.329031E+07   0.244891E+03   0.304212E+03   0.412655E+00  -0.466526E+12
   0.778888E-03   0.179370E+08   0.179343E+08   0.546807E+06   0.354624E+06   0.176968E+08   0.179354E+08   0.179365E+08   0.179355E+08  -0.283415E+00   0.328063E+07   0.328006E+07   0.242810E+03   0.254669E+03   0.384210E+00  -0.421197E+12
   0.860035E-03   0.174961E+08   0.174932E+08   0.106622E+06  -0.465011E+05   0.172057E+08   0.174943E+08   0.174956E+08   0.174943E+08  -0.276434E+00   0.327038E+07   0.326977E+07   0.237425E+03   0.212085E+03   0.358915E+00  -0.380264E+12
   0.949635E-03   0.170992E+08   0.170960E+08  -0.943018E+05  -0.238134E+06   0.167490E+08   0.170970E+08   0.170987E+08   0.170970E+08  -0.270150E+00   0.326002E+07   0.325937E+07   0.228919E+03   0.175874E+03   0.336706E+00  -0.343293E+12
   0.104857E-02   0.167444E+08   0.167409E+08  -0.217007E+06  -0.389152E+06   0.163232E+08   0.167418E+08   0.167438E+08   0.167418E+08  -0.264533E+00   0.324942E+07   0.324874E+07   0.217633E+03   0.145352E+03   0.317423E+00  -0.309891E+12
   0.115781E-02   0.164285E+08   0.164247E+08  -0.334334E+06  -0.566765E+06   0.159234E+08   0.164255E+08   0.164278E+08   0.164254E+08  -0.259530E+00   0.323845E+07   0.323774E+07   0.203999E+03   0.119801E+03   0.300838E+00  -0.279704E+12
   0.127844E-02   0.161473E+08   0.161434E+08  -0.396157E+06  -0.702824E+06   0.155443E+08   0.161438E+08   0.161466E+08   0.161436E+08  -0.255076E+00   0.322692E+07   0.322620E+07   0.188505E+03   0.985256E+02   0.286689E+00  -0.252411E+12
   0.141163E-02   0.158963E+08   0.158922E+08  -0.320375E+06  -0.695553E+06   0.151803E+08   0.158922E+08   0.158956E+08   0.158921E+08  -0.251099E+00   0.321466E+07   0.321393E+07   0.171738E+03   0.808851E+02   0.274700E+00  -0.227727E+12
   0.155869E-02   0.156707E+08   0.156665E+08  -0.147366E+06   0.394261E+06   0.148256E+08   0.156660E+08   0.156700E+08   0.156660E+08  -0.247526E+00   0.320134E+07   0.320061E+07   0.154466E+03   0.663099E+02   0.264595E+00  -0.205385E+12
   0.172108E-02   0.154657E+08   0.154615E+08  -0.357014E+05   0.319141E+06   0.144746E+08   0.154603E+08   0.154650E+08   0.154603E+08  -0.244275E+00   0.318690E+07   0.318619E+07   0.137585E+03   0.542908E+02   0.256121E+00  -0.185168E+12
   0.190039E-02   0.152767E+08   0.152725E+08  -0.346657E+05   0.258560E+06   0.141228E+08   0.152705E+08   0.152760E+08   0.152705E+08  -0.241276E+00   0.317109E+07   0.317039E+07   0.121916E+03   0.444009E+02   0.249043E+00  -0.166865E+12
   0.209838E-02   0.150994E+08   0.150953E+08  -0.289238E+05   0.209609E+06   0.137663E+08   0.150924E+08   0.150987E+08   0.150924E+08  -0.238461E+00   0.315367E+07   0.315299E+07   0.108035E+03   0.362749E+02   0.243151E+00  -0.150291E+12
   0.231699E-02   0.149298E+08   0.149256E+08  -0.253014E+05   0.169990E+06   0.134019E+08   0.149219E+08   0.149291E+08   0.149219E+08  -0.235767E+00   0.313441E+07   0.313374E+07   0.962575E+02   0.296065E+02   0.238258E+00  -0.135279E+12
   0.255838E-02   0.147643E+08   0.147600E+08  -0.870550E+05   0.137879E+06   0.130273E+08   0.147553E+08   0.147635E+08   0.147553E+08  -0.233135E+00   0.311304E+07   0.311237E+07   0.865349E+02   0.241400E+02   0.234203E+00  -0.121680E+12
   0.282492E-02   0.145993E+08   0.145949E+08  -0.953856E+05   0.111824E+06   0.126407E+08   0.145893E+08   0.145986E+08   0.145893E+08  -0.230511E+00   0.308930E+07   0.308863E+07   0.783816E+02   0.196625E+02   0.230848E+00  -0.109359E+12
   0.311923E-02   0.144320E+08   0.144273E+08  -0.823592E+05   0.906664E+05   0.122398E+08   0.144208E+08   0.144312E+08   0.144208E+08  -0.227849E+00   0.306295E+07   0.306228E+07   0.711498E+02   0.159983E+02   0.228076E+00  -0.981959E+11
   0.344419E-02   0.142595E+08   0.142546E+08  -0.525287E+05   0.734754E+05   0.118227E+08   0.142472E+08   0.142587E+08   0.142472E+08  -0.225105E+00   0.303376E+07   0.303309E+07   0.643133E+02   0.130022E+02   0.225789E+00  -0.880832E+11
   0.380302E-02   0.140795E+08   0.140742E+08  -0.407076E+05   0.595031E+05   0.113872E+08   0.140658E+08   0.140786E+08   0.140658E+08  -0.222240E+00   0.300148E+07   0.300082E+07   0.577505E+02   0.105543E+02   0.223902E+00  -0.789236E+11
   0.419923E-02   0.138896E+08   0.138840E+08  -0.348718E+05   0.481458E+05   0.109318E+08   0.138746E+08   0.138886E+08   0.138746E+08  -0.219218E+00   0.296589E+07   0.296524E+07   0.517094E+02   0.855610E+01   0.222346E+00  -0.706294E+11
   0.463671E-02   0.136878E+08   0.136818E+08  -0.384975E+05   0.389151E+05   0.104556E+08   0.136715E+08   0.136868E+08   0.136715E+08  -0.216009E+00   0.292675E+07   0.292611E+07   0.464473E+02   0.692640E+01   0.221065E+00  -0.631212E+11
   0.511978E-02   0.134723E+08   0.134658E+08  -0.276433E+05   0.314153E+05   0.995951E+07   0.134546E+08   0.134712E+08   0.134546E+08  -0.212581E+00   0.288384E+07   0.288320E+07   0.418817E+02   0.559850E+01   0.220009E+00  -0.563274E+11
   0.565317E-02   0.132417E+08   0.132346E+08  -0.154465E+05   0.253256E+05   0.941972E+07   0.132225E+08   0.132405E+08   0.132225E+08  -0.208914E+00   0.283701E+07   0.283637E+07   0.377198E+02   0.451775E+01   0.219137E+00  -0.501843E+11
   0.624213E-02   0.129937E+08   0.129859E+08  -0.112543E+05   0.203827E+05   0.886933E+07   0.129729E+08   0.129924E+08   0.129729E+08  -0.204971E+00   0.278586E+07   0.278523E+07   0.338708E+02   0.363889E+01   0.218419E+00  -0.446300E+11
   0.689245E-02   0.127271E+08   0.127184E+08   0.341454E+04   0.163746E+05   0.829611E+07   0.127047E+08   0.127256E+08   0.127047E+08  -0.200733E+00   0.273026E+07   0.272963E+07   0.304669E+02   0.292517E+01   0.217827E+00  -0.396123E+11
   0.761052E-02   0.124405E+08   0.124307E+08   0.241570E+04   0.131277E+05   0.770918E+07   0.124165E+08   0.124389E+08   0.124165E+08  -0.196180E+00   0.266998E+07   0.266935E+07   0.274627E+02   0.234630E+01   0.217337E+00  -0.350827E+11
   0.840340E-02   0.121326E+08   0.121216E+08  -0.600807E+04   0.105006E+05   0.711748E+07   0.121070E+08   0.121307E+08   0.121070E+08  -0.191290E+00   0.260481E+07   0.260418E+07   0.247389E+02   0.187746E+01   0.216933E+00  -0.309969E+11
   0.927889E-02   0.118022E+08   0.117896E+08   0.121753E+04   0.837779E+04   0.652111E+07   0.117751E+08   0.118001E+08   0.117751E+08  -0.186045E+00   0.253454E+07   0.253392E+07   0.223212E+02   0.149833E+01   0.216598E+00  -0.273151E+11
   0.102456E-01   0.114481E+08   0.114338E+08  -0.263558E+04   0.666510E+04   0.592018E+07   0.114196E+08   0.114457E+08   0.114196E+08  -0.180428E+00   0.245900E+07   0.245838E+07   0.201698E+02   0.119227E+01   0.216321E+00  -0.240004E+11
   0.113130E-01   0.110693E+08   0.110530E+08  -0.884139E+03   0.528561E+04   0.532173E+07   0.110394E+08   0.110666E+08   0.110394E+08  -0.174421E+00   0.237796E+07   0.237734E+07   0.182538E+02   0.945631E+00   0.216091E+00  -0.210196E+11
   0.124916E-01   0.106648E+08   0.106461E+08  -0.161403E+04   0.417661E+04   0.473387E+07   0.106336E+08   0.106616E+08   0.106336E+08  -0.168009E+00   0.229126E+07   0.229064E+07   0.165526E+02   0.747290E+00   0.215899E+00  -0.183422E+11
   0.137930E-01   0.102337E+08   0.102123E+08  -0.180294E+03   0.328701E+04   0.416264E+07   0.102014E+08   0.102301E+08   0.102014E+08  -0.161181E+00   0.219875E+07   0.219812E+07   0.150395E+02   0.588144E+00   0.215740E+00  -0.159408E+11
   0.152300E-01   0.977574E+07   0.975127E+07  -0.311104E+04   0.257516E+04   0.361125E+07   0.974248E+07   0.977163E+07   0.974248E+07  -0.153930E+00   0.210035E+07   0.209972E+07   0.136895E+02   0.460778E+00   0.215607E+00  -0.137907E+11
   0.168167E-01   0.930159E+07   0.927373E+07  -0.836361E+03   0.200953E+04   0.309324E+07   0.926755E+07   0.929691E+07   0.926755E+07  -0.146426E+00   0.199841E+07   0.199778E+07   0.124886E+02   0.359563E+00   0.215496E+00  -0.118833E+11
   0.185687E-01   0.879287E+07   0.876134E+07  -0.388016E+03   0.155791E+04   0.260599E+07   0.875832E+07   0.878758E+07   0.875832E+07  -0.138380E+00   0.188899E+07   0.188835E+07   0.113928E+02   0.278744E+00   0.215403E+00  -0.101728E+11
   0.205033E-01   0.826047E+07   0.822511E+07  -0.190855E+04   0.120029E+04   0.215887E+07   0.822569E+07   0.825453E+07   0.822569E+07  -0.129965E+00   0.177444E+07   0.177380E+07   0.103858E+02   0.214745E+00   0.215324E+00  -0.865422E+10
   0.226393E-01   0.770010E+07   0.766090E+07  -0.928228E+03   0.917562E+03   0.175403E+07   0.766541E+07   0.769352E+07   0.766541E+07  -0.121112E+00   0.165386E+07   0.165321E+07   0.943702E+01   0.164152E+00   0.215259E+00  -0.730502E+10
   0.249980E-01   0.713175E+07   0.708896E+07  -0.665294E+03   0.696926E+03   0.139866E+07   0.709746E+07   0.712456E+07   0.709746E+07  -0.112139E+00   0.153155E+07   0.153091E+07   0.853039E+01   0.124671E+00   0.215203E+00  -0.612650E+10
   0.276023E-01   0.656210E+07   0.651628E+07  -0.589422E+03   0.525872E+03   0.109317E+07   0.652856E+07   0.655440E+07   0.652856E+07  -0.103150E+00   0.140898E+07   0.140835E+07   0.764243E+01   0.940636E-01   0.215156E+00  -0.510438E+10
   0.304780E-01   0.599360E+07   0.594574E+07  -0.480257E+03   0.393886E+03   0.835896E+06   0.596119E+07   0.598557E+07   0.596119E+07  -0.941861E-01   0.128669E+07   0.128607E+07   0.674962E+01   0.704490E-01   0.215117E+00  -0.422152E+10
   0.336533E-01   0.544163E+07   0.539316E+07  -0.268711E+03   0.293267E+03   0.625434E+06   0.541074E+07   0.543349E+07   0.541074E+07  -0.854889E-01   0.116800E+07   0.116741E+07   0.584226E+01   0.524481E-01   0.215083E+00  -0.347053E+10
   0.371593E-01   0.492607E+07   0.487886E+07  -0.138304E+03   0.217722E+03   0.458785E+06   0.489704E+07   0.491814E+07   0.489704E+07  -0.773725E-01   0.105721E+07   0.105666E+07   0.492305E+01   0.389345E-01   0.215055E+00  -0.284492E+10
   0.410307E-01   0.445952E+07   0.441573E+07  -0.151238E+03   0.161656E+03   0.330462E+06   0.443266E+07   0.445217E+07   0.443266E+07  -0.700355E-01   0.957024E+06   0.956531E+06   0.400645E+01   0.289061E-01   0.215031E+00  -0.233234E+10
   0.451338E-01   0.406986E+07   0.403131E+07   0.121933E+03   0.121933E+03   0.237675E+06   0.404528E+07   0.406338E+07   0.404528E+07  -0.639148E-01   0.873220E+06   0.872784E+06   0.322275E+01   0.218052E-01   0.214958E+00  -0.193465E+10
   0.492368E-01   0.376181E+07   0.372937E+07   0.947163E+02   0.947163E+02   0.174282E+06   0.373941E+07   0.375636E+07   0.373941E+07  -0.590821E-01   0.807224E+06   0.806854E+06   0.250258E+01   0.169369E-01   0.214943E+00  -0.163941E+10
   0.533399E-01   0.351354E+07   0.348720E+07   0.753931E+02   0.753931E+02   0.130317E+06   0.349313E+07   0.350912E+07   0.349313E+07  -0.551909E-01   0.754078E+06   0.753769E+06   0.192887E+01   0.134809E-01   0.214931E+00  -0.141368E+10
   0.574430E-01   0.330450E+07   0.328352E+07   0.611514E+02   0.611514E+02   0.994842E+05   0.328582E+07   0.330098E+07   0.328582E+07  -0.519156E-01   0.709337E+06   0.709079E+06   0.149790E+01   0.109338E-01   0.214921E+00  -0.123483E+10
   0.615460E-01   0.311862E+07   0.310174E+07   0.502811E+02   0.502811E+02   0.777303E+05   0.310141E+07   0.311578E+07   0.310141E+07  -0.490018E-01   0.669532E+06   0.669312E+06   0.119648E+01   0.898984E-02   0.214913E+00  -0.108784E+10
   0.656491E-01   0.294351E+07   0.292924E+07   0.417149E+02   0.417149E+02   0.623140E+05   0.292749E+07   0.294111E+07   0.292749E+07  -0.462539E-01   0.631992E+06   0.631794E+06   0.100354E+01   0.745801E-02   0.214907E+00  -0.962666E+09
   0.697522E-01   0.277037E+07   0.275726E+07   0.347788E+02   0.347788E+02   0.513206E+05   0.275531E+07   0.276817E+07   0.275531E+07  -0.435335E-01   0.594825E+06   0.594639E+06   0.893018E+00   0.621774E-02   0.214901E+00  -0.852756E+09
   0.738552E-01   0.260066E+07   0.258749E+07   0.291198E+02   0.291198E+02   0.434978E+05   0.258636E+07   0.259845E+07   0.258636E+07  -0.408641E-01   0.558355E+06   0.558169E+06   0.838946E+00   0.520591E-02   0.214897E+00  -0.755998E+09
   0.779583E-01   0.242889E+07   0.241486E+07   0.244061E+02   0.244061E+02   0.377484E+05   0.241523E+07   0.242653E+07   0.241523E+07  -0.381602E-01   0.521414E+06   0.521223E+06   0.814447E+00   0.436314E-02   0.214893E+00  -0.668820E+09
   0.820614E-01   0.226342E+07   0.224820E+07   0.205227E+02   0.205227E+02   0.334840E+05   0.225032E+07   0.226087E+07   0.225032E+07  -0.355548E-01   0.485817E+06   0.485620E+06   0.799840E+00   0.366885E-02   0.214889E+00  -0.591998E+09
   0.861644E-01   0.210881E+07   0.209248E+07   0.173402E+02   0.173402E+02   0.302453E+05   0.209624E+07   0.210607E+07   0.209624E+07  -0.331204E-01   0.452555E+06   0.452354E+06   0.780198E+00   0.309989E-02   0.214887E+00  -0.525203E+09
   0.912856E-01   0.193686E+07   0.191978E+07   0.141869E+02   0.141869E+02   0.272036E+05   0.192496E+07   0.193399E+07   0.192496E+07  -0.304142E-01   0.415580E+06   0.415378E+06   0.736131E+00   0.253616E-02   0.214883E+00  -0.455232E+09
   0.964067E-01   0.179342E+07   0.177660E+07   0.117766E+02   0.117766E+02   0.249677E+05   0.178224E+07   0.179060E+07   0.178224E+07  -0.281592E-01   0.384767E+06   0.384574E+06   0.667286E+00   0.210528E-02   0.214881E+00  -0.399089E+09
   0.101528E+00   0.168027E+07   0.166471E+07   0.994880E+01   0.994880E+01   0.233244E+05   0.166983E+07   0.167766E+07   0.166983E+07  -0.263831E-01   0.360497E+06   0.360321E+06   0.580238E+00   0.177853E-02   0.214879E+00  -0.355056E+09
   0.106649E+00   0.159330E+07   0.157971E+07   0.855063E+01   0.855063E+01   0.220728E+05   0.158359E+07   0.159101E+07   0.158359E+07  -0.250205E-01   0.341876E+06   0.341721E+06   0.486932E+00   0.152859E-02   0.214877E+00  -0.320549E+09
   0.111770E+00   0.152395E+07   0.151260E+07   0.744756E+01   0.744756E+01   0.209884E+05   0.151494E+07   0.152205E+07   0.151494E+07  -0.239359E-01   0.327053E+06   0.326919E+06   0.399913E+00   0.133140E-02   0.214875E+00  -0.292603E+09
   0.116891E+00   0.146302E+07   0.145370E+07   0.653822E+01   0.653822E+01   0.198669E+05   0.145463E+07   0.146146E+07   0.145463E+07  -0.229830E-01   0.314031E+06   0.313916E+06   0.328857E+00   0.116885E-02   0.214874E+00  -0.268646E+09
   0.122012E+00   0.140330E+07   0.139547E+07   0.575670E+01   0.575670E+01   0.185661E+05   0.139544E+07   0.140199E+07   0.139544E+07  -0.220477E-01   0.301250E+06   0.301148E+06   0.278641E+00   0.102915E-02   0.214872E+00  -0.246896E+09
   0.127134E+00   0.134057E+07   0.133351E+07   0.506550E+01   0.506550E+01   0.170360E+05   0.133313E+07   0.133938E+07   0.133313E+07  -0.210632E-01   0.287798E+06   0.287703E+06   0.249006E+00   0.905598E-03   0.214871E+00  -0.226370E+09
   0.132255E+00   0.127365E+07   0.126670E+07   0.444701E+01   0.444701E+01   0.153175E+05   0.126654E+07   0.127249E+07   0.126654E+07  -0.200111E-01   0.273424E+06   0.273330E+06   0.235606E+00   0.795038E-03   0.214870E+00  -0.206736E+09
   0.137376E+00   0.120391E+07   0.119660E+07   0.389555E+01   0.389555E+01   0.135153E+05   0.119706E+07   0.120269E+07   0.119706E+07  -0.189133E-01   0.258426E+06   0.258331E+06   0.231860E+00   0.696454E-03   0.214869E+00  -0.188111E+09
   0.142497E+00   0.113434E+07   0.112647E+07   0.341085E+01   0.341085E+01   0.117550E+05   0.112771E+07   0.113302E+07   0.112771E+07  -0.178177E-01   0.243457E+06   0.243359E+06   0.230981E+00   0.609802E-03   0.214868E+00  -0.170845E+09
   0.147618E+00   0.106874E+07   0.106040E+07   0.299407E+01   0.299407E+01   0.101426E+05   0.106234E+07   0.106734E+07   0.106234E+07  -0.167848E-01   0.229346E+06   0.229246E+06   0.227631E+00   0.535289E-03   0.214868E+00  -0.155359E+09
   0.152739E+00   0.101074E+07   0.100221E+07   0.264459E+01   0.264459E+01   0.874209E+04   0.100457E+07   0.100931E+07   0.100457E+07  -0.158721E-01   0.216876E+06   0.216776E+06   0.218836E+00   0.472808E-03   0.214867E+00  -0.141985E+09
   0.157860E+00   0.962323E+06   0.953988E+06   0.235711E+01   0.235711E+01   0.756344E+04   0.956412E+06   0.960924E+06   0.956412E+06  -0.151112E-01   0.206480E+06   0.206384E+06   0.204091E+00   0.421411E-03   0.214866E+00  -0.130794E+09
   0.162982E+00   0.923145E+06   0.915345E+06   0.212136E+01   0.212136E+01   0.657588E+04   0.917504E+06   0.921836E+06   0.917504E+06  -0.144964E-01   0.198080E+06   0.197990E+06   0.184853E+00   0.379262E-03   0.214866E+00  -0.121531E+09
   0.168103E+00   0.891177E+06   0.884141E+06   0.192520E+01   0.192520E+01   0.573075E+04   0.885811E+06   0.889996E+06   0.885811E+06  -0.139957E-01   0.191238E+06   0.191155E+06   0.163731E+00   0.344192E-03   0.214865E+00  -0.113758E+09
   0.173224E+00   0.863867E+06   0.857660E+06   0.175770E+01   0.175770E+01   0.498254E+04   0.858765E+06   0.862825E+06   0.858765E+06  -0.135684E-01   0.185399E+06   0.185324E+06   0.143572E+00   0.314246E-03   0.214865E+00  -0.107025E+09
   0.178345E+00   0.838621E+06   0.833153E+06   0.160993E+01   0.160993E+01   0.429750E+04   0.833759E+06   0.837703E+06   0.833759E+06  -0.131733E-01   0.180000E+06   0.179932E+06   0.126658E+00   0.287826E-03   0.214864E+00  -0.100925E+09
   0.183466E+00   0.813035E+06   0.808103E+06   0.147500E+01   0.147500E+01   0.365512E+04   0.808381E+06   0.812207E+06   0.808381E+06  -0.127723E-01   0.174521E+06   0.174458E+06   0.114201E+00   0.263704E-03   0.214864E+00  -0.951219E+08
   0.188587E+00   0.785554E+06   0.780906E+06   0.134883E+01   0.134883E+01   0.304947E+04   0.781074E+06   0.784774E+06   0.781074E+06  -0.123409E-01   0.168626E+06   0.168566E+06   0.106260E+00   0.241147E-03   0.214863E+00  -0.894131E+08
   0.193708E+00   0.756020E+06   0.751428E+06   0.123036E+01   0.123036E+01   0.248502E+04   0.751687E+06   0.755249E+06   0.751687E+06  -0.118765E-01   0.162282E+06   0.162223E+06   0.101959E+00   0.219966E-03   0.214863E+00  -0.837743E+08
   0.198830E+00   0.725401E+06   0.720706E+06   0.112042E+01   0.112042E+01   0.197110E+04   0.721193E+06   0.724613E+06   0.721193E+06  -0.113947E-01   0.155699E+06   0.155640E+06   0.998792E-01   0.200311E-03   0.214863E+00  -0.783058E+08
   0.203951E+00   0.695040E+06   0.690181E+06   0.102020E+01   0.102020E+01   0.151588E+04   0.690946E+06   0.694224E+06   0.690946E+06  -0.109168E-01   0.149170E+06   0.149110E+06   0.984811E-01   0.182393E-03   0.214862E+00  -0.731380E+08
   0.209072E+00   0.666243E+06   0.661254E+06   0.930534E+00   0.930534E+00   0.112550E+04   0.662261E+06   0.665405E+06   0.662261E+06  -0.104636E-01   0.142978E+06   0.142917E+06   0.964946E-01   0.166362E-03   0.214862E+00  -0.683847E+08
   0.214193E+00   0.640126E+06   0.635110E+06   0.851766E+00   0.851766E+00   0.804159E+03   0.636262E+06   0.639284E+06   0.636262E+06  -0.100528E-01   0.137365E+06   0.137306E+06   0.931740E-01   0.152279E-03   0.214862E+00  -0.641293E+08
   0.219314E+00   0.617364E+06   0.612453E+06   0.783547E+00   0.783547E+00   0.553873E+03   0.613624E+06   0.616540E+06   0.613624E+06  -0.969518E-02   0.132478E+06   0.132420E+06   0.883630E-01   0.140081E-03   0.214861E+00  -0.604035E+08
   0.224435E+00   0.597953E+06   0.593267E+06   0.724687E+00   0.724687E+00   0.374526E+03   0.594342E+06   0.597166E+06   0.594342E+06  -0.939051E-02   0.128315E+06   0.128260E+06   0.823964E-01   0.129557E-03   0.214861E+00  -0.571704E+08
   0.229556E+00   0.581273E+06   0.576894E+06   0.673425E+00   0.673425E+00   0.262963E+03   0.577792E+06   0.580538E+06   0.577792E+06  -0.912902E-02   0.124742E+06   0.124690E+06   0.759079E-01   0.120391E-03   0.214861E+00  -0.543386E+08
   0.234678E+00   0.566384E+06   0.562336E+06   0.627890E+00   0.627890E+00   0.212973E+03   0.563028E+06   0.565704E+06   0.563028E+06  -0.889576E-02   0.121554E+06   0.121505E+06   0.696101E-01   0.112250E-03   0.214861E+00  -0.517946E+08
   0.239799E+00   0.552282E+06   0.548537E+06   0.586422E+00   0.586422E+00   0.214389E+03   0.549044E+06   0.551654E+06   0.549044E+06  -0.867481E-02   0.118535E+06   0.118489E+06   0.640984E-01   0.104835E-03   0.214860E+00  -0.494295E+08
   0.244920E+00   0.538120E+06   0.534606E+06   0.547762E+00   0.547762E+00   0.254142E+03   0.534987E+06   0.537530E+06   0.534987E+06  -0.845272E-02   0.115500E+06   0.115456E+06   0.597213E-01   0.979234E-04   0.214860E+00  -0.471569E+08
   0.250041E+00   0.523400E+06   0.520030E+06   0.511186E+00   0.511186E+00   0.317868E+03   0.520361E+06   0.522834E+06   0.520361E+06  -0.822163E-02   0.112342E+06   0.112300E+06   0.565402E-01   0.913842E-04   0.214860E+00  -0.449282E+08
   0.255162E+00   0.508067E+06   0.504758E+06   0.476487E+00   0.476487E+00   0.392313E+03   0.505111E+06   0.507511E+06   0.505111E+06  -0.798069E-02   0.109050E+06   0.109008E+06   0.543672E-01   0.851809E-04   0.214860E+00  -0.427362E+08
   0.260283E+00   0.492404E+06   0.489099E+06   0.443789E+00   0.443789E+00   0.467360E+03   0.489524E+06   0.491849E+06   0.489524E+06  -0.773441E-02   0.105684E+06   0.105643E+06   0.528546E-01   0.793357E-04   0.214860E+00  -0.406024E+08
   0.265404E+00   0.476860E+06   0.473532E+06   0.413336E+00   0.413336E+00   0.536353E+03   0.474050E+06   0.476301E+06   0.474050E+06  -0.748991E-02   0.102344E+06   0.102303E+06   0.516053E-01   0.738916E-04   0.214860E+00  -0.385602E+08
   0.270526E+00   0.461921E+06   0.458578E+06   0.385355E+00   0.385355E+00   0.595917E+03   0.459179E+06   0.461360E+06   0.459179E+06  -0.725497E-02   0.991334E+05   0.990927E+05   0.502763E-01   0.688897E-04   0.214859E+00  -0.366436E+08
   0.275647E+00   0.448017E+06   0.444691E+06   0.359985E+00   0.359985E+00   0.644375E+03   0.445344E+06   0.447459E+06   0.445344E+06  -0.703637E-02   0.961465E+05   0.961063E+05   0.486487E-01   0.643546E-04   0.214859E+00  -0.348792E+08
   0.280768E+00   0.435402E+06   0.432137E+06   0.337199E+00   0.337199E+00   0.680789E+03   0.432799E+06   0.434854E+06   0.432799E+06  -0.683817E-02   0.934381E+05   0.933989E+05   0.466532E-01   0.602813E-04   0.214859E+00  -0.332784E+08
   0.285889E+00   0.424087E+06   0.420925E+06   0.316777E+00   0.316777E+00   0.704019E+03   0.421555E+06   0.423556E+06   0.421555E+06  -0.666051E-02   0.910105E+05   0.909725E+05   0.443540E-01   0.566308E-04   0.214859E+00  -0.318332E+08
   0.291010E+00   0.413873E+06   0.410845E+06   0.298370E+00   0.298370E+00   0.712722E+03   0.411412E+06   0.413365E+06   0.411412E+06  -0.650025E-02   0.888205E+05   0.887840E+05   0.419055E-01   0.533404E-04   0.214859E+00  -0.305205E+08
   0.296131E+00   0.404447E+06   0.401562E+06   0.281585E+00   0.281585E+00   0.705919E+03   0.402054E+06   0.403963E+06   0.402054E+06  -0.635240E-02   0.868001E+05   0.867651E+05   0.394960E-01   0.503401E-04   0.214859E+00  -0.293105E+08
   0.301252E+00   0.395466E+06   0.392718E+06   0.266059E+00   0.266059E+00   0.683368E+03   0.393138E+06   0.395004E+06   0.393138E+06  -0.621153E-02   0.848751E+05   0.848415E+05   0.372930E-01   0.475647E-04   0.214859E+00  -0.281732E+08
   0.306374E+00   0.386625E+06   0.383991E+06   0.251494E+00   0.251494E+00   0.646199E+03   0.384358E+06   0.386183E+06   0.384358E+06  -0.607281E-02   0.829796E+05   0.829471E+05   0.354050E-01   0.449612E-04   0.214859E+00  -0.270837E+08
   0.311495E+00   0.377722E+06   0.375171E+06   0.237693E+00   0.237693E+00   0.596658E+03   0.375511E+06   0.377294E+06   0.375511E+06  -0.593302E-02   0.810695E+05   0.810379E+05   0.338652E-01   0.424940E-04   0.214859E+00  -0.260252E+08
   0.316616E+00   0.368696E+06   0.366199E+06   0.224567E+00   0.224567E+00   0.538041E+03   0.366536E+06   0.368277E+06   0.366536E+06  -0.579122E-02   0.791321E+05   0.791011E+05   0.326370E-01   0.401477E-04   0.214859E+00  -0.249924E+08
   0.321737E+00   0.359620E+06   0.357154E+06   0.212119E+00   0.212119E+00   0.474053E+03   0.357509E+06   0.359206E+06   0.357509E+06  -0.564858E-02   0.771831E+05   0.771526E+05   0.316348E-01   0.379223E-04   0.214859E+00  -0.239888E+08
   0.326858E+00   0.350647E+06   0.348199E+06   0.200392E+00   0.200392E+00   0.408415E+03   0.348581E+06   0.350236E+06   0.348581E+06  -0.550752E-02   0.752557E+05   0.752256E+05   0.307522E-01   0.358258E-04   0.214858E+00  -0.230233E+08
   0.331979E+00   0.341947E+06   0.339518E+06   0.189433E+00   0.189433E+00   0.344631E+03   0.339925E+06   0.341539E+06   0.339925E+06  -0.537076E-02   0.733871E+05   0.733574E+05   0.298901E-01   0.338667E-04   0.214858E+00  -0.221052E+08
   0.337100E+00   0.333668E+06   0.331265E+06   0.179270E+00   0.179270E+00   0.285756E+03   0.331688E+06   0.333264E+06   0.331688E+06  -0.524063E-02   0.716090E+05   0.715798E+05   0.289781E-01   0.320496E-04   0.214858E+00  -0.212420E+08
   0.342222E+00   0.325901E+06   0.323538E+06   0.169894E+00   0.169894E+00   0.234528E+03   0.323965E+06   0.325504E+06   0.323965E+06  -0.511859E-02   0.699416E+05   0.699129E+05   0.279856E-01   0.303734E-04   0.214858E+00  -0.204369E+08
   0.347343E+00   0.318668E+06   0.316360E+06   0.161262E+00   0.161262E+00   0.193027E+03   0.316775E+06   0.318281E+06   0.316775E+06  -0.500500E-02   0.683895E+05   0.683615E+05   0.269198E-01   0.288299E-04   0.214858E+00  -0.196887E+08
   0.352464E+00   0.311920E+06   0.309678E+06   0.153295E+00   0.153295E+00   0.162638E+03   0.310070E+06   0.311544E+06   0.310070E+06  -0.489906E-02   0.669419E+05   0.669146E+05   0.258163E-01   0.274055E-04   0.214858E+00  -0.189920E+08
   0.357585E+00   0.305556E+06   0.303384E+06   0.145899E+00   0.145899E+00   0.143716E+03   0.303748E+06   0.305192E+06   0.303748E+06  -0.479917E-02   0.655769E+05   0.655504E+05   0.247241E-01   0.260831E-04   0.214858E+00  -0.183383E+08
   0.362706E+00   0.299458E+06   0.297355E+06   0.138980E+00   0.138980E+00   0.135538E+03   0.297690E+06   0.299105E+06   0.297690E+06  -0.470346E-02   0.642691E+05   0.642433E+05   0.236915E-01   0.248460E-04   0.214858E+00  -0.177188E+08
   0.367827E+00   0.293518E+06   0.291477E+06   0.132458E+00   0.132458E+00   0.136419E+03   0.291789E+06   0.293176E+06   0.291789E+06  -0.461022E-02   0.629950E+05   0.629699E+05   0.227533E-01   0.236799E-04   0.214858E+00  -0.171257E+08
   0.372948E+00   0.287655E+06   0.285665E+06   0.126272E+00   0.126272E+00   0.143968E+03   0.285962E+06   0.287321E+06   0.285962E+06  -0.451815E-02   0.617369E+05   0.617124E+05   0.219249E-01   0.225740E-04   0.214858E+00  -0.165532E+08
   0.378070E+00   0.281826E+06   0.279877E+06   0.120384E+00   0.120384E+00   0.155690E+03   0.280167E+06   0.281499E+06   0.280167E+06  -0.442660E-02   0.604859E+05   0.604619E+05   0.212011E-01   0.215214E-04   0.214858E+00  -0.159981E+08
   0.383191E+00   0.276038E+06   0.274121E+06   0.114781E+00   0.114781E+00   0.169319E+03   0.274412E+06   0.275716E+06   0.274412E+06  -0.433567E-02   0.592434E+05   0.592198E+05   0.205616E-01   0.205196E-04   0.214858E+00  -0.154601E+08
   0.388312E+00   0.270339E+06   0.268448E+06   0.109465E+00   0.109465E+00   0.183256E+03   0.268744E+06   0.270021E+06   0.268744E+06  -0.424612E-02   0.580197E+05   0.579965E+05   0.199781E-01   0.195692E-04   0.214858E+00  -0.149411E+08
   0.393433E+00   0.264784E+06   0.262917E+06   0.104442E+00   0.104442E+00   0.196547E+03   0.263220E+06   0.264471E+06   0.263220E+06  -0.415884E-02   0.568272E+05   0.568043E+05   0.194216E-01   0.186713E-04   0.214858E+00  -0.144435E+08
   0.398554E+00   0.259421E+06   0.257579E+06   0.997124E-01   0.997124E-01   0.208802E+03   0.257886E+06   0.259111E+06   0.257886E+06  -0.407456E-02   0.556756E+05   0.556530E+05   0.188686E-01   0.178258E-04   0.214858E+00  -0.139690E+08
   0.403675E+00   0.254278E+06   0.252466E+06   0.952713E-01   0.952713E-01   0.219958E+03   0.252773E+06   0.253974E+06   0.252773E+06  -0.399377E-02   0.545717E+05   0.545495E+05   0.183060E-01   0.170319E-04   0.214858E+00  -0.135183E+08
   0.408796E+00   0.249374E+06   0.247595E+06   0.911074E-01   0.911074E-01   0.230019E+03   0.247898E+06   0.249075E+06   0.247898E+06  -0.391675E-02   0.535191E+05   0.534974E+05   0.177318E-01   0.162875E-04   0.214858E+00  -0.130915E+08
   0.413918E+00   0.244704E+06   0.242962E+06   0.872030E-01   0.872030E-01   0.238977E+03   0.243256E+06   0.244411E+06   0.243256E+06  -0.384341E-02   0.525170E+05   0.524957E+05   0.171529E-01   0.155895E-04   0.214858E+00  -0.126874E+08
   0.419039E+00   0.240237E+06   0.238535E+06   0.835318E-01   0.835318E-01   0.246669E+03   0.238817E+06   0.239951E+06   0.238817E+06  -0.377327E-02   0.515585E+05   0.515377E+05   0.165816E-01   0.149332E-04   0.214857E+00  -0.123036E+08
   0.424160E+00   0.235928E+06   0.234265E+06   0.800652E-01   0.800652E-01   0.252894E+03   0.234535E+06   0.235649E+06   0.234535E+06  -0.370562E-02   0.506341E+05   0.506138E+05   0.160310E-01   0.143135E-04   0.214857E+00  -0.119371E+08
   0.429281E+00   0.231738E+06   0.230112E+06   0.767785E-01   0.767785E-01   0.257412E+03   0.230371E+06   0.231465E+06   0.230371E+06  -0.363983E-02   0.497352E+05   0.497152E+05   0.155120E-01   0.137260E-04   0.214857E+00  -0.115853E+08
   0.434402E+00   0.227639E+06   0.226047E+06   0.736528E-01   0.736528E-01   0.260016E+03   0.226297E+06   0.227371E+06   0.226297E+06  -0.357545E-02   0.488555E+05   0.488360E+05   0.150309E-01   0.131672E-04   0.214857E+00  -0.112463E+08
   0.439523E+00   0.223612E+06   0.222049E+06   0.706737E-01   0.706737E-01   0.260533E+03   0.222293E+06   0.223349E+06   0.222293E+06  -0.351220E-02   0.479913E+05   0.479720E+05   0.145883E-01   0.126346E-04   0.214857E+00  -0.109186E+08
   0.444644E+00   0.219648E+06   0.218112E+06   0.678310E-01   0.678310E-01   0.258787E+03   0.218353E+06   0.219390E+06   0.218353E+06  -0.344994E-02   0.471405E+05   0.471216E+05   0.141797E-01   0.121265E-04   0.214857E+00  -0.106015E+08
   0.449766E+00   0.215753E+06   0.214240E+06   0.651193E-01   0.651193E-01   0.254671E+03   0.214480E+06   0.215499E+06   0.214480E+06  -0.338875E-02   0.463044E+05   0.462858E+05   0.137977E-01   0.116417E-04   0.214857E+00  -0.102949E+08
   0.454887E+00   0.211942E+06   0.210451E+06   0.625367E-01   0.625367E-01   0.248121E+03   0.210691E+06   0.211692E+06   0.210691E+06  -0.332889E-02   0.454864E+05   0.454681E+05   0.134336E-01   0.111800E-04   0.214857E+00  -0.999920E+07
   0.460008E+00   0.208235E+06   0.206766E+06   0.600822E-01   0.600822E-01   0.239231E+03   0.207005E+06   0.207988E+06   0.207005E+06  -0.327065E-02   0.446907E+05   0.446726E+05   0.130801E-01   0.107413E-04   0.214857E+00  -0.971490E+07
   0.465129E+00   0.204645E+06   0.203198E+06   0.577530E-01   0.577530E-01   0.228239E+03   0.203435E+06   0.204402E+06   0.203435E+06  -0.321425E-02   0.439200E+05   0.439022E+05   0.127320E-01   0.103249E-04   0.214857E+00  -0.944225E+07
   0.470250E+00   0.201175E+06   0.199751E+06   0.555439E-01   0.555439E-01   0.215572E+03   0.199986E+06   0.200936E+06   0.199986E+06  -0.315974E-02   0.431752E+05   0.431578E+05   0.123871E-01   0.992998E-05   0.214857E+00  -0.918105E+07
   0.475371E+00   0.197822E+06   0.196422E+06   0.534477E-01   0.534477E-01   0.201784E+03   0.196652E+06   0.197587E+06   0.196652E+06  -0.310708E-02   0.424556E+05   0.424385E+05   0.120458E-01   0.955524E-05   0.214857E+00  -0.893077E+07
   0.480492E+00   0.194579E+06   0.193204E+06   0.514570E-01   0.514570E-01   0.187470E+03   0.193429E+06   0.194348E+06   0.193429E+06  -0.305615E-02   0.417597E+05   0.417429E+05   0.117106E-01   0.919935E-05   0.214857E+00  -0.869076E+07
   0.485614E+00   0.191436E+06   0.190086E+06   0.495638E-01   0.495638E-01   0.173194E+03   0.190305E+06   0.191209E+06   0.190305E+06  -0.300679E-02   0.410853E+05   0.410688E+05   0.113852E-01   0.886090E-05   0.214857E+00  -0.846024E+07
   0.490735E+00   0.188380E+06   0.187054E+06   0.477600E-01   0.477600E-01   0.159377E+03   0.187267E+06   0.188157E+06   0.187267E+06  -0.295880E-02   0.404295E+05   0.404132E+05   0.110727E-01   0.853843E-05   0.214857E+00  -0.823831E+07
   0.495856E+00   0.185394E+06   0.184092E+06   0.460374E-01   0.460374E-01   0.146323E+03   0.184300E+06   0.185176E+06   0.184300E+06  -0.291192E-02   0.397889E+05   0.397729E+05   0.107752E-01   0.823046E-05   0.214857E+00  -0.802404E+07
   0.500977E+00   0.182469E+06   0.181188E+06   0.443894E-01   0.443894E-01   0.134213E+03   0.181392E+06   0.182254E+06   0.181392E+06  -0.286597E-02   0.391611E+05   0.391453E+05   0.104933E-01   0.793582E-05   0.214857E+00  -0.781670E+07
   0.506098E+00   0.179600E+06   0.178340E+06   0.428117E-01   0.428117E-01   0.123202E+03   0.178540E+06   0.179388E+06   0.178540E+06  -0.282091E-02   0.385454E+05   0.385299E+05   0.102264E-01   0.765376E-05   0.214857E+00  -0.761595E+07
   0.511219E+00   0.176790E+06   0.175548E+06   0.413017E-01   0.413017E-01   0.113452E+03   0.175746E+06   0.176581E+06   0.175746E+06  -0.277676E-02   0.379422E+05   0.379269E+05   0.997261E-02   0.738378E-05   0.214857E+00  -0.742167E+07
   0.516340E+00   0.174040E+06   0.172816E+06   0.398566E-01   0.398566E-01   0.105163E+03   0.173012E+06   0.173834E+06   0.173012E+06  -0.273356E-02   0.373519E+05   0.373368E+05   0.972954E-02   0.712542E-05   0.214857E+00  -0.723374E+07
   0.521462E+00   0.171351E+06   0.170145E+06   0.384739E-01   0.384739E-01   0.985659E+02   0.170339E+06   0.171149E+06   0.170339E+06  -0.269133E-02   0.367749E+05   0.367600E+05   0.949468E-02   0.687822E-05   0.214857E+00  -0.705205E+07
   0.526583E+00   0.168728E+06   0.167539E+06   0.371516E-01   0.371516E-01   0.938582E+02   0.167731E+06   0.168528E+06   0.167731E+06  -0.265013E-02   0.362119E+05   0.361972E+05   0.926606E-02   0.664180E-05   0.214857E+00  -0.687655E+07
   0.531704E+00   0.166174E+06   0.165002E+06   0.358878E-01   0.358878E-01   0.911679E+02   0.165192E+06   0.165977E+06   0.165192E+06  -0.261002E-02   0.356637E+05   0.356493E+05   0.904257E-02   0.641585E-05   0.214857E+00  -0.670724E+07
   0.536825E+00   0.163691E+06   0.162536E+06   0.346802E-01   0.346802E-01   0.904750E+02   0.162724E+06   0.163497E+06   0.162724E+06  -0.257101E-02   0.351308E+05   0.351166E+05   0.882385E-02   0.619994E-05   0.214857E+00  -0.654397E+07
   0.541946E+00   0.161274E+06   0.160137E+06   0.335255E-01   0.335255E-01   0.916195E+02   0.160321E+06   0.161083E+06   0.160321E+06  -0.253305E-02   0.346121E+05   0.345981E+05   0.861014E-02   0.599349E-05   0.214857E+00  -0.638644E+07
   0.547067E+00   0.158918E+06   0.157798E+06   0.324201E-01   0.324201E-01   0.942883E+02   0.157979E+06   0.158730E+06   0.157979E+06  -0.249605E-02   0.341065E+05   0.340927E+05   0.840207E-02   0.579586E-05   0.214857E+00  -0.623422E+07
   0.559946E+00   0.153238E+06   0.152160E+06   0.298399E-01   0.298399E-01   0.104824E+03   0.152333E+06   0.153057E+06   0.152333E+06  -0.240684E-02   0.328874E+05   0.328741E+05   0.790869E-02   0.533458E-05   0.214857E+00  -0.587314E+07
   0.593872E+00   0.139631E+06   0.138647E+06   0.241724E-01   0.241724E-01   0.112944E+03   0.138806E+06   0.139466E+06   0.138806E+06  -0.219312E-02   0.299671E+05   0.299550E+05   0.680873E-02   0.432144E-05   0.214857E+00  -0.504590E+07
   0.629853E+00   0.127199E+06   0.126304E+06   0.195762E-01   0.195762E-01   0.701111E+02   0.126447E+06   0.127048E+06   0.126447E+06  -0.199785E-02   0.272990E+05   0.272879E+05   0.585150E-02   0.349978E-05   0.214857E+00  -0.433405E+07
   0.879031E+00   0.743565E+05   0.738335E+05   0.587537E-02   0.587537E-02   0.144824E+02   0.739173E+05   0.742687E+05   0.739173E+05  -0.116788E-02   0.159582E+05   0.159516E+05   0.247803E-02   0.105037E-05   0.214856E+00  -0.181537E+07
   0.122679E+01   0.429417E+05   0.426396E+05   0.174207E-02   0.174207E-02   0.551793E+01   0.426880E+05   0.428910E+05   0.426880E+05  -0.674465E-03   0.921603E+04   0.921217E+04   0.104764E-02   0.311441E-06   0.214856E+00  -0.751208E+06
   0.171212E+01   0.245415E+05   0.243687E+05   0.511161E-03   0.511161E-03   0.171049E+01   0.243965E+05   0.245125E+05   0.243965E+05  -0.385461E-03   0.526703E+04   0.526473E+04   0.446975E-03   0.913832E-07   0.214855E+00  -0.307621E+06
   0.238945E+01   0.139000E+05   0.138019E+05   0.148642E-03   0.148642E-03   0.390297E+00   0.138178E+05   0.138835E+05   0.138178E+05  -0.218320E-03   0.298318E+04   0.298177E+04   0.195678E-03   0.265736E-07   0.214855E+00  -0.124842E+06
