#          k/h    CDM            baryon         photon         nu             mass_nu        total          no_nu          total_de       Weyl           v_CDM          v_b            v_b-v_c        ISW            log_grow       pert_vel    
   0.994668E-05   0.214456E+08   0.214456E+08   0.285812E+08   0.285807E+08   0.214481E+08   0.214457E+08   0.214456E+08   0.214533E+08  -0.436038E+00   0.323274E+07   0.323274E+07   0.617246E+01  -0.116775E+06   0.102998E+01  -0.325019E+14
   0.109829E-04   0.214450E+08   0.214450E+08   0.285775E+08   0.285770E+08   0.214474E+08   0.214451E+08   0.214450E+08   0.214527E+08  -0.436026E+00   0.323274E+07   0.323274E+07   0.681532E+01  -0.955198E+05   0.102990E+01  -0.294352E+14
   0.121272E-04   0.214443E+08   0.214443E+08   0.285730E+08   0.285724E+08   0.214467E+08   0.214443E+08   0.214443E+08   0.214520E+08  -0.436012E+00   0.323274E+07   0.323274E+07   0.752508E+01  -0.780866E+05   0.102980E+01  -0.266579E+14
   0.133906E-04   0.214434E+08   0.214434E+08   0.285676E+08   0.285668E+08   0.214458E+08   0.214434E+08   0.214434E+08   0.214511E+08  -0.435993E+00   0.323273E+07   0.323273E+07   0.830869E+01  -0.637880E+05   0.102968E+01  -0.241427E+14
   0.147857E-04   0.214424E+08   0.214423E+08   0.285610E+08   0.285601E+08   0.214447E+08   0.214424E+08   0.214424E+08   0.214500E+08  -0.435971E+00   0.323273E+07   0.323273E+07   0.917380E+01  -0.520604E+05   0.102954E+01  -0.218647E+14
   0.163261E-04   0.214410E+08   0.214410E+08   0.285529E+08   0.285518E+08   0.214434E+08   0.214410E+08   0.214410E+08   0.214487E+08  -0.435945E+00   0.323272E+07   0.323272E+07   0.101289E+02  -0.424416E+05   0.102937E+01  -0.198017E+14
   0.180270E-04   0.214394E+08   0.214394E+08   0.285431E+08   0.285417E+08   0.214417E+08   0.214394E+08   0.214394E+08   0.214471E+08  -0.435912E+00   0.323272E+07   0.323272E+07   0.111832E+02  -0.345525E+05   0.102916E+01  -0.179333E+14
   0.199051E-04   0.214375E+08   0.214375E+08   0.285311E+08   0.285294E+08   0.214398E+08   0.214375E+08   0.214375E+08   0.214451E+08  -0.435872E+00   0.323271E+07   0.323271E+07   0.123471E+02  -0.280820E+05   0.102890E+01  -0.162412E+14
   0.219788E-04   0.214351E+08   0.214351E+08   0.285165E+08   0.285144E+08   0.214373E+08   0.214351E+08   0.214351E+08   0.214427E+08  -0.435823E+00   0.323270E+07   0.323270E+07   0.136318E+02  -0.227752E+05   0.102858E+01  -0.147088E+14
   0.242687E-04   0.214322E+08   0.214322E+08   0.284987E+08   0.284962E+08   0.214344E+08   0.214322E+08   0.214322E+08   0.214398E+08  -0.435764E+00   0.323269E+07   0.323269E+07   0.150497E+02  -0.184228E+05   0.102820E+01  -0.133209E+14
   0.267970E-04   0.214286E+08   0.214286E+08   0.284770E+08   0.284740E+08   0.214308E+08   0.214286E+08   0.214286E+08   0.214363E+08  -0.435692E+00   0.323268E+07   0.323267E+07   0.166147E+02  -0.148534E+05   0.102774E+01  -0.120640E+14
   0.295888E-04   0.214243E+08   0.214243E+08   0.284506E+08   0.284469E+08   0.214264E+08   0.214243E+08   0.214243E+08   0.214319E+08  -0.435604E+00   0.323266E+07   0.323266E+07   0.183416E+02  -0.119261E+05   0.102717E+01  -0.109257E+14
   0.326714E-04   0.214191E+08   0.214191E+08   0.284184E+08   0.284139E+08   0.214211E+08   0.214191E+08   0.214191E+08   0.214267E+08  -0.435497E+00   0.323264E+07   0.323264E+07   0.202471E+02  -0.952569E+04   0.102648E+01  -0.989475E+13
   0.360752E-04   0.214127E+08   0.214127E+08   0.283793E+08   0.283738E+08   0.214146E+08   0.214127E+08   0.214127E+08   0.214203E+08  -0.435367E+00   0.323261E+07   0.323261E+07   0.223492E+02  -0.755749E+04   0.102564E+01  -0.896109E+13
   0.398336E-04   0.214049E+08   0.214049E+08   0.283316E+08   0.283249E+08   0.214067E+08   0.214049E+08   0.214049E+08   0.214125E+08  -0.435209E+00   0.323258E+07   0.323258E+07   0.246677E+02  -0.594392E+04   0.102461E+01  -0.811551E+13
   0.439836E-04   0.213955E+08   0.213955E+08   0.282735E+08   0.282653E+08   0.213971E+08   0.213955E+08   0.213955E+08   0.214030E+08  -0.435016E+00   0.323255E+07   0.323255E+07   0.272245E+02  -0.462138E+04   0.102337E+01  -0.734971E+13
   0.485659E-04   0.213840E+08   0.213840E+08   0.282029E+08   0.281930E+08   0.213855E+08   0.213840E+08   0.213840E+08   0.213915E+08  -0.434783E+00   0.323251E+07   0.323250E+07   0.300430E+02  -0.353773E+04   0.102186E+01  -0.665616E+13
   0.536256E-04   0.213701E+08   0.213700E+08   0.281171E+08   0.281050E+08   0.213713E+08   0.213701E+08   0.213701E+08   0.213776E+08  -0.434499E+00   0.323245E+07   0.323245E+07   0.331491E+02  -0.265026E+04   0.102002E+01  -0.602803E+13
   0.592125E-04   0.213532E+08   0.213531E+08   0.280127E+08   0.279980E+08   0.213541E+08   0.213532E+08   0.213531E+08   0.213606E+08  -0.434154E+00   0.323239E+07   0.323238E+07   0.365705E+02  -0.192395E+04   0.101780E+01  -0.545916E+13
   0.653814E-04   0.213326E+08   0.213326E+08   0.278861E+08   0.278681E+08   0.213333E+08   0.213326E+08   0.213326E+08   0.213401E+08  -0.433736E+00   0.323231E+07   0.323230E+07   0.403374E+02  -0.133018E+04   0.101510E+01  -0.494396E+13
   0.721930E-04   0.213078E+08   0.213078E+08   0.277324E+08   0.277106E+08   0.213081E+08   0.213078E+08   0.213078E+08   0.213152E+08  -0.433230E+00   0.323222E+07   0.323221E+07   0.444818E+02  -0.845502E+03   0.101183E+01  -0.447735E+13
   0.797142E-04   0.212778E+08   0.212778E+08   0.275461E+08   0.275197E+08   0.212776E+08   0.212778E+08   0.212778E+08   0.212852E+08  -0.432619E+00   0.323210E+07   0.323209E+07   0.490380E+02  -0.450774E+03   0.100788E+01  -0.405476E+13
   0.880190E-04   0.212416E+08   0.212416E+08   0.273206E+08   0.272886E+08   0.212408E+08   0.212416E+08   0.212416E+08   0.212489E+08  -0.431881E+00   0.323197E+07   0.323195E+07   0.540422E+02  -0.130376E+03   0.100312E+01  -0.367203E+13
   0.971891E-04   0.211980E+08   0.211980E+08   0.270481E+08   0.270094E+08   0.211966E+08   0.211980E+08   0.211980E+08   0.212052E+08  -0.430993E+00   0.323180E+07   0.323178E+07   0.595319E+02   0.128409E+03   0.997397E+00  -0.332539E+13
   0.107314E-03   0.211457E+08   0.211456E+08   0.267195E+08   0.266726E+08   0.211434E+08   0.211457E+08   0.211457E+08   0.211528E+08  -0.429927E+00   0.323161E+07   0.323158E+07   0.655456E+02   0.335908E+03   0.990523E+00  -0.301145E+13
   0.118495E-03   0.210831E+08   0.210830E+08   0.263240E+08   0.262674E+08   0.210797E+08   0.210831E+08   0.210831E+08   0.210901E+08  -0.428651E+00   0.323137E+07   0.323135E+07   0.721217E+02   0.500480E+03   0.982302E+00  -0.272711E+13
   0.130840E-03   0.210084E+08   0.210083E+08   0.258495E+08   0.257814E+08   0.210037E+08   0.210084E+08   0.210084E+08   0.210153E+08  -0.427129E+00   0.323110E+07   0.323106E+07   0.792973E+02   0.628872E+03   0.972509E+00  -0.246959E+13
   0.144471E-03   0.209198E+08   0.209197E+08   0.252820E+08   0.252003E+08   0.209136E+08   0.209197E+08   0.209198E+08   0.209265E+08  -0.425323E+00   0.323077E+07   0.323073E+07   0.871065E+02   0.726506E+03   0.960897E+00  -0.223635E+13
   0.159522E-03   0.208152E+08   0.208150E+08   0.246063E+08   0.245085E+08   0.208070E+08   0.208151E+08   0.208152E+08   0.208217E+08  -0.423191E+00   0.323039E+07   0.323034E+07   0.955775E+02   0.797737E+03   0.947205E+00  -0.202511E+13
   0.176142E-03   0.206925E+08   0.206923E+08   0.238057E+08   0.236892E+08   0.206820E+08   0.206924E+08   0.206924E+08   0.206987E+08  -0.420690E+00   0.322994E+07   0.322989E+07   0.104730E+03   0.846067E+03   0.931168E+00  -0.183378E+13
   0.194493E-03   0.205496E+08   0.205494E+08   0.228631E+08   0.227249E+08   0.205364E+08   0.205495E+08   0.205496E+08   0.205556E+08  -0.417778E+00   0.322943E+07   0.322937E+07   0.114571E+03   0.874341E+03   0.912530E+00  -0.166050E+13
   0.214755E-03   0.203848E+08   0.203845E+08   0.217613E+08   0.215986E+08   0.203681E+08   0.203846E+08   0.203847E+08   0.203904E+08  -0.414418E+00   0.322885E+07   0.322877E+07   0.125087E+03   0.884923E+03   0.891061E+00  -0.150355E+13
   0.237129E-03   0.201964E+08   0.201960E+08   0.204854E+08   0.202951E+08   0.201755E+08   0.201962E+08   0.201963E+08   0.202017E+08  -0.410578E+00   0.322820E+07   0.322811E+07   0.136241E+03   0.879855E+03   0.866589E+00  -0.136141E+13
   0.261834E-03   0.199836E+08   0.199832E+08   0.190240E+08   0.188036E+08   0.199576E+08   0.199834E+08   0.199835E+08   0.199885E+08  -0.406239E+00   0.322748E+07   0.322737E+07   0.147962E+03   0.861003E+03   0.839021E+00  -0.123268E+13
   0.289112E-03   0.197464E+08   0.197458E+08   0.173726E+08   0.171203E+08   0.197142E+08   0.197461E+08   0.197463E+08   0.197507E+08  -0.401401E+00   0.322670E+07   0.322656E+07   0.160135E+03   0.830180E+03   0.808379E+00  -0.111610E+13
   0.319233E-03   0.194856E+08   0.194849E+08   0.155373E+08   0.152526E+08   0.194459E+08   0.194853E+08   0.194855E+08   0.194894E+08  -0.396082E+00   0.322585E+07   0.322569E+07   0.172592E+03   0.789236E+03   0.774821E+00  -0.101053E+13
   0.352491E-03   0.192034E+08   0.192026E+08   0.135390E+08   0.132233E+08   0.191545E+08   0.192030E+08   0.192032E+08   0.192066E+08  -0.390326E+00   0.322496E+07   0.322476E+07   0.185102E+03   0.740112E+03   0.738667E+00  -0.914929E+12
   0.389215E-03   0.189032E+08   0.189023E+08   0.114179E+08   0.110755E+08   0.188432E+08   0.189027E+08   0.189030E+08   0.189058E+08  -0.384202E+00   0.322403E+07   0.322380E+07   0.197364E+03   0.684847E+03   0.700393E+00  -0.828363E+12
   0.429764E-03   0.185895E+08   0.185884E+08   0.923758E+07   0.887625E+07   0.185160E+08   0.185890E+08   0.185893E+08   0.185914E+08  -0.377802E+00   0.322307E+07   0.322280E+07   0.208998E+03   0.625534E+03   0.660627E+00  -0.749979E+12
   0.474538E-03   0.182678E+08   0.182665E+08   0.708601E+07   0.671746E+07   0.181779E+08   0.182671E+08   0.182676E+08   0.182690E+08  -0.371237E+00   0.322207E+07   0.322176E+07   0.219559E+03   0.564243E+03   0.620105E+00  -0.679005E+12
   0.523976E-03   0.179440E+08   0.179425E+08   0.507216E+07   0.471193E+07   0.178343E+08   0.179432E+08   0.179437E+08   0.179445E+08  -0.364629E+00   0.322102E+07   0.322066E+07   0.228545E+03   0.502912E+03   0.579624E+00  -0.614738E+12
   0.578566E-03   0.176241E+08   0.176223E+08   0.331465E+07   0.298082E+07   0.174904E+08   0.176232E+08   0.176238E+08   0.176240E+08  -0.358101E+00   0.321988E+07   0.321948E+07   0.235437E+03   0.443244E+03   0.539980E+00  -0.556538E+12
   0.638842E-03   0.173137E+08   0.173117E+08   0.192066E+07   0.163094E+07   0.171510E+08   0.173126E+08   0.173133E+08   0.173131E+08  -0.351768E+00   0.321860E+07   0.321814E+07   0.239745E+03   0.386625E+03   0.501905E+00  -0.503824E+12
   0.705398E-03   0.170175E+08   0.170151E+08   0.955939E+06   0.723191E+06   0.168200E+08   0.170162E+08   0.170171E+08   0.170164E+08  -0.345725E+00   0.321707E+07   0.321656E+07   0.241075E+03   0.334077E+03   0.466016E+00  -0.456069E+12
   0.778888E-03   0.167390E+08   0.167363E+08   0.413712E+06   0.240544E+06   0.164996E+08   0.167374E+08   0.167385E+08   0.167375E+08  -0.340047E+00   0.321518E+07   0.321462E+07   0.239191E+03   0.286252E+03   0.432780E+00  -0.412794E+12
   0.860035E-03   0.164804E+08   0.164775E+08   0.198932E+06   0.735316E+05   0.161909E+08   0.164785E+08   0.164799E+08   0.164786E+08  -0.334777E+00   0.321280E+07   0.321219E+07   0.234061E+03   0.243461E+03   0.402501E+00  -0.373568E+12
   0.949635E-03   0.162426E+08   0.162394E+08   0.149713E+06   0.461046E+05   0.158934E+08   0.162405E+08   0.162421E+08   0.162405E+08  -0.329932E+00   0.320976E+07   0.320911E+07   0.225858E+03   0.205735E+03   0.375323E+00  -0.338000E+12
   0.104857E-02   0.160254E+08   0.160219E+08   0.106831E+06  -0.778706E+04   0.156053E+08   0.160228E+08   0.160248E+08   0.160228E+08  -0.325507E+00   0.320589E+07   0.320521E+07   0.214913E+03   0.172889E+03   0.351248E+00  -0.305739E+12
   0.115781E-02   0.158274E+08   0.158237E+08   0.435291E+04  -0.147699E+06   0.153236E+08   0.158244E+08   0.158268E+08   0.158244E+08  -0.321472E+00   0.320101E+07   0.320031E+07   0.201640E+03   0.144592E+03   0.330171E+00  -0.276470E+12
   0.127844E-02   0.156466E+08   0.156427E+08  -0.951540E+05  -0.293049E+06   0.150449E+08   0.156431E+08   0.156460E+08   0.156431E+08  -0.317787E+00   0.319495E+07   0.319423E+07   0.186510E+03   0.120430E+03   0.311904E+00  -0.249910E+12
   0.141163E-02   0.154806E+08   0.154766E+08  -0.919082E+05  -0.325865E+06   0.147660E+08   0.154766E+08   0.154799E+08   0.154765E+08  -0.314400E+00   0.318752E+07   0.318680E+07   0.170094E+03   0.999505E+02   0.296212E+00  -0.225804E+12
   0.155869E-02   0.153265E+08   0.153224E+08  -0.491583E+04   0.385603E+06   0.144829E+08   0.153218E+08   0.153258E+08   0.153219E+08  -0.311258E+00   0.317842E+07   0.317771E+07   0.153142E+03   0.827051E+02   0.282828E+00  -0.203916E+12
   0.172108E-02   0.151815E+08   0.151773E+08   0.290887E+05   0.313276E+06   0.141919E+08   0.151761E+08   0.151808E+08   0.151761E+08  -0.308295E+00   0.316763E+07   0.316692E+07   0.136538E+03   0.682507E+02   0.271489E+00  -0.184048E+12
   0.190039E-02   0.150425E+08   0.150383E+08  -0.216763E+05   0.254596E+06   0.138901E+08   0.150363E+08   0.150418E+08   0.150363E+08  -0.305455E+00   0.315494E+07   0.315425E+07   0.121097E+03   0.561906E+02   0.261935E+00  -0.166015E+12
   0.209838E-02   0.149068E+08   0.149026E+08  -0.341817E+05   0.206935E+06   0.135752E+08   0.148998E+08   0.149061E+08   0.148998E+08  -0.302680E+00   0.314018E+07   0.313951E+07   0.107396E+03   0.461643E+02   0.253924E+00  -0.149648E+12
   0.231699E-02   0.147717E+08   0.147675E+08  -0.210177E+05   0.168189E+06   0.132453E+08   0.147638E+08   0.147710E+08   0.147638E+08  -0.299917E+00   0.312319E+07   0.312253E+07   0.957550E+02   0.378546E+02   0.247231E+00  -0.134795E+12
   0.255838E-02   0.146348E+08   0.146305E+08  -0.628480E+05   0.136669E+06   0.128994E+08   0.146258E+08   0.146340E+08   0.146258E+08  -0.297114E+00   0.310377E+07   0.310311E+07   0.861383E+02   0.309858E+02   0.241658E+00  -0.121318E+12
   0.282492E-02   0.144934E+08   0.144890E+08  -0.609970E+05   0.111013E+06   0.125363E+08   0.144834E+08   0.144927E+08   0.144834E+08  -0.294221E+00   0.308164E+07   0.308098E+07   0.780705E+02   0.253207E+02   0.237027E+00  -0.109088E+12
   0.311923E-02   0.143455E+08   0.143408E+08  -0.566160E+05   0.901232E+05   0.121549E+08   0.143344E+08   0.143447E+08   0.143344E+08  -0.291193E+00   0.305664E+07   0.305598E+07   0.709105E+02   0.206577E+02   0.233187E+00  -0.979937E+11
   0.344419E-02   0.141891E+08   0.141841E+08  -0.446415E+05   0.731123E+05   0.117538E+08   0.141767E+08   0.141882E+08   0.141767E+08  -0.287989E+00   0.302857E+07   0.302791E+07   0.641330E+02   0.168264E+02   0.230009E+00  -0.879326E+11
   0.380302E-02   0.140221E+08   0.140169E+08  -0.414821E+05   0.592607E+05   0.113314E+08   0.140085E+08   0.140212E+08   0.140085E+08  -0.284572E+00   0.299722E+07   0.299656E+07   0.576148E+02   0.136838E+02   0.227382E+00  -0.788116E+11
   0.419923E-02   0.138430E+08   0.138374E+08  -0.304825E+05   0.479842E+05   0.108868E+08   0.138280E+08   0.138420E+08   0.138280E+08  -0.280906E+00   0.296240E+07   0.296175E+07   0.516060E+02   0.111100E+02   0.225214E+00  -0.705462E+11
   0.463671E-02   0.136500E+08   0.136440E+08  -0.303187E+05   0.388077E+05   0.104194E+08   0.136337E+08   0.136490E+08   0.136337E+08  -0.276958E+00   0.292389E+07   0.292324E+07   0.463687E+02   0.900516E+01   0.223424E+00  -0.630595E+11
   0.511978E-02   0.134417E+08   0.134352E+08  -0.257325E+05   0.313439E+05   0.993045E+07   0.134240E+08   0.134406E+08   0.134240E+08  -0.272697E+00   0.288150E+07   0.288085E+07   0.418233E+02   0.728628E+01   0.221949E+00  -0.562816E+11
   0.565317E-02   0.132170E+08   0.132099E+08  -0.177685E+05   0.252783E+05   0.939650E+07   0.131977E+08   0.132158E+08   0.131977E+08  -0.268101E+00   0.283509E+07   0.283445E+07   0.376768E+02   0.588472E+01   0.220732E+00  -0.501504E+11
   0.624213E-02   0.129738E+08   0.129659E+08  -0.145740E+05   0.203514E+05   0.885087E+07   0.129529E+08   0.129724E+08   0.129529E+08  -0.263128E+00   0.278429E+07   0.278366E+07   0.338391E+02   0.474327E+01   0.219728E+00  -0.446048E+11
   0.689245E-02   0.127110E+08   0.127023E+08  -0.718584E+04   0.163539E+05   0.828151E+07   0.126886E+08   0.127096E+08   0.126886E+08  -0.257759E+00   0.272898E+07   0.272835E+07   0.304445E+02   0.381512E+01   0.218901E+00  -0.395936E+11
   0.761052E-02   0.124276E+08   0.124178E+08  -0.625834E+04   0.131141E+05   0.769771E+07   0.124036E+08   0.124260E+08   0.124036E+08  -0.251969E+00   0.266893E+07   0.266830E+07   0.274464E+02   0.306159E+01   0.218218E+00  -0.350689E+11
   0.840340E-02   0.121222E+08   0.121112E+08  -0.843989E+04   0.104916E+05   0.710854E+07   0.120967E+08   0.121204E+08   0.120967E+08  -0.245734E+00   0.260394E+07   0.260332E+07   0.247262E+02   0.245077E+01   0.217655E+00  -0.309867E+11
   0.927889E-02   0.117939E+08   0.117814E+08  -0.442257E+04   0.837191E+04   0.651416E+07   0.117668E+08   0.117918E+08   0.117668E+08  -0.239032E+00   0.253384E+07   0.253322E+07   0.223123E+02   0.195650E+01   0.217189E+00  -0.273074E+11
   0.102456E-01   0.114415E+08   0.114272E+08  -0.484640E+04   0.666125E+04   0.591483E+07   0.114130E+08   0.114391E+08   0.114130E+08  -0.231844E+00   0.245842E+07   0.245780E+07   0.201632E+02   0.155725E+01   0.216805E+00  -0.239947E+11
   0.113130E-01   0.110641E+08   0.110477E+08  -0.374774E+04   0.528310E+04   0.531766E+07   0.110341E+08   0.110613E+08   0.110341E+08  -0.224149E+00   0.237748E+07   0.237686E+07   0.182490E+02   0.123538E+01   0.216487E+00  -0.210154E+11
   0.124916E-01   0.106606E+08   0.106419E+08  -0.308523E+04   0.417498E+04   0.473082E+07   0.106294E+08   0.106575E+08   0.106294E+08  -0.215927E+00   0.229086E+07   0.229024E+07   0.165491E+02   0.976437E+00   0.216223E+00  -0.183390E+11
   0.137930E-01   0.102304E+08   0.102090E+08  -0.231809E+04   0.328595E+04   0.416038E+07   0.101981E+08   0.102268E+08   0.101981E+08  -0.207166E+00   0.219842E+07   0.219779E+07   0.150371E+02   0.768604E+00   0.216004E+00  -0.159384E+11
   0.152300E-01   0.977315E+07   0.974867E+07  -0.275482E+04   0.257448E+04   0.360962E+07   0.973989E+07   0.976904E+07   0.973989E+07  -0.197857E+00   0.210007E+07   0.209945E+07   0.136876E+02   0.602229E+00   0.215822E+00  -0.137889E+11
   0.168167E-01   0.929955E+07   0.927169E+07  -0.163543E+04   0.200909E+04   0.309208E+07   0.926552E+07   0.929488E+07   0.926552E+07  -0.188221E+00   0.199818E+07   0.199755E+07   0.124873E+02   0.469988E+00   0.215671E+00  -0.118819E+11
   0.185687E-01   0.879128E+07   0.875975E+07  -0.126933E+04   0.155763E+04   0.260519E+07   0.875673E+07   0.878598E+07   0.875673E+07  -0.177885E+00   0.188879E+07   0.188816E+07   0.113919E+02   0.364379E+00   0.215545E+00  -0.101717E+11
   0.205033E-01   0.825923E+07   0.822388E+07  -0.140106E+04   0.120011E+04   0.215835E+07   0.822445E+07   0.825330E+07   0.822445E+07  -0.167072E+00   0.177428E+07   0.177364E+07   0.103851E+02   0.280737E+00   0.215440E+00  -0.865343E+10
   0.226393E-01   0.769914E+07   0.765995E+07  -0.937089E+03   0.917448E+03   0.175370E+07   0.766446E+07   0.769256E+07   0.766446E+07  -0.155697E+00   0.165372E+07   0.165308E+07   0.943657E+01   0.214608E+00   0.215352E+00  -0.730442E+10
   0.249980E-01   0.713101E+07   0.708822E+07  -0.699368E+03   0.696854E+03   0.139846E+07   0.709673E+07   0.712383E+07   0.709673E+07  -0.144164E+00   0.153144E+07   0.153080E+07   0.853007E+01   0.162998E+00   0.215278E+00  -0.612604E+10
   0.276023E-01   0.656153E+07   0.651572E+07  -0.546462E+03   0.525827E+03   0.109305E+07   0.652800E+07   0.655384E+07   0.652800E+07  -0.132610E+00   0.140888E+07   0.140825E+07   0.764221E+01   0.122986E+00   0.215217E+00  -0.510403E+10
   0.304780E-01   0.599317E+07   0.594531E+07  -0.443399E+03   0.393858E+03   0.835840E+06   0.596077E+07   0.598514E+07   0.596077E+07  -0.121088E+00   0.128661E+07   0.128599E+07   0.674947E+01   0.921133E-01   0.215165E+00  -0.422125E+10
   0.336533E-01   0.544130E+07   0.539284E+07  -0.290545E+03   0.293249E+03   0.625410E+06   0.541041E+07   0.543316E+07   0.541041E+07  -0.109908E+00   0.116793E+07   0.116734E+07   0.584216E+01   0.685785E-01   0.215121E+00  -0.347032E+10
   0.371593E-01   0.492582E+07   0.487862E+07  -0.196218E+03   0.217711E+03   0.458778E+06   0.489679E+07   0.491789E+07   0.489679E+07  -0.994739E-01   0.105715E+07   0.105660E+07   0.492298E+01   0.509098E-01   0.215085E+00  -0.284476E+10
   0.410307E-01   0.445933E+07   0.441554E+07  -0.172300E+03   0.161649E+03   0.330463E+06   0.443247E+07   0.445198E+07   0.443247E+07  -0.900417E-01   0.956972E+06   0.956479E+06   0.400640E+01   0.377975E-01   0.215054E+00  -0.233222E+10
   0.451338E-01   0.406964E+07   0.403109E+07   0.121927E+03   0.121927E+03   0.237636E+06   0.404506E+07   0.406317E+07   0.404506E+07  -0.821719E-01   0.873094E+06   0.872658E+06   0.322274E+01   0.285129E-01   0.214960E+00  -0.193437E+10
   0.492368E-01   0.376162E+07   0.372919E+07   0.947117E+02   0.947117E+02   0.174250E+06   0.373923E+07   0.375618E+07   0.373923E+07  -0.759590E-01   0.807109E+06   0.806739E+06   0.250257E+01   0.221473E-01   0.214941E+00  -0.163917E+10
   0.533399E-01   0.351338E+07   0.348705E+07   0.753897E+02   0.753897E+02   0.130289E+06   0.349297E+07   0.350896E+07   0.349297E+07  -0.709566E-01   0.753971E+06   0.753663E+06   0.192886E+01   0.176282E-01   0.214926E+00  -0.141348E+10
   0.574430E-01   0.330436E+07   0.328338E+07   0.611488E+02   0.611488E+02   0.994599E+05   0.328569E+07   0.330084E+07   0.328569E+07  -0.667458E-01   0.709238E+06   0.708980E+06   0.149789E+01   0.142976E-01   0.214913E+00  -0.123465E+10
   0.615460E-01   0.311850E+07   0.310162E+07   0.502791E+02   0.502791E+02   0.777088E+05   0.310128E+07   0.311566E+07   0.310128E+07  -0.629998E-01   0.669439E+06   0.669218E+06   0.119648E+01   0.117556E-01   0.214903E+00  -0.108768E+10
   0.656491E-01   0.294340E+07   0.292913E+07   0.417134E+02   0.417134E+02   0.622948E+05   0.292738E+07   0.294100E+07   0.292738E+07  -0.594671E-01   0.631904E+06   0.631706E+06   0.100353E+01   0.975256E-02   0.214895E+00  -0.962533E+09
   0.697522E-01   0.277027E+07   0.275716E+07   0.347776E+02   0.347776E+02   0.513031E+05   0.275521E+07   0.276807E+07   0.275521E+07  -0.559696E-01   0.594743E+06   0.594556E+06   0.893015E+00   0.813074E-02   0.214888E+00  -0.852638E+09
   0.738552E-01   0.260057E+07   0.258740E+07   0.291188E+02   0.291188E+02   0.434818E+05   0.258627E+07   0.259836E+07   0.258627E+07  -0.525377E-01   0.558278E+06   0.558092E+06   0.838944E+00   0.680762E-02   0.214882E+00  -0.755894E+09
   0.779583E-01   0.242880E+07   0.241478E+07   0.244053E+02   0.244053E+02   0.377338E+05   0.241515E+07   0.242645E+07   0.241515E+07  -0.490615E-01   0.521342E+06   0.521152E+06   0.814445E+00   0.570557E-02   0.214878E+00  -0.668728E+09
   0.820614E-01   0.226335E+07   0.224813E+07   0.205220E+02   0.205220E+02   0.334706E+05   0.225025E+07   0.226079E+07   0.225025E+07  -0.457118E-01   0.485750E+06   0.485553E+06   0.799838E+00   0.479767E-02   0.214873E+00  -0.591917E+09
   0.861644E-01   0.210874E+07   0.209242E+07   0.173397E+02   0.173397E+02   0.302330E+05   0.209618E+07   0.210600E+07   0.209618E+07  -0.425820E-01   0.452493E+06   0.452292E+06   0.780197E+00   0.405366E-02   0.214870E+00  -0.525131E+09
   0.912856E-01   0.193680E+07   0.191972E+07   0.141865E+02   0.141865E+02   0.271925E+05   0.192491E+07   0.193393E+07   0.192491E+07  -0.391027E-01   0.415523E+06   0.415321E+06   0.736130E+00   0.331649E-02   0.214866E+00  -0.455170E+09
   0.964067E-01   0.179337E+07   0.177654E+07   0.117763E+02   0.117763E+02   0.249575E+05   0.178219E+07   0.179054E+07   0.178219E+07  -0.362035E-01   0.384715E+06   0.384522E+06   0.667285E+00   0.275304E-02   0.214863E+00  -0.399035E+09
   0.101528E+00   0.168022E+07   0.166466E+07   0.994851E+01   0.994851E+01   0.233147E+05   0.166978E+07   0.167761E+07   0.166978E+07  -0.339201E-01   0.360448E+06   0.360272E+06   0.580237E+00   0.232576E-02   0.214860E+00  -0.355008E+09
   0.106649E+00   0.159325E+07   0.157966E+07   0.855039E+01   0.855039E+01   0.220633E+05   0.158354E+07   0.159097E+07   0.158354E+07  -0.321683E-01   0.341830E+06   0.341674E+06   0.486932E+00   0.199891E-02   0.214857E+00  -0.320506E+09
   0.111770E+00   0.152391E+07   0.151256E+07   0.744735E+01   0.744735E+01   0.209790E+05   0.151490E+07   0.152200E+07   0.151490E+07  -0.307738E-01   0.327009E+06   0.326875E+06   0.399913E+00   0.174106E-02   0.214855E+00  -0.292563E+09
   0.116891E+00   0.146298E+07   0.145366E+07   0.653803E+01   0.653803E+01   0.198577E+05   0.145459E+07   0.146142E+07   0.145459E+07  -0.295488E-01   0.313988E+06   0.313873E+06   0.328856E+00   0.152850E-02   0.214854E+00  -0.268609E+09
   0.122012E+00   0.140326E+07   0.139543E+07   0.575654E+01   0.575654E+01   0.185573E+05   0.139540E+07   0.140195E+07   0.139540E+07  -0.283463E-01   0.301210E+06   0.301108E+06   0.278640E+00   0.134582E-02   0.214852E+00  -0.246863E+09
   0.127134E+00   0.134053E+07   0.133347E+07   0.506536E+01   0.506536E+01   0.170278E+05   0.133309E+07   0.133935E+07   0.133309E+07  -0.270805E-01   0.287759E+06   0.287664E+06   0.249006E+00   0.118424E-02   0.214850E+00  -0.226339E+09
   0.132255E+00   0.127362E+07   0.126667E+07   0.444689E+01   0.444689E+01   0.153103E+05   0.126650E+07   0.127245E+07   0.126650E+07  -0.257279E-01   0.273387E+06   0.273293E+06   0.235606E+00   0.103966E-02   0.214849E+00  -0.206708E+09
   0.137376E+00   0.120388E+07   0.119657E+07   0.389545E+01   0.389545E+01   0.135091E+05   0.119703E+07   0.120265E+07   0.119703E+07  -0.243165E-01   0.258391E+06   0.258296E+06   0.231860E+00   0.910747E-03   0.214848E+00  -0.188086E+09
   0.142497E+00   0.113431E+07   0.112644E+07   0.341076E+01   0.341076E+01   0.117497E+05   0.112768E+07   0.113299E+07   0.112768E+07  -0.229078E-01   0.243424E+06   0.243326E+06   0.230981E+00   0.797433E-03   0.214847E+00  -0.170822E+09
   0.147618E+00   0.106871E+07   0.106037E+07   0.299399E+01   0.299399E+01   0.101382E+05   0.106231E+07   0.106731E+07   0.106231E+07  -0.215799E-01   0.229315E+06   0.229215E+06   0.227631E+00   0.699994E-03   0.214846E+00  -0.155338E+09
   0.152739E+00   0.101071E+07   0.100219E+07   0.264452E+01   0.264452E+01   0.873829E+04   0.100454E+07   0.100928E+07   0.100454E+07  -0.204064E-01   0.216847E+06   0.216747E+06   0.218836E+00   0.618289E-03   0.214845E+00  -0.141966E+09
   0.157860E+00   0.962298E+06   0.953963E+06   0.235705E+01   0.235705E+01   0.756014E+04   0.956387E+06   0.960899E+06   0.956387E+06  -0.194281E-01   0.206452E+06   0.206356E+06   0.204091E+00   0.551077E-03   0.214844E+00  -0.130776E+09
   0.162982E+00   0.923122E+06   0.915322E+06   0.212130E+01   0.212130E+01   0.657293E+04   0.917480E+06   0.921812E+06   0.917480E+06  -0.186378E-01   0.198054E+06   0.197963E+06   0.184853E+00   0.495959E-03   0.214844E+00  -0.121514E+09
   0.168103E+00   0.891155E+06   0.884118E+06   0.192515E+01   0.192515E+01   0.572807E+04   0.885788E+06   0.889973E+06   0.885788E+06  -0.179940E-01   0.191212E+06   0.191130E+06   0.163731E+00   0.450098E-03   0.214843E+00  -0.113743E+09
   0.173224E+00   0.863845E+06   0.857638E+06   0.175766E+01   0.175766E+01   0.498007E+04   0.858744E+06   0.862803E+06   0.858744E+06  -0.174446E-01   0.185374E+06   0.185299E+06   0.143572E+00   0.410938E-03   0.214842E+00  -0.107011E+09
   0.178345E+00   0.838600E+06   0.833132E+06   0.160988E+01   0.160988E+01   0.429523E+04   0.833738E+06   0.837682E+06   0.833738E+06  -0.169366E-01   0.179975E+06   0.179908E+06   0.126658E+00   0.376389E-03   0.214842E+00  -0.100911E+09
   0.183466E+00   0.813015E+06   0.808082E+06   0.147496E+01   0.147496E+01   0.365305E+04   0.808360E+06   0.812187E+06   0.808360E+06  -0.164211E-01   0.174497E+06   0.174434E+06   0.114201E+00   0.344845E-03   0.214841E+00  -0.951091E+08
   0.188587E+00   0.785534E+06   0.780887E+06   0.134880E+01   0.134880E+01   0.304760E+04   0.781054E+06   0.784754E+06   0.781054E+06  -0.158664E-01   0.168603E+06   0.168543E+06   0.106260E+00   0.315347E-03   0.214841E+00  -0.894011E+08
   0.193708E+00   0.756001E+06   0.751409E+06   0.123032E+01   0.123032E+01   0.248335E+04   0.751668E+06   0.755230E+06   0.751668E+06  -0.152695E-01   0.162260E+06   0.162201E+06   0.101959E+00   0.287649E-03   0.214840E+00  -0.837630E+08
   0.198830E+00   0.725383E+06   0.720687E+06   0.112039E+01   0.112039E+01   0.196964E+04   0.721175E+06   0.724595E+06   0.721175E+06  -0.146500E-01   0.155678E+06   0.155619E+06   0.998791E-01   0.261946E-03   0.214840E+00  -0.782952E+08
   0.203951E+00   0.695023E+06   0.690163E+06   0.102018E+01   0.102018E+01   0.151462E+04   0.690929E+06   0.694207E+06   0.690929E+06  -0.140356E-01   0.149150E+06   0.149090E+06   0.984810E-01   0.238515E-03   0.214840E+00  -0.731281E+08
   0.209072E+00   0.666226E+06   0.661237E+06   0.930511E+00   0.930511E+00   0.112443E+04   0.662245E+06   0.665389E+06   0.662245E+06  -0.134529E-01   0.142959E+06   0.142898E+06   0.964946E-01   0.217551E-03   0.214839E+00  -0.683755E+08
   0.214193E+00   0.640110E+06   0.635094E+06   0.851745E+00   0.851745E+00   0.803246E+03   0.636246E+06   0.639268E+06   0.636246E+06  -0.129248E-01   0.137347E+06   0.137287E+06   0.931739E-01   0.199134E-03   0.214839E+00  -0.641206E+08
   0.219314E+00   0.617349E+06   0.612437E+06   0.783528E+00   0.783528E+00   0.553086E+03   0.613609E+06   0.616524E+06   0.613609E+06  -0.124649E-01   0.132460E+06   0.132402E+06   0.883629E-01   0.183184E-03   0.214839E+00  -0.603954E+08
   0.224435E+00   0.597938E+06   0.593252E+06   0.724669E+00   0.724669E+00   0.373826E+03   0.594327E+06   0.597151E+06   0.594327E+06  -0.120732E-01   0.128298E+06   0.128242E+06   0.823964E-01   0.169421E-03   0.214838E+00  -0.571627E+08
   0.229556E+00   0.581259E+06   0.576880E+06   0.673408E+00   0.673408E+00   0.262309E+03   0.577777E+06   0.580524E+06   0.577777E+06  -0.117370E-01   0.124725E+06   0.124673E+06   0.759078E-01   0.157435E-03   0.214838E+00  -0.543313E+08
   0.234678E+00   0.566370E+06   0.562322E+06   0.627875E+00   0.627875E+00   0.212326E+03   0.563014E+06   0.565690E+06   0.563014E+06  -0.114371E-01   0.121538E+06   0.121489E+06   0.696101E-01   0.146789E-03   0.214838E+00  -0.517877E+08
   0.239799E+00   0.552269E+06   0.548523E+06   0.586408E+00   0.586408E+00   0.213725E+03   0.549030E+06   0.551640E+06   0.549030E+06  -0.111531E-01   0.118519E+06   0.118473E+06   0.640984E-01   0.137093E-03   0.214838E+00  -0.494229E+08
   0.244920E+00   0.538107E+06   0.534593E+06   0.547749E+00   0.547749E+00   0.253449E+03   0.534974E+06   0.537517E+06   0.534974E+06  -0.108675E-01   0.115484E+06   0.115440E+06   0.597213E-01   0.128054E-03   0.214837E+00  -0.471506E+08
   0.250041E+00   0.523387E+06   0.520017E+06   0.511173E+00   0.511173E+00   0.317149E+03   0.520348E+06   0.522821E+06   0.520348E+06  -0.105704E-01   0.112327E+06   0.112284E+06   0.565402E-01   0.119503E-03   0.214837E+00  -0.449222E+08
   0.255162E+00   0.508054E+06   0.504746E+06   0.476475E+00   0.476475E+00   0.391581E+03   0.505099E+06   0.507499E+06   0.505099E+06  -0.102606E-01   0.109035E+06   0.108993E+06   0.543672E-01   0.111391E-03   0.214837E+00  -0.427305E+08
   0.260283E+00   0.492392E+06   0.489087E+06   0.443779E+00   0.443779E+00   0.466630E+03   0.489512E+06   0.491837E+06   0.489512E+06  -0.994399E-02   0.105670E+06   0.105629E+06   0.528546E-01   0.103747E-03   0.214837E+00  -0.405970E+08
   0.265404E+00   0.476848E+06   0.473520E+06   0.413325E+00   0.413325E+00   0.535640E+03   0.474038E+06   0.476290E+06   0.474038E+06  -0.962965E-02   0.102330E+06   0.102289E+06   0.516053E-01   0.966279E-04   0.214837E+00  -0.385550E+08
   0.270526E+00   0.461910E+06   0.458567E+06   0.385345E+00   0.385345E+00   0.595230E+03   0.459168E+06   0.461349E+06   0.459168E+06  -0.932759E-02   0.991201E+05   0.990793E+05   0.502763E-01   0.900869E-04   0.214836E+00  -0.366386E+08
   0.275647E+00   0.448006E+06   0.444680E+06   0.359977E+00   0.359977E+00   0.643716E+03   0.445333E+06   0.447448E+06   0.445333E+06  -0.904655E-02   0.961336E+05   0.960934E+05   0.486487E-01   0.841564E-04   0.214836E+00  -0.348745E+08
   0.280768E+00   0.435392E+06   0.432126E+06   0.337191E+00   0.337191E+00   0.680157E+03   0.432789E+06   0.434843E+06   0.432789E+06  -0.879171E-02   0.934256E+05   0.933863E+05   0.466532E-01   0.788298E-04   0.214836E+00  -0.332739E+08
   0.285889E+00   0.424077E+06   0.420915E+06   0.316769E+00   0.316769E+00   0.703411E+03   0.421545E+06   0.423546E+06   0.421545E+06  -0.856331E-02   0.909983E+05   0.909603E+05   0.443540E-01   0.740560E-04   0.214836E+00  -0.318289E+08
   0.291010E+00   0.413863E+06   0.410835E+06   0.298363E+00   0.298363E+00   0.712136E+03   0.411402E+06   0.413355E+06   0.411402E+06  -0.835726E-02   0.888086E+05   0.887721E+05   0.419055E-01   0.697532E-04   0.214836E+00  -0.305164E+08
   0.296131E+00   0.404437E+06   0.401553E+06   0.281579E+00   0.281579E+00   0.705354E+03   0.402044E+06   0.403953E+06   0.402044E+06  -0.816717E-02   0.867885E+05   0.867534E+05   0.394959E-01   0.658297E-04   0.214836E+00  -0.293065E+08
   0.301252E+00   0.395456E+06   0.392708E+06   0.266053E+00   0.266053E+00   0.682828E+03   0.393129E+06   0.394995E+06   0.393129E+06  -0.798605E-02   0.848637E+05   0.848300E+05   0.372930E-01   0.622004E-04   0.214836E+00  -0.281695E+08
   0.306374E+00   0.386616E+06   0.383981E+06   0.251488E+00   0.251488E+00   0.645687E+03   0.384349E+06   0.386174E+06   0.384349E+06  -0.780770E-02   0.829684E+05   0.829359E+05   0.354050E-01   0.587957E-04   0.214836E+00  -0.270800E+08
   0.311495E+00   0.377713E+06   0.375162E+06   0.237687E+00   0.237687E+00   0.596178E+03   0.375502E+06   0.377285E+06   0.375502E+06  -0.762798E-02   0.810586E+05   0.810270E+05   0.338652E-01   0.555694E-04   0.214835E+00  -0.260217E+08
   0.316616E+00   0.368687E+06   0.366190E+06   0.224562E+00   0.224562E+00   0.537596E+03   0.366528E+06   0.368268E+06   0.366528E+06  -0.744568E-02   0.791214E+05   0.790905E+05   0.326370E-01   0.525011E-04   0.214835E+00  -0.249890E+08
   0.321737E+00   0.359612E+06   0.357145E+06   0.212114E+00   0.212114E+00   0.473647E+03   0.357500E+06   0.359198E+06   0.357500E+06  -0.726229E-02   0.771727E+05   0.771422E+05   0.316348E-01   0.495910E-04   0.214835E+00  -0.239856E+08
   0.326858E+00   0.350639E+06   0.348191E+06   0.200387E+00   0.200387E+00   0.408049E+03   0.348572E+06   0.350228E+06   0.348572E+06  -0.708093E-02   0.752456E+05   0.752155E+05   0.307522E-01   0.468494E-04   0.214835E+00  -0.230202E+08
   0.331979E+00   0.341939E+06   0.339510E+06   0.189429E+00   0.189429E+00   0.344306E+03   0.339917E+06   0.341531E+06   0.339917E+06  -0.690510E-02   0.733773E+05   0.733475E+05   0.298901E-01   0.442875E-04   0.214835E+00  -0.221023E+08
   0.337100E+00   0.333660E+06   0.331257E+06   0.179266E+00   0.179266E+00   0.285471E+03   0.331680E+06   0.333256E+06   0.331680E+06  -0.673779E-02   0.715994E+05   0.715701E+05   0.289781E-01   0.419113E-04   0.214835E+00  -0.212391E+08
   0.342222E+00   0.325893E+06   0.323530E+06   0.169890E+00   0.169890E+00   0.234279E+03   0.323957E+06   0.325496E+06   0.323957E+06  -0.658089E-02   0.699322E+05   0.699035E+05   0.279856E-01   0.397193E-04   0.214835E+00  -0.204341E+08
   0.347343E+00   0.318661E+06   0.316352E+06   0.161258E+00   0.161258E+00   0.192809E+03   0.316768E+06   0.318273E+06   0.316768E+06  -0.643485E-02   0.683803E+05   0.683523E+05   0.269198E-01   0.377009E-04   0.214835E+00  -0.196861E+08
   0.352464E+00   0.311913E+06   0.309670E+06   0.153291E+00   0.153291E+00   0.162444E+03   0.310063E+06   0.311536E+06   0.310063E+06  -0.629864E-02   0.669329E+05   0.669056E+05   0.258163E-01   0.358381E-04   0.214835E+00  -0.189894E+08
   0.357585E+00   0.305549E+06   0.303377E+06   0.145895E+00   0.145895E+00   0.143537E+03   0.303741E+06   0.305184E+06   0.303741E+06  -0.617022E-02   0.655681E+05   0.655416E+05   0.247241E-01   0.341088E-04   0.214835E+00  -0.183358E+08
   0.362706E+00   0.299451E+06   0.297348E+06   0.138976E+00   0.138976E+00   0.135367E+03   0.297683E+06   0.299098E+06   0.297683E+06  -0.604717E-02   0.642605E+05   0.642347E+05   0.236914E-01   0.324911E-04   0.214835E+00  -0.177164E+08
   0.367827E+00   0.293511E+06   0.291470E+06   0.132455E+00   0.132455E+00   0.136249E+03   0.291782E+06   0.293169E+06   0.291782E+06  -0.592729E-02   0.629865E+05   0.629614E+05   0.227533E-01   0.309662E-04   0.214835E+00  -0.171234E+08
   0.372948E+00   0.287648E+06   0.285658E+06   0.126269E+00   0.126269E+00   0.143797E+03   0.285955E+06   0.287314E+06   0.285955E+06  -0.580892E-02   0.617286E+05   0.617041E+05   0.219249E-01   0.295200E-04   0.214834E+00  -0.165510E+08
   0.378070E+00   0.281819E+06   0.279870E+06   0.120382E+00   0.120382E+00   0.155517E+03   0.280161E+06   0.281492E+06   0.280161E+06  -0.569121E-02   0.604778E+05   0.604538E+05   0.212011E-01   0.281435E-04   0.214834E+00  -0.159960E+08
   0.383191E+00   0.276031E+06   0.274114E+06   0.114778E+00   0.114778E+00   0.169145E+03   0.274405E+06   0.275709E+06   0.274405E+06  -0.557430E-02   0.592354E+05   0.592118E+05   0.205616E-01   0.268335E-04   0.214834E+00  -0.154580E+08
   0.388312E+00   0.270332E+06   0.268441E+06   0.109462E+00   0.109462E+00   0.183084E+03   0.268738E+06   0.270015E+06   0.268738E+06  -0.545916E-02   0.580119E+05   0.579887E+05   0.199781E-01   0.255907E-04   0.214834E+00  -0.149391E+08
   0.393433E+00   0.264778E+06   0.262911E+06   0.104439E+00   0.104439E+00   0.196379E+03   0.263214E+06   0.264465E+06   0.263214E+06  -0.534695E-02   0.568195E+05   0.567966E+05   0.194215E-01   0.244164E-04   0.214834E+00  -0.144415E+08
   0.398554E+00   0.259414E+06   0.257573E+06   0.997101E-01   0.997101E-01   0.208639E+03   0.257880E+06   0.259105E+06   0.257880E+06  -0.523860E-02   0.556681E+05   0.556456E+05   0.188686E-01   0.233108E-04   0.214834E+00  -0.139671E+08
   0.403675E+00   0.254272E+06   0.252460E+06   0.952690E-01   0.952690E-01   0.219800E+03   0.252767E+06   0.253968E+06   0.252767E+06  -0.513473E-02   0.545643E+05   0.545422E+05   0.183060E-01   0.222726E-04   0.214834E+00  -0.135165E+08
   0.408796E+00   0.249368E+06   0.247589E+06   0.911053E-01   0.911053E-01   0.229866E+03   0.247892E+06   0.249069E+06   0.247892E+06  -0.503570E-02   0.535119E+05   0.534902E+05   0.177318E-01   0.212992E-04   0.214834E+00  -0.130897E+08
   0.413918E+00   0.244698E+06   0.242957E+06   0.872009E-01   0.872009E-01   0.238828E+03   0.243250E+06   0.244406E+06   0.243250E+06  -0.494141E-02   0.525099E+05   0.524886E+05   0.171529E-01   0.203864E-04   0.214834E+00  -0.126857E+08
   0.419039E+00   0.240231E+06   0.238529E+06   0.835298E-01   0.835298E-01   0.246523E+03   0.238811E+06   0.239945E+06   0.238811E+06  -0.485123E-02   0.515516E+05   0.515308E+05   0.165816E-01   0.195282E-04   0.214834E+00  -0.123020E+08
   0.424160E+00   0.235922E+06   0.234260E+06   0.800633E-01   0.800633E-01   0.252749E+03   0.234529E+06   0.235643E+06   0.234529E+06  -0.476425E-02   0.506273E+05   0.506070E+05   0.160310E-01   0.187178E-04   0.214834E+00  -0.119355E+08
   0.429281E+00   0.231733E+06   0.230107E+06   0.767767E-01   0.767767E-01   0.257268E+03   0.230365E+06   0.231460E+06   0.230365E+06  -0.467967E-02   0.497285E+05   0.497085E+05   0.155120E-01   0.179494E-04   0.214834E+00  -0.115838E+08
   0.434402E+00   0.227633E+06   0.226041E+06   0.736511E-01   0.736511E-01   0.259875E+03   0.226291E+06   0.227366E+06   0.226291E+06  -0.459690E-02   0.488490E+05   0.488294E+05   0.150309E-01   0.172187E-04   0.214834E+00  -0.112448E+08
   0.439523E+00   0.223606E+06   0.222044E+06   0.706721E-01   0.706721E-01   0.260393E+03   0.222288E+06   0.223344E+06   0.222288E+06  -0.451558E-02   0.479848E+05   0.479656E+05   0.145883E-01   0.165223E-04   0.214834E+00  -0.109171E+08
   0.444644E+00   0.219643E+06   0.218106E+06   0.678294E-01   0.678294E-01   0.258650E+03   0.218348E+06   0.219385E+06   0.218348E+06  -0.443554E-02   0.471342E+05   0.471153E+05   0.141797E-01   0.158578E-04   0.214834E+00  -0.106001E+08
   0.449766E+00   0.215747E+06   0.214235E+06   0.651177E-01   0.651177E-01   0.254538E+03   0.214475E+06   0.215493E+06   0.214475E+06  -0.435686E-02   0.462982E+05   0.462796E+05   0.137977E-01   0.152239E-04   0.214834E+00  -0.102935E+08
   0.454887E+00   0.211937E+06   0.210446E+06   0.625352E-01   0.625352E-01   0.247994E+03   0.210686E+06   0.211687E+06   0.210686E+06  -0.427990E-02   0.454803E+05   0.454620E+05   0.134336E-01   0.146201E-04   0.214834E+00  -0.999785E+07
   0.460008E+00   0.208230E+06   0.206761E+06   0.600808E-01   0.600808E-01   0.239111E+03   0.207000E+06   0.207983E+06   0.207000E+06  -0.420502E-02   0.446847E+05   0.446666E+05   0.130801E-01   0.140464E-04   0.214834E+00  -0.971359E+07
   0.465129E+00   0.204640E+06   0.203193E+06   0.577517E-01   0.577517E-01   0.228128E+03   0.203430E+06   0.204397E+06   0.203430E+06  -0.413251E-02   0.439141E+05   0.438963E+05   0.127320E-01   0.135019E-04   0.214834E+00  -0.944098E+07
   0.470250E+00   0.201170E+06   0.199746E+06   0.555426E-01   0.555426E-01   0.215470E+03   0.199981E+06   0.200931E+06   0.199981E+06  -0.406243E-02   0.431694E+05   0.431520E+05   0.123871E-01   0.129854E-04   0.214834E+00  -0.917982E+07
   0.475371E+00   0.197817E+06   0.196417E+06   0.534464E-01   0.534464E-01   0.201691E+03   0.196648E+06   0.197582E+06   0.196648E+06  -0.399472E-02   0.424499E+05   0.424328E+05   0.120458E-01   0.124954E-04   0.214834E+00  -0.892957E+07
   0.480492E+00   0.194574E+06   0.193199E+06   0.514557E-01   0.514557E-01   0.187385E+03   0.193424E+06   0.194343E+06   0.193424E+06  -0.392924E-02   0.417541E+05   0.417373E+05   0.117106E-01   0.120300E-04   0.214834E+00  -0.868959E+07
   0.485614E+00   0.191431E+06   0.190082E+06   0.495626E-01   0.495626E-01   0.173117E+03   0.190301E+06   0.191205E+06   0.190301E+06  -0.386579E-02   0.410798E+05   0.410632E+05   0.113852E-01   0.115874E-04   0.214834E+00  -0.845910E+07
   0.490735E+00   0.188375E+06   0.187050E+06   0.477589E-01   0.477589E-01   0.159305E+03   0.187263E+06   0.188153E+06   0.187263E+06  -0.380408E-02   0.404241E+05   0.404078E+05   0.110727E-01   0.111657E-04   0.214834E+00  -0.823721E+07
   0.495856E+00   0.185390E+06   0.184088E+06   0.460363E-01   0.460363E-01   0.146256E+03   0.184296E+06   0.185171E+06   0.184296E+06  -0.374380E-02   0.397836E+05   0.397676E+05   0.107752E-01   0.107630E-04   0.214834E+00  -0.802296E+07
   0.500977E+00   0.182465E+06   0.181184E+06   0.443883E-01   0.443883E-01   0.134149E+03   0.181388E+06   0.182250E+06   0.181388E+06  -0.368473E-02   0.391558E+05   0.391401E+05   0.104933E-01   0.103777E-04   0.214833E+00  -0.781565E+07
   0.506098E+00   0.179596E+06   0.178335E+06   0.428107E-01   0.428107E-01   0.123142E+03   0.178536E+06   0.179384E+06   0.178536E+06  -0.362680E-02   0.385402E+05   0.385247E+05   0.102264E-01   0.100088E-04   0.214833E+00  -0.761493E+07
   0.511219E+00   0.176785E+06   0.175544E+06   0.413007E-01   0.413007E-01   0.113396E+03   0.175742E+06   0.176577E+06   0.175742E+06  -0.357004E-02   0.379371E+05   0.379218E+05   0.997261E-02   0.965578E-05   0.214833E+00  -0.742067E+07
   0.516340E+00   0.174035E+06   0.172812E+06   0.398556E-01   0.398556E-01   0.105110E+03   0.173008E+06   0.173830E+06   0.173008E+06  -0.351450E-02   0.373469E+05   0.373318E+05   0.972954E-02   0.931792E-05   0.214833E+00  -0.723277E+07
   0.521462E+00   0.171347E+06   0.170141E+06   0.384730E-01   0.384730E-01   0.985166E+02   0.170335E+06   0.171145E+06   0.170335E+06  -0.346021E-02   0.367699E+05   0.367551E+05   0.949468E-02   0.899465E-05   0.214833E+00  -0.705111E+07
   0.526583E+00   0.168724E+06   0.167535E+06   0.371507E-01   0.371507E-01   0.938118E+02   0.167727E+06   0.168524E+06   0.167727E+06  -0.340723E-02   0.362070E+05   0.361924E+05   0.926606E-02   0.868549E-05   0.214833E+00  -0.687563E+07
   0.531704E+00   0.166170E+06   0.164998E+06   0.358870E-01   0.358870E-01   0.911238E+02   0.165189E+06   0.165974E+06   0.165189E+06  -0.335566E-02   0.356590E+05   0.356445E+05   0.904256E-02   0.839001E-05   0.214833E+00  -0.670634E+07
   0.536825E+00   0.163687E+06   0.162533E+06   0.346794E-01   0.346794E-01   0.904323E+02   0.162720E+06   0.163493E+06   0.162720E+06  -0.330551E-02   0.351261E+05   0.351119E+05   0.882384E-02   0.810767E-05   0.214833E+00  -0.654310E+07
   0.541946E+00   0.161270E+06   0.160133E+06   0.335247E-01   0.335247E-01   0.915773E+02   0.160318E+06   0.161079E+06   0.160318E+06  -0.325671E-02   0.346075E+05   0.345935E+05   0.861013E-02   0.783770E-05   0.214833E+00  -0.638558E+07
   0.547067E+00   0.158914E+06   0.157795E+06   0.324194E-01   0.324194E-01   0.942457E+02   0.157975E+06   0.158726E+06   0.157975E+06  -0.320913E-02   0.341019E+05   0.340881E+05   0.840207E-02   0.757926E-05   0.214833E+00  -0.623339E+07
   0.559946E+00   0.153234E+06   0.152156E+06   0.298392E-01   0.298392E-01   0.104778E+03   0.152329E+06   0.153053E+06   0.152329E+06  -0.309443E-02   0.328830E+05   0.328697E+05   0.790869E-02   0.697603E-05   0.214833E+00  -0.587235E+07
   0.593872E+00   0.139627E+06   0.138644E+06   0.241718E-01   0.241718E-01   0.112897E+03   0.138803E+06   0.139462E+06   0.138803E+06  -0.281965E-02   0.299631E+05   0.299509E+05   0.680872E-02   0.565115E-05   0.214833E+00  -0.504522E+07
   0.629853E+00   0.127196E+06   0.126301E+06   0.195757E-01   0.195757E-01   0.700818E+02   0.126444E+06   0.127045E+06   0.126444E+06  -0.256860E-02   0.272953E+05   0.272843E+05   0.585149E-02   0.457667E-05   0.214833E+00  -0.433347E+07
   0.879031E+00   0.743548E+05   0.738317E+05   0.587523E-02   0.587523E-02   0.144721E+02   0.739156E+05   0.742670E+05   0.739156E+05  -0.150153E-02   0.159560E+05   0.159495E+05   0.247803E-02   0.137357E-05   0.214833E+00  -0.181513E+07
   0.122679E+01   0.429407E+05   0.426386E+05   0.174203E-02   0.174203E-02   0.551538E+01   0.426870E+05   0.428900E+05   0.426870E+05  -0.867149E-03   0.921479E+04   0.921094E+04   0.104764E-02   0.407272E-06   0.214832E+00  -0.751107E+06
   0.171212E+01   0.245409E+05   0.243681E+05   0.511149E-03   0.511149E-03   0.170982E+01   0.243959E+05   0.245119E+05   0.243959E+05  -0.495581E-03   0.526632E+04   0.526403E+04   0.446974E-03   0.119502E-06   0.214832E+00  -0.307580E+06
   0.238945E+01   0.138997E+05   0.138016E+05   0.148638E-03   0.148638E-03   0.390073E+00   0.138175E+05   0.138832E+05   0.138175E+05  -0.280690E-03   0.298278E+04   0.298137E+04   0.195677E-03   0.347503E-07   0.214831E+00  -0.124826E+06
