#          k/h    CDM            baryon         photon         nu             mass_nu        total          no_nu          total_de       Weyl           v_CDM          v_b            v_b-v_c        ISW            log_grow       pert_vel    
   0.994668E-05   0.661443E+08   0.661443E+08   0.881729E+08   0.881725E+08   0.661482E+08   0.661443E+08   0.661443E+08   0.661679E+08  -0.448204E+00   0.462508E+07   0.462508E+07   0.719253E+01   0.221055E+06   0.938967E+00  -0.465004E+14
   0.109829E-04   0.661299E+08   0.661299E+08   0.881494E+08   0.881489E+08   0.661338E+08   0.661299E+08   0.661299E+08   0.661534E+08  -0.448106E+00   0.462481E+07   0.462481E+07   0.794149E+01   0.182006E+06   0.938717E+00  -0.421105E+14
   0.121272E-04   0.661123E+08   0.661123E+08   0.881208E+08   0.881202E+08   0.661162E+08   0.661123E+08   0.661123E+08   0.661359E+08  -0.447987E+00   0.462448E+07   0.462448E+07   0.876836E+01   0.149978E+06   0.938413E+00  -0.381346E+14
   0.133906E-04   0.660909E+08   0.660909E+08   0.880859E+08   0.880852E+08   0.660948E+08   0.660909E+08   0.660909E+08   0.661145E+08  -0.447843E+00   0.462407E+07   0.462407E+07   0.968119E+01   0.123707E+06   0.938042E+00  -0.345335E+14
   0.147857E-04   0.660649E+08   0.660649E+08   0.880435E+08   0.880425E+08   0.660688E+08   0.660649E+08   0.660649E+08   0.660884E+08  -0.447666E+00   0.462358E+07   0.462358E+07   0.106889E+02   0.102159E+06   0.937590E+00  -0.312718E+14
   0.163261E-04   0.660331E+08   0.660331E+08   0.879917E+08   0.879906E+08   0.660370E+08   0.660331E+08   0.660331E+08   0.660567E+08  -0.447451E+00   0.462299E+07   0.462299E+07   0.118013E+02   0.844835E+05   0.937040E+00  -0.283176E+14
   0.180270E-04   0.659945E+08   0.659945E+08   0.879288E+08   0.879273E+08   0.659983E+08   0.659945E+08   0.659945E+08   0.660180E+08  -0.447189E+00   0.462226E+07   0.462226E+07   0.130291E+02   0.699843E+05   0.936370E+00  -0.256417E+14
   0.199051E-04   0.659475E+08   0.659475E+08   0.878521E+08   0.878503E+08   0.659513E+08   0.659475E+08   0.659475E+08   0.659710E+08  -0.446871E+00   0.462138E+07   0.462138E+07   0.143843E+02   0.580898E+05   0.935556E+00  -0.232179E+14
   0.219788E-04   0.658903E+08   0.658903E+08   0.877588E+08   0.877566E+08   0.658940E+08   0.658903E+08   0.658903E+08   0.659137E+08  -0.446483E+00   0.462030E+07   0.462030E+07   0.158799E+02   0.483312E+05   0.934564E+00  -0.210224E+14
   0.242687E-04   0.658207E+08   0.658207E+08   0.876453E+08   0.876427E+08   0.658244E+08   0.658207E+08   0.658207E+08   0.658441E+08  -0.446012E+00   0.461899E+07   0.461899E+07   0.175303E+02   0.403239E+05   0.933359E+00  -0.190335E+14
   0.267970E-04   0.657361E+08   0.657361E+08   0.875072E+08   0.875041E+08   0.657398E+08   0.657361E+08   0.657361E+08   0.657595E+08  -0.445439E+00   0.461740E+07   0.461740E+07   0.193513E+02   0.337523E+05   0.931895E+00  -0.172317E+14
   0.295888E-04   0.656334E+08   0.656334E+08   0.873395E+08   0.873357E+08   0.656370E+08   0.656334E+08   0.656334E+08   0.656568E+08  -0.444743E+00   0.461546E+07   0.461546E+07   0.213602E+02   0.283574E+05   0.930117E+00  -0.155993E+14
   0.326714E-04   0.655088E+08   0.655088E+08   0.871358E+08   0.871312E+08   0.655123E+08   0.655088E+08   0.655088E+08   0.655321E+08  -0.443898E+00   0.461311E+07   0.461311E+07   0.235758E+02   0.239266E+05   0.927961E+00  -0.141202E+14
   0.360752E-04   0.653577E+08   0.653577E+08   0.868888E+08   0.868831E+08   0.653611E+08   0.653577E+08   0.653577E+08   0.653809E+08  -0.442874E+00   0.461025E+07   0.461025E+07   0.260189E+02   0.202854E+05   0.925348E+00  -0.127800E+14
   0.398336E-04   0.651747E+08   0.651747E+08   0.865893E+08   0.865823E+08   0.651780E+08   0.651747E+08   0.651747E+08   0.651979E+08  -0.441635E+00   0.460679E+07   0.460678E+07   0.287121E+02   0.172903E+05   0.922186E+00  -0.115655E+14
   0.439836E-04   0.649535E+08   0.649535E+08   0.862268E+08   0.862184E+08   0.649566E+08   0.649535E+08   0.649535E+08   0.649765E+08  -0.440135E+00   0.460259E+07   0.460258E+07   0.316798E+02   0.148236E+05   0.918365E+00  -0.104647E+14
   0.485659E-04   0.646864E+08   0.646864E+08   0.857888E+08   0.857785E+08   0.646893E+08   0.646865E+08   0.646864E+08   0.647094E+08  -0.438326E+00   0.459751E+07   0.459750E+07   0.349486E+02   0.127881E+05   0.913759E+00  -0.946688E+13
   0.536256E-04   0.643648E+08   0.643648E+08   0.852603E+08   0.852478E+08   0.643675E+08   0.643648E+08   0.643648E+08   0.643876E+08  -0.436147E+00   0.459137E+07   0.459136E+07   0.385472E+02   0.111041E+05   0.908217E+00  -0.856220E+13
   0.592125E-04   0.639785E+08   0.639784E+08   0.846243E+08   0.846091E+08   0.639808E+08   0.639785E+08   0.639784E+08   0.640011E+08  -0.433529E+00   0.458396E+07   0.458395E+07   0.425062E+02   0.970565E+04   0.901568E+00  -0.774183E+13
   0.653814E-04   0.635157E+08   0.635157E+08   0.838608E+08   0.838423E+08   0.635178E+08   0.635157E+08   0.635157E+08   0.635381E+08  -0.430393E+00   0.457505E+07   0.457504E+07   0.468583E+02   0.853848E+04   0.893620E+00  -0.699774E+13
   0.721930E-04   0.629636E+08   0.629636E+08   0.829472E+08   0.829248E+08   0.629652E+08   0.629636E+08   0.629636E+08   0.629858E+08  -0.426652E+00   0.456436E+07   0.456435E+07   0.516380E+02   0.755764E+04   0.884155E+00  -0.632268E+13
   0.797142E-04   0.623077E+08   0.623077E+08   0.818582E+08   0.818309E+08   0.623088E+08   0.623077E+08   0.623077E+08   0.623296E+08  -0.422208E+00   0.455158E+07   0.455157E+07   0.568814E+02   0.672598E+04   0.872939E+00  -0.571008E+13
   0.880190E-04   0.615326E+08   0.615325E+08   0.805658E+08   0.805327E+08   0.615330E+08   0.615326E+08   0.615326E+08   0.615541E+08  -0.416956E+00   0.453635E+07   0.453634E+07   0.626255E+02   0.601281E+04   0.859723E+00  -0.515402E+13
   0.971891E-04   0.606221E+08   0.606221E+08   0.790402E+08   0.790001E+08   0.606218E+08   0.606221E+08   0.606221E+08   0.606432E+08  -0.410786E+00   0.451830E+07   0.451828E+07   0.689076E+02   0.539287E+04   0.844256E+00  -0.464915E+13
   0.107314E-03   0.595605E+08   0.595604E+08   0.772501E+08   0.772017E+08   0.595592E+08   0.595605E+08   0.595605E+08   0.595811E+08  -0.403593E+00   0.449702E+07   0.449699E+07   0.757643E+02   0.484555E+04   0.826297E+00  -0.419066E+13
   0.118495E-03   0.583328E+08   0.583327E+08   0.751647E+08   0.751063E+08   0.583304E+08   0.583328E+08   0.583328E+08   0.583529E+08  -0.395274E+00   0.447208E+07   0.447205E+07   0.832302E+02   0.435429E+04   0.805635E+00  -0.377421E+13
   0.130840E-03   0.569268E+08   0.569267E+08   0.727548E+08   0.726845E+08   0.569230E+08   0.569268E+08   0.569268E+08   0.569462E+08  -0.385746E+00   0.444309E+07   0.444306E+07   0.913362E+02   0.390618E+04   0.782114E+00  -0.339595E+13
   0.144471E-03   0.553342E+08   0.553341E+08   0.699954E+08   0.699110E+08   0.553287E+08   0.553342E+08   0.553342E+08   0.553529E+08  -0.374954E+00   0.440967E+07   0.440963E+07   0.100107E+03   0.349158E+04   0.755661E+00  -0.305239E+13
   0.159522E-03   0.535526E+08   0.535524E+08   0.668680E+08   0.667671E+08   0.535450E+08   0.535525E+08   0.535526E+08   0.535704E+08  -0.362881E+00   0.437152E+07   0.437147E+07   0.109558E+03   0.310388E+04   0.726316E+00  -0.274048E+13
   0.176142E-03   0.515869E+08   0.515866E+08   0.633636E+08   0.632433E+08   0.515768E+08   0.515868E+08   0.515868E+08   0.516037E+08  -0.349560E+00   0.432846E+07   0.432840E+07   0.119691E+03   0.273919E+04   0.694256E+00  -0.245746E+13
   0.194493E-03   0.494508E+08   0.494505E+08   0.594847E+08   0.593422E+08   0.494377E+08   0.494507E+08   0.494507E+08   0.494665E+08  -0.335084E+00   0.428045E+07   0.428038E+07   0.130494E+03   0.239594E+04   0.659813E+00  -0.220090E+13
   0.214755E-03   0.471674E+08   0.471671E+08   0.552477E+08   0.550798E+08   0.471507E+08   0.471672E+08   0.471673E+08   0.471820E+08  -0.319610E+00   0.422766E+07   0.422756E+07   0.141928E+03   0.207435E+04   0.623481E+00  -0.196866E+13
   0.237129E-03   0.447688E+08   0.447685E+08   0.506837E+08   0.504874E+08   0.447478E+08   0.447687E+08   0.447688E+08   0.447822E+08  -0.303355E+00   0.417045E+07   0.417034E+07   0.153929E+03   0.177588E+04   0.585895E+00  -0.175878E+13
   0.261834E-03   0.422950E+08   0.422945E+08   0.458392E+08   0.456118E+08   0.422686E+08   0.422948E+08   0.422949E+08   0.423070E+08  -0.286588E+00   0.410944E+07   0.410931E+07   0.166395E+03   0.150255E+04   0.547800E+00  -0.156953E+13
   0.289112E-03   0.397909E+08   0.397903E+08   0.407756E+08   0.405152E+08   0.397580E+08   0.397906E+08   0.397908E+08   0.398015E+08  -0.269616E+00   0.404546E+07   0.404530E+07   0.179181E+03   0.125624E+04   0.509999E+00  -0.139931E+13
   0.319233E-03   0.373035E+08   0.373029E+08   0.355684E+08   0.352743E+08   0.372628E+08   0.373032E+08   0.373034E+08   0.373127E+08  -0.252756E+00   0.397949E+07   0.397931E+07   0.192090E+03   0.103825E+04   0.473290E+00  -0.124662E+13
   0.352491E-03   0.348786E+08   0.348778E+08   0.303071E+08   0.299806E+08   0.348285E+08   0.348782E+08   0.348785E+08   0.348863E+08  -0.236318E+00   0.391268E+07   0.391246E+07   0.204865E+03   0.848901E+03   0.438403E+00  -0.111004E+13
   0.389215E-03   0.325571E+08   0.325562E+08   0.250949E+08   0.247398E+08   0.324956E+08   0.325567E+08   0.325570E+08   0.325634E+08  -0.220580E+00   0.384617E+07   0.384592E+07   0.217183E+03   0.687440E+03   0.405947E+00  -0.988214E+12
   0.429764E-03   0.303728E+08   0.303717E+08   0.200492E+08   0.196726E+08   0.302975E+08   0.303723E+08   0.303727E+08   0.303776E+08  -0.205771E+00   0.378110E+07   0.378080E+07   0.228652E+03   0.552158E+03   0.376371E+00  -0.879829E+12
   0.474538E-03   0.283508E+08   0.283495E+08   0.153005E+08   0.149135E+08   0.282588E+08   0.283501E+08   0.283506E+08   0.283542E+08  -0.192061E+00   0.371846E+07   0.371812E+07   0.238818E+03   0.440604E+03   0.349950E+00  -0.783612E+12
   0.523976E-03   0.265067E+08   0.265052E+08   0.109885E+08   0.106052E+08   0.263947E+08   0.265060E+08   0.265065E+08   0.265089E+08  -0.179556E+00   0.365907E+07   0.365868E+07   0.247183E+03   0.349885E+03   0.326785E+00  -0.698341E+12
   0.578566E-03   0.248477E+08   0.248460E+08   0.725120E+07   0.688746E+07   0.247114E+08   0.248468E+08   0.248474E+08   0.248487E+08  -0.168305E+00   0.360354E+07   0.360310E+07   0.253237E+03   0.276960E+03   0.306826E+00  -0.622851E+12
   0.638842E-03   0.233731E+08   0.233711E+08   0.420478E+07   0.387516E+07   0.232075E+08   0.233720E+08   0.233728E+08   0.233731E+08  -0.158305E+00   0.355224E+07   0.355175E+07   0.256508E+03   0.218872E+03   0.289900E+00  -0.556051E+12
   0.705398E-03   0.220761E+08   0.220738E+08   0.191535E+07   0.162795E+07   0.218754E+08   0.220748E+08   0.220757E+08   0.220753E+08  -0.149508E+00   0.350529E+07   0.350475E+07   0.256628E+03   0.172912E+03   0.275749E+00  -0.496929E+12
   0.778888E-03   0.209455E+08   0.209428E+08   0.368792E+06   0.119419E+06   0.207026E+08   0.209439E+08   0.209450E+08   0.209439E+08  -0.141841E+00   0.346264E+07   0.346204E+07   0.253392E+03   0.136710E+03   0.264064E+00  -0.444565E+12
   0.860035E-03   0.199670E+08   0.199640E+08  -0.544656E+06  -0.777160E+06   0.196738E+08   0.199651E+08   0.199665E+08   0.199649E+08  -0.135206E+00   0.342404E+07   0.342340E+07   0.246806E+03   0.108263E+03   0.254514E+00  -0.398130E+12
   0.949635E-03   0.191249E+08   0.191216E+08  -0.100950E+07  -0.126333E+07   0.187718E+08   0.191227E+08   0.191243E+08   0.191224E+08  -0.129496E+00   0.338913E+07   0.338845E+07   0.237085E+03   0.859241E+02   0.246776E+00  -0.356889E+12
   0.104857E-02   0.184029E+08   0.183993E+08  -0.121674E+07  -0.153967E+07   0.179787E+08   0.184003E+08   0.184023E+08   0.183999E+08  -0.124601E+00   0.335746E+07   0.335675E+07   0.224605E+03   0.683676E+02   0.240544E+00  -0.320194E+12
   0.115781E-02   0.177850E+08   0.177812E+08  -0.127470E+07  -0.170985E+07   0.172769E+08   0.177819E+08   0.177844E+08   0.177816E+08  -0.120411E+00   0.332852E+07   0.332779E+07   0.209829E+03   0.545431E+02   0.235549E+00  -0.287483E+12
   0.127844E-02   0.172560E+08   0.172521E+08  -0.117460E+07  -0.174629E+07   0.166499E+08   0.172525E+08   0.172554E+08   0.172521E+08  -0.116824E+00   0.330177E+07   0.330103E+07   0.193275E+03   0.436281E+02   0.231555E+00  -0.258266E+12
   0.141163E-02   0.168020E+08   0.167979E+08  -0.880824E+06  -0.158969E+07   0.160828E+08   0.167979E+08   0.168013E+08   0.167976E+08  -0.113745E+00   0.327668E+07   0.327594E+07   0.175559E+03   0.349833E+02   0.228365E+00  -0.232120E+12
   0.155869E-02   0.164101E+08   0.164060E+08  -0.482294E+06   0.412866E+06   0.155619E+08   0.164054E+08   0.164094E+08   0.164054E+08  -0.111089E+00   0.325265E+07   0.325191E+07   0.157467E+03   0.281160E+02   0.225816E+00  -0.208678E+12
   0.172108E-02   0.160692E+08   0.160650E+08  -0.182287E+06   0.331595E+06   0.150749E+08   0.160638E+08   0.160685E+08   0.160637E+08  -0.108775E+00   0.322927E+07   0.322855E+07   0.139908E+03   0.226394E+02   0.223779E+00  -0.187630E+12
   0.190039E-02   0.157690E+08   0.157648E+08  -0.621999E+05   0.266893E+06   0.146119E+08   0.157628E+08   0.157683E+08   0.157628E+08  -0.106737E+00   0.320604E+07   0.320533E+07   0.123700E+03   0.182591E+02   0.222149E+00  -0.168704E+12
   0.209838E-02   0.155008E+08   0.154967E+08  -0.165739E+05   0.215182E+06   0.141644E+08   0.154938E+08   0.155001E+08   0.154938E+08  -0.104916E+00   0.318245E+07   0.318176E+07   0.109409E+03   0.147453E+02   0.220841E+00  -0.151663E+12
   0.231699E-02   0.152570E+08   0.152528E+08  -0.344282E+05   0.173715E+06   0.137258E+08   0.152490E+08   0.152563E+08   0.152490E+08  -0.103258E+00   0.315806E+07   0.315738E+07   0.973247E+02   0.119191E+02   0.219788E+00  -0.136300E+12
   0.255838E-02   0.150307E+08   0.150264E+08  -0.138860E+06   0.140367E+06   0.132905E+08   0.150217E+08   0.150300E+08   0.150217E+08  -0.101719E+00   0.313244E+07   0.313177E+07   0.873692E+02   0.964084E+01   0.218938E+00  -0.122439E+12
   0.282492E-02   0.148161E+08   0.148117E+08  -0.168108E+06   0.113485E+06   0.128542E+08   0.148061E+08   0.148154E+08   0.148061E+08  -0.100259E+00   0.310520E+07   0.310453E+07   0.790304E+02   0.780072E+01   0.218250E+00  -0.109922E+12
   0.311923E-02   0.146083E+08   0.146036E+08  -0.136215E+06   0.917740E+05   0.124128E+08   0.145971E+08   0.146075E+08   0.145971E+08  -0.988432E-01   0.307597E+07   0.307530E+07   0.716452E+02   0.631228E+01   0.217691E+00  -0.986132E+11
   0.344419E-02   0.144027E+08   0.143978E+08  -0.688208E+05   0.742134E+05   0.119626E+08   0.143904E+08   0.144019E+08   0.143904E+08  -0.974431E-01   0.304440E+07   0.304374E+07   0.646845E+02   0.510693E+01   0.217236E+00  -0.883923E+11
   0.380302E-02   0.141957E+08   0.141904E+08  -0.390219E+05   0.599942E+05   0.115002E+08   0.141820E+08   0.141948E+08   0.141820E+08  -0.960324E-01   0.301018E+07   0.300952E+07   0.580281E+02   0.413003E+01   0.216865E+00  -0.791525E+11
   0.419923E-02   0.139838E+08   0.139782E+08  -0.438320E+05   0.484723E+05   0.110228E+08   0.139688E+08   0.139828E+08   0.139688E+08  -0.945885E-01   0.297300E+07   0.297235E+07   0.519201E+02   0.333783E+01   0.216561E+00  -0.707987E+11
   0.463671E-02   0.137640E+08   0.137581E+08  -0.551973E+05   0.391319E+05   0.105287E+08   0.137477E+08   0.137630E+08   0.137477E+08  -0.930914E-01   0.293256E+07   0.293191E+07   0.466071E+02   0.269523E+01   0.216311E+00  -0.632465E+11
   0.511978E-02   0.135339E+08   0.135274E+08  -0.315281E+05   0.315591E+05   0.100180E+08   0.135162E+08   0.135328E+08   0.135162E+08  -0.915236E-01   0.288858E+07   0.288794E+07   0.419999E+02   0.217397E+01   0.216105E+00  -0.564200E+11
   0.565317E-02   0.132915E+08   0.132844E+08  -0.107260E+05   0.254208E+05   0.946641E+07   0.132722E+08   0.132903E+08   0.132722E+08  -0.898714E-01   0.284088E+07   0.284024E+07   0.378068E+02   0.175130E+01   0.215933E+00  -0.502528E+11
   0.624213E-02   0.130338E+08   0.130260E+08  -0.454462E+04   0.204456E+05   0.890641E+07   0.130130E+08   0.130325E+08   0.130130E+08  -0.881161E-01   0.278903E+07   0.278839E+07   0.339348E+02   0.140863E+01   0.215791E+00  -0.446806E+11
   0.689245E-02   0.127594E+08   0.127507E+08   0.248061E+05   0.164161E+05   0.832541E+07   0.127369E+08   0.127579E+08   0.127369E+08  -0.862469E-01   0.273285E+07   0.273222E+07   0.305121E+02   0.113103E+01   0.215671E+00  -0.396498E+11
   0.761052E-02   0.124664E+08   0.124567E+08   0.198936E+05   0.131551E+05   0.773218E+07   0.124424E+08   0.124648E+08   0.124424E+08  -0.842524E-01   0.267210E+07   0.267147E+07   0.274955E+02   0.906354E+00   0.215571E+00  -0.351105E+11
   0.840340E-02   0.121534E+08   0.121423E+08  -0.111661E+04   0.105186E+05   0.713541E+07   0.121278E+08   0.121515E+08   0.121278E+08  -0.821218E-01   0.260654E+07   0.260592E+07   0.247644E+02   0.724675E+00   0.215486E+00  -0.310176E+11
   0.927889E-02   0.118188E+08   0.118062E+08   0.125564E+05   0.838957E+04   0.653503E+07   0.117917E+08   0.118167E+08   0.117917E+08  -0.798459E-01   0.253597E+07   0.253534E+07   0.223391E+02   0.577968E+00   0.215413E+00  -0.273304E+11
   0.102456E-01   0.114613E+08   0.114471E+08   0.180364E+04   0.667281E+04   0.593089E+07   0.114328E+08   0.114590E+08   0.114328E+08  -0.774158E-01   0.246017E+07   0.245955E+07   0.201830E+02   0.459666E+00   0.215352E+00  -0.240118E+11
   0.113130E-01   0.110798E+08   0.110635E+08   0.486278E+04   0.529064E+04   0.532988E+07   0.110499E+08   0.110771E+08   0.110499E+08  -0.748231E-01   0.237893E+07   0.237831E+07   0.182634E+02   0.364420E+00   0.215298E+00  -0.210281E+11
   0.124916E-01   0.106731E+08   0.106544E+08   0.133741E+04   0.417988E+04   0.473999E+07   0.106419E+08   0.106700E+08   0.106419E+08  -0.720605E-01   0.229205E+07   0.229143E+07   0.165596E+02   0.287883E+00   0.215252E+00  -0.183486E+11
   0.137930E-01   0.102403E+08   0.102189E+08   0.410531E+04   0.328912E+04   0.416715E+07   0.102080E+08   0.102367E+08   0.102080E+08  -0.691223E-01   0.219941E+07   0.219878E+07   0.150445E+02   0.226508E+00   0.215212E+00  -0.159456E+11
   0.152300E-01   0.978094E+07   0.975646E+07  -0.382501E+04   0.257653E+04   0.361451E+07   0.974766E+07   0.977683E+07   0.974766E+07  -0.660051E-01   0.210090E+07   0.210027E+07   0.136932E+02   0.177415E+00   0.215176E+00  -0.137943E+11
   0.168167E-01   0.930567E+07   0.927781E+07   0.764544E+03   0.201041E+04   0.309555E+07   0.927162E+07   0.930099E+07   0.927162E+07  -0.627816E-01   0.199887E+07   0.199824E+07   0.124912E+02   0.138416E+00   0.215145E+00  -0.118860E+11
   0.185687E-01   0.879605E+07   0.876453E+07   0.137700E+04   0.155848E+04   0.260757E+07   0.876150E+07   0.879076E+07   0.876150E+07  -0.593274E-01   0.188937E+07   0.188874E+07   0.113946E+02   0.107287E+00   0.215118E+00  -0.101748E+11
   0.205033E-01   0.826295E+07   0.822759E+07  -0.292489E+04   0.120065E+04   0.215992E+07   0.822816E+07   0.825701E+07   0.822815E+07  -0.557159E-01   0.177476E+07   0.177412E+07   0.103871E+02   0.826436E-01   0.215094E+00  -0.865579E+10
   0.226393E-01   0.770201E+07   0.766282E+07  -0.910372E+03   0.917790E+03   0.175470E+07   0.766732E+07   0.769543E+07   0.766732E+07  -0.519182E-01   0.165413E+07   0.165349E+07   0.943794E+01   0.631662E-01   0.215072E+00  -0.730622E+10
   0.249980E-01   0.713322E+07   0.709043E+07  -0.597032E+03   0.697070E+03   0.139906E+07   0.709893E+07   0.712603E+07   0.709893E+07  -0.480695E-01   0.153178E+07   0.153114E+07   0.853102E+01   0.479694E-01   0.215053E+00  -0.612742E+10
   0.276023E-01   0.656322E+07   0.651741E+07  -0.675362E+03   0.525963E+03   0.109339E+07   0.652968E+07   0.655553E+07   0.652968E+07  -0.442149E-01   0.140918E+07   0.140854E+07   0.764287E+01   0.361901E-01   0.215036E+00  -0.510509E+10
   0.304780E-01   0.599446E+07   0.594660E+07  -0.554044E+03   0.393942E+03   0.836008E+06   0.596205E+07   0.598643E+07   0.596205E+07  -0.403713E-01   0.128686E+07   0.128624E+07   0.674991E+01   0.271030E-01   0.215020E+00  -0.422206E+10
   0.336533E-01   0.544228E+07   0.539382E+07  -0.225019E+03   0.293302E+03   0.625482E+06   0.541139E+07   0.543415E+07   0.541139E+07  -0.366425E-01   0.116814E+07   0.116755E+07   0.584246E+01   0.201768E-01   0.215007E+00  -0.347095E+10
   0.371593E-01   0.492657E+07   0.487936E+07  -0.224232E+02   0.217744E+03   0.458799E+06   0.489753E+07   0.491864E+07   0.489753E+07  -0.331630E-01   0.105733E+07   0.105678E+07   0.492318E+01   0.149775E-01   0.214995E+00  -0.284524E+10
   0.410307E-01   0.445991E+07   0.441611E+07  -0.109096E+03   0.161670E+03   0.330460E+06   0.443304E+07   0.445255E+07   0.443304E+07  -0.300178E-01   0.957128E+06   0.956635E+06   0.400654E+01   0.111193E-01   0.214985E+00  -0.233260E+10
   0.451338E-01   0.407029E+07   0.403174E+07   0.121946E+03   0.121946E+03   0.237754E+06   0.404571E+07   0.406381E+07   0.404571E+07  -0.273950E-01   0.873471E+06   0.873035E+06   0.322278E+01   0.838753E-02   0.214955E+00  -0.193520E+10
   0.492368E-01   0.376217E+07   0.372973E+07   0.947254E+02   0.947254E+02   0.174348E+06   0.373977E+07   0.375672E+07   0.373977E+07  -0.253233E-01   0.807454E+06   0.807084E+06   0.250260E+01   0.651479E-02   0.214948E+00  -0.163987E+10
   0.533399E-01   0.351385E+07   0.348752E+07   0.753998E+02   0.753998E+02   0.130373E+06   0.349344E+07   0.350943E+07   0.349344E+07  -0.236554E-01   0.754291E+06   0.753982E+06   0.192889E+01   0.518533E-02   0.214942E+00  -0.141408E+10
   0.574430E-01   0.330477E+07   0.328379E+07   0.611565E+02   0.611565E+02   0.995327E+05   0.328610E+07   0.330125E+07   0.328610E+07  -0.222514E-01   0.709536E+06   0.709278E+06   0.149791E+01   0.420557E-02   0.214938E+00  -0.123517E+10
   0.615460E-01   0.311886E+07   0.310199E+07   0.502851E+02   0.502851E+02   0.777731E+05   0.310165E+07   0.311603E+07   0.310165E+07  -0.210024E-01   0.669719E+06   0.669498E+06   0.119649E+01   0.345781E-02   0.214934E+00  -0.108814E+10
   0.656491E-01   0.294373E+07   0.292946E+07   0.417181E+02   0.417181E+02   0.623525E+05   0.292771E+07   0.294133E+07   0.292771E+07  -0.198246E-01   0.632167E+06   0.631969E+06   0.100354E+01   0.286859E-02   0.214930E+00  -0.962933E+09
   0.697522E-01   0.277057E+07   0.275746E+07   0.347813E+02   0.347813E+02   0.513555E+05   0.275551E+07   0.276837E+07   0.275551E+07  -0.186586E-01   0.594990E+06   0.594803E+06   0.893023E+00   0.239153E-02   0.214928E+00  -0.852992E+09
   0.738552E-01   0.260084E+07   0.258767E+07   0.291218E+02   0.291218E+02   0.435297E+05   0.258653E+07   0.259863E+07   0.258653E+07  -0.175144E-01   0.558508E+06   0.558323E+06   0.838951E+00   0.200234E-02   0.214925E+00  -0.756206E+09
   0.779583E-01   0.242905E+07   0.241502E+07   0.244077E+02   0.244077E+02   0.377777E+05   0.241539E+07   0.242669E+07   0.241539E+07  -0.163555E-01   0.521557E+06   0.521366E+06   0.814450E+00   0.167818E-02   0.214923E+00  -0.669004E+09
   0.820614E-01   0.226357E+07   0.224835E+07   0.205240E+02   0.205240E+02   0.335107E+05   0.225047E+07   0.226101E+07   0.225047E+07  -0.152388E-01   0.485950E+06   0.485753E+06   0.799842E+00   0.141113E-02   0.214922E+00  -0.592160E+09
   0.861644E-01   0.210894E+07   0.209262E+07   0.173413E+02   0.173413E+02   0.302698E+05   0.209638E+07   0.210620E+07   0.209638E+07  -0.141953E-01   0.452679E+06   0.452478E+06   0.780201E+00   0.119229E-02   0.214920E+00  -0.525347E+09
   0.912856E-01   0.193698E+07   0.191989E+07   0.141878E+02   0.141878E+02   0.272257E+05   0.192508E+07   0.193411E+07   0.192508E+07  -0.130354E-01   0.415693E+06   0.415492E+06   0.736133E+00   0.975463E-03   0.214919E+00  -0.455356E+09
   0.964067E-01   0.179353E+07   0.177670E+07   0.117773E+02   0.117773E+02   0.249881E+05   0.178235E+07   0.179070E+07   0.178235E+07  -0.120689E-01   0.384872E+06   0.384679E+06   0.667287E+00   0.809734E-03   0.214917E+00  -0.399198E+09
   0.101528E+00   0.168037E+07   0.166481E+07   0.994939E+01   0.994939E+01   0.233438E+05   0.166993E+07   0.167776E+07   0.166993E+07  -0.113077E-01   0.360595E+06   0.360419E+06   0.580239E+00   0.684057E-03   0.214916E+00  -0.355153E+09
   0.106649E+00   0.159339E+07   0.157980E+07   0.855112E+01   0.855112E+01   0.220917E+05   0.158368E+07   0.159111E+07   0.158368E+07  -0.107237E-01   0.341969E+06   0.341813E+06   0.486933E+00   0.587923E-03   0.214915E+00  -0.320636E+09
   0.111770E+00   0.152404E+07   0.151269E+07   0.744798E+01   0.744798E+01   0.210070E+05   0.151503E+07   0.152213E+07   0.151503E+07  -0.102588E-01   0.327142E+06   0.327008E+06   0.399914E+00   0.512082E-03   0.214914E+00  -0.292682E+09
   0.116891E+00   0.146310E+07   0.145378E+07   0.653858E+01   0.653858E+01   0.198852E+05   0.145472E+07   0.146154E+07   0.145472E+07  -0.985041E-02   0.314116E+06   0.314001E+06   0.328858E+00   0.449561E-03   0.214913E+00  -0.268718E+09
   0.122012E+00   0.140338E+07   0.139554E+07   0.575701E+01   0.575701E+01   0.185836E+05   0.139552E+07   0.140206E+07   0.139552E+07  -0.944955E-02   0.301332E+06   0.301230E+06   0.278641E+00   0.395830E-03   0.214913E+00  -0.246963E+09
   0.127134E+00   0.134064E+07   0.133358E+07   0.506577E+01   0.506577E+01   0.170522E+05   0.133320E+07   0.133946E+07   0.133320E+07  -0.902757E-02   0.287876E+06   0.287781E+06   0.249007E+00   0.348308E-03   0.214912E+00  -0.226431E+09
   0.132255E+00   0.127372E+07   0.126677E+07   0.444725E+01   0.444725E+01   0.153320E+05   0.126661E+07   0.127256E+07   0.126661E+07  -0.857665E-02   0.273498E+06   0.273404E+06   0.235607E+00   0.305784E-03   0.214912E+00  -0.206792E+09
   0.137376E+00   0.120398E+07   0.119666E+07   0.389576E+01   0.389576E+01   0.135279E+05   0.119712E+07   0.120275E+07   0.119712E+07  -0.810615E-02   0.258496E+06   0.258400E+06   0.231860E+00   0.267867E-03   0.214911E+00  -0.188162E+09
   0.142497E+00   0.113440E+07   0.112653E+07   0.341103E+01   0.341103E+01   0.117656E+05   0.112777E+07   0.113308E+07   0.112777E+07  -0.763655E-02   0.243523E+06   0.243424E+06   0.230982E+00   0.234539E-03   0.214911E+00  -0.170892E+09
   0.147618E+00   0.106880E+07   0.106046E+07   0.299422E+01   0.299422E+01   0.101516E+05   0.106239E+07   0.106740E+07   0.106239E+07  -0.719386E-02   0.229408E+06   0.229307E+06   0.227632E+00   0.205880E-03   0.214910E+00  -0.155401E+09
   0.152739E+00   0.101079E+07   0.100227E+07   0.264473E+01   0.264473E+01   0.874967E+04   0.100462E+07   0.100936E+07   0.100462E+07  -0.680267E-02   0.216935E+06   0.216835E+06   0.218837E+00   0.181849E-03   0.214910E+00  -0.142024E+09
   0.157860E+00   0.962373E+06   0.954038E+06   0.235723E+01   0.235723E+01   0.757004E+04   0.956461E+06   0.960973E+06   0.956461E+06  -0.647655E-02   0.206536E+06   0.206439E+06   0.204091E+00   0.162080E-03   0.214910E+00  -0.130829E+09
   0.162982E+00   0.923193E+06   0.915393E+06   0.212147E+01   0.212147E+01   0.658178E+04   0.917551E+06   0.921883E+06   0.917551E+06  -0.621308E-02   0.198134E+06   0.198044E+06   0.184853E+00   0.145869E-03   0.214909E+00  -0.121563E+09
   0.168103E+00   0.891223E+06   0.884186E+06   0.192530E+01   0.192530E+01   0.573612E+04   0.885856E+06   0.890041E+06   0.885856E+06  -0.599846E-02   0.191289E+06   0.191207E+06   0.163731E+00   0.132381E-03   0.214909E+00  -0.113789E+09
   0.173224E+00   0.863911E+06   0.857704E+06   0.175779E+01   0.175779E+01   0.498748E+04   0.858809E+06   0.862869E+06   0.858809E+06  -0.581531E-02   0.185449E+06   0.185374E+06   0.143572E+00   0.120863E-03   0.214909E+00  -0.107054E+09
   0.178345E+00   0.838664E+06   0.833196E+06   0.161001E+01   0.161001E+01   0.430204E+04   0.833801E+06   0.837746E+06   0.833801E+06  -0.564598E-02   0.180048E+06   0.179980E+06   0.126658E+00   0.110702E-03   0.214908E+00  -0.100952E+09
   0.183466E+00   0.813076E+06   0.808144E+06   0.147508E+01   0.147508E+01   0.365927E+04   0.808421E+06   0.812248E+06   0.808421E+06  -0.547412E-02   0.174568E+06   0.174505E+06   0.114202E+00   0.101424E-03   0.214908E+00  -0.951475E+08
   0.188587E+00   0.785593E+06   0.780946E+06   0.134890E+01   0.134890E+01   0.305322E+04   0.781113E+06   0.784813E+06   0.781113E+06  -0.528921E-02   0.168671E+06   0.168611E+06   0.106260E+00   0.927482E-04   0.214908E+00  -0.894372E+08
   0.193708E+00   0.756058E+06   0.751465E+06   0.123042E+01   0.123042E+01   0.248835E+04   0.751724E+06   0.755287E+06   0.751724E+06  -0.509020E-02   0.162326E+06   0.162266E+06   0.101959E+00   0.846016E-04   0.214908E+00  -0.837968E+08
   0.198830E+00   0.725438E+06   0.720742E+06   0.112048E+01   0.112048E+01   0.197401E+04   0.721229E+06   0.724649E+06   0.721229E+06  -0.488371E-02   0.155741E+06   0.155682E+06   0.998793E-01   0.770422E-04   0.214907E+00  -0.783269E+08
   0.203951E+00   0.695075E+06   0.690215E+06   0.102025E+01   0.102025E+01   0.151839E+04   0.690980E+06   0.694259E+06   0.690980E+06  -0.467888E-02   0.149210E+06   0.149150E+06   0.984812E-01   0.701508E-04   0.214907E+00  -0.731577E+08
   0.209072E+00   0.666276E+06   0.661287E+06   0.930581E+00   0.930581E+00   0.112765E+04   0.662294E+06   0.665438E+06   0.662294E+06  -0.448464E-02   0.143016E+06   0.142956E+06   0.964947E-01   0.639847E-04   0.214907E+00  -0.684031E+08
   0.214193E+00   0.640157E+06   0.635141E+06   0.851809E+00   0.851809E+00   0.805985E+03   0.636293E+06   0.639315E+06   0.636293E+06  -0.430858E-02   0.137402E+06   0.137342E+06   0.931741E-01   0.585682E-04   0.214907E+00  -0.641465E+08
   0.219314E+00   0.617395E+06   0.612483E+06   0.783586E+00   0.783586E+00   0.555446E+03   0.613655E+06   0.616570E+06   0.613655E+06  -0.415528E-02   0.132514E+06   0.132456E+06   0.883631E-01   0.538769E-04   0.214907E+00  -0.604197E+08
   0.224435E+00   0.597982E+06   0.593297E+06   0.724722E+00   0.724722E+00   0.375926E+03   0.594371E+06   0.597195E+06   0.594371E+06  -0.402470E-02   0.128350E+06   0.128294E+06   0.823965E-01   0.498292E-04   0.214907E+00  -0.571858E+08
   0.229556E+00   0.581302E+06   0.576923E+06   0.673458E+00   0.673458E+00   0.264272E+03   0.577820E+06   0.580566E+06   0.577820E+06  -0.391263E-02   0.124775E+06   0.124723E+06   0.759080E-01   0.463039E-04   0.214906E+00  -0.543532E+08
   0.234678E+00   0.566411E+06   0.562364E+06   0.627921E+00   0.627921E+00   0.214265E+03   0.563055E+06   0.565732E+06   0.563055E+06  -0.381265E-02   0.121587E+06   0.121538E+06   0.696102E-01   0.431725E-04   0.214906E+00  -0.518086E+08
   0.239799E+00   0.552309E+06   0.548564E+06   0.586451E+00   0.586451E+00   0.215716E+03   0.549071E+06   0.551680E+06   0.549071E+06  -0.371796E-02   0.118567E+06   0.118521E+06   0.640985E-01   0.403209E-04   0.214906E+00  -0.494428E+08
   0.244920E+00   0.538146E+06   0.534632E+06   0.547789E+00   0.547789E+00   0.255528E+03   0.535013E+06   0.537556E+06   0.535013E+06  -0.362277E-02   0.115531E+06   0.115487E+06   0.597214E-01   0.376625E-04   0.214906E+00  -0.471696E+08
   0.250041E+00   0.523425E+06   0.520055E+06   0.511211E+00   0.511211E+00   0.319306E+03   0.520386E+06   0.522859E+06   0.520386E+06  -0.352373E-02   0.112372E+06   0.112330E+06   0.565403E-01   0.351474E-04   0.214906E+00  -0.449403E+08
   0.255162E+00   0.508092E+06   0.504783E+06   0.476510E+00   0.476510E+00   0.393778E+03   0.505136E+06   0.507536E+06   0.505136E+06  -0.342046E-02   0.109079E+06   0.109037E+06   0.543673E-01   0.327616E-04   0.214906E+00  -0.427477E+08
   0.260283E+00   0.492428E+06   0.489123E+06   0.443811E+00   0.443811E+00   0.468819E+03   0.489548E+06   0.491873E+06   0.489548E+06  -0.331491E-02   0.105713E+06   0.105672E+06   0.528547E-01   0.305134E-04   0.214906E+00  -0.406133E+08
   0.265404E+00   0.476883E+06   0.473555E+06   0.413356E+00   0.413356E+00   0.537779E+03   0.474073E+06   0.476324E+06   0.474073E+06  -0.321012E-02   0.102371E+06   0.102330E+06   0.516054E-01   0.284196E-04   0.214906E+00  -0.385706E+08
   0.270526E+00   0.461944E+06   0.458600E+06   0.385374E+00   0.385374E+00   0.597291E+03   0.459202E+06   0.461382E+06   0.459202E+06  -0.310942E-02   0.991601E+05   0.991193E+05   0.502763E-01   0.264958E-04   0.214906E+00  -0.366534E+08
   0.275647E+00   0.448039E+06   0.444712E+06   0.360003E+00   0.360003E+00   0.645692E+03   0.445366E+06   0.447480E+06   0.445366E+06  -0.301573E-02   0.961723E+05   0.961321E+05   0.486488E-01   0.247515E-04   0.214906E+00  -0.348885E+08
   0.280768E+00   0.435423E+06   0.432158E+06   0.337215E+00   0.337215E+00   0.682053E+03   0.432820E+06   0.434875E+06   0.432820E+06  -0.293078E-02   0.934632E+05   0.934240E+05   0.466532E-01   0.231849E-04   0.214905E+00  -0.332873E+08
   0.285889E+00   0.424108E+06   0.420946E+06   0.316792E+00   0.316792E+00   0.705236E+03   0.421576E+06   0.423577E+06   0.421576E+06  -0.285464E-02   0.910350E+05   0.909970E+05   0.443540E-01   0.217808E-04   0.214905E+00  -0.318417E+08
   0.291010E+00   0.413893E+06   0.410865E+06   0.298384E+00   0.298384E+00   0.713895E+03   0.411432E+06   0.413385E+06   0.411432E+06  -0.278596E-02   0.888444E+05   0.888079E+05   0.419056E-01   0.205153E-04   0.214905E+00  -0.305287E+08
   0.296131E+00   0.404466E+06   0.401582E+06   0.281599E+00   0.281599E+00   0.707047E+03   0.402074E+06   0.403982E+06   0.402074E+06  -0.272259E-02   0.868235E+05   0.867884E+05   0.394960E-01   0.193614E-04   0.214905E+00  -0.293183E+08
   0.301252E+00   0.395485E+06   0.392737E+06   0.266072E+00   0.266072E+00   0.684448E+03   0.393157E+06   0.395023E+06   0.393157E+06  -0.266221E-02   0.848979E+05   0.848642E+05   0.372930E-01   0.182939E-04   0.214905E+00  -0.281808E+08
   0.306374E+00   0.386644E+06   0.384009E+06   0.251506E+00   0.251506E+00   0.647223E+03   0.384377E+06   0.386201E+06   0.384377E+06  -0.260276E-02   0.830019E+05   0.829694E+05   0.354050E-01   0.172926E-04   0.214905E+00  -0.270909E+08
   0.311495E+00   0.377740E+06   0.375189E+06   0.237704E+00   0.237704E+00   0.597619E+03   0.375529E+06   0.377312E+06   0.375529E+06  -0.254285E-02   0.810913E+05   0.810597E+05   0.338652E-01   0.163437E-04   0.214905E+00  -0.260322E+08
   0.316616E+00   0.368714E+06   0.366216E+06   0.224578E+00   0.224578E+00   0.538930E+03   0.366554E+06   0.368295E+06   0.366554E+06  -0.248207E-02   0.791533E+05   0.791223E+05   0.326370E-01   0.154413E-04   0.214905E+00  -0.249991E+08
   0.321737E+00   0.359638E+06   0.357171E+06   0.212129E+00   0.212129E+00   0.474866E+03   0.357526E+06   0.359224E+06   0.357526E+06  -0.242094E-02   0.772038E+05   0.771733E+05   0.316349E-01   0.145853E-04   0.214905E+00  -0.239952E+08
   0.326858E+00   0.350664E+06   0.348216E+06   0.200401E+00   0.200401E+00   0.409147E+03   0.348597E+06   0.350253E+06   0.348597E+06  -0.236048E-02   0.752759E+05   0.752458E+05   0.307523E-01   0.137790E-04   0.214905E+00  -0.230295E+08
   0.331979E+00   0.341964E+06   0.339534E+06   0.189442E+00   0.189442E+00   0.345281E+03   0.339941E+06   0.341556E+06   0.339941E+06  -0.230187E-02   0.734068E+05   0.733771E+05   0.298901E-01   0.130255E-04   0.214905E+00  -0.221112E+08
   0.337100E+00   0.333684E+06   0.331281E+06   0.179279E+00   0.179279E+00   0.286326E+03   0.331704E+06   0.333280E+06   0.331704E+06  -0.224609E-02   0.716283E+05   0.715990E+05   0.289782E-01   0.123266E-04   0.214905E+00  -0.212477E+08
   0.342222E+00   0.325916E+06   0.323554E+06   0.169903E+00   0.169903E+00   0.235026E+03   0.323980E+06   0.325520E+06   0.323980E+06  -0.219379E-02   0.699604E+05   0.699317E+05   0.279857E-01   0.116819E-04   0.214905E+00  -0.204423E+08
   0.347343E+00   0.318683E+06   0.316375E+06   0.161269E+00   0.161269E+00   0.193462E+03   0.316790E+06   0.318296E+06   0.316790E+06  -0.214510E-02   0.684079E+05   0.683798E+05   0.269199E-01   0.110883E-04   0.214905E+00  -0.196940E+08
   0.352464E+00   0.311935E+06   0.309692E+06   0.153302E+00   0.153302E+00   0.163027E+03   0.310085E+06   0.311559E+06   0.310085E+06  -0.209970E-02   0.669599E+05   0.669326E+05   0.258163E-01   0.105404E-04   0.214905E+00  -0.189970E+08
   0.357585E+00   0.305571E+06   0.303398E+06   0.145906E+00   0.145906E+00   0.144074E+03   0.303762E+06   0.305206E+06   0.303762E+06  -0.205689E-02   0.655945E+05   0.655680E+05   0.247241E-01   0.100318E-04   0.214905E+00  -0.183432E+08
   0.362706E+00   0.299473E+06   0.297369E+06   0.138986E+00   0.138986E+00   0.135881E+03   0.297704E+06   0.299119E+06   0.297704E+06  -0.201587E-02   0.642864E+05   0.642606E+05   0.236915E-01   0.955604E-05   0.214905E+00  -0.177235E+08
   0.367827E+00   0.293532E+06   0.291491E+06   0.132464E+00   0.132464E+00   0.136758E+03   0.291803E+06   0.293190E+06   0.291803E+06  -0.197590E-02   0.630119E+05   0.629868E+05   0.227533E-01   0.910755E-05   0.214905E+00  -0.171303E+08
   0.372948E+00   0.287669E+06   0.285679E+06   0.126278E+00   0.126278E+00   0.144309E+03   0.285975E+06   0.287334E+06   0.285975E+06  -0.193644E-02   0.617535E+05   0.617290E+05   0.219249E-01   0.868220E-05   0.214905E+00  -0.165577E+08
   0.378070E+00   0.281839E+06   0.279890E+06   0.120390E+00   0.120390E+00   0.156036E+03   0.280181E+06   0.281512E+06   0.280181E+06  -0.189721E-02   0.605022E+05   0.604781E+05   0.212011E-01   0.827736E-05   0.214905E+00  -0.160024E+08
   0.383191E+00   0.276051E+06   0.274134E+06   0.114786E+00   0.114786E+00   0.169666E+03   0.274425E+06   0.275729E+06   0.274425E+06  -0.185823E-02   0.592593E+05   0.592357E+05   0.205617E-01   0.789206E-05   0.214905E+00  -0.154642E+08
   0.388312E+00   0.270351E+06   0.268460E+06   0.109470E+00   0.109470E+00   0.183600E+03   0.268757E+06   0.270034E+06   0.268757E+06  -0.181985E-02   0.580353E+05   0.580121E+05   0.199782E-01   0.752653E-05   0.214905E+00  -0.149451E+08
   0.393433E+00   0.264797E+06   0.262930E+06   0.104447E+00   0.104447E+00   0.196883E+03   0.263233E+06   0.264483E+06   0.263233E+06  -0.178245E-02   0.568424E+05   0.568195E+05   0.194216E-01   0.718117E-05   0.214905E+00  -0.144474E+08
   0.398554E+00   0.259433E+06   0.257592E+06   0.997172E-01   0.997172E-01   0.209128E+03   0.257898E+06   0.259124E+06   0.257898E+06  -0.174632E-02   0.556905E+05   0.556680E+05   0.188686E-01   0.685600E-05   0.214905E+00  -0.139727E+08
   0.403675E+00   0.254290E+06   0.252478E+06   0.952758E-01   0.952758E-01   0.220274E+03   0.252785E+06   0.253986E+06   0.252785E+06  -0.171170E-02   0.545863E+05   0.545642E+05   0.183060E-01   0.655064E-05   0.214905E+00  -0.135219E+08
   0.408796E+00   0.249386E+06   0.247607E+06   0.911118E-01   0.911118E-01   0.230325E+03   0.247909E+06   0.249087E+06   0.247909E+06  -0.167869E-02   0.535335E+05   0.535118E+05   0.177318E-01   0.626435E-05   0.214905E+00  -0.130950E+08
   0.413918E+00   0.244715E+06   0.242974E+06   0.872071E-01   0.872071E-01   0.239276E+03   0.243267E+06   0.244423E+06   0.243267E+06  -0.164725E-02   0.525311E+05   0.525098E+05   0.171530E-01   0.599589E-05   0.214904E+00  -0.126908E+08
   0.419039E+00   0.240248E+06   0.238546E+06   0.835357E-01   0.835357E-01   0.246963E+03   0.238828E+06   0.239962E+06   0.238828E+06  -0.161719E-02   0.515724E+05   0.515516E+05   0.165816E-01   0.574347E-05   0.214904E+00  -0.123069E+08
   0.424160E+00   0.235939E+06   0.234276E+06   0.800690E-01   0.800690E-01   0.253184E+03   0.234546E+06   0.235660E+06   0.234546E+06  -0.158820E-02   0.506477E+05   0.506273E+05   0.160310E-01   0.550513E-05   0.214904E+00  -0.119404E+08
   0.429281E+00   0.231749E+06   0.230123E+06   0.767822E-01   0.767822E-01   0.257698E+03   0.230382E+06   0.231476E+06   0.230382E+06  -0.156000E-02   0.497485E+05   0.497285E+05   0.155120E-01   0.527915E-05   0.214904E+00  -0.115884E+08
   0.434402E+00   0.227650E+06   0.226057E+06   0.736563E-01   0.736563E-01   0.260300E+03   0.226307E+06   0.227382E+06   0.226307E+06  -0.153241E-02   0.488686E+05   0.488491E+05   0.150309E-01   0.506424E-05   0.214904E+00  -0.112493E+08
   0.439523E+00   0.223622E+06   0.222060E+06   0.706771E-01   0.706771E-01   0.260812E+03   0.222304E+06   0.223360E+06   0.222304E+06  -0.150530E-02   0.480042E+05   0.479849E+05   0.145883E-01   0.485942E-05   0.214904E+00  -0.109215E+08
   0.444644E+00   0.219658E+06   0.218122E+06   0.678343E-01   0.678343E-01   0.259060E+03   0.218363E+06   0.219400E+06   0.218363E+06  -0.147862E-02   0.471532E+05   0.471343E+05   0.141797E-01   0.466397E-05   0.214904E+00  -0.106044E+08
   0.449766E+00   0.215763E+06   0.214250E+06   0.651224E-01   0.651224E-01   0.254935E+03   0.214490E+06   0.215509E+06   0.214490E+06  -0.145239E-02   0.463168E+05   0.462982E+05   0.137977E-01   0.447752E-05   0.214904E+00  -0.102977E+08
   0.454887E+00   0.211952E+06   0.210461E+06   0.625396E-01   0.625396E-01   0.248374E+03   0.210701E+06   0.211702E+06   0.210701E+06  -0.142673E-02   0.454986E+05   0.454803E+05   0.134336E-01   0.429996E-05   0.214904E+00  -0.100019E+08
   0.460008E+00   0.208245E+06   0.206776E+06   0.600851E-01   0.600851E-01   0.239470E+03   0.207015E+06   0.207998E+06   0.207015E+06  -0.140177E-02   0.447027E+05   0.446846E+05   0.130801E-01   0.413121E-05   0.214904E+00  -0.971750E+07
   0.465129E+00   0.204654E+06   0.203207E+06   0.577558E-01   0.577558E-01   0.228462E+03   0.203445E+06   0.204411E+06   0.203445E+06  -0.137760E-02   0.439318E+05   0.439140E+05   0.127321E-01   0.397107E-05   0.214904E+00  -0.944478E+07
   0.470250E+00   0.201184E+06   0.199760E+06   0.555465E-01   0.555465E-01   0.215776E+03   0.199995E+06   0.200945E+06   0.199995E+06  -0.135424E-02   0.431868E+05   0.431694E+05   0.123871E-01   0.381917E-05   0.214904E+00  -0.918351E+07
   0.475371E+00   0.197831E+06   0.196432E+06   0.534502E-01   0.534502E-01   0.201971E+03   0.196662E+06   0.197596E+06   0.196662E+06  -0.133167E-02   0.424670E+05   0.424499E+05   0.120458E-01   0.367505E-05   0.214904E+00  -0.893317E+07
   0.480492E+00   0.194588E+06   0.193213E+06   0.514594E-01   0.514594E-01   0.187640E+03   0.193438E+06   0.194357E+06   0.193438E+06  -0.130984E-02   0.417709E+05   0.417541E+05   0.117106E-01   0.353817E-05   0.214904E+00  -0.869309E+07
   0.485614E+00   0.191445E+06   0.190095E+06   0.495662E-01   0.495662E-01   0.173350E+03   0.190314E+06   0.191218E+06   0.190314E+06  -0.128869E-02   0.410964E+05   0.410798E+05   0.113852E-01   0.340800E-05   0.214904E+00  -0.846251E+07
   0.490735E+00   0.188389E+06   0.187063E+06   0.477623E-01   0.477623E-01   0.159521E+03   0.187276E+06   0.188166E+06   0.187276E+06  -0.126812E-02   0.404404E+05   0.404241E+05   0.110727E-01   0.328397E-05   0.214904E+00  -0.824052E+07
   0.495856E+00   0.185403E+06   0.184101E+06   0.460396E-01   0.460396E-01   0.146457E+03   0.184309E+06   0.185185E+06   0.184309E+06  -0.124802E-02   0.397996E+05   0.397836E+05   0.107752E-01   0.316552E-05   0.214904E+00  -0.802620E+07
   0.500977E+00   0.182478E+06   0.181197E+06   0.443915E-01   0.443915E-01   0.134339E+03   0.181401E+06   0.182263E+06   0.181401E+06  -0.122833E-02   0.391716E+05   0.391558E+05   0.104933E-01   0.305220E-05   0.214904E+00  -0.781880E+07
   0.506098E+00   0.179609E+06   0.178348E+06   0.428137E-01   0.428137E-01   0.123321E+03   0.178549E+06   0.179397E+06   0.178549E+06  -0.120902E-02   0.385557E+05   0.385402E+05   0.102264E-01   0.294372E-05   0.214904E+00  -0.761800E+07
   0.511219E+00   0.176798E+06   0.175556E+06   0.413036E-01   0.413036E-01   0.113564E+03   0.175754E+06   0.176590E+06   0.175754E+06  -0.119010E-02   0.379523E+05   0.379371E+05   0.997262E-02   0.283988E-05   0.214904E+00  -0.742366E+07
   0.516340E+00   0.174048E+06   0.172824E+06   0.398585E-01   0.398585E-01   0.105268E+03   0.173020E+06   0.173842E+06   0.173020E+06  -0.117158E-02   0.373619E+05   0.373469E+05   0.972955E-02   0.274051E-05   0.214904E+00  -0.723568E+07
   0.521462E+00   0.171359E+06   0.170153E+06   0.384757E-01   0.384757E-01   0.986646E+02   0.170347E+06   0.171157E+06   0.170347E+06  -0.115348E-02   0.367848E+05   0.367699E+05   0.949469E-02   0.264544E-05   0.214904E+00  -0.705394E+07
   0.526583E+00   0.168736E+06   0.167547E+06   0.371533E-01   0.371533E-01   0.939509E+02   0.167739E+06   0.168536E+06   0.167739E+06  -0.113582E-02   0.362216E+05   0.362069E+05   0.926607E-02   0.255451E-05   0.214904E+00  -0.687840E+07
   0.531704E+00   0.166182E+06   0.165010E+06   0.358895E-01   0.358895E-01   0.912561E+02   0.165200E+06   0.165985E+06   0.165200E+06  -0.111863E-02   0.356733E+05   0.356589E+05   0.904258E-02   0.246760E-05   0.214904E+00  -0.670904E+07
   0.536825E+00   0.163699E+06   0.162544E+06   0.346819E-01   0.346819E-01   0.905603E+02   0.162731E+06   0.163505E+06   0.162731E+06  -0.110191E-02   0.351402E+05   0.351260E+05   0.882386E-02   0.238456E-05   0.214904E+00  -0.654573E+07
   0.541946E+00   0.161282E+06   0.160145E+06   0.335271E-01   0.335271E-01   0.917038E+02   0.160329E+06   0.161091E+06   0.160329E+06  -0.108565E-02   0.346214E+05   0.346074E+05   0.861015E-02   0.230516E-05   0.214904E+00  -0.638815E+07
   0.547067E+00   0.158925E+06   0.157806E+06   0.324217E-01   0.324217E-01   0.943733E+02   0.157987E+06   0.158737E+06   0.157987E+06  -0.106979E-02   0.341156E+05   0.341018E+05   0.840208E-02   0.222915E-05   0.214904E+00  -0.623590E+07
   0.559946E+00   0.153245E+06   0.152167E+06   0.298413E-01   0.298413E-01   0.104916E+03   0.152340E+06   0.153064E+06   0.152340E+06  -0.103155E-02   0.328962E+05   0.328830E+05   0.790870E-02   0.205173E-05   0.214904E+00  -0.587472E+07
   0.593872E+00   0.139637E+06   0.138654E+06   0.241735E-01   0.241735E-01   0.113038E+03   0.138813E+06   0.139472E+06   0.138813E+06  -0.939951E-03   0.299751E+05   0.299630E+05   0.680873E-02   0.166207E-05   0.214904E+00  -0.504725E+07
   0.629853E+00   0.127205E+06   0.126310E+06   0.195771E-01   0.195771E-01   0.701697E+02   0.126453E+06   0.127054E+06   0.126453E+06  -0.856262E-03   0.273063E+05   0.272953E+05   0.585150E-02   0.134605E-05   0.214904E+00  -0.433521E+07
   0.879031E+00   0.743600E+05   0.738370E+05   0.587564E-02   0.587564E-02   0.145029E+02   0.739208E+05   0.742722E+05   0.739208E+05  -0.500545E-03   0.159625E+05   0.159559E+05   0.247804E-02   0.403982E-06   0.214904E+00  -0.181586E+07
   0.122679E+01   0.429437E+05   0.426416E+05   0.174215E-02   0.174215E-02   0.552304E+01   0.426900E+05   0.428930E+05   0.426900E+05  -0.289070E-03   0.921850E+04   0.921464E+04   0.104764E-02   0.119784E-06   0.214903E+00  -0.751409E+06
   0.171212E+01   0.245427E+05   0.243698E+05   0.511185E-03   0.511185E-03   0.171184E+01   0.243976E+05   0.245137E+05   0.243976E+05  -0.165205E-03   0.526844E+04   0.526615E+04   0.446975E-03   0.351469E-07   0.214903E+00  -0.307703E+06
   0.238945E+01   0.139007E+05   0.138026E+05   0.148649E-03   0.148649E-03   0.390745E+00   0.138185E+05   0.138842E+05   0.138185E+05  -0.935700E-04   0.298398E+04   0.298258E+04   0.195678E-03   0.102205E-07   0.214902E+00  -0.124876E+06
