#           k/h    P           
 0.99999997E-04 0.20937844E+04
 0.10202013E-03 0.21276597E+04
 0.10408108E-03 0.21618413E+04
 0.10618366E-03 0.21963191E+04
 0.10832871E-03 0.22310828E+04
 0.11051710E-03 0.22661201E+04
 0.11274968E-03 0.23014192E+04
 0.11502737E-03 0.23369663E+04
 0.11735109E-03 0.23727480E+04
 0.11972173E-03 0.24087493E+04
 0.12214028E-03 0.24449546E+04
 0.12460767E-03 0.24813479E+04
 0.12712492E-03 0.25179116E+04
 0.12969300E-03 0.25546277E+04
 0.13231297E-03 0.25914778E+04
 0.13498588E-03 0.26284419E+04
 0.13771278E-03 0.26655000E+04
 0.14049475E-03 0.27026306E+04
 0.14333293E-03 0.27398120E+04
 0.14622846E-03 0.27770215E+04
 0.14918247E-03 0.28142358E+04
 0.15219615E-03 0.28514309E+04
 0.15527071E-03 0.28885823E+04
 0.15840739E-03 0.29256648E+04
 0.16160744E-03 0.29626521E+04
 0.16487212E-03 0.29995181E+04
 0.16820275E-03 0.30362361E+04
 0.17160067E-03 0.30727793E+04
 0.17506724E-03 0.31091196E+04
 0.17860383E-03 0.31452290E+04
 0.18221186E-03 0.31810796E+04
 0.18589280E-03 0.32166436E+04
 0.18964807E-03 0.32518928E+04
 0.19347922E-03 0.32867988E+04
 0.19738778E-03 0.33213325E+04
 0.20137527E-03 0.33554666E+04
 0.20544330E-03 0.33891736E+04
 0.20959355E-03 0.34224268E+04
 0.21382760E-03 0.34551980E+04
 0.21814722E-03 0.34874607E+04
 0.22255408E-03 0.35191890E+04
 0.22704997E-03 0.35503586E+04
 0.23163669E-03 0.35809456E+04
 0.23631606E-03 0.36109255E+04
 0.24108996E-03 0.36402749E+04
 0.24596031E-03 0.36689731E+04
 0.25092901E-03 0.36970005E+04
 0.25599814E-03 0.37243386E+04
 0.26116965E-03 0.37509685E+04
 0.26644560E-03 0.37768728E+04
 0.27182818E-03 0.38020371E+04
 0.27731949E-03 0.38264490E+04
 0.28292168E-03 0.38500964E+04
 0.28863709E-03 0.38729685E+04
 0.29446793E-03 0.38950549E+04
 0.30041661E-03 0.39163494E+04
 0.30648540E-03 0.39368479E+04
 0.31267683E-03 0.39565471E+04
 0.31899329E-03 0.39754443E+04
 0.32543740E-03 0.39935376E+04
 0.33201167E-03 0.40108303E+04
 0.33871876E-03 0.40273267E+04
 0.34556136E-03 0.40430322E+04
 0.35254212E-03 0.40579524E+04
 0.35966394E-03 0.40720952E+04
 0.36692963E-03 0.40854719E+04
 0.37434211E-03 0.40980957E+04
 0.38190430E-03 0.41099800E+04
 0.38961932E-03 0.41211392E+04
 0.39749016E-03 0.41315894E+04
 0.40552000E-03 0.41413496E+04
 0.41371203E-03 0.41504404E+04
 0.42206954E-03 0.41588828E+04
 0.43059592E-03 0.41666978E+04
 0.43929456E-03 0.41739087E+04
 0.44816890E-03 0.41805410E+04
 0.45722249E-03 0.41866206E+04
 0.46645897E-03 0.41921743E+04
 0.47588209E-03 0.41972290E+04
 0.48549555E-03 0.42018135E+04
 0.49530319E-03 0.42059565E+04
 0.50530903E-03 0.42096890E+04
 0.51551696E-03 0.42130410E+04
 0.52593107E-03 0.42160435E+04
 0.53655554E-03 0.42187275E+04
 0.54739468E-03 0.42211255E+04
 0.55845280E-03 0.42232700E+04
 0.56973431E-03 0.42251934E+04
 0.58124372E-03 0.42269287E+04
 0.59298560E-03 0.42285083E+04
 0.60496473E-03 0.42299648E+04
 0.61718578E-03 0.42313320E+04
 0.62965375E-03 0.42326426E+04
 0.64237369E-03 0.42339287E+04
 0.65535045E-03 0.42352246E+04
 0.66858943E-03 0.42365610E+04
 0.68209582E-03 0.42379717E+04
 0.69587503E-03 0.42394873E+04
 0.70993265E-03 0.42411411E+04
 0.72427420E-03 0.42429648E+04
 0.73890563E-03 0.42449883E+04
 0.75383246E-03 0.42472422E+04
 0.76906086E-03 0.42497573E+04
 0.78459689E-03 0.42525645E+04
 0.80044678E-03 0.42556929E+04
 0.81661687E-03 0.42591709E+04
 0.83311368E-03 0.42630269E+04
 0.84994361E-03 0.42672896E+04
 0.86711359E-03 0.42719868E+04
 0.88463066E-03 0.42771470E+04
 0.90250134E-03 0.42827944E+04
 0.92073303E-03 0.42889561E+04
 0.93933311E-03 0.42956572E+04
 0.95830887E-03 0.43029248E+04
 0.97766798E-03 0.43107832E+04
 0.99741819E-03 0.43192554E+04
 0.10175674E-02 0.43283647E+04
 0.10381236E-02 0.43381348E+04
 0.10590950E-02 0.43485898E+04
 0.10804901E-02 0.43597520E+04
 0.11023175E-02 0.43716416E+04
 0.11245857E-02 0.43842793E+04
 0.11473041E-02 0.43976870E+04
 0.11704812E-02 0.44118857E+04
 0.11941264E-02 0.44268955E+04
 0.12182494E-02 0.44427344E+04
 0.12428596E-02 0.44594214E+04
 0.12679670E-02 0.44769751E+04
 0.12935817E-02 0.44954155E+04
 0.13197137E-02 0.45147598E+04
 0.13463736E-02 0.45350239E+04
 0.13735722E-02 0.45562236E+04
 0.14013201E-02 0.45783765E+04
 0.14296286E-02 0.46014995E+04
 0.14585090E-02 0.46256079E+04
 0.14879731E-02 0.46507144E+04
 0.15180323E-02 0.46768340E+04
 0.15486985E-02 0.47039810E+04
 0.15799842E-02 0.47321704E+04
 0.16119020E-02 0.47614150E+04
 0.16444647E-02 0.47917261E+04
 0.16776850E-02 0.48231152E+04
 0.17115764E-02 0.48555957E+04
 0.17461524E-02 0.48891797E+04
 0.17814270E-02 0.49238774E+04
 0.18174142E-02 0.49596978E+04
 0.18541284E-02 0.49966504E+04
 0.18915841E-02 0.50347456E+04
 0.19297971E-02 0.50739922E+04
 0.19687817E-02 0.51143984E+04
 0.20085536E-02 0.51559712E+04
 0.20491290E-02 0.51987163E+04
 0.20905242E-02 0.52426411E+04
 0.21327557E-02 0.52877524E+04
 0.21758399E-02 0.53340557E+04
 0.22197948E-02 0.53815532E+04
 0.22646377E-02 0.54302495E+04
 0.23103864E-02 0.54801484E+04
 0.23570592E-02 0.55312529E+04
 0.24046749E-02 0.55835645E+04
 0.24532524E-02 0.56370840E+04
 0.25028118E-02 0.56918115E+04
 0.25533722E-02 0.57477466E+04
 0.26049537E-02 0.58048896E+04
 0.26575772E-02 0.58632378E+04
 0.27112637E-02 0.59227881E+04
 0.27660348E-02 0.59835371E+04
 0.28219123E-02 0.60454805E+04
 0.28789188E-02 0.61086133E+04
 0.29370766E-02 0.61729297E+04
 0.29964095E-02 0.62384214E+04
 0.30569409E-02 0.63050811E+04
 0.31186952E-02 0.63728994E+04
 0.31816978E-02 0.64418662E+04
 0.32459723E-02 0.65119712E+04
 0.33115451E-02 0.65832012E+04
 0.33784427E-02 0.66555439E+04
 0.34466919E-02 0.67289844E+04
 0.35163197E-02 0.68035078E+04
 0.35873537E-02 0.68790967E+04
 0.36598232E-02 0.69557334E+04
 0.37337563E-02 0.70333979E+04
 0.38091831E-02 0.71120703E+04
 0.38861334E-02 0.71917285E+04
 0.39646388E-02 0.72723496E+04
 0.40447293E-02 0.73539102E+04
 0.41264393E-02 0.74363843E+04
 0.42097992E-02 0.75197451E+04
 0.42948425E-02 0.76039639E+04
 0.43816040E-02 0.76890083E+04
 0.44701183E-02 0.77748457E+04
 0.45604203E-02 0.78614390E+04
 0.46525472E-02 0.79487520E+04
 0.47465344E-02 0.80367480E+04
 0.48424210E-02 0.81253965E+04
 0.49402444E-02 0.82146670E+04
 0.50400435E-02 0.83045273E+04
 0.51418589E-02 0.83949443E+04
 0.52457317E-02 0.84858750E+04
 0.53517036E-02 0.85772588E+04
 0.54598148E-02 0.86690332E+04
 0.55701104E-02 0.87611299E+04
 0.56826337E-02 0.88534795E+04
 0.57974309E-02 0.89460186E+04
 0.59145465E-02 0.90386963E+04
 0.60340283E-02 0.91314629E+04
 0.61559235E-02 0.92242676E+04
 0.62802811E-02 0.93170557E+04
 0.64071510E-02 0.94097676E+04
 0.65365843E-02 0.95023350E+04
 0.66686315E-02 0.95946875E+04
 0.68033468E-02 0.96867510E+04
 0.69407835E-02 0.97784492E+04
 0.70809964E-02 0.98697061E+04
 0.72240415E-02 0.99604414E+04
 0.73699774E-02 0.10050575E+05
 0.75188605E-02 0.10140022E+05
 0.76707508E-02 0.10228700E+05
 0.78257136E-02 0.10316520E+05
 0.79838037E-02 0.10403392E+05
 0.81450874E-02 0.10489224E+05
 0.83096288E-02 0.10573924E+05
 0.84774951E-02 0.10657396E+05
 0.86487513E-02 0.10739540E+05
 0.88234674E-02 0.10820256E+05
 0.90017123E-02 0.10899438E+05
 0.91835596E-02 0.10976980E+05
 0.93690790E-02 0.11052777E+05
 0.95583471E-02 0.11126718E+05
 0.97514391E-02 0.11198691E+05
 0.99484306E-02 0.11268582E+05
 0.10149402E-01 0.11336278E+05
 0.10354433E-01 0.11401664E+05
 0.10563606E-01 0.11464612E+05
 0.10777006E-01 0.11524988E+05
 0.10994715E-01 0.11582653E+05
 0.11216822E-01 0.11637472E+05
 0.11443418E-01 0.11689307E+05
 0.11674589E-01 0.11738048E+05
 0.11910431E-01 0.11783606E+05
 0.12151038E-01 0.11825895E+05
 0.12396505E-01 0.11864827E+05
 0.12646930E-01 0.11900312E+05
 0.12902415E-01 0.11932143E+05
 0.13163067E-01 0.11960020E+05
 0.13428980E-01 0.11983648E+05
 0.13700262E-01 0.12002732E+05
 0.13977026E-01 0.12017019E+05
 0.14259379E-01 0.12026695E+05
 0.14547437E-01 0.12032244E+05
 0.14841316E-01 0.12034157E+05
 0.15141129E-01 0.12032931E+05
 0.15447001E-01 0.12028973E+05
 0.15759049E-01 0.12021783E+05
 0.16077405E-01 0.12010343E+05
 0.16402189E-01 0.11993632E+05
 0.16733535E-01 0.11970644E+05
 0.17071573E-01 0.11940498E+05
 0.17416442E-01 0.11903288E+05
 0.17768279E-01 0.11859606E+05
 0.18127220E-01 0.11810052E+05
 0.18493414E-01 0.11755224E+05
 0.18867005E-01 0.11695613E+05
 0.19248145E-01 0.11630919E+05
 0.19636983E-01 0.11560499E+05
 0.20033674E-01 0.11483735E+05
 0.20438381E-01 0.11400039E+05
 0.20851264E-01 0.11308983E+05
 0.21272486E-01 0.11211004E+05
 0.21702228E-01 0.11106869E+05
 0.22140643E-01 0.10997337E+05
 0.22587912E-01 0.10883150E+05
 0.23044219E-01 0.10764959E+05
 0.23509743E-01 0.10642958E+05
 0.23984671E-01 0.10517194E+05
 0.24469191E-01 0.10387723E+05
 0.24963502E-01 0.10254608E+05
 0.25467798E-01 0.10117909E+05
 0.25982281E-01 0.99776055E+04
 0.26507158E-01 0.98336729E+04
 0.27042639E-01 0.96860986E+04
 0.27588934E-01 0.95348896E+04
 0.28146267E-01 0.93801377E+04
 0.28714858E-01 0.92222412E+04
 0.29294936E-01 0.90616680E+04
 0.29886734E-01 0.88988721E+04
 0.30490484E-01 0.87342881E+04
 0.31106433E-01 0.85683945E+04
 0.31734824E-01 0.84018496E+04
 0.32375909E-01 0.82353252E+04
 0.33029947E-01 0.80694458E+04
 0.33697195E-01 0.79047944E+04
 0.34377921E-01 0.77418672E+04
 0.35072401E-01 0.75809834E+04
 0.35780910E-01 0.74224092E+04
 0.36503751E-01 0.72663877E+04
 0.37241172E-01 0.71131406E+04
 0.37993494E-01 0.69629678E+04
 0.38761012E-01 0.68164199E+04
 0.39544035E-01 0.66740488E+04
 0.40342879E-01 0.65363530E+04
 0.41157857E-01 0.64037852E+04
 0.41989300E-01 0.62766221E+04
 0.42837542E-01 0.61547832E+04
 0.43702915E-01 0.60381382E+04
 0.44585772E-01 0.59265610E+04
 0.45486465E-01 0.58199307E+04
 0.46405349E-01 0.57181265E+04
 0.47342800E-01 0.56210264E+04
 0.48299186E-01 0.55285137E+04
 0.49274895E-01 0.54404780E+04
 0.50270312E-01 0.53567349E+04
 0.51285837E-01 0.52768359E+04
 0.52321881E-01 0.52002959E+04
 0.53378850E-01 0.51266582E+04
 0.54457176E-01 0.50554502E+04
 0.55557281E-01 0.49860815E+04
 0.56679614E-01 0.49179619E+04
 0.57824615E-01 0.48505312E+04
 0.58992747E-01 0.47832065E+04
 0.60184479E-01 0.47153574E+04
 0.61400317E-01 0.46463843E+04
 0.62640682E-01 0.45756367E+04
 0.63906111E-01 0.45020132E+04
 0.65197095E-01 0.44243193E+04
 0.66514164E-01 0.43415620E+04
 0.67857832E-01 0.42540059E+04
 0.69228657E-01 0.41626831E+04
 0.70627168E-01 0.40684668E+04
 0.72053924E-01 0.39705352E+04
 0.73509507E-01 0.38670186E+04
 0.74994497E-01 0.37565703E+04
 0.76509491E-01 0.36404456E+04
 0.78055084E-01 0.35209785E+04
 0.79631895E-01 0.34000530E+04
 0.81240565E-01 0.32785713E+04
 0.82881734E-01 0.31572129E+04
 0.84556051E-01 0.30369514E+04
 0.86264193E-01 0.29189858E+04
 0.88006847E-01 0.28044373E+04
 0.89784704E-01 0.26944963E+04
 0.91598473E-01 0.25902063E+04
 0.93448877E-01 0.24924883E+04
 0.95336676E-01 0.24022356E+04
 0.97262599E-01 0.23201992E+04
 0.99227436E-01 0.22467014E+04
 0.10123201E+00 0.21816689E+04
 0.10327702E+00 0.21249058E+04
 0.10536335E+00 0.20755125E+04
 0.10749183E+00 0.20324094E+04
 0.10966332E+00 0.19943005E+04
 0.11187866E+00 0.19595741E+04
 0.11413875E+00 0.19266626E+04
 0.11644451E+00 0.18939445E+04
 0.11879683E+00 0.18598854E+04
 0.12119669E+00 0.18231511E+04
 0.12364503E+00 0.17825903E+04
 0.12614281E+00 0.17374531E+04
 0.12869108E+00 0.16873171E+04
 0.13129081E+00 0.16322574E+04
 0.13394305E+00 0.15727377E+04
 0.13664888E+00 0.15096799E+04
 0.13940936E+00 0.14443029E+04
 0.14222562E+00 0.13782164E+04
 0.14509876E+00 0.13131583E+04
 0.14802995E+00 0.12510487E+04
 0.15102035E+00 0.11935966E+04
 0.15407117E+00 0.11421573E+04
 0.15718360E+00 0.10974246E+04
 0.16035892E+00 0.10594225E+04
 0.16359837E+00 0.10274950E+04
 0.16690327E+00 0.10006221E+04
 0.17027503E+00 0.97751587E+03
 0.17371480E+00 0.95672162E+03
 0.17722408E+00 0.93663354E+03
 0.18080424E+00 0.91549774E+03
 0.18445672E+00 0.89176404E+03
 0.18818299E+00 0.86443231E+03
 0.19198453E+00 0.83337335E+03
 0.19586287E+00 0.79933130E+03
 0.19981956E+00 0.76353870E+03
 0.20385619E+00 0.72742560E+03
 0.20797436E+00 0.69244122E+03
 0.21217570E+00 0.65996759E+03
 0.21646193E+00 0.63110333E+03
 0.22083476E+00 0.60639038E+03
 0.22529592E+00 0.58566797E+03
 0.22984719E+00 0.56814606E+03
 0.23449039E+00 0.55262976E+03
 0.23922741E+00 0.53774042E+03
 0.24406013E+00 0.52216302E+03
 0.24899045E+00 0.50498160E+03
 0.25402039E+00 0.48594977E+03
 0.25915194E+00 0.46548151E+03
 0.26438716E+00 0.44441754E+03
 0.26972812E+00 0.42378854E+03
 0.27517700E+00 0.40459885E+03
 0.28073606E+00 0.38754309E+03
 0.28640729E+00 0.37276309E+03
 0.29219311E+00 0.35985635E+03
 0.29809579E+00 0.34808359E+03
 0.30411756E+00 0.33659930E+03
 0.31026131E+00 0.32469171E+03
 0.31652883E+00 0.31204623E+03
 0.32292327E+00 0.29885202E+03
 0.32944661E+00 0.28564157E+03
 0.33610201E+00 0.27301825E+03
 0.34289157E+00 0.26143442E+03
 0.34981859E+00 0.25103154E+03
 0.35688522E+00 0.24159665E+03
 0.36409497E+00 0.23270255E+03
 0.37145033E+00 0.22391862E+03
 0.37895393E+00 0.21498013E+03
 0.38660949E+00 0.20592224E+03
 0.39441931E+00 0.19702690E+03
 0.40238729E+00 0.18856790E+03
 0.41051584E+00 0.18071315E+03
 0.41880903E+00 0.17345552E+03
 0.42726934E+00 0.16658710E+03
 0.43590093E+00 0.15989883E+03
 0.44470647E+00 0.15328168E+03
 0.45369038E+00 0.14675655E+03
 0.46285531E+00 0.14046484E+03
 0.47220579E+00 0.13451418E+03
 0.48174477E+00 0.12890793E+03
 0.49147689E+00 0.12358363E+03
 0.50140512E+00 0.11843324E+03
 0.51153439E+00 0.11341202E+03
 0.52186781E+00 0.10854935E+03
 0.53241050E+00 0.10388920E+03
 0.54316562E+00 0.99464638E+02
 0.55413854E+00 0.95245346E+02
 0.56533259E+00 0.91187492E+02
 0.57675338E+00 0.87265579E+02
 0.58840430E+00 0.83492996E+02
 0.60029107E+00 0.79881332E+02
 0.61241806E+00 0.76428650E+02
 0.62478942E+00 0.73123085E+02
 0.63741130E+00 0.69953773E+02
 0.65028751E+00 0.66913513E+02
 0.66342449E+00 0.63997562E+02
 0.67682624E+00 0.61201366E+02
 0.69049937E+00 0.58520504E+02
 0.70444804E+00 0.55950684E+02
 0.71867913E+00 0.53487759E+02
 0.73319703E+00 0.51127689E+02
 0.74800897E+00 0.48866577E+02
 0.76311934E+00 0.46700638E+02
 0.77853578E+00 0.44626213E+02
 0.79426283E+00 0.42639763E+02
 0.81030840E+00 0.40737858E+02
 0.82667732E+00 0.38917194E+02
 0.84337759E+00 0.37174561E+02
 0.86041462E+00 0.35506874E+02
 0.87779653E+00 0.33911144E+02
 0.89552867E+00 0.32384476E+02
 0.91362000E+00 0.30924038E+02
 0.93207598E+00 0.29527088E+02
 0.95090556E+00 0.28190994E+02
 0.97011465E+00 0.26913221E+02
 0.98971266E+00 0.25691341E+02
 0.10097067E+01 0.24523014E+02
 0.10301036E+01 0.23405996E+02
 0.10509136E+01 0.22338133E+02
 0.10721428E+01 0.21317352E+02
 0.10938021E+01 0.20341669E+02
 0.11158978E+01 0.19409170E+02
 0.11384410E+01 0.18518028E+02
 0.11614385E+01 0.17666481E+02
 0.11849015E+01 0.16852842E+02
 0.12088375E+01 0.16075491E+02
 0.12332582E+01 0.15332875E+02
 0.12581712E+01 0.14623498E+02
 0.12835884E+01 0.13945918E+02
 0.13095180E+01 0.13298756E+02
 0.13359727E+01 0.12680687E+02
 0.13629605E+01 0.12090444E+02
 0.13904947E+01 0.11526813E+02
 0.14185839E+01 0.10988631E+02
 0.14472418E+01 0.10474788E+02
 0.14764773E+01 0.99842138E+01
 0.15063047E+01 0.95158901E+01
 0.15367334E+01 0.90688391E+01
 0.15677782E+01 0.86421242E+01
 0.15994486E+01 0.82348509E+01
 0.16317604E+01 0.78461614E+01
 0.16647232E+01 0.74752340E+01
 0.16983536E+01 0.71212835E+01
 0.17326634E+01 0.67835584E+01
 0.17676648E+01 0.64613581E+01
 0.18033748E+01 0.61540217E+01
 0.18398044E+01 0.58609128E+01
 0.18769718E+01 0.55814190E+01
 0.19148883E+01 0.53149490E+01
 0.19535724E+01 0.50609355E+01
 0.19930363E+01 0.48188319E+01
 0.20332992E+01 0.45881124E+01
 0.20743735E+01 0.43682728E+01
 0.21162796E+01 0.41588268E+01
 0.21590302E+01 0.39593098E+01
 0.22026465E+01 0.37692735E+01
 0.22471418E+01 0.35882895E+01
 0.22925382E+01 0.34159455E+01
 0.23388493E+01 0.32518475E+01
 0.23860984E+01 0.30956168E+01
