#          k/h    CDM            baryon         photon         nu             mass_nu        total          no_nu          total_de       Weyl           v_CDM          v_b            v_b-v_c        ISW            log_grow       pert_vel    
   0.994668E-05   0.311951E+08   0.311951E+08   0.415764E+08   0.415760E+08   0.311980E+08   0.311951E+08   0.311951E+08   0.312063E+08  -0.458397E+00   0.992929E+07   0.992929E+07   0.726702E+01   0.112836E+07   0.526775E+00  -0.998289E+14
   0.109829E-04   0.311935E+08   0.311935E+08   0.415705E+08   0.415699E+08   0.311964E+08   0.311935E+08   0.311935E+08   0.312046E+08  -0.458373E+00   0.992901E+07   0.992901E+07   0.802383E+01   0.925499E+06   0.526736E+00  -0.904072E+14
   0.121272E-04   0.311915E+08   0.311915E+08   0.415633E+08   0.415626E+08   0.311944E+08   0.311916E+08   0.311915E+08   0.312027E+08  -0.458344E+00   0.992867E+07   0.992867E+07   0.885940E+01   0.759113E+06   0.526690E+00  -0.818743E+14
   0.133906E-04   0.311891E+08   0.311891E+08   0.415545E+08   0.415537E+08   0.311920E+08   0.311892E+08   0.311891E+08   0.312003E+08  -0.458309E+00   0.992826E+07   0.992826E+07   0.978188E+01   0.622644E+06   0.526632E+00  -0.741461E+14
   0.147857E-04   0.311862E+08   0.311862E+08   0.415438E+08   0.415428E+08   0.311890E+08   0.311862E+08   0.311862E+08   0.311973E+08  -0.458266E+00   0.992776E+07   0.992776E+07   0.108003E+02   0.510713E+06   0.526563E+00  -0.671469E+14
   0.163261E-04   0.311826E+08   0.311826E+08   0.415308E+08   0.415296E+08   0.311854E+08   0.311827E+08   0.311826E+08   0.311938E+08  -0.458214E+00   0.992714E+07   0.992714E+07   0.119246E+02   0.418907E+06   0.526478E+00  -0.608076E+14
   0.180270E-04   0.311783E+08   0.311783E+08   0.415149E+08   0.415134E+08   0.311810E+08   0.311783E+08   0.311783E+08   0.311894E+08  -0.458150E+00   0.992640E+07   0.992640E+07   0.131657E+02   0.343608E+06   0.526374E+00  -0.550661E+14
   0.199051E-04   0.311730E+08   0.311730E+08   0.414956E+08   0.414938E+08   0.311757E+08   0.311730E+08   0.311730E+08   0.311841E+08  -0.458072E+00   0.992549E+07   0.992549E+07   0.145356E+02   0.281848E+06   0.526249E+00  -0.498659E+14
   0.219788E-04   0.311666E+08   0.311666E+08   0.414720E+08   0.414698E+08   0.311692E+08   0.311666E+08   0.311666E+08   0.311777E+08  -0.457977E+00   0.992438E+07   0.992438E+07   0.160477E+02   0.231192E+06   0.526096E+00  -0.451559E+14
   0.242687E-04   0.311587E+08   0.311587E+08   0.414433E+08   0.414406E+08   0.311613E+08   0.311587E+08   0.311587E+08   0.311698E+08  -0.457862E+00   0.992303E+07   0.992303E+07   0.177165E+02   0.189644E+06   0.525909E+00  -0.408898E+14
   0.267970E-04   0.311492E+08   0.311491E+08   0.414083E+08   0.414050E+08   0.311517E+08   0.311492E+08   0.311492E+08   0.311602E+08  -0.457721E+00   0.992138E+07   0.992138E+07   0.195582E+02   0.155567E+06   0.525683E+00  -0.370256E+14
   0.295888E-04   0.311375E+08   0.311375E+08   0.413657E+08   0.413617E+08   0.311400E+08   0.311375E+08   0.311375E+08   0.311486E+08  -0.457550E+00   0.991938E+07   0.991938E+07   0.215903E+02   0.127616E+06   0.525408E+00  -0.335253E+14
   0.326714E-04   0.311234E+08   0.311234E+08   0.413138E+08   0.413090E+08   0.311258E+08   0.311234E+08   0.311234E+08   0.311344E+08  -0.457342E+00   0.991694E+07   0.991694E+07   0.238323E+02   0.104691E+06   0.525073E+00  -0.303547E+14
   0.360752E-04   0.311062E+08   0.311062E+08   0.412507E+08   0.412448E+08   0.311085E+08   0.311062E+08   0.311062E+08   0.311172E+08  -0.457089E+00   0.991398E+07   0.991397E+07   0.263052E+02   0.858878E+05   0.524668E+00  -0.274824E+14
   0.398336E-04   0.310853E+08   0.310853E+08   0.411739E+08   0.411667E+08   0.310875E+08   0.310853E+08   0.310853E+08   0.310963E+08  -0.456781E+00   0.991037E+07   0.991036E+07   0.290323E+02   0.704650E+05   0.524176E+00  -0.248803E+14
   0.439836E-04   0.310599E+08   0.310599E+08   0.410805E+08   0.410717E+08   0.310619E+08   0.310599E+08   0.310599E+08   0.310709E+08  -0.456408E+00   0.990598E+07   0.990598E+07   0.320390E+02   0.578149E+05   0.523581E+00  -0.225228E+14
   0.485659E-04   0.310291E+08   0.310291E+08   0.409670E+08   0.409563E+08   0.310309E+08   0.310291E+08   0.310291E+08   0.310401E+08  -0.455955E+00   0.990065E+07   0.990064E+07   0.353526E+02   0.474389E+05   0.522861E+00  -0.203868E+14
   0.536256E-04   0.309918E+08   0.309918E+08   0.408292E+08   0.408162E+08   0.309934E+08   0.309918E+08   0.309918E+08   0.310027E+08  -0.455407E+00   0.989418E+07   0.989417E+07   0.390031E+02   0.389279E+05   0.521993E+00  -0.184511E+14
   0.592125E-04   0.309466E+08   0.309466E+08   0.406619E+08   0.406461E+08   0.309480E+08   0.309466E+08   0.309466E+08   0.309575E+08  -0.454742E+00   0.988633E+07   0.988632E+07   0.430228E+02   0.319466E+05   0.520947E+00  -0.166970E+14
   0.653814E-04   0.308921E+08   0.308920E+08   0.404591E+08   0.404400E+08   0.308930E+08   0.308921E+08   0.308921E+08   0.309029E+08  -0.453940E+00   0.987682E+07   0.987681E+07   0.474461E+02   0.262198E+05   0.519692E+00  -0.151070E+14
   0.721930E-04   0.308263E+08   0.308262E+08   0.402136E+08   0.401903E+08   0.308268E+08   0.308263E+08   0.308263E+08   0.308370E+08  -0.452972E+00   0.986531E+07   0.986530E+07   0.523101E+02   0.215218E+05   0.518190E+00  -0.136657E+14
   0.797142E-04   0.307471E+08   0.307470E+08   0.399169E+08   0.398886E+08   0.307471E+08   0.307471E+08   0.307471E+08   0.307577E+08  -0.451807E+00   0.985140E+07   0.985139E+07   0.576537E+02   0.176674E+05   0.516398E+00  -0.123589E+14
   0.880190E-04   0.306520E+08   0.306519E+08   0.395587E+08   0.395244E+08   0.306514E+08   0.306520E+08   0.306520E+08   0.306626E+08  -0.450409E+00   0.983463E+07   0.983462E+07   0.635178E+02   0.145048E+05   0.514272E+00  -0.111737E+14
   0.971891E-04   0.305383E+08   0.305382E+08   0.391273E+08   0.390858E+08   0.305369E+08   0.305382E+08   0.305383E+08   0.305487E+08  -0.448736E+00   0.981446E+07   0.981444E+07   0.699443E+02   0.119095E+05   0.511762E+00  -0.100987E+14
   0.107314E-03   0.304027E+08   0.304026E+08   0.386092E+08   0.385590E+08   0.304004E+08   0.304027E+08   0.304027E+08   0.304130E+08  -0.446742E+00   0.979025E+07   0.979023E+07   0.769756E+02   0.977912E+04   0.508817E+00  -0.912329E+13
   0.118495E-03   0.302418E+08   0.302417E+08   0.379887E+08   0.379282E+08   0.302384E+08   0.302418E+08   0.302418E+08   0.302520E+08  -0.444376E+00   0.976130E+07   0.976127E+07   0.846530E+02   0.803001E+04   0.505390E+00  -0.823805E+13
   0.130840E-03   0.300520E+08   0.300518E+08   0.372483E+08   0.371754E+08   0.300471E+08   0.300519E+08   0.300519E+08   0.300619E+08  -0.441582E+00   0.972680E+07   0.972677E+07   0.930153E+02   0.659340E+04   0.501436E+00  -0.743440E+13
   0.144471E-03   0.298291E+08   0.298290E+08   0.363685E+08   0.362811E+08   0.298226E+08   0.298291E+08   0.298291E+08   0.298388E+08  -0.438305E+00   0.968588E+07   0.968583E+07   0.102096E+03   0.541295E+04   0.496919E+00  -0.670462E+13
   0.159522E-03   0.295695E+08   0.295693E+08   0.353286E+08   0.352240E+08   0.295610E+08   0.295694E+08   0.295695E+08   0.295789E+08  -0.434485E+00   0.963758E+07   0.963752E+07   0.111921E+03   0.444248E+04   0.491821E+00  -0.604174E+13
   0.176142E-03   0.292693E+08   0.292691E+08   0.341065E+08   0.339819E+08   0.292583E+08   0.292692E+08   0.292693E+08   0.292783E+08  -0.430069E+00   0.958091E+07   0.958085E+07   0.122502E+03   0.364419E+04   0.486141E+00  -0.543951E+13
   0.194493E-03   0.289254E+08   0.289251E+08   0.326805E+08   0.325329E+08   0.289113E+08   0.289253E+08   0.289253E+08   0.289340E+08  -0.425008E+00   0.951488E+07   0.951480E+07   0.133836E+03   0.298716E+04   0.479909E+00  -0.489232E+13
   0.214755E-03   0.285351E+08   0.285347E+08   0.310304E+08   0.308564E+08   0.285173E+08   0.285349E+08   0.285350E+08   0.285432E+08  -0.419265E+00   0.943851E+07   0.943841E+07   0.145893E+03   0.244610E+04   0.473182E+00  -0.439516E+13
   0.237129E-03   0.280970E+08   0.280966E+08   0.291394E+08   0.289360E+08   0.280748E+08   0.280968E+08   0.280969E+08   0.281046E+08  -0.412819E+00   0.935094E+07   0.935083E+07   0.158610E+03   0.200039E+04   0.466050E+00  -0.394353E+13
   0.261834E-03   0.276110E+08   0.276105E+08   0.269974E+08   0.267618E+08   0.275833E+08   0.276108E+08   0.276109E+08   0.276180E+08  -0.405667E+00   0.925148E+07   0.925135E+07   0.171884E+03   0.163320E+04   0.458634E+00  -0.353346E+13
   0.289112E-03   0.270784E+08   0.270779E+08   0.246042E+08   0.243344E+08   0.270442E+08   0.270782E+08   0.270783E+08   0.270847E+08  -0.397829E+00   0.913966E+07   0.913950E+07   0.185558E+03   0.133079E+04   0.451080E+00  -0.316139E+13
   0.319233E-03   0.265024E+08   0.265018E+08   0.219745E+08   0.216694E+08   0.264602E+08   0.265021E+08   0.265023E+08   0.265080E+08  -0.389351E+00   0.901534E+07   0.901514E+07   0.199412E+03   0.108196E+04   0.443547E+00  -0.282416E+13
   0.352491E-03   0.258877E+08   0.258869E+08   0.191422E+08   0.188030E+08   0.258358E+08   0.258874E+08   0.258876E+08   0.258924E+08  -0.380302E+00   0.887871E+07   0.887848E+07   0.213153E+03   0.877509E+03   0.436198E+00  -0.251893E+13
   0.389215E-03   0.252406E+08   0.252396E+08   0.161664E+08   0.157964E+08   0.251769E+08   0.252401E+08   0.252404E+08   0.252444E+08  -0.370774E+00   0.873039E+07   0.873013E+07   0.226407E+03   0.709870E+03   0.429182E+00  -0.224315E+13
   0.429764E-03   0.245683E+08   0.245672E+08   0.131346E+08   0.127402E+08   0.244905E+08   0.245678E+08   0.245681E+08   0.245712E+08  -0.360877E+00   0.857140E+07   0.857110E+07   0.238721E+03   0.572779E+03   0.422628E+00  -0.199451E+13
   0.474538E-03   0.238793E+08   0.238780E+08   0.101641E+08   0.975473E+07   0.237844E+08   0.238787E+08   0.238791E+08   0.238813E+08  -0.350733E+00   0.840316E+07   0.840280E+07   0.249568E+03   0.461017E+03   0.416634E+00  -0.177086E+13
   0.523976E-03   0.231822E+08   0.231806E+08   0.739654E+07   0.698405E+07   0.230667E+08   0.231814E+08   0.231820E+08   0.231834E+08  -0.340469E+00   0.822739E+07   0.822699E+07   0.258378E+03   0.370215E+03   0.411262E+00  -0.157023E+13
   0.578566E-03   0.224856E+08   0.224837E+08   0.498365E+07   0.458037E+07   0.223453E+08   0.224847E+08   0.224853E+08   0.224860E+08  -0.330213E+00   0.804612E+07   0.804567E+07   0.264574E+03   0.296704E+03   0.406537E+00  -0.139074E+13
   0.638842E-03   0.217977E+08   0.217955E+08   0.306122E+07   0.267662E+07   0.216275E+08   0.217965E+08   0.217973E+08   0.217973E+08  -0.320086E+00   0.786152E+07   0.786101E+07   0.267638E+03   0.237398E+03   0.402455E+00  -0.123062E+13
   0.705398E-03   0.211258E+08   0.211233E+08   0.171252E+07   0.134873E+07   0.209199E+08   0.211244E+08   0.211254E+08   0.211248E+08  -0.310198E+00   0.767581E+07   0.767525E+07   0.267182E+03   0.189712E+03   0.398987E+00  -0.108818E+13
   0.778888E-03   0.204763E+08   0.204735E+08   0.930433E+06   0.578098E+06   0.202278E+08   0.204747E+08   0.204758E+08   0.204749E+08  -0.300643E+00   0.749118E+07   0.749056E+07   0.263023E+03   0.151480E+03   0.396083E+00  -0.961801E+12
   0.860035E-03   0.198545E+08   0.198514E+08   0.597100E+06   0.234386E+06   0.195552E+08   0.198526E+08   0.198540E+08   0.198527E+08  -0.291498E+00   0.730966E+07   0.730901E+07   0.255224E+03   0.120906E+03   0.393685E+00  -0.849945E+12
   0.949635E-03   0.192644E+08   0.192610E+08   0.506642E+06   0.105227E+06   0.189049E+08   0.192621E+08   0.192638E+08   0.192622E+08  -0.282821E+00   0.713308E+07   0.713238E+07   0.244092E+03   0.965030E+02   0.391727E+00  -0.751154E+12
   0.104857E-02   0.187087E+08   0.187050E+08   0.445009E+06  -0.150684E+05   0.182782E+08   0.187061E+08   0.187081E+08   0.187062E+08  -0.274653E+00   0.696294E+07   0.696222E+07   0.230107E+03   0.770518E+02   0.390143E+00  -0.664054E+12
   0.115781E-02   0.181891E+08   0.181852E+08   0.299681E+06  -0.211189E+06   0.176751E+08   0.181860E+08   0.181885E+08   0.181861E+08  -0.267014E+00   0.680042E+07   0.679968E+07   0.213829E+03   0.615596E+02   0.388872E+00  -0.587362E+12
   0.127844E-02   0.177060E+08   0.177019E+08   0.115514E+06  -0.399540E+06   0.170948E+08   0.177025E+08   0.177054E+08   0.177024E+08  -0.259912E+00   0.664634E+07   0.664559E+07   0.195842E+03   0.492237E+02   0.387858E+00  -0.519889E+12
   0.141163E-02   0.172590E+08   0.172548E+08   0.117063E+05  -0.435570E+06   0.165363E+08   0.172549E+08   0.172583E+08   0.172548E+08  -0.253338E+00   0.650113E+07   0.650039E+07   0.176788E+03   0.393995E+02   0.387052E+00  -0.460550E+12
   0.155869E-02   0.168465E+08   0.168423E+08   0.977777E+04   0.423846E+06   0.159971E+08   0.168418E+08   0.168458E+08   0.168418E+08  -0.247273E+00   0.636486E+07   0.636413E+07   0.157456E+03   0.315727E+02   0.386411E+00  -0.408353E+12
   0.172108E-02   0.164666E+08   0.164623E+08   0.588807E+03   0.339796E+06   0.154746E+08   0.164612E+08   0.164659E+08   0.164612E+08  -0.241683E+00   0.623736E+07   0.623664E+07   0.138753E+03   0.253297E+02   0.385903E+00  -0.362415E+12
   0.190039E-02   0.161163E+08   0.161121E+08  -0.545852E+05   0.272771E+06   0.149661E+08   0.161102E+08   0.161156E+08   0.161102E+08  -0.236529E+00   0.611808E+07   0.611739E+07   0.121518E+03   0.203444E+02   0.385499E+00  -0.321944E+12
   0.209838E-02   0.157925E+08   0.157884E+08  -0.568616E+05   0.219231E+06   0.144693E+08   0.157855E+08   0.157918E+08   0.157856E+08  -0.231762E+00   0.600627E+07   0.600560E+07   0.106343E+03   0.163577E+02   0.385177E+00  -0.286239E+12
   0.231699E-02   0.154916E+08   0.154875E+08  -0.282841E+05   0.176387E+06   0.139817E+08   0.154838E+08   0.154909E+08   0.154838E+08  -0.227330E+00   0.590099E+07   0.590034E+07   0.935449E+02   0.131650E+02   0.384918E+00  -0.254688E+12
   0.255838E-02   0.152098E+08   0.152056E+08  -0.490687E+05   0.142040E+06   0.135011E+08   0.152010E+08   0.152091E+08   0.152010E+08  -0.223178E+00   0.580115E+07   0.580052E+07   0.830650E+02   0.106038E+02   0.384708E+00  -0.226755E+12
   0.282492E-02   0.149431E+08   0.149388E+08  -0.329233E+05   0.114458E+06   0.130254E+08   0.149333E+08   0.149424E+08   0.149333E+08  -0.219248E+00   0.570558E+07   0.570495E+07   0.744008E+02   0.854605E+01   0.384537E+00  -0.201977E+12
   0.311923E-02   0.146878E+08   0.146833E+08  -0.281707E+05   0.922738E+05   0.125519E+08   0.146769E+08   0.146871E+08   0.146770E+08  -0.215484E+00   0.561306E+07   0.561243E+07   0.668769E+02   0.689043E+01   0.384395E+00  -0.179954E+12
   0.344419E-02   0.144400E+08   0.144353E+08  -0.179873E+05   0.744056E+05   0.120779E+08   0.144280E+08   0.144392E+08   0.144280E+08  -0.211829E+00   0.552235E+07   0.552173E+07   0.599262E+02   0.555652E+01   0.384277E+00  -0.160341E+12
   0.380302E-02   0.141961E+08   0.141911E+08  -0.145555E+05   0.599962E+05   0.116004E+08   0.141830E+08   0.141953E+08   0.141830E+08  -0.208231E+00   0.543226E+07   0.543165E+07   0.533861E+02   0.448062E+01   0.384177E+00  -0.142843E+12
   0.419923E-02   0.139526E+08   0.139473E+08  -0.449968E+04   0.483645E+05   0.111168E+08   0.139383E+08   0.139517E+08   0.139383E+08  -0.204638E+00   0.534160E+07   0.534100E+07   0.474708E+02   0.361198E+01   0.384091E+00  -0.127207E+12
   0.463671E-02   0.137063E+08   0.137006E+08  -0.869813E+04   0.389679E+05   0.106252E+08   0.136908E+08   0.137053E+08   0.136908E+08  -0.201004E+00   0.524927E+07   0.524868E+07   0.424101E+02   0.291020E+01   0.384016E+00  -0.113213E+12
   0.511978E-02   0.134542E+08   0.134480E+08  -0.111738E+05   0.313733E+05   0.101254E+08   0.134374E+08   0.134532E+08   0.134374E+08  -0.197284E+00   0.515423E+07   0.515364E+07   0.380963E+02   0.234295E+01   0.383949E+00  -0.100675E+12
   0.565317E-02   0.131939E+08   0.131871E+08  -0.841617E+04   0.252342E+05   0.959477E+07   0.131758E+08   0.131928E+08   0.131758E+08  -0.193443E+00   0.505562E+07   0.505504E+07   0.342129E+02   0.188440E+01   0.383887E+00  -0.894314E+11
   0.624213E-02   0.129221E+08   0.129146E+08  -0.748192E+04   0.202704E+05   0.906152E+07   0.129026E+08   0.129208E+08   0.129026E+08  -0.189432E+00   0.495225E+07   0.495168E+07   0.306531E+02   0.151363E+01   0.383830E+00  -0.793373E+11
   0.689245E-02   0.126368E+08   0.126283E+08  -0.468559E+04   0.162584E+05   0.851384E+07   0.126158E+08   0.126353E+08   0.126158E+08  -0.185222E+00   0.484342E+07   0.484285E+07   0.275397E+02   0.121396E+01   0.383776E+00  -0.702726E+11
   0.761052E-02   0.123357E+08   0.123263E+08  -0.458659E+04   0.130172E+05   0.795955E+07   0.123134E+08   0.123341E+08   0.123134E+08  -0.180782E+00   0.472835E+07   0.472779E+07   0.248173E+02   0.971876E+00   0.383725E+00  -0.621302E+11
   0.840340E-02   0.120171E+08   0.120063E+08  -0.496573E+04   0.104006E+05   0.740626E+07   0.119934E+08   0.120153E+08   0.119934E+08  -0.176084E+00   0.460635E+07   0.460578E+07   0.223641E+02   0.776456E+00   0.383677E+00  -0.548161E+11
   0.927889E-02   0.116790E+08   0.116668E+08  -0.319851E+04   0.829039E+04   0.685272E+07   0.116541E+08   0.116770E+08   0.116541E+08  -0.171102E+00   0.447677E+07   0.447620E+07   0.202011E+02   0.618861E+00   0.383631E+00  -0.482475E+11
   0.102456E-01   0.113200E+08   0.113060E+08  -0.300707E+04   0.659052E+04   0.629782E+07   0.112939E+08   0.113176E+08   0.112939E+08  -0.165813E+00   0.433903E+07   0.433847E+07   0.182866E+02   0.491924E+00   0.383587E+00  -0.423509E+11
   0.113130E-01   0.109385E+08   0.109225E+08  -0.264579E+04   0.522317E+04   0.574727E+07   0.109113E+08   0.109358E+08   0.109113E+08  -0.160196E+00   0.419260E+07   0.419203E+07   0.165905E+02   0.389826E+00   0.383544E+00  -0.370605E+11
   0.124916E-01   0.105333E+08   0.105148E+08  -0.194138E+04   0.412512E+04   0.520752E+07   0.105050E+08   0.105302E+08   0.105050E+08  -0.154231E+00   0.403697E+07   0.403640E+07   0.150908E+02   0.307844E+00   0.383503E+00  -0.323178E+11
   0.137930E-01   0.101032E+08   0.100820E+08  -0.182957E+04   0.324508E+04   0.468238E+07   0.100740E+08   0.100996E+08   0.100740E+08  -0.147903E+00   0.387177E+07   0.387120E+07   0.137619E+02   0.242147E+00   0.383463E+00  -0.280709E+11
   0.152300E-01   0.964762E+07   0.962340E+07  -0.144533E+04   0.254141E+04   0.417278E+07   0.961766E+07   0.964355E+07   0.961766E+07  -0.141203E+00   0.369676E+07   0.369619E+07   0.125788E+02   0.189621E+00   0.383425E+00  -0.242731E+11
   0.168167E-01   0.917701E+07   0.914939E+07  -0.111366E+04   0.198261E+04   0.369038E+07   0.914643E+07   0.917237E+07   0.914643E+07  -0.134285E+00   0.351596E+07   0.351538E+07   0.115280E+02   0.147914E+00   0.383388E+00  -0.209078E+11
   0.185687E-01   0.867302E+07   0.864173E+07  -0.985695E+03   0.153667E+04   0.322902E+07   0.864203E+07   0.866777E+07   0.864203E+07  -0.126879E+00   0.332237E+07   0.332178E+07   0.105680E+02   0.114634E+00   0.383353E+00  -0.178924E+11
   0.205033E-01   0.814628E+07   0.811114E+07  -0.626399E+03   0.118369E+04   0.279661E+07   0.811509E+07   0.814038E+07   0.811509E+07  -0.119143E+00   0.312005E+07   0.311945E+07   0.968219E+01   0.882947E-01   0.383320E+00  -0.152174E+11
   0.226393E-01   0.759244E+07   0.755344E+07  -0.562404E+03   0.904725E+03   0.239331E+07   0.756132E+07   0.758589E+07   0.756132E+07  -0.111013E+00   0.290737E+07   0.290676E+07   0.884188E+01   0.674810E-01   0.383289E+00  -0.128421E+11
   0.249980E-01   0.703111E+07   0.698850E+07  -0.424459E+03   0.687085E+03   0.202699E+07   0.700031E+07   0.702396E+07   0.700031E+07  -0.102776E+00   0.269185E+07   0.269125E+07   0.803028E+01   0.512441E-01   0.383260E+00  -0.107683E+11
   0.276023E-01   0.646881E+07   0.642316E+07  -0.297356E+03   0.518390E+03   0.169855E+07   0.643861E+07   0.646114E+07   0.643861E+07  -0.945293E-01   0.247603E+07   0.247544E+07   0.722527E+01   0.386600E-01   0.383232E+00  -0.897035E+10
   0.304780E-01   0.590788E+07   0.586018E+07  -0.255342E+03   0.388247E+03   0.140714E+07   0.587861E+07   0.589987E+07   0.587861E+07  -0.863076E-01   0.226083E+07   0.226024E+07   0.640421E+01   0.289526E-01   0.383207E+00  -0.741786E+10
   0.336533E-01   0.536342E+07   0.531510E+07  -0.172438E+03   0.289047E+03   0.115406E+07   0.533543E+07   0.535531E+07   0.533543E+07  -0.783328E-01   0.205205E+07   0.205149E+07   0.555804E+01   0.215538E-01   0.383183E+00  -0.609759E+10
   0.371593E-01   0.485499E+07   0.480792E+07  -0.130121E+03   0.214577E+03   0.940015E+06   0.482860E+07   0.484709E+07   0.482860E+07  -0.708917E-01   0.185723E+07   0.185670E+07   0.468988E+01   0.159999E-01   0.383161E+00  -0.499796E+10
   0.410307E-01   0.439497E+07   0.435128E+07  -0.113549E+03   0.159313E+03   0.762658E+06   0.437048E+07   0.438763E+07   0.437048E+07  -0.641657E-01   0.168110E+07   0.168064E+07   0.381517E+01   0.118786E-01   0.383141E+00  -0.409715E+10
   0.451338E-01   0.401044E+07   0.397194E+07   0.120151E+03   0.120151E+03   0.624040E+06   0.398798E+07   0.400398E+07   0.398798E+07  -0.585501E-01   0.153397E+07   0.153355E+07   0.313622E+01   0.895903E-02   0.383106E+00  -0.339870E+10
   0.492368E-01   0.370677E+07   0.367437E+07   0.933288E+02   0.933288E+02   0.520572E+06   0.368628E+07   0.370133E+07   0.368628E+07  -0.541206E-01   0.141797E+07   0.141761E+07   0.242921E+01   0.695885E-02   0.383091E+00  -0.287989E+10
   0.533399E-01   0.346205E+07   0.343575E+07   0.742869E+02   0.742869E+02   0.441302E+06   0.344336E+07   0.345763E+07   0.344336E+07  -0.505541E-01   0.132457E+07   0.132427E+07   0.186557E+01   0.553890E-02   0.383078E+00  -0.248326E+10
   0.574430E-01   0.325600E+07   0.323506E+07   0.602531E+02   0.602531E+02   0.378609E+06   0.323888E+07   0.325248E+07   0.323888E+07  -0.475521E-01   0.124594E+07   0.124569E+07   0.144259E+01   0.449244E-02   0.383068E+00  -0.216901E+10
   0.615460E-01   0.307280E+07   0.305595E+07   0.495418E+02   0.495418E+02   0.327416E+06   0.305699E+07   0.306997E+07   0.305699E+07  -0.448816E-01   0.117600E+07   0.117578E+07   0.114774E+01   0.369375E-02   0.383059E+00  -0.191077E+10
   0.656491E-01   0.290022E+07   0.288598E+07   0.411010E+02   0.411010E+02   0.284314E+06   0.288546E+07   0.289783E+07   0.288546E+07  -0.423633E-01   0.111003E+07   0.110984E+07   0.960393E+00   0.306438E-02   0.383051E+00  -0.169087E+10
   0.697522E-01   0.272960E+07   0.271652E+07   0.342666E+02   0.342666E+02   0.247077E+06   0.271566E+07   0.272740E+07   0.271566E+07  -0.398704E-01   0.104473E+07   0.104455E+07   0.854791E+00   0.255480E-02   0.383044E+00  -0.149779E+10
   0.738552E-01   0.256237E+07   0.254923E+07   0.286908E+02   0.286908E+02   0.214879E+06   0.254906E+07   0.256016E+07   0.254906E+07  -0.374244E-01   0.980658E+06   0.980479E+06   0.805050E+00   0.213906E-02   0.383038E+00  -0.132782E+10
   0.779583E-01   0.239311E+07   0.237911E+07   0.240463E+02   0.240463E+02   0.186484E+06   0.238033E+07   0.239076E+07   0.238033E+07  -0.349471E-01   0.915760E+06   0.915577E+06   0.784454E+00   0.179278E-02   0.383032E+00  -0.117468E+10
   0.820614E-01   0.223007E+07   0.221488E+07   0.202200E+02   0.202200E+02   0.161937E+06   0.221775E+07   0.222752E+07   0.221775E+07  -0.325601E-01   0.853227E+06   0.853037E+06   0.773288E+00   0.150750E-02   0.383028E+00  -0.103974E+10
   0.861644E-01   0.207774E+07   0.206143E+07   0.170844E+02   0.170844E+02   0.140961E+06   0.206584E+07   0.207500E+07   0.206584E+07  -0.303300E-01   0.794799E+06   0.794604E+06   0.756638E+00   0.127371E-02   0.383023E+00  -0.922417E+09
   0.912856E-01   0.190831E+07   0.189125E+07   0.139775E+02   0.139775E+02   0.119345E+06   0.189699E+07   0.190545E+07   0.189699E+07  -0.278509E-01   0.729849E+06   0.729653E+06   0.715706E+00   0.104208E-02   0.383019E+00  -0.799516E+09
   0.964067E-01   0.176698E+07   0.175018E+07   0.116028E+02   0.116028E+02   0.102229E+06   0.175630E+07   0.176416E+07   0.175630E+07  -0.257853E-01   0.675727E+06   0.675539E+06   0.649377E+00   0.865026E-03   0.383015E+00  -0.700906E+09
   0.101528E+00   0.165549E+07   0.163995E+07   0.980188E+01   0.980188E+01   0.888944E+05   0.164548E+07   0.165288E+07   0.164548E+07  -0.241584E-01   0.633098E+06   0.632926E+06   0.564302E+00   0.730761E-03   0.383011E+00  -0.623565E+09
   0.106649E+00   0.156979E+07   0.155622E+07   0.842433E+01   0.842433E+01   0.784700E+05   0.156047E+07   0.156751E+07   0.156047E+07  -0.229102E-01   0.600392E+06   0.600241E+06   0.472543E+00   0.628058E-03   0.383008E+00  -0.562958E+09
   0.111770E+00   0.150146E+07   0.149013E+07   0.733753E+01   0.733753E+01   0.700607E+05   0.149279E+07   0.149956E+07   0.149279E+07  -0.219167E-01   0.574358E+06   0.574228E+06   0.386777E+00   0.547032E-03   0.383005E+00  -0.513873E+09
   0.116891E+00   0.144142E+07   0.143212E+07   0.644160E+01   0.644160E+01   0.629402E+05   0.143334E+07   0.143986E+07   0.143334E+07  -0.210438E-01   0.551486E+06   0.551375E+06   0.316794E+00   0.480237E-03   0.383002E+00  -0.471796E+09
   0.122012E+00   0.138258E+07   0.137476E+07   0.567162E+01   0.567162E+01   0.566207E+05   0.137500E+07   0.138127E+07   0.137500E+07  -0.201872E-01   0.529039E+06   0.528941E+06   0.267553E+00   0.422832E-03   0.383000E+00  -0.433597E+09
   0.127134E+00   0.132077E+07   0.131372E+07   0.499062E+01   0.499062E+01   0.508338E+05   0.131358E+07   0.131959E+07   0.131358E+07  -0.192855E-01   0.505412E+06   0.505321E+06   0.238839E+00   0.372062E-03   0.382998E+00  -0.397546E+09
   0.132255E+00   0.125484E+07   0.124790E+07   0.438127E+01   0.438127E+01   0.454760E+05   0.124796E+07   0.125368E+07   0.124796E+07  -0.183220E-01   0.480166E+06   0.480076E+06   0.226319E+00   0.326633E-03   0.382996E+00  -0.363063E+09
   0.137376E+00   0.118613E+07   0.117883E+07   0.383795E+01   0.383795E+01   0.405480E+05   0.117949E+07   0.118490E+07   0.117949E+07  -0.173168E-01   0.453825E+06   0.453733E+06   0.223408E+00   0.286127E-03   0.382994E+00  -0.330354E+09
   0.142497E+00   0.111758E+07   0.110973E+07   0.336041E+01   0.336041E+01   0.360994E+05   0.111115E+07   0.111626E+07   0.111115E+07  -0.163135E-01   0.427535E+06   0.427440E+06   0.223304E+00   0.250525E-03   0.382992E+00  -0.300031E+09
   0.147618E+00   0.105296E+07   0.104463E+07   0.294979E+01   0.294979E+01   0.321901E+05   0.104673E+07   0.105156E+07   0.104673E+07  -0.153678E-01   0.402752E+06   0.402655E+06   0.220649E+00   0.219912E-03   0.382991E+00  -0.272833E+09
   0.152739E+00   0.995808E+06   0.987295E+06   0.260548E+01   0.260548E+01   0.288582E+05   0.989809E+06   0.994379E+06   0.989809E+06  -0.145320E-01   0.380852E+06   0.380755E+06   0.212454E+00   0.194243E-03   0.382990E+00  -0.249346E+09
   0.157860E+00   0.948109E+06   0.939784E+06   0.232225E+01   0.232225E+01   0.260849E+05   0.942354E+06   0.946711E+06   0.942354E+06  -0.138353E-01   0.362594E+06   0.362501E+06   0.198211E+00   0.173128E-03   0.382988E+00  -0.229692E+09
   0.162982E+00   0.909509E+06   0.901718E+06   0.208998E+01   0.208998E+01   0.237906E+05   0.904015E+06   0.908201E+06   0.904015E+06  -0.132724E-01   0.347843E+06   0.347756E+06   0.179389E+00   0.155812E-03   0.382987E+00  -0.213424E+09
   0.168103E+00   0.878011E+06   0.870984E+06   0.189672E+01   0.189672E+01   0.218653E+05   0.872785E+06   0.876831E+06   0.872785E+06  -0.128139E-01   0.335827E+06   0.335747E+06   0.158615E+00   0.141404E-03   0.382986E+00  -0.199774E+09
   0.173224E+00   0.851102E+06   0.844904E+06   0.173170E+01   0.173170E+01   0.202040E+05   0.846134E+06   0.850062E+06   0.846134E+06  -0.124226E-01   0.325573E+06   0.325500E+06   0.138758E+00   0.129101E-03   0.382985E+00  -0.187949E+09
   0.178345E+00   0.826227E+06   0.820768E+06   0.158611E+01   0.158611E+01   0.187181E+05   0.821493E+06   0.825311E+06   0.821493E+06  -0.120609E-01   0.316091E+06   0.316026E+06   0.122117E+00   0.118247E-03   0.382984E+00  -0.177236E+09
   0.183466E+00   0.801018E+06   0.796094E+06   0.145318E+01   0.145318E+01   0.173370E+05   0.796486E+06   0.800191E+06   0.796486E+06  -0.116937E-01   0.306470E+06   0.306409E+06   0.109921E+00   0.108337E-03   0.382984E+00  -0.167045E+09
   0.188587E+00   0.773942E+06   0.769302E+06   0.132887E+01   0.132887E+01   0.160195E+05   0.769580E+06   0.773163E+06   0.769580E+06  -0.112987E-01   0.296117E+06   0.296059E+06   0.102236E+00   0.990698E-04   0.382983E+00  -0.157019E+09
   0.193708E+00   0.744845E+06   0.740260E+06   0.121215E+01   0.121215E+01   0.147580E+05   0.740623E+06   0.744075E+06   0.740623E+06  -0.108736E-01   0.284976E+06   0.284919E+06   0.981882E-01   0.903680E-04   0.382982E+00  -0.147117E+09
   0.198830E+00   0.714679E+06   0.709990E+06   0.110384E+01   0.110384E+01   0.135673E+05   0.710577E+06   0.713891E+06   0.710577E+06  -0.104324E-01   0.273416E+06   0.273359E+06   0.963539E-01   0.822934E-04   0.382981E+00  -0.137513E+09
   0.203951E+00   0.684767E+06   0.679915E+06   0.100511E+01   0.100511E+01   0.124662E+05   0.680774E+06   0.683952E+06   0.680774E+06  -0.999487E-02   0.261950E+06   0.261892E+06   0.951878E-01   0.749325E-04   0.382981E+00  -0.128438E+09
   0.209072E+00   0.656396E+06   0.651414E+06   0.916765E+00   0.916765E+00   0.114696E+05   0.652511E+06   0.655559E+06   0.652511E+06  -0.957992E-02   0.251076E+06   0.251017E+06   0.934148E-01   0.683464E-04   0.382980E+00  -0.120090E+09
   0.214193E+00   0.630665E+06   0.625655E+06   0.839162E+00   0.839162E+00   0.105864E+05   0.626893E+06   0.629824E+06   0.626893E+06  -0.920381E-02   0.241219E+06   0.241161E+06   0.902853E-01   0.625610E-04   0.382980E+00  -0.112617E+09
   0.219314E+00   0.608240E+06   0.603334E+06   0.771952E+00   0.771952E+00   0.981652E+04   0.604588E+06   0.607416E+06   0.604588E+06  -0.887634E-02   0.232637E+06   0.232581E+06   0.856415E-01   0.575504E-04   0.382979E+00  -0.106074E+09
   0.224435E+00   0.589115E+06   0.584435E+06   0.713963E+00   0.713963E+00   0.914894E+04   0.585588E+06   0.588329E+06   0.585588E+06  -0.859739E-02   0.225326E+06   0.225272E+06   0.798201E-01   0.532271E-04   0.382979E+00  -0.100397E+09
   0.229556E+00   0.572681E+06   0.568308E+06   0.663459E+00   0.663459E+00   0.856452E+04   0.569280E+06   0.571947E+06   0.569280E+06  -0.835796E-02   0.219051E+06   0.219001E+06   0.734586E-01   0.494620E-04   0.382978E+00  -0.954235E+08
   0.234678E+00   0.558011E+06   0.553969E+06   0.618598E+00   0.618598E+00   0.804213E+04   0.554733E+06   0.557332E+06   0.554733E+06  -0.814438E-02   0.213453E+06   0.213406E+06   0.672751E-01   0.461175E-04   0.382978E+00  -0.909560E+08
   0.239799E+00   0.544117E+06   0.540378E+06   0.577743E+00   0.577743E+00   0.756229E+04   0.540953E+06   0.543489E+06   0.540953E+06  -0.794207E-02   0.208151E+06   0.208107E+06   0.618695E-01   0.430718E-04   0.382977E+00  -0.868026E+08
   0.244920E+00   0.530164E+06   0.526655E+06   0.539655E+00   0.539655E+00   0.711019E+04   0.527102E+06   0.529574E+06   0.527102E+06  -0.773872E-02   0.202822E+06   0.202779E+06   0.575944E-01   0.402323E-04   0.382977E+00  -0.828116E+08
   0.250041E+00   0.515661E+06   0.512296E+06   0.503620E+00   0.503620E+00   0.667744E+04   0.512690E+06   0.515096E+06   0.512690E+06  -0.752712E-02   0.197276E+06   0.197235E+06   0.545133E-01   0.375458E-04   0.382976E+00  -0.788977E+08
   0.255162E+00   0.500555E+06   0.497251E+06   0.469435E+00   0.469435E+00   0.626214E+04   0.497663E+06   0.500000E+06   0.497663E+06  -0.730651E-02   0.191495E+06   0.191455E+06   0.524388E-01   0.349972E-04   0.382976E+00  -0.750483E+08
   0.260283E+00   0.485124E+06   0.481823E+06   0.437221E+00   0.437221E+00   0.586679E+04   0.482304E+06   0.484570E+06   0.482304E+06  -0.708101E-02   0.185585E+06   0.185545E+06   0.510220E-01   0.325956E-04   0.382976E+00  -0.713012E+08
   0.265404E+00   0.469810E+06   0.466486E+06   0.407218E+00   0.407218E+00   0.549522E+04   0.467057E+06   0.469252E+06   0.467057E+06  -0.685716E-02   0.179718E+06   0.179679E+06   0.498645E-01   0.303588E-04   0.382975E+00  -0.677149E+08
   0.270526E+00   0.455092E+06   0.451754E+06   0.379651E+00   0.379651E+00   0.515135E+04   0.452405E+06   0.454532E+06   0.452405E+06  -0.664204E-02   0.174081E+06   0.174041E+06   0.486216E-01   0.283037E-04   0.382975E+00  -0.643490E+08
   0.275647E+00   0.441394E+06   0.438072E+06   0.354657E+00   0.354657E+00   0.483772E+04   0.438772E+06   0.440836E+06   0.438772E+06  -0.644189E-02   0.168835E+06   0.168797E+06   0.470733E-01   0.264403E-04   0.382975E+00  -0.612506E+08
   0.280768E+00   0.428965E+06   0.425704E+06   0.332208E+00   0.332208E+00   0.455472E+04   0.426412E+06   0.428418E+06   0.426412E+06  -0.626042E-02   0.164079E+06   0.164041E+06   0.451497E-01   0.247667E-04   0.382975E+00  -0.584394E+08
   0.285889E+00   0.417817E+06   0.414660E+06   0.312088E+00   0.312088E+00   0.430009E+04   0.415333E+06   0.417287E+06   0.415333E+06  -0.609776E-02   0.159816E+06   0.159780E+06   0.429154E-01   0.232668E-04   0.382974E+00  -0.559014E+08
   0.291010E+00   0.407754E+06   0.404730E+06   0.293953E+00   0.293953E+00   0.406963E+04   0.405338E+06   0.407246E+06   0.405338E+06  -0.595103E-02   0.155971E+06   0.155935E+06   0.405259E-01   0.219148E-04   0.382974E+00  -0.535962E+08
   0.296131E+00   0.398467E+06   0.395587E+06   0.277417E+00   0.277417E+00   0.385855E+04   0.396118E+06   0.397983E+06   0.396118E+06  -0.581566E-02   0.152423E+06   0.152389E+06   0.381707E-01   0.206820E-04   0.382974E+00  -0.514713E+08
   0.301252E+00   0.389618E+06   0.386874E+06   0.262121E+00   0.262121E+00   0.366217E+04   0.387333E+06   0.389157E+06   0.387333E+06  -0.568668E-02   0.149042E+06   0.149010E+06   0.360188E-01   0.195416E-04   0.382974E+00  -0.494743E+08
   0.306374E+00   0.380908E+06   0.378278E+06   0.247772E+00   0.247772E+00   0.347679E+04   0.378682E+06   0.380467E+06   0.378682E+06  -0.555968E-02   0.145714E+06   0.145682E+06   0.341797E-01   0.184718E-04   0.382973E+00  -0.475608E+08
   0.311495E+00   0.372137E+06   0.369589E+06   0.234174E+00   0.234174E+00   0.329986E+04   0.369965E+06   0.371709E+06   0.369965E+06  -0.543170E-02   0.142360E+06   0.142329E+06   0.326874E-01   0.174581E-04   0.382973E+00  -0.457021E+08
   0.316616E+00   0.363244E+06   0.360751E+06   0.221243E+00   0.221243E+00   0.313042E+04   0.361123E+06   0.362825E+06   0.361123E+06  -0.530188E-02   0.138957E+06   0.138927E+06   0.315057E-01   0.164941E-04   0.382973E+00  -0.438883E+08
   0.321737E+00   0.354303E+06   0.351840E+06   0.208979E+00   0.208979E+00   0.296865E+04   0.352228E+06   0.353889E+06   0.352228E+06  -0.517129E-02   0.135535E+06   0.135505E+06   0.305486E-01   0.155798E-04   0.382973E+00  -0.421260E+08
   0.326858E+00   0.345462E+06   0.343018E+06   0.197425E+00   0.197425E+00   0.281533E+04   0.343432E+06   0.345052E+06   0.343432E+06  -0.504214E-02   0.132150E+06   0.132121E+06   0.297094E-01   0.147184E-04   0.382973E+00  -0.404304E+08
   0.331979E+00   0.336891E+06   0.334465E+06   0.186629E+00   0.186629E+00   0.267136E+04   0.334904E+06   0.336484E+06   0.334904E+06  -0.491694E-02   0.128869E+06   0.128840E+06   0.288886E-01   0.139136E-04   0.382973E+00  -0.388183E+08
   0.337100E+00   0.328734E+06   0.326334E+06   0.176616E+00   0.176616E+00   0.253722E+04   0.326789E+06   0.328331E+06   0.326789E+06  -0.479780E-02   0.125746E+06   0.125718E+06   0.280155E-01   0.131671E-04   0.382972E+00  -0.373023E+08
   0.342222E+00   0.321082E+06   0.318722E+06   0.167379E+00   0.167379E+00   0.241304E+04   0.319179E+06   0.320686E+06   0.319179E+06  -0.468607E-02   0.122818E+06   0.122790E+06   0.270591E-01   0.124785E-04   0.382972E+00  -0.358885E+08
   0.347343E+00   0.313956E+06   0.311651E+06   0.158875E+00   0.158875E+00   0.229829E+04   0.312096E+06   0.313569E+06   0.312096E+06  -0.458208E-02   0.120093E+06   0.120066E+06   0.260270E-01   0.118444E-04   0.382972E+00  -0.345747E+08
   0.352464E+00   0.307308E+06   0.305068E+06   0.151026E+00   0.151026E+00   0.219205E+04   0.305490E+06   0.306932E+06   0.305490E+06  -0.448509E-02   0.117551E+06   0.117524E+06   0.249547E-01   0.112593E-04   0.382972E+00  -0.333511E+08
   0.357585E+00   0.301038E+06   0.298869E+06   0.143739E+00   0.143739E+00   0.209307E+04   0.299261E+06   0.300674E+06   0.299261E+06  -0.439363E-02   0.115154E+06   0.115128E+06   0.238920E-01   0.107160E-04   0.382972E+00  -0.322032E+08
   0.362706E+00   0.295030E+06   0.292930E+06   0.136922E+00   0.136922E+00   0.200012E+04   0.293292E+06   0.294677E+06   0.293292E+06  -0.430601E-02   0.112857E+06   0.112832E+06   0.228872E-01   0.102078E-04   0.382972E+00  -0.311153E+08
   0.367827E+00   0.289178E+06   0.287139E+06   0.130497E+00   0.130497E+00   0.191214E+04   0.287478E+06   0.288836E+06   0.287478E+06  -0.422064E-02   0.110620E+06   0.110596E+06   0.219757E-01   0.972881E-05   0.382971E+00  -0.300738E+08
   0.372948E+00   0.283401E+06   0.281414E+06   0.124403E+00   0.124403E+00   0.182830E+04   0.281736E+06   0.283067E+06   0.281736E+06  -0.413635E-02   0.108411E+06   0.108387E+06   0.211730E-01   0.927447E-05   0.382971E+00  -0.290685E+08
   0.378070E+00   0.277658E+06   0.275712E+06   0.118602E+00   0.118602E+00   0.174815E+04   0.276027E+06   0.277332E+06   0.276027E+06  -0.405253E-02   0.106214E+06   0.106191E+06   0.204742E-01   0.884205E-05   0.382971E+00  -0.280937E+08
   0.383191E+00   0.271956E+06   0.270042E+06   0.113082E+00   0.113082E+00   0.167151E+04   0.270357E+06   0.271634E+06   0.270357E+06  -0.396928E-02   0.104032E+06   0.104009E+06   0.198589E-01   0.843047E-05   0.382971E+00  -0.271489E+08
   0.388312E+00   0.266341E+06   0.264453E+06   0.107844E+00   0.107844E+00   0.159852E+04   0.264772E+06   0.266024E+06   0.264772E+06  -0.388729E-02   0.101883E+06   0.101861E+06   0.192988E-01   0.804000E-05   0.382971E+00  -0.262374E+08
   0.393433E+00   0.260869E+06   0.259005E+06   0.102896E+00   0.102896E+00   0.152929E+04   0.259330E+06   0.260556E+06   0.259330E+06  -0.380738E-02   0.997889E+05   0.997668E+05   0.187646E-01   0.767107E-05   0.382971E+00  -0.253636E+08
   0.398554E+00   0.255584E+06   0.253746E+06   0.982363E-01   0.982363E-01   0.146389E+04   0.254074E+06   0.255276E+06   0.254074E+06  -0.373023E-02   0.977667E+05   0.977449E+05   0.182330E-01   0.732372E-05   0.382971E+00  -0.245303E+08
   0.403675E+00   0.250518E+06   0.248708E+06   0.938609E-01   0.938609E-01   0.140229E+04   0.249036E+06   0.250214E+06   0.249036E+06  -0.365626E-02   0.958281E+05   0.958067E+05   0.176907E-01   0.699752E-05   0.382971E+00  -0.237389E+08
   0.408796E+00   0.245686E+06   0.243910E+06   0.897587E-01   0.897587E-01   0.134436E+04   0.244233E+06   0.245388E+06   0.244233E+06  -0.358574E-02   0.939799E+05   0.939588E+05   0.171357E-01   0.669170E-05   0.382971E+00  -0.229894E+08
   0.413918E+00   0.241085E+06   0.239346E+06   0.859120E-01   0.859120E-01   0.128990E+04   0.239660E+06   0.240793E+06   0.239660E+06  -0.351859E-02   0.922201E+05   0.921995E+05   0.165750E-01   0.640492E-05   0.382970E+00  -0.222798E+08
   0.419039E+00   0.236684E+06   0.234985E+06   0.822951E-01   0.822951E-01   0.123854E+04   0.235286E+06   0.236399E+06   0.235286E+06  -0.345438E-02   0.905370E+05   0.905169E+05   0.160209E-01   0.613528E-05   0.382970E+00  -0.216059E+08
   0.424160E+00   0.232439E+06   0.230779E+06   0.788799E-01   0.788799E-01   0.118991E+04   0.231067E+06   0.232160E+06   0.231067E+06  -0.339244E-02   0.889138E+05   0.888941E+05   0.154868E-01   0.588066E-05   0.382970E+00  -0.209623E+08
   0.429281E+00   0.228311E+06   0.226688E+06   0.756419E-01   0.756419E-01   0.114366E+04   0.226965E+06   0.228038E+06   0.226965E+06  -0.333221E-02   0.873351E+05   0.873159E+05   0.149836E-01   0.563926E-05   0.382970E+00  -0.203445E+08
   0.434402E+00   0.224272E+06   0.222683E+06   0.725625E-01   0.725625E-01   0.109954E+04   0.222950E+06   0.224005E+06   0.222950E+06  -0.327328E-02   0.857905E+05   0.857716E+05   0.145178E-01   0.540969E-05   0.382970E+00  -0.197491E+08
   0.439523E+00   0.220305E+06   0.218745E+06   0.696275E-01   0.696275E-01   0.105737E+04   0.219006E+06   0.220043E+06   0.219006E+06  -0.321537E-02   0.842728E+05   0.842543E+05   0.140899E-01   0.519088E-05   0.382970E+00  -0.191737E+08
   0.444644E+00   0.216400E+06   0.214866E+06   0.668268E-01   0.668268E-01   0.101699E+04   0.215124E+06   0.216142E+06   0.215124E+06  -0.315837E-02   0.827789E+05   0.827607E+05   0.136957E-01   0.498209E-05   0.382970E+00  -0.186169E+08
   0.449766E+00   0.212562E+06   0.211051E+06   0.641552E-01   0.641552E-01   0.978364E+03   0.211308E+06   0.212308E+06   0.211308E+06  -0.310235E-02   0.813107E+05   0.812927E+05   0.133274E-01   0.478291E-05   0.382970E+00  -0.180784E+08
   0.454887E+00   0.208808E+06   0.207319E+06   0.616108E-01   0.616108E-01   0.941468E+03   0.207575E+06   0.208558E+06   0.207575E+06  -0.304754E-02   0.798742E+05   0.798565E+05   0.129767E-01   0.459322E-05   0.382970E+00  -0.175591E+08
   0.460008E+00   0.205155E+06   0.203688E+06   0.591927E-01   0.591927E-01   0.906316E+03   0.203944E+06   0.204909E+06   0.203944E+06  -0.299423E-02   0.784769E+05   0.784595E+05   0.126360E-01   0.441295E-05   0.382970E+00  -0.170599E+08
   0.465129E+00   0.201618E+06   0.200173E+06   0.568980E-01   0.568980E-01   0.872873E+03   0.200427E+06   0.201375E+06   0.200427E+06  -0.294259E-02   0.771236E+05   0.771064E+05   0.123002E-01   0.424187E-05   0.382970E+00  -0.165811E+08
   0.470250E+00   0.198199E+06   0.196778E+06   0.547216E-01   0.547216E-01   0.841078E+03   0.197028E+06   0.197961E+06   0.197028E+06  -0.289269E-02   0.758158E+05   0.757989E+05   0.119670E-01   0.407961E-05   0.382970E+00  -0.161224E+08
   0.475371E+00   0.194896E+06   0.193499E+06   0.526564E-01   0.526564E-01   0.810843E+03   0.193744E+06   0.194661E+06   0.193744E+06  -0.284448E-02   0.745521E+05   0.745356E+05   0.116370E-01   0.392565E-05   0.382970E+00  -0.156829E+08
   0.480492E+00   0.191701E+06   0.190329E+06   0.506951E-01   0.506951E-01   0.782059E+03   0.190568E+06   0.191471E+06   0.190568E+06  -0.279785E-02   0.733301E+05   0.733138E+05   0.113127E-01   0.377944E-05   0.382969E+00  -0.152614E+08
   0.485614E+00   0.188605E+06   0.187257E+06   0.488300E-01   0.488300E-01   0.754632E+03   0.187491E+06   0.188378E+06   0.187491E+06  -0.275267E-02   0.721459E+05   0.721299E+05   0.109976E-01   0.364039E-05   0.382969E+00  -0.148566E+08
   0.490735E+00   0.185594E+06   0.184270E+06   0.470529E-01   0.470529E-01   0.728433E+03   0.184498E+06   0.185371E+06   0.184498E+06  -0.270873E-02   0.709942E+05   0.709785E+05   0.106951E-01   0.350790E-05   0.382969E+00  -0.144669E+08
   0.495856E+00   0.182653E+06   0.181352E+06   0.453558E-01   0.453558E-01   0.703359E+03   0.181574E+06   0.182434E+06   0.181574E+06  -0.266581E-02   0.698693E+05   0.698539E+05   0.104073E-01   0.338138E-05   0.382969E+00  -0.140906E+08
   0.500977E+00   0.179770E+06   0.178492E+06   0.437322E-01   0.437322E-01   0.679312E+03   0.178709E+06   0.179556E+06   0.178709E+06  -0.262374E-02   0.687669E+05   0.687516E+05   0.101348E-01   0.326033E-05   0.382969E+00  -0.137265E+08
   0.506098E+00   0.176944E+06   0.175685E+06   0.421779E-01   0.421779E-01   0.656242E+03   0.175899E+06   0.176733E+06   0.175899E+06  -0.258249E-02   0.676857E+05   0.676707E+05   0.987688E-02   0.314446E-05   0.382969E+00  -0.133740E+08
   0.511219E+00   0.174175E+06   0.172935E+06   0.406902E-01   0.406902E-01   0.634112E+03   0.173147E+06   0.173967E+06   0.173147E+06  -0.254207E-02   0.666264E+05   0.666116E+05   0.963187E-02   0.303354E-05   0.382969E+00  -0.130328E+08
   0.516340E+00   0.171466E+06   0.170244E+06   0.392665E-01   0.392665E-01   0.612887E+03   0.170453E+06   0.171260E+06   0.170453E+06  -0.250253E-02   0.655899E+05   0.655753E+05   0.939728E-02   0.292741E-05   0.382969E+00  -0.127028E+08
   0.521462E+00   0.168817E+06   0.167612E+06   0.379043E-01   0.379043E-01   0.592539E+03   0.167820E+06   0.168615E+06   0.167820E+06  -0.246387E-02   0.645766E+05   0.645623E+05   0.917061E-02   0.282585E-05   0.382969E+00  -0.123838E+08
   0.526583E+00   0.166233E+06   0.165045E+06   0.366016E-01   0.366016E-01   0.573036E+03   0.165250E+06   0.166033E+06   0.165250E+06  -0.242614E-02   0.635880E+05   0.635738E+05   0.894991E-02   0.272873E-05   0.382969E+00  -0.120756E+08
   0.531704E+00   0.163717E+06   0.162547E+06   0.353565E-01   0.353565E-01   0.554365E+03   0.162749E+06   0.163520E+06   0.162749E+06  -0.238942E-02   0.626255E+05   0.626116E+05   0.873405E-02   0.263591E-05   0.382969E+00  -0.117783E+08
   0.536825E+00   0.161270E+06   0.160117E+06   0.341668E-01   0.341668E-01   0.536489E+03   0.160317E+06   0.161076E+06   0.160317E+06  -0.235371E-02   0.616896E+05   0.616759E+05   0.852270E-02   0.254721E-05   0.382969E+00  -0.114916E+08
   0.541946E+00   0.158889E+06   0.157754E+06   0.330292E-01   0.330292E-01   0.519367E+03   0.157950E+06   0.158698E+06   0.157950E+06  -0.231896E-02   0.607788E+05   0.607653E+05   0.831610E-02   0.246240E-05   0.382969E+00  -0.112149E+08
   0.547067E+00   0.156568E+06   0.155450E+06   0.319402E-01   0.319402E-01   0.502944E+03   0.155642E+06   0.156380E+06   0.155642E+06  -0.228508E-02   0.598909E+05   0.598776E+05   0.811490E-02   0.238121E-05   0.382969E+00  -0.109476E+08
   0.559946E+00   0.150971E+06   0.149895E+06   0.293981E-01   0.293981E-01   0.464489E+03   0.150079E+06   0.150791E+06   0.150079E+06  -0.220341E-02   0.577502E+05   0.577374E+05   0.763782E-02   0.219170E-05   0.382969E+00  -0.103135E+08
   0.593872E+00   0.137565E+06   0.136584E+06   0.238145E-01   0.238145E-01   0.379374E+03   0.136752E+06   0.137401E+06   0.136752E+06  -0.200775E-02   0.526221E+05   0.526104E+05   0.657521E-02   0.177543E-05   0.382968E+00  -0.886084E+07
   0.629853E+00   0.125317E+06   0.124424E+06   0.192863E-01   0.192863E-01   0.309619E+03   0.124576E+06   0.125167E+06   0.124576E+06  -0.182898E-02   0.479369E+05   0.479262E+05   0.565016E-02   0.143784E-05   0.382968E+00  -0.761080E+07
   0.879031E+00   0.732568E+05   0.727345E+05   0.578837E-02   0.578837E-02   0.962581E+02   0.728232E+05   0.731691E+05   0.728232E+05  -0.106916E-02   0.280224E+05   0.280161E+05   0.239097E-02   0.431538E-06   0.382967E+00  -0.318787E+07
   0.122679E+01   0.423066E+05   0.420049E+05   0.171628E-02   0.171628E-02   0.292167E+02   0.420561E+05   0.422559E+05   0.420561E+05  -0.617452E-03   0.161832E+05   0.161795E+05   0.100941E-02   0.127953E-06   0.382967E+00  -0.131915E+07
   0.171212E+01   0.241785E+05   0.240060E+05   0.503592E-03   0.503592E-03   0.870088E+01   0.240353E+05   0.241496E+05   0.240353E+05  -0.352877E-03   0.924883E+04   0.924662E+04   0.429568E-03   0.375442E-07   0.382966E+00  -0.540196E+06
   0.238945E+01   0.136944E+05   0.135965E+05   0.146441E-03   0.146441E-03   0.255283E+01   0.136132E+05   0.136780E+05   0.136132E+05  -0.199865E-03   0.523841E+04   0.523707E+04   0.187227E-03   0.109176E-07   0.382965E+00  -0.219229E+06
