#          k/h    CDM            baryon         photon         nu             mass_nu        total          no_nu          total_de       Weyl           v_CDM          v_b            v_b-v_c        ISW            log_grow       pert_vel    
   0.994668E-05   0.391907E+08   0.391907E+08   0.522327E+08   0.522322E+08   0.391940E+08   0.391907E+08   0.391907E+08   0.392047E+08  -0.421162E+00   0.134492E+08   0.134492E+08   0.856229E+01   0.131034E+07   0.140949E+00  -0.135218E+15
   0.109829E-04   0.391887E+08   0.391887E+08   0.522253E+08   0.522247E+08   0.391919E+08   0.391887E+08   0.391887E+08   0.392027E+08  -0.421140E+00   0.134485E+08   0.134485E+08   0.945394E+01   0.107457E+07   0.141058E+00  -0.122454E+15
   0.121272E-04   0.391863E+08   0.391863E+08   0.522162E+08   0.522155E+08   0.391895E+08   0.391863E+08   0.391863E+08   0.392002E+08  -0.421113E+00   0.134477E+08   0.134477E+08   0.104383E+02   0.881188E+06   0.141191E+00  -0.110893E+15
   0.133906E-04   0.391833E+08   0.391833E+08   0.522052E+08   0.522043E+08   0.391864E+08   0.391833E+08   0.391833E+08   0.391972E+08  -0.421081E+00   0.134468E+08   0.134468E+08   0.115251E+02   0.722578E+06   0.141353E+00  -0.100423E+15
   0.147857E-04   0.391796E+08   0.391796E+08   0.521918E+08   0.521907E+08   0.391828E+08   0.391796E+08   0.391796E+08   0.391936E+08  -0.421042E+00   0.134456E+08   0.134456E+08   0.127248E+02   0.592487E+06   0.141550E+00  -0.909401E+14
   0.163261E-04   0.391752E+08   0.391752E+08   0.521754E+08   0.521740E+08   0.391783E+08   0.391752E+08   0.391752E+08   0.391891E+08  -0.420994E+00   0.134442E+08   0.134442E+08   0.140492E+02   0.485787E+06   0.141790E+00  -0.823509E+14
   0.180270E-04   0.391697E+08   0.391697E+08   0.521554E+08   0.521538E+08   0.391728E+08   0.391697E+08   0.391697E+08   0.391837E+08  -0.420936E+00   0.134425E+08   0.134425E+08   0.155112E+02   0.398272E+06   0.142081E+00  -0.745713E+14
   0.199051E-04   0.391631E+08   0.391631E+08   0.521311E+08   0.521291E+08   0.391662E+08   0.391631E+08   0.391631E+08   0.391771E+08  -0.420864E+00   0.134403E+08   0.134403E+08   0.171248E+02   0.326493E+06   0.142436E+00  -0.675247E+14
   0.219788E-04   0.391551E+08   0.391551E+08   0.521014E+08   0.520990E+08   0.391581E+08   0.391551E+08   0.391551E+08   0.391690E+08  -0.420778E+00   0.134378E+08   0.134378E+08   0.189057E+02   0.267620E+06   0.142867E+00  -0.611418E+14
   0.242687E-04   0.391452E+08   0.391452E+08   0.520652E+08   0.520623E+08   0.391482E+08   0.391452E+08   0.391452E+08   0.391592E+08  -0.420672E+00   0.134346E+08   0.134346E+08   0.208711E+02   0.219334E+06   0.143390E+00  -0.553600E+14
   0.267970E-04   0.391333E+08   0.391333E+08   0.520212E+08   0.520176E+08   0.391362E+08   0.391333E+08   0.391333E+08   0.391472E+08  -0.420543E+00   0.134308E+08   0.134308E+08   0.230397E+02   0.179730E+06   0.144025E+00  -0.501224E+14
   0.295888E-04   0.391187E+08   0.391187E+08   0.519676E+08   0.519632E+08   0.391215E+08   0.391187E+08   0.391187E+08   0.391326E+08  -0.420386E+00   0.134262E+08   0.134262E+08   0.254323E+02   0.147248E+06   0.144794E+00  -0.453776E+14
   0.326714E-04   0.391009E+08   0.391009E+08   0.519022E+08   0.518969E+08   0.391036E+08   0.391009E+08   0.391009E+08   0.391148E+08  -0.420195E+00   0.134205E+08   0.134205E+08   0.280714E+02   0.120607E+06   0.145724E+00  -0.410788E+14
   0.360752E-04   0.390793E+08   0.390792E+08   0.518226E+08   0.518161E+08   0.390819E+08   0.390793E+08   0.390793E+08   0.390931E+08  -0.419962E+00   0.134137E+08   0.134137E+08   0.309819E+02   0.987574E+05   0.146848E+00  -0.371838E+14
   0.398336E-04   0.390529E+08   0.390529E+08   0.517258E+08   0.517179E+08   0.390554E+08   0.390529E+08   0.390529E+08   0.390667E+08  -0.419679E+00   0.134053E+08   0.134053E+08   0.341908E+02   0.808379E+05   0.148203E+00  -0.336545E+14
   0.439836E-04   0.390208E+08   0.390208E+08   0.516079E+08   0.515983E+08   0.390231E+08   0.390208E+08   0.390208E+08   0.390346E+08  -0.419334E+00   0.133952E+08   0.133951E+08   0.377275E+02   0.661420E+05   0.149834E+00  -0.304560E+14
   0.485659E-04   0.389818E+08   0.389818E+08   0.514646E+08   0.514529E+08   0.389839E+08   0.389818E+08   0.389818E+08   0.389956E+08  -0.418914E+00   0.133828E+08   0.133828E+08   0.416239E+02   0.540906E+05   0.151789E+00  -0.275570E+14
   0.536256E-04   0.389343E+08   0.389343E+08   0.512903E+08   0.512760E+08   0.389362E+08   0.389343E+08   0.389343E+08   0.389480E+08  -0.418403E+00   0.133679E+08   0.133679E+08   0.459145E+02   0.442084E+05   0.154126E+00  -0.249291E+14
   0.592125E-04   0.388766E+08   0.388766E+08   0.510786E+08   0.510612E+08   0.388782E+08   0.388766E+08   0.388766E+08   0.388903E+08  -0.417783E+00   0.133498E+08   0.133497E+08   0.506364E+02   0.361060E+05   0.156909E+00  -0.225463E+14
   0.653814E-04   0.388066E+08   0.388066E+08   0.508216E+08   0.508005E+08   0.388078E+08   0.388066E+08   0.388066E+08   0.388202E+08  -0.417029E+00   0.133278E+08   0.133278E+08   0.558291E+02   0.294637E+05   0.160205E+00  -0.203855E+14
   0.721930E-04   0.387216E+08   0.387216E+08   0.505099E+08   0.504844E+08   0.387223E+08   0.387216E+08   0.387216E+08   0.387351E+08  -0.416115E+00   0.133014E+08   0.133013E+08   0.615347E+02   0.240197E+05   0.164089E+00  -0.184254E+14
   0.797142E-04   0.386187E+08   0.386186E+08   0.501325E+08   0.501015E+08   0.386188E+08   0.386187E+08   0.386187E+08   0.386320E+08  -0.415007E+00   0.132694E+08   0.132694E+08   0.677970E+02   0.195590E+05   0.168634E+00  -0.166468E+14
   0.880190E-04   0.384942E+08   0.384941E+08   0.496762E+08   0.496385E+08   0.384936E+08   0.384942E+08   0.384942E+08   0.385074E+08  -0.413668E+00   0.132310E+08   0.132310E+08   0.746613E+02   0.159056E+05   0.173911E+00  -0.150325E+14
   0.971891E-04   0.383440E+08   0.383439E+08   0.491254E+08   0.490799E+08   0.383426E+08   0.383439E+08   0.383439E+08   0.383571E+08  -0.412052E+00   0.131849E+08   0.131849E+08   0.821736E+02   0.129150E+05   0.179982E+00  -0.135667E+14
   0.107314E-03   0.381632E+08   0.381631E+08   0.484624E+08   0.484074E+08   0.381608E+08   0.381632E+08   0.381632E+08   0.381761E+08  -0.410108E+00   0.131298E+08   0.131298E+08   0.903792E+02   0.104687E+05   0.186894E+00  -0.122353E+14
   0.118495E-03   0.379464E+08   0.379463E+08   0.476665E+08   0.476002E+08   0.379428E+08   0.379464E+08   0.379464E+08   0.379591E+08  -0.407776E+00   0.130641E+08   0.130641E+08   0.993212E+02   0.846955E+04   0.194672E+00  -0.110255E+14
   0.130840E-03   0.376877E+08   0.376875E+08   0.467146E+08   0.466349E+08   0.376826E+08   0.376876E+08   0.376877E+08   0.377001E+08  -0.404992E+00   0.129863E+08   0.129862E+08   0.109038E+03   0.683774E+04   0.203308E+00  -0.992569E+13
   0.144471E-03   0.373804E+08   0.373803E+08   0.455812E+08   0.454857E+08   0.373735E+08   0.373804E+08   0.373804E+08   0.373925E+08  -0.401687E+00   0.128945E+08   0.128944E+08   0.119560E+03   0.550774E+04   0.212757E+00  -0.892562E+13
   0.159522E-03   0.370179E+08   0.370177E+08   0.442389E+08   0.441247E+08   0.370088E+08   0.370179E+08   0.370179E+08   0.370297E+08  -0.397787E+00   0.127868E+08   0.127868E+08   0.130906E+03   0.442566E+04   0.222934E+00  -0.801599E+13
   0.176142E-03   0.365936E+08   0.365933E+08   0.426593E+08   0.425235E+08   0.365817E+08   0.365935E+08   0.365935E+08   0.366049E+08  -0.393222E+00   0.126616E+08   0.126615E+08   0.143079E+03   0.354712E+04   0.233706E+00  -0.718854E+13
   0.194493E-03   0.361012E+08   0.361009E+08   0.408147E+08   0.406541E+08   0.360861E+08   0.361011E+08   0.361012E+08   0.361120E+08  -0.387925E+00   0.125169E+08   0.125168E+08   0.156057E+03   0.283554E+04   0.244908E+00  -0.643591E+13
   0.214755E-03   0.355359E+08   0.355356E+08   0.386800E+08   0.384913E+08   0.355169E+08   0.355358E+08   0.355359E+08   0.355461E+08  -0.381843E+00   0.123514E+08   0.123513E+08   0.169788E+03   0.226072E+04   0.256343E+00  -0.575159E+13
   0.237129E-03   0.348943E+08   0.348938E+08   0.362360E+08   0.360159E+08   0.348704E+08   0.348941E+08   0.348942E+08   0.349037E+08  -0.374939E+00   0.121639E+08   0.121637E+08   0.184181E+03   0.179769E+04   0.267801E+00  -0.512982E+13
   0.261834E-03   0.341751E+08   0.341746E+08   0.334726E+08   0.332184E+08   0.341454E+08   0.341749E+08   0.341750E+08   0.341838E+08  -0.367202E+00   0.119536E+08   0.119535E+08   0.199095E+03   0.142584E+04   0.279073E+00  -0.456552E+13
   0.289112E-03   0.333800E+08   0.333794E+08   0.303940E+08   0.301037E+08   0.333433E+08   0.333797E+08   0.333799E+08   0.333878E+08  -0.358646E+00   0.117207E+08   0.117205E+08   0.214327E+03   0.112813E+04   0.289967E+00  -0.405417E+13
   0.319233E-03   0.325134E+08   0.325126E+08   0.270235E+08   0.266966E+08   0.324682E+08   0.325131E+08   0.325133E+08   0.325203E+08  -0.349321E+00   0.114658E+08   0.114656E+08   0.229604E+03   0.890525E+03   0.300324E+00  -0.359179E+13
   0.352491E-03   0.315828E+08   0.315819E+08   0.234097E+08   0.230478E+08   0.315273E+08   0.315824E+08   0.315826E+08   0.315886E+08  -0.339307E+00   0.111903E+08   0.111900E+08   0.244572E+03   0.701477E+03   0.310019E+00  -0.317473E+13
   0.389215E-03   0.305983E+08   0.305972E+08   0.196317E+08   0.192387E+08   0.305303E+08   0.305977E+08   0.305981E+08   0.306030E+08  -0.328711E+00   0.108964E+08   0.108961E+08   0.258795E+03   0.551517E+03   0.318971E+00  -0.279968E+13
   0.429764E-03   0.295721E+08   0.295708E+08   0.158028E+08   0.153858E+08   0.294893E+08   0.295715E+08   0.295719E+08   0.295757E+08  -0.317668E+00   0.105872E+08   0.105868E+08   0.271753E+03   0.432906E+03   0.327137E+00  -0.246356E+13
   0.474538E-03   0.285181E+08   0.285166E+08   0.120706E+08   0.116394E+08   0.284174E+08   0.285174E+08   0.285179E+08   0.285206E+08  -0.306325E+00   0.102660E+08   0.102656E+08   0.282859E+03   0.339351E+03   0.334510E+00  -0.216343E+13
   0.523976E-03   0.274509E+08   0.274491E+08   0.860969E+07   0.817579E+07   0.273286E+08   0.274500E+08   0.274506E+08   0.274523E+08  -0.294839E+00   0.993679E+07   0.993633E+07   0.291491E+03   0.265746E+03   0.341108E+00  -0.189647E+13
   0.578566E-03   0.263848E+08   0.263827E+08   0.560434E+07   0.517850E+07   0.262366E+08   0.263837E+08   0.263844E+08   0.263852E+08  -0.283367E+00   0.960374E+07   0.960322E+07   0.297036E+03   0.207972E+03   0.346968E+00  -0.165997E+13
   0.638842E-03   0.253335E+08   0.253312E+08   0.321776E+07   0.280598E+07   0.251544E+08   0.253323E+08   0.253331E+08   0.253331E+08  -0.272055E+00   0.927097E+07   0.927040E+07   0.298966E+03   0.162715E+03   0.352140E+00  -0.145125E+13
   0.705398E-03   0.243094E+08   0.243067E+08   0.155036E+07   0.114891E+07   0.240934E+08   0.243079E+08   0.243089E+08   0.243083E+08  -0.261038E+00   0.894247E+07   0.894185E+07   0.296911E+03   0.127325E+03   0.356682E+00  -0.126775E+13
   0.778888E-03   0.233229E+08   0.233199E+08   0.596303E+06   0.187608E+06   0.230630E+08   0.233211E+08   0.233224E+08   0.233213E+08  -0.250429E+00   0.862190E+07   0.862123E+07   0.290741E+03   0.996854E+02   0.360651E+00  -0.110698E+13
   0.860035E-03   0.223826E+08   0.223793E+08   0.219477E+06  -0.227494E+06   0.220707E+08   0.223806E+08   0.223821E+08   0.223806E+08  -0.240320E+00   0.831246E+07   0.831174E+07   0.280607E+03   0.781185E+02   0.364106E+00  -0.966548E+12
   0.949635E-03   0.214951E+08   0.214914E+08   0.176844E+06  -0.343903E+06   0.211216E+08   0.214927E+08   0.214945E+08   0.214927E+08  -0.230780E+00   0.801679E+07   0.801603E+07   0.266926E+03   0.612963E+02   0.367101E+00  -0.844215E+12
   0.104857E-02   0.206646E+08   0.206606E+08   0.205444E+06  -0.409480E+06   0.202186E+08   0.206618E+08   0.206639E+08   0.206618E+08  -0.221855E+00   0.773692E+07   0.773614E+07   0.250304E+03   0.481732E+02   0.369688E+00  -0.737869E+12
   0.115781E-02   0.198936E+08   0.198894E+08   0.146019E+06  -0.544076E+06   0.193628E+08   0.198903E+08   0.198929E+08   0.198903E+08  -0.213569E+00   0.747428E+07   0.747347E+07   0.231418E+03   0.379289E+02   0.371914E+00  -0.645563E+12
   0.127844E-02   0.191827E+08   0.191783E+08   0.151013E+05  -0.679255E+06   0.185534E+08   0.191790E+08   0.191820E+08   0.191789E+08  -0.205929E+00   0.722965E+07   0.722884E+07   0.210943E+03   0.299234E+02   0.373821E+00  -0.565517E+12
   0.141163E-02   0.185310E+08   0.185266E+08  -0.687787E+05  -0.663602E+06   0.177889E+08   0.185268E+08   0.185303E+08   0.185267E+08  -0.198925E+00   0.700326E+07   0.700246E+07   0.189578E+03   0.236587E+02   0.375449E+00  -0.496121E+12
   0.155869E-02   0.179364E+08   0.179319E+08  -0.640827E+05   0.451266E+06   0.170663E+08   0.179315E+08   0.179356E+08   0.179316E+08  -0.192534E+00   0.679481E+07   0.679403E+07   0.168140E+03   0.187483E+02   0.376832E+00  -0.435937E+12
   0.172108E-02   0.173954E+08   0.173910E+08  -0.608172E+05   0.358964E+06   0.163816E+08   0.173899E+08   0.173947E+08   0.173899E+08  -0.186717E+00   0.660360E+07   0.660284E+07   0.147549E+03   0.148903E+02   0.378003E+00  -0.383695E+12
   0.190039E-02   0.169040E+08   0.168996E+08  -0.971076E+05   0.286103E+06   0.157310E+08   0.168977E+08   0.169032E+08   0.168977E+08  -0.181432E+00   0.642851E+07   0.642778E+07   0.128651E+03   0.118521E+02   0.378989E+00  -0.338279E+12
   0.209838E-02   0.164573E+08   0.164529E+08  -0.856272E+05   0.228459E+06   0.151105E+08   0.164502E+08   0.164565E+08   0.164502E+08  -0.176626E+00   0.626816E+07   0.626745E+07   0.112045E+03   0.945327E+01   0.379816E+00  -0.298720E+12
   0.231699E-02   0.160500E+08   0.160457E+08  -0.512178E+05   0.182745E+06   0.145159E+08   0.160420E+08   0.160493E+08   0.160420E+08  -0.172243E+00   0.612091E+07   0.612023E+07   0.980392E+02   0.755437E+01   0.380507E+00  -0.264180E+12
   0.255838E-02   0.156768E+08   0.156725E+08  -0.665853E+05   0.146401E+06   0.139434E+08   0.156679E+08   0.156761E+08   0.156679E+08  -0.168226E+00   0.598504E+07   0.598438E+07   0.865584E+02   0.604698E+01   0.381081E+00  -0.233943E+12
   0.282492E-02   0.153321E+08   0.153277E+08  -0.441379E+05   0.117438E+06   0.133895E+08   0.153222E+08   0.153314E+08   0.153222E+08  -0.164514E+00   0.585870E+07   0.585805E+07   0.770796E+02   0.484721E+01   0.381555E+00  -0.207397E+12
   0.311923E-02   0.150105E+08   0.150059E+08  -0.344359E+05   0.943013E+05   0.128499E+08   0.149995E+08   0.150098E+08   0.149995E+08  -0.161049E+00   0.574006E+07   0.573942E+07   0.689054E+02   0.388992E+01   0.381946E+00  -0.184025E+12
   0.344419E-02   0.147067E+08   0.147019E+08  -0.186194E+05   0.757800E+05   0.123202E+08   0.146946E+08   0.147059E+08   0.146946E+08  -0.157775E+00   0.562730E+07   0.562667E+07   0.614450E+02   0.312429E+01   0.382265E+00  -0.163388E+12
   0.380302E-02   0.144158E+08   0.144107E+08  -0.116968E+05   0.609246E+05   0.117961E+08   0.144025E+08   0.144149E+08   0.144025E+08  -0.154639E+00   0.551868E+07   0.551806E+07   0.545126E+02   0.251071E+01   0.382525E+00  -0.145116E+12
   0.419923E-02   0.141329E+08   0.141275E+08  -0.257243E+04   0.489895E+05   0.112740E+08   0.141185E+08   0.141320E+08   0.141185E+08  -0.151589E+00   0.541254E+07   0.541193E+07   0.483012E+02   0.201808E+01   0.382736E+00  -0.128896E+12
   0.463671E-02   0.138538E+08   0.138481E+08  -0.870989E+04   0.393874E+05   0.107506E+08   0.138382E+08   0.138529E+08   0.138382E+08  -0.148579E+00   0.530731E+07   0.530671E+07   0.430196E+02   0.162197E+01   0.382904E+00  -0.114465E+12
   0.511978E-02   0.135745E+08   0.135683E+08  -0.116531E+05   0.316539E+05   0.102247E+08   0.135576E+08   0.135735E+08   0.135576E+08  -0.145567E+00   0.520156E+07   0.520097E+07   0.385422E+02   0.130312E+01   0.383037E+00  -0.101599E+12
   0.565317E-02   0.132918E+08   0.132849E+08  -0.909238E+04   0.254214E+05   0.967299E+07   0.132735E+08   0.132906E+08   0.132735E+08  -0.142516E+00   0.509412E+07   0.509353E+07   0.345383E+02   0.104626E+01   0.383139E+00  -0.901124E+11
   0.624213E-02   0.130015E+08   0.129939E+08  -0.780987E+04   0.203949E+05   0.912266E+07   0.129818E+08   0.130002E+08   0.129818E+08  -0.139384E+00   0.498347E+07   0.498289E+07   0.308900E+02   0.839184E+00   0.383217E+00  -0.798375E+11
   0.689245E-02   0.127009E+08   0.126925E+08  -0.435967E+04   0.163409E+05   0.856129E+07   0.126799E+08   0.126995E+08   0.126799E+08  -0.136142E+00   0.486866E+07   0.486809E+07   0.277116E+02   0.672226E+00   0.383274E+00  -0.706388E+11
   0.761052E-02   0.123875E+08   0.123780E+08  -0.425176E+04   0.130718E+05   0.799608E+07   0.123651E+08   0.123859E+08   0.123651E+08  -0.132762E+00   0.474871E+07   0.474814E+07   0.249417E+02   0.537631E+00   0.383313E+00  -0.623977E+11
   0.840340E-02   0.120586E+08   0.120479E+08  -0.503581E+04   0.104366E+05   0.743416E+07   0.120349E+08   0.120568E+08   0.120349E+08  -0.129217E+00   0.462271E+07   0.462214E+07   0.224548E+02   0.429167E+00   0.383340E+00  -0.550108E+11
   0.927889E-02   0.117123E+08   0.117001E+08  -0.302319E+04   0.831402E+04   0.687385E+07   0.116874E+08   0.117102E+08   0.116874E+08  -0.125485E+00   0.448988E+07   0.448932E+07   0.202664E+02   0.341824E+00   0.383355E+00  -0.483889E+11
   0.102456E-01   0.113466E+08   0.113326E+08  -0.290251E+04   0.660601E+04   0.631368E+07   0.113204E+08   0.113442E+08   0.113204E+08  -0.121546E+00   0.434951E+07   0.434895E+07   0.183335E+02   0.271555E+00   0.383361E+00  -0.424532E+11
   0.113130E-01   0.109597E+08   0.109436E+08  -0.256556E+04   0.523327E+04   0.575906E+07   0.109324E+08   0.109570E+08   0.109324E+08  -0.117380E+00   0.420094E+07   0.420038E+07   0.166243E+02   0.215092E+00   0.383360E+00  -0.371343E+11
   0.124916E-01   0.105501E+08   0.105316E+08  -0.188166E+04   0.413169E+04   0.521622E+07   0.105217E+08   0.105470E+08   0.105217E+08  -0.112970E+00   0.404359E+07   0.404302E+07   0.151149E+02   0.169791E+00   0.383352E+00  -0.323709E+11
   0.137930E-01   0.101165E+08   0.100953E+08  -0.178289E+04   0.324933E+04   0.468874E+07   0.100872E+08   0.101129E+08   0.100872E+08  -0.108305E+00   0.387701E+07   0.387644E+07   0.137792E+02   0.133512E+00   0.383340E+00  -0.281088E+11
   0.152300E-01   0.965804E+07   0.963382E+07  -0.141860E+04   0.254415E+04   0.417738E+07   0.962806E+07   0.965397E+07   0.962806E+07  -0.103375E+00   0.370089E+07   0.370031E+07   0.125910E+02   0.104523E+00   0.383325E+00  -0.243002E+11
   0.168167E-01   0.918518E+07   0.915755E+07  -0.108985E+04   0.198437E+04   0.369370E+07   0.915457E+07   0.918054E+07   0.915457E+07  -0.982912E-01   0.351920E+07   0.351862E+07   0.115366E+02   0.815150E-01   0.383307E+00  -0.209270E+11
   0.185687E-01   0.867938E+07   0.864808E+07  -0.968686E+03   0.153780E+04   0.323139E+07   0.864837E+07   0.867413E+07   0.864837E+07  -0.928562E-01   0.332489E+07   0.332430E+07   0.105740E+02   0.631630E-01   0.383287E+00  -0.179060E+11
   0.205033E-01   0.815121E+07   0.811607E+07  -0.618206E+03   0.118440E+04   0.279829E+07   0.812000E+07   0.814531E+07   0.812000E+07  -0.871832E-01   0.312201E+07   0.312142E+07   0.968642E+01   0.486425E-01   0.383267E+00  -0.152270E+11
   0.226393E-01   0.759623E+07   0.755723E+07  -0.562063E+03   0.905177E+03   0.239449E+07   0.756509E+07   0.758968E+07   0.756509E+07  -0.812252E-01   0.290888E+07   0.290828E+07   0.884482E+01   0.371713E-01   0.383246E+00  -0.128488E+11
   0.249980E-01   0.703401E+07   0.699141E+07  -0.421659E+03   0.687369E+03   0.202783E+07   0.700320E+07   0.702686E+07   0.700320E+07  -0.751922E-01   0.269302E+07   0.269242E+07   0.803230E+01   0.282243E-01   0.383225E+00  -0.107729E+11
   0.276023E-01   0.647102E+07   0.642537E+07  -0.292954E+03   0.518567E+03   0.169913E+07   0.644081E+07   0.646335E+07   0.644081E+07  -0.691539E-01   0.247692E+07   0.247633E+07   0.722665E+01   0.212913E-01   0.383204E+00  -0.897358E+10
   0.304780E-01   0.590955E+07   0.586185E+07  -0.253544E+03   0.388357E+03   0.140754E+07   0.588028E+07   0.590154E+07   0.588028E+07  -0.631356E-01   0.226151E+07   0.226092E+07   0.640515E+01   0.159439E-01   0.383185E+00  -0.742008E+10
   0.336533E-01   0.536468E+07   0.531636E+07  -0.170559E+03   0.289115E+03   0.115434E+07   0.533668E+07   0.535657E+07   0.533668E+07  -0.572991E-01   0.205257E+07   0.205201E+07   0.555867E+01   0.118687E-01   0.383166E+00  -0.609911E+10
   0.371593E-01   0.485594E+07   0.480887E+07  -0.128620E+03   0.214619E+03   0.940203E+06   0.482954E+07   0.484804E+07   0.482954E+07  -0.518540E-01   0.185762E+07   0.185709E+07   0.469031E+01   0.880999E-02   0.383148E+00  -0.499901E+10
   0.410307E-01   0.439569E+07   0.435200E+07  -0.112513E+03   0.159339E+03   0.762786E+06   0.437119E+07   0.438835E+07   0.437119E+07  -0.469328E-01   0.168140E+07   0.168093E+07   0.381546E+01   0.654041E-02   0.383131E+00  -0.409787E+10
   0.451338E-01   0.401114E+07   0.397264E+07   0.120172E+03   0.120172E+03   0.624171E+06   0.398868E+07   0.400468E+07   0.398868E+07  -0.428258E-01   0.153429E+07   0.153387E+07   0.313640E+01   0.493276E-02   0.383105E+00  -0.339941E+10
   0.492368E-01   0.370735E+07   0.367495E+07   0.933433E+02   0.933433E+02   0.520671E+06   0.368685E+07   0.370191E+07   0.368685E+07  -0.395851E-01   0.141824E+07   0.141788E+07   0.242934E+01   0.383137E-02   0.383093E+00  -0.288043E+10
   0.533399E-01   0.346253E+07   0.343624E+07   0.742973E+02   0.742973E+02   0.441380E+06   0.344384E+07   0.345812E+07   0.344384E+07  -0.369760E-01   0.132480E+07   0.132450E+07   0.186567E+01   0.304951E-02   0.383082E+00  -0.248369E+10
   0.574430E-01   0.325642E+07   0.323547E+07   0.602608E+02   0.602608E+02   0.378671E+06   0.323930E+07   0.325290E+07   0.323930E+07  -0.347798E-01   0.124614E+07   0.124589E+07   0.144267E+01   0.247332E-02   0.383072E+00  -0.216936E+10
   0.615460E-01   0.307316E+07   0.305632E+07   0.495476E+02   0.495476E+02   0.327466E+06   0.305735E+07   0.307033E+07   0.305735E+07  -0.328263E-01   0.117617E+07   0.117596E+07   0.114780E+01   0.203357E-02   0.383064E+00  -0.191106E+10
   0.656491E-01   0.290054E+07   0.288631E+07   0.411056E+02   0.411056E+02   0.284355E+06   0.288578E+07   0.289815E+07   0.288578E+07  -0.309841E-01   0.111019E+07   0.111000E+07   0.960442E+00   0.168705E-02   0.383057E+00  -0.169111E+10
   0.697522E-01   0.272988E+07   0.271680E+07   0.342702E+02   0.342702E+02   0.247112E+06   0.271595E+07   0.272769E+07   0.271595E+07  -0.291607E-01   0.104487E+07   0.104470E+07   0.854830E+00   0.140649E-02   0.383051E+00  -0.149799E+10
   0.738552E-01   0.256262E+07   0.254948E+07   0.286936E+02   0.286936E+02   0.214908E+06   0.254931E+07   0.256041E+07   0.254931E+07  -0.273715E-01   0.980786E+06   0.980607E+06   0.805082E+00   0.117761E-02   0.383045E+00  -0.132799E+10
   0.779583E-01   0.239333E+07   0.237934E+07   0.240486E+02   0.240486E+02   0.186508E+06   0.238055E+07   0.239098E+07   0.238055E+07  -0.255596E-01   0.915876E+06   0.915692E+06   0.784479E+00   0.986959E-03   0.383040E+00  -0.117483E+10
   0.820614E-01   0.223027E+07   0.221508E+07   0.202219E+02   0.202219E+02   0.161957E+06   0.221795E+07   0.222772E+07   0.221795E+07  -0.238137E-01   0.853331E+06   0.853141E+06   0.773309E+00   0.829901E-03   0.383036E+00  -0.103987E+10
   0.861644E-01   0.207792E+07   0.206161E+07   0.170859E+02   0.170859E+02   0.140979E+06   0.206602E+07   0.207518E+07   0.206602E+07  -0.221826E-01   0.794893E+06   0.794698E+06   0.756656E+00   0.701194E-03   0.383032E+00  -0.922526E+09
   0.912856E-01   0.190847E+07   0.189141E+07   0.139787E+02   0.139787E+02   0.119359E+06   0.189715E+07   0.190560E+07   0.189715E+07  -0.203694E-01   0.729932E+06   0.729737E+06   0.715720E+00   0.573671E-03   0.383028E+00  -0.799608E+09
   0.964067E-01   0.176712E+07   0.175032E+07   0.116037E+02   0.116037E+02   0.102241E+06   0.175644E+07   0.176430E+07   0.175644E+07  -0.188586E-01   0.675802E+06   0.675614E+06   0.649388E+00   0.476200E-03   0.383024E+00  -0.700984E+09
   0.101528E+00   0.165562E+07   0.164008E+07   0.980264E+01   0.980264E+01   0.889047E+05   0.164561E+07   0.165301E+07   0.164561E+07  -0.176686E-01   0.633167E+06   0.632995E+06   0.564312E+00   0.402285E-03   0.383020E+00  -0.623633E+09
   0.106649E+00   0.156991E+07   0.155634E+07   0.842496E+01   0.842496E+01   0.784789E+05   0.156058E+07   0.156763E+07   0.156058E+07  -0.167557E-01   0.600456E+06   0.600305E+06   0.472551E+00   0.345745E-03   0.383017E+00  -0.563018E+09
   0.111770E+00   0.150157E+07   0.149024E+07   0.733806E+01   0.733806E+01   0.700685E+05   0.149290E+07   0.149967E+07   0.149290E+07  -0.160291E-01   0.574417E+06   0.574288E+06   0.386784E+00   0.301139E-03   0.383015E+00  -0.513927E+09
   0.116891E+00   0.144153E+07   0.143222E+07   0.644206E+01   0.644206E+01   0.629471E+05   0.143345E+07   0.143996E+07   0.143345E+07  -0.153907E-01   0.551543E+06   0.551432E+06   0.316800E+00   0.264368E-03   0.383012E+00  -0.471844E+09
   0.122012E+00   0.138268E+07   0.137486E+07   0.567201E+01   0.567201E+01   0.566269E+05   0.137509E+07   0.138136E+07   0.137509E+07  -0.147642E-01   0.529093E+06   0.528995E+06   0.267558E+00   0.232766E-03   0.383010E+00  -0.433641E+09
   0.127134E+00   0.132086E+07   0.131381E+07   0.499096E+01   0.499096E+01   0.508393E+05   0.131367E+07   0.131968E+07   0.131367E+07  -0.141047E-01   0.505462E+06   0.505371E+06   0.238843E+00   0.204817E-03   0.383008E+00  -0.397586E+09
   0.132255E+00   0.125492E+07   0.124798E+07   0.438157E+01   0.438157E+01   0.454809E+05   0.124804E+07   0.125376E+07   0.124804E+07  -0.134000E-01   0.480213E+06   0.480123E+06   0.226323E+00   0.179808E-03   0.383006E+00  -0.363099E+09
   0.137376E+00   0.118621E+07   0.117890E+07   0.383821E+01   0.383821E+01   0.405522E+05   0.117957E+07   0.118498E+07   0.117957E+07  -0.126648E-01   0.453869E+06   0.453777E+06   0.223412E+00   0.157510E-03   0.383005E+00  -0.330386E+09
   0.142497E+00   0.111766E+07   0.110980E+07   0.336063E+01   0.336063E+01   0.361032E+05   0.111122E+07   0.111634E+07   0.111122E+07  -0.119310E-01   0.427577E+06   0.427481E+06   0.223307E+00   0.137911E-03   0.383003E+00  -0.300060E+09
   0.147618E+00   0.105302E+07   0.104470E+07   0.294998E+01   0.294998E+01   0.321934E+05   0.104680E+07   0.105163E+07   0.104680E+07  -0.112393E-01   0.402791E+06   0.402693E+06   0.220652E+00   0.121059E-03   0.383002E+00  -0.272859E+09
   0.152739E+00   0.995872E+06   0.987358E+06   0.260565E+01   0.260565E+01   0.288611E+05   0.989872E+06   0.994442E+06   0.989872E+06  -0.106281E-01   0.380888E+06   0.380791E+06   0.212456E+00   0.106928E-03   0.383000E+00  -0.249370E+09
   0.157860E+00   0.948169E+06   0.939844E+06   0.232239E+01   0.232239E+01   0.260876E+05   0.942414E+06   0.946771E+06   0.942414E+06  -0.101185E-01   0.362629E+06   0.362535E+06   0.198213E+00   0.953039E-04   0.382999E+00  -0.229713E+09
   0.162982E+00   0.909565E+06   0.901775E+06   0.209011E+01   0.209011E+01   0.237930E+05   0.904072E+06   0.908257E+06   0.904072E+06  -0.970687E-02   0.347876E+06   0.347788E+06   0.179391E+00   0.857716E-04   0.382998E+00  -0.213444E+09
   0.168103E+00   0.878065E+06   0.871038E+06   0.189684E+01   0.189684E+01   0.218675E+05   0.872839E+06   0.876885E+06   0.872839E+06  -0.937153E-02   0.335858E+06   0.335778E+06   0.158617E+00   0.778403E-04   0.382997E+00  -0.199793E+09
   0.173224E+00   0.851154E+06   0.844956E+06   0.173181E+01   0.173181E+01   0.202060E+05   0.846186E+06   0.850114E+06   0.846186E+06  -0.908536E-02   0.325603E+06   0.325531E+06   0.138760E+00   0.710677E-04   0.382996E+00  -0.187966E+09
   0.178345E+00   0.826278E+06   0.820818E+06   0.158621E+01   0.158621E+01   0.187200E+05   0.821544E+06   0.825361E+06   0.821544E+06  -0.882078E-02   0.316121E+06   0.316055E+06   0.122119E+00   0.650927E-04   0.382995E+00  -0.177253E+09
   0.183466E+00   0.801066E+06   0.796142E+06   0.145327E+01   0.145327E+01   0.173387E+05   0.796534E+06   0.800240E+06   0.796534E+06  -0.855226E-02   0.306498E+06   0.306437E+06   0.109923E+00   0.596373E-04   0.382995E+00  -0.167060E+09
   0.188587E+00   0.773988E+06   0.769349E+06   0.132895E+01   0.132895E+01   0.160211E+05   0.769626E+06   0.773210E+06   0.769626E+06  -0.826335E-02   0.296144E+06   0.296086E+06   0.102237E+00   0.545358E-04   0.382994E+00  -0.157034E+09
   0.193708E+00   0.744889E+06   0.740304E+06   0.121222E+01   0.121222E+01   0.147594E+05   0.740668E+06   0.744119E+06   0.740668E+06  -0.795243E-02   0.285002E+06   0.284945E+06   0.981893E-01   0.497456E-04   0.382993E+00  -0.147130E+09
   0.198830E+00   0.714721E+06   0.710033E+06   0.110391E+01   0.110391E+01   0.135686E+05   0.710620E+06   0.713934E+06   0.710620E+06  -0.762980E-02   0.273441E+06   0.273384E+06   0.963549E-01   0.453007E-04   0.382993E+00  -0.137526E+09
   0.203951E+00   0.684807E+06   0.679955E+06   0.100517E+01   0.100517E+01   0.124674E+05   0.680814E+06   0.683992E+06   0.680814E+06  -0.730979E-02   0.261973E+06   0.261915E+06   0.951888E-01   0.412486E-04   0.382992E+00  -0.128449E+09
   0.209072E+00   0.656434E+06   0.651452E+06   0.916819E+00   0.916819E+00   0.114707E+05   0.652549E+06   0.655598E+06   0.652549E+06  -0.700631E-02   0.251098E+06   0.251040E+06   0.934157E-01   0.376231E-04   0.382991E+00  -0.120101E+09
   0.214193E+00   0.630702E+06   0.625692E+06   0.839212E+00   0.839212E+00   0.105875E+05   0.626930E+06   0.629861E+06   0.626930E+06  -0.673124E-02   0.241241E+06   0.241183E+06   0.902861E-01   0.344383E-04   0.382991E+00  -0.112627E+09
   0.219314E+00   0.608275E+06   0.603370E+06   0.771997E+00   0.771997E+00   0.981746E+04   0.604623E+06   0.607452E+06   0.604623E+06  -0.649174E-02   0.232658E+06   0.232601E+06   0.856423E-01   0.316801E-04   0.382990E+00  -0.106084E+09
   0.224435E+00   0.589149E+06   0.584470E+06   0.714004E+00   0.714004E+00   0.914981E+04   0.585622E+06   0.588363E+06   0.585622E+06  -0.628773E-02   0.225346E+06   0.225292E+06   0.798208E-01   0.293002E-04   0.382990E+00  -0.100406E+09
   0.229556E+00   0.572714E+06   0.568341E+06   0.663497E+00   0.663497E+00   0.856534E+04   0.569313E+06   0.571980E+06   0.569313E+06  -0.611262E-02   0.219071E+06   0.219020E+06   0.734593E-01   0.272276E-04   0.382989E+00  -0.954320E+08
   0.234678E+00   0.558043E+06   0.554002E+06   0.618634E+00   0.618634E+00   0.804290E+04   0.554765E+06   0.557364E+06   0.554765E+06  -0.595642E-02   0.213472E+06   0.213425E+06   0.672757E-01   0.253865E-04   0.382989E+00  -0.909641E+08
   0.239799E+00   0.544149E+06   0.540409E+06   0.577777E+00   0.577777E+00   0.756300E+04   0.540984E+06   0.543521E+06   0.540984E+06  -0.580846E-02   0.208170E+06   0.208125E+06   0.618700E-01   0.237099E-04   0.382989E+00  -0.868103E+08
   0.244920E+00   0.530194E+06   0.526686E+06   0.539686E+00   0.539686E+00   0.711086E+04   0.527132E+06   0.529605E+06   0.527132E+06  -0.565973E-02   0.202840E+06   0.202797E+06   0.575949E-01   0.221468E-04   0.382988E+00  -0.828189E+08
   0.250041E+00   0.515690E+06   0.512326E+06   0.503649E+00   0.503649E+00   0.667807E+04   0.512719E+06   0.515125E+06   0.512719E+06  -0.550498E-02   0.197294E+06   0.197253E+06   0.545138E-01   0.206680E-04   0.382988E+00  -0.789047E+08
   0.255162E+00   0.500583E+06   0.497280E+06   0.469461E+00   0.469461E+00   0.626273E+04   0.497692E+06   0.500029E+06   0.497692E+06  -0.534363E-02   0.191511E+06   0.191471E+06   0.524393E-01   0.192650E-04   0.382988E+00  -0.750549E+08
   0.260283E+00   0.485151E+06   0.481851E+06   0.437246E+00   0.437246E+00   0.586734E+04   0.482332E+06   0.484597E+06   0.482332E+06  -0.517871E-02   0.185601E+06   0.185561E+06   0.510225E-01   0.179430E-04   0.382987E+00  -0.713075E+08
   0.265404E+00   0.469836E+06   0.466513E+06   0.407241E+00   0.407241E+00   0.549573E+04   0.467083E+06   0.469278E+06   0.467083E+06  -0.501500E-02   0.179734E+06   0.179694E+06   0.498649E-01   0.167117E-04   0.382987E+00  -0.677208E+08
   0.270526E+00   0.455118E+06   0.451779E+06   0.379673E+00   0.379673E+00   0.515183E+04   0.452430E+06   0.454557E+06   0.452430E+06  -0.485767E-02   0.174096E+06   0.174057E+06   0.486220E-01   0.155804E-04   0.382987E+00  -0.643546E+08
   0.275647E+00   0.441418E+06   0.438097E+06   0.354677E+00   0.354677E+00   0.483817E+04   0.438797E+06   0.440861E+06   0.438797E+06  -0.471129E-02   0.168850E+06   0.168811E+06   0.470736E-01   0.145547E-04   0.382986E+00  -0.612559E+08
   0.280768E+00   0.428989E+06   0.425729E+06   0.332227E+00   0.332227E+00   0.455515E+04   0.426436E+06   0.428442E+06   0.426436E+06  -0.457857E-02   0.164094E+06   0.164056E+06   0.451500E-01   0.136334E-04   0.382986E+00  -0.584445E+08
   0.285889E+00   0.417841E+06   0.414683E+06   0.312106E+00   0.312106E+00   0.430049E+04   0.415356E+06   0.417311E+06   0.415356E+06  -0.445961E-02   0.159830E+06   0.159793E+06   0.429157E-01   0.128077E-04   0.382986E+00  -0.559063E+08
   0.291010E+00   0.407777E+06   0.404753E+06   0.293970E+00   0.293970E+00   0.407000E+04   0.405361E+06   0.407269E+06   0.405361E+06  -0.435230E-02   0.155984E+06   0.155949E+06   0.405262E-01   0.120635E-04   0.382986E+00  -0.536009E+08
   0.296131E+00   0.398489E+06   0.395609E+06   0.277433E+00   0.277433E+00   0.385891E+04   0.396140E+06   0.398006E+06   0.396140E+06  -0.425329E-02   0.152436E+06   0.152402E+06   0.381710E-01   0.113848E-04   0.382985E+00  -0.514758E+08
   0.301252E+00   0.389640E+06   0.386896E+06   0.262136E+00   0.262136E+00   0.366251E+04   0.387355E+06   0.389179E+06   0.387355E+06  -0.415896E-02   0.149055E+06   0.149023E+06   0.360190E-01   0.107571E-04   0.382985E+00  -0.494786E+08
   0.306374E+00   0.380930E+06   0.378299E+06   0.247785E+00   0.247785E+00   0.347711E+04   0.378704E+06   0.380488E+06   0.378704E+06  -0.406608E-02   0.145726E+06   0.145695E+06   0.341800E-01   0.101682E-04   0.382985E+00  -0.475650E+08
   0.311495E+00   0.372157E+06   0.369610E+06   0.234187E+00   0.234187E+00   0.330017E+04   0.369986E+06   0.371730E+06   0.369986E+06  -0.397248E-02   0.142372E+06   0.142341E+06   0.326877E-01   0.961019E-05   0.382985E+00  -0.457061E+08
   0.316616E+00   0.363264E+06   0.360771E+06   0.221256E+00   0.221256E+00   0.313071E+04   0.361143E+06   0.362846E+06   0.361143E+06  -0.387754E-02   0.138969E+06   0.138939E+06   0.315059E-01   0.907952E-05   0.382985E+00  -0.438921E+08
   0.321737E+00   0.354322E+06   0.351859E+06   0.208991E+00   0.208991E+00   0.296892E+04   0.352248E+06   0.353909E+06   0.352248E+06  -0.378203E-02   0.135547E+06   0.135517E+06   0.305489E-01   0.857621E-05   0.382984E+00  -0.421296E+08
   0.326858E+00   0.345481E+06   0.343037E+06   0.197436E+00   0.197436E+00   0.281559E+04   0.343451E+06   0.345071E+06   0.343451E+06  -0.368758E-02   0.132162E+06   0.132132E+06   0.297097E-01   0.810207E-05   0.382984E+00  -0.404339E+08
   0.331979E+00   0.336910E+06   0.334484E+06   0.186640E+00   0.186640E+00   0.267160E+04   0.334923E+06   0.336502E+06   0.334923E+06  -0.359601E-02   0.128880E+06   0.128851E+06   0.288888E-01   0.765900E-05   0.382984E+00  -0.388216E+08
   0.337100E+00   0.328752E+06   0.326352E+06   0.176626E+00   0.176626E+00   0.253745E+04   0.326807E+06   0.328349E+06   0.326807E+06  -0.350887E-02   0.125757E+06   0.125729E+06   0.280157E-01   0.724809E-05   0.382984E+00  -0.373055E+08
   0.342222E+00   0.321099E+06   0.318740E+06   0.167389E+00   0.167389E+00   0.241326E+04   0.319197E+06   0.320703E+06   0.319197E+06  -0.342716E-02   0.122829E+06   0.122801E+06   0.270593E-01   0.686902E-05   0.382984E+00  -0.358916E+08
   0.347343E+00   0.313973E+06   0.311669E+06   0.158883E+00   0.158883E+00   0.229850E+04   0.312113E+06   0.313586E+06   0.312113E+06  -0.335111E-02   0.120103E+06   0.120076E+06   0.260272E-01   0.651999E-05   0.382984E+00  -0.345776E+08
   0.352464E+00   0.307325E+06   0.305085E+06   0.151034E+00   0.151034E+00   0.219225E+04   0.305507E+06   0.306949E+06   0.305507E+06  -0.328017E-02   0.117561E+06   0.117534E+06   0.249549E-01   0.619788E-05   0.382983E+00  -0.333540E+08
   0.357585E+00   0.301054E+06   0.298885E+06   0.143747E+00   0.143747E+00   0.209326E+04   0.299277E+06   0.300690E+06   0.299277E+06  -0.321329E-02   0.115164E+06   0.115138E+06   0.238921E-01   0.589884E-05   0.382983E+00  -0.322059E+08
   0.362706E+00   0.295046E+06   0.292946E+06   0.136930E+00   0.136930E+00   0.200030E+04   0.293308E+06   0.294694E+06   0.293308E+06  -0.314920E-02   0.112867E+06   0.112842E+06   0.228873E-01   0.561910E-05   0.382983E+00  -0.311180E+08
   0.367827E+00   0.289194E+06   0.287155E+06   0.130504E+00   0.130504E+00   0.191231E+04   0.287494E+06   0.288852E+06   0.287494E+06  -0.308677E-02   0.110629E+06   0.110605E+06   0.219758E-01   0.535541E-05   0.382983E+00  -0.300764E+08
   0.372948E+00   0.283417E+06   0.281430E+06   0.124410E+00   0.124410E+00   0.182846E+04   0.281752E+06   0.283083E+06   0.281752E+06  -0.302512E-02   0.108420E+06   0.108396E+06   0.211731E-01   0.510531E-05   0.382983E+00  -0.290710E+08
   0.378070E+00   0.277674E+06   0.275727E+06   0.118609E+00   0.118609E+00   0.174831E+04   0.276042E+06   0.277347E+06   0.276042E+06  -0.296382E-02   0.106223E+06   0.106200E+06   0.204744E-01   0.486727E-05   0.382983E+00  -0.280961E+08
   0.383191E+00   0.271971E+06   0.270056E+06   0.113088E+00   0.113088E+00   0.167167E+04   0.270372E+06   0.271649E+06   0.270372E+06  -0.290294E-02   0.104041E+06   0.104018E+06   0.198591E-01   0.464071E-05   0.382983E+00  -0.271512E+08
   0.388312E+00   0.266355E+06   0.264467E+06   0.107850E+00   0.107850E+00   0.159867E+04   0.264787E+06   0.266038E+06   0.264787E+06  -0.284297E-02   0.101892E+06   0.101869E+06   0.192989E-01   0.442577E-05   0.382983E+00  -0.262397E+08
   0.393433E+00   0.260883E+06   0.259019E+06   0.102901E+00   0.102901E+00   0.152943E+04   0.259344E+06   0.260570E+06   0.259344E+06  -0.278453E-02   0.997975E+05   0.997753E+05   0.187647E-01   0.422269E-05   0.382983E+00  -0.253658E+08
   0.398554E+00   0.255598E+06   0.253760E+06   0.982417E-01   0.982417E-01   0.146402E+04   0.254088E+06   0.255290E+06   0.254088E+06  -0.272810E-02   0.977751E+05   0.977533E+05   0.182331E-01   0.403148E-05   0.382982E+00  -0.245324E+08
   0.403675E+00   0.250531E+06   0.248722E+06   0.938660E-01   0.938660E-01   0.140242E+04   0.249050E+06   0.250228E+06   0.249050E+06  -0.267401E-02   0.958363E+05   0.958149E+05   0.176908E-01   0.385192E-05   0.382982E+00  -0.237409E+08
   0.408796E+00   0.245700E+06   0.243924E+06   0.897636E-01   0.897636E-01   0.134448E+04   0.244246E+06   0.245401E+06   0.244246E+06  -0.262243E-02   0.939879E+05   0.939669E+05   0.171358E-01   0.368357E-05   0.382982E+00  -0.229914E+08
   0.413918E+00   0.241098E+06   0.239360E+06   0.859167E-01   0.859167E-01   0.129001E+04   0.239673E+06   0.240806E+06   0.239673E+06  -0.257333E-02   0.922280E+05   0.922074E+05   0.165751E-01   0.352571E-05   0.382982E+00  -0.222817E+08
   0.419039E+00   0.236697E+06   0.234997E+06   0.822996E-01   0.822996E-01   0.123865E+04   0.235299E+06   0.236412E+06   0.235299E+06  -0.252636E-02   0.905448E+05   0.905247E+05   0.160211E-01   0.337728E-05   0.382982E+00  -0.216077E+08
   0.424160E+00   0.232452E+06   0.230791E+06   0.788842E-01   0.788842E-01   0.119002E+04   0.231080E+06   0.232173E+06   0.231080E+06  -0.248107E-02   0.889214E+05   0.889017E+05   0.154869E-01   0.323712E-05   0.382982E+00  -0.209641E+08
   0.429281E+00   0.228323E+06   0.226700E+06   0.756460E-01   0.756460E-01   0.114377E+04   0.226977E+06   0.228051E+06   0.226977E+06  -0.243701E-02   0.873426E+05   0.873233E+05   0.149838E-01   0.310423E-05   0.382982E+00  -0.203462E+08
   0.434402E+00   0.224284E+06   0.222695E+06   0.725664E-01   0.725664E-01   0.109964E+04   0.222963E+06   0.224018E+06   0.222963E+06  -0.239391E-02   0.857978E+05   0.857789E+05   0.145179E-01   0.297786E-05   0.382982E+00  -0.197508E+08
   0.439523E+00   0.220317E+06   0.218757E+06   0.696313E-01   0.696313E-01   0.105746E+04   0.219018E+06   0.220055E+06   0.219018E+06  -0.235156E-02   0.842800E+05   0.842615E+05   0.140900E-01   0.285741E-05   0.382982E+00  -0.191753E+08
   0.444644E+00   0.216411E+06   0.214877E+06   0.668305E-01   0.668305E-01   0.101708E+04   0.215136E+06   0.216154E+06   0.215136E+06  -0.230988E-02   0.827860E+05   0.827677E+05   0.136958E-01   0.274248E-05   0.382982E+00  -0.186185E+08
   0.449766E+00   0.212573E+06   0.211063E+06   0.641587E-01   0.641587E-01   0.978451E+03   0.211320E+06   0.212320E+06   0.211320E+06  -0.226890E-02   0.813176E+05   0.812996E+05   0.133275E-01   0.263284E-05   0.382982E+00  -0.180800E+08
   0.454887E+00   0.208819E+06   0.207330E+06   0.616142E-01   0.616142E-01   0.941552E+03   0.207586E+06   0.208569E+06   0.207586E+06  -0.222882E-02   0.798810E+05   0.798634E+05   0.129768E-01   0.252842E-05   0.382982E+00  -0.175606E+08
   0.460008E+00   0.205167E+06   0.203700E+06   0.591959E-01   0.591959E-01   0.906397E+03   0.203955E+06   0.204920E+06   0.203955E+06  -0.218983E-02   0.784836E+05   0.784662E+05   0.126361E-01   0.242918E-05   0.382981E+00  -0.170613E+08
   0.465129E+00   0.201629E+06   0.200184E+06   0.569011E-01   0.569011E-01   0.872950E+03   0.200438E+06   0.201386E+06   0.200438E+06  -0.215206E-02   0.771301E+05   0.771130E+05   0.123003E-01   0.233501E-05   0.382981E+00  -0.165825E+08
   0.470250E+00   0.198210E+06   0.196789E+06   0.547246E-01   0.547246E-01   0.841153E+03   0.197039E+06   0.197971E+06   0.197039E+06  -0.211557E-02   0.758222E+05   0.758053E+05   0.119671E-01   0.224570E-05   0.382981E+00  -0.161238E+08
   0.475371E+00   0.194907E+06   0.193509E+06   0.526593E-01   0.526593E-01   0.810915E+03   0.193754E+06   0.194672E+06   0.193754E+06  -0.208031E-02   0.745585E+05   0.745419E+05   0.116371E-01   0.216094E-05   0.382981E+00  -0.156843E+08
   0.480492E+00   0.191711E+06   0.190339E+06   0.506979E-01   0.506979E-01   0.782129E+03   0.190578E+06   0.191481E+06   0.190578E+06  -0.204621E-02   0.733363E+05   0.733200E+05   0.113128E-01   0.208046E-05   0.382981E+00  -0.152627E+08
   0.485614E+00   0.188615E+06   0.187267E+06   0.488327E-01   0.488327E-01   0.754699E+03   0.187501E+06   0.188389E+06   0.187501E+06  -0.201316E-02   0.721520E+05   0.721360E+05   0.109977E-01   0.200391E-05   0.382981E+00  -0.148579E+08
   0.490735E+00   0.185604E+06   0.184280E+06   0.470555E-01   0.470555E-01   0.728498E+03   0.184508E+06   0.185382E+06   0.184508E+06  -0.198103E-02   0.710003E+05   0.709845E+05   0.106952E-01   0.193099E-05   0.382981E+00  -0.144682E+08
   0.495856E+00   0.182663E+06   0.181362E+06   0.453583E-01   0.453583E-01   0.703422E+03   0.181584E+06   0.182444E+06   0.181584E+06  -0.194964E-02   0.698753E+05   0.698598E+05   0.104074E-01   0.186134E-05   0.382981E+00  -0.140918E+08
   0.500977E+00   0.179780E+06   0.178501E+06   0.437346E-01   0.437346E-01   0.679372E+03   0.178719E+06   0.179565E+06   0.178719E+06  -0.191887E-02   0.687727E+05   0.687575E+05   0.101348E-01   0.179471E-05   0.382981E+00  -0.137277E+08
   0.506098E+00   0.176954E+06   0.175695E+06   0.421802E-01   0.421802E-01   0.656300E+03   0.175909E+06   0.176742E+06   0.175909E+06  -0.188870E-02   0.676914E+05   0.676764E+05   0.987695E-02   0.173092E-05   0.382981E+00  -0.133752E+08
   0.511219E+00   0.174184E+06   0.172945E+06   0.406924E-01   0.406924E-01   0.634168E+03   0.173156E+06   0.173976E+06   0.173156E+06  -0.185915E-02   0.666321E+05   0.666173E+05   0.963194E-02   0.166987E-05   0.382981E+00  -0.130339E+08
   0.516340E+00   0.171475E+06   0.170253E+06   0.392686E-01   0.392686E-01   0.612941E+03   0.170462E+06   0.171270E+06   0.170462E+06  -0.183022E-02   0.655955E+05   0.655809E+05   0.939734E-02   0.161144E-05   0.382981E+00  -0.127039E+08
   0.521462E+00   0.168826E+06   0.167622E+06   0.379064E-01   0.379064E-01   0.592591E+03   0.167829E+06   0.168624E+06   0.167829E+06  -0.180195E-02   0.645821E+05   0.645678E+05   0.917067E-02   0.155554E-05   0.382981E+00  -0.123848E+08
   0.526583E+00   0.166242E+06   0.165054E+06   0.366035E-01   0.366035E-01   0.573087E+03   0.165259E+06   0.166042E+06   0.165259E+06  -0.177436E-02   0.635934E+05   0.635792E+05   0.894997E-02   0.150208E-05   0.382981E+00  -0.120766E+08
   0.531704E+00   0.163725E+06   0.162555E+06   0.353584E-01   0.353584E-01   0.554414E+03   0.162758E+06   0.163529E+06   0.162758E+06  -0.174750E-02   0.626308E+05   0.626169E+05   0.873411E-02   0.145098E-05   0.382981E+00  -0.117793E+08
   0.536825E+00   0.161279E+06   0.160126E+06   0.341686E-01   0.341686E-01   0.536536E+03   0.160325E+06   0.161085E+06   0.160325E+06  -0.172139E-02   0.616948E+05   0.616811E+05   0.852276E-02   0.140216E-05   0.382981E+00  -0.114925E+08
   0.541946E+00   0.158898E+06   0.157762E+06   0.330310E-01   0.330310E-01   0.519413E+03   0.157958E+06   0.158707E+06   0.157958E+06  -0.169597E-02   0.607840E+05   0.607705E+05   0.831616E-02   0.135547E-05   0.382981E+00  -0.112159E+08
   0.547067E+00   0.156576E+06   0.155458E+06   0.319419E-01   0.319419E-01   0.502989E+03   0.155651E+06   0.156388E+06   0.155651E+06  -0.167120E-02   0.598959E+05   0.598826E+05   0.811496E-02   0.131078E-05   0.382981E+00  -0.109485E+08
   0.559946E+00   0.150979E+06   0.149903E+06   0.293997E-01   0.293997E-01   0.464530E+03   0.150087E+06   0.150799E+06   0.150087E+06  -0.161146E-02   0.577551E+05   0.577423E+05   0.763787E-02   0.120646E-05   0.382980E+00  -0.103144E+08
   0.593872E+00   0.137573E+06   0.136591E+06   0.238158E-01   0.238158E-01   0.379407E+03   0.136760E+06   0.137408E+06   0.136760E+06  -0.146836E-02   0.526265E+05   0.526148E+05   0.657526E-02   0.977312E-06   0.382980E+00  -0.886160E+07
   0.629853E+00   0.125324E+06   0.124431E+06   0.192874E-01   0.192874E-01   0.309646E+03   0.124583E+06   0.125174E+06   0.124583E+06  -0.133763E-02   0.479409E+05   0.479303E+05   0.565020E-02   0.791484E-06   0.382980E+00  -0.761144E+07
   0.879031E+00   0.732607E+05   0.727384E+05   0.578868E-02   0.578868E-02   0.962664E+02   0.728271E+05   0.731730E+05   0.728271E+05  -0.781933E-03   0.280248E+05   0.280185E+05   0.239099E-02   0.237547E-06   0.382979E+00  -0.318814E+07
   0.122679E+01   0.423088E+05   0.420072E+05   0.171637E-02   0.171637E-02   0.292192E+02   0.420583E+05   0.422582E+05   0.420583E+05  -0.451573E-03   0.161846E+05   0.161809E+05   0.100942E-02   0.704336E-07   0.382978E+00  -0.131927E+07
   0.171212E+01   0.241798E+05   0.240073E+05   0.503619E-03   0.503619E-03   0.870161E+01   0.240366E+05   0.241508E+05   0.240366E+05  -0.258077E-03   0.924961E+04   0.924740E+04   0.429571E-03   0.206667E-07   0.382978E+00  -0.540242E+06
   0.238945E+01   0.136951E+05   0.135972E+05   0.146448E-03   0.146448E-03   0.255304E+01   0.136140E+05   0.136787E+05   0.136140E+05  -0.146171E-03   0.523885E+04   0.523751E+04   0.187229E-03   0.600973E-08   0.382977E+00  -0.219248E+06
