#          k/h    CDM            baryon         photon         nu             mass_nu        total          no_nu          total_de       Weyl           v_CDM          v_b            v_b-v_c        ISW            log_grow       pert_vel    
   0.994668E-05   0.245915E+08   0.245915E+08   0.327732E+08   0.327728E+08   0.245940E+08   0.245915E+08   0.245915E+08   0.246002E+08  -0.458474E+00   0.992962E+07   0.992962E+07   0.674937E+01   0.112833E+07   0.504239E+00  -0.998322E+14
   0.109829E-04   0.245910E+08   0.245909E+08   0.327692E+08   0.327687E+08   0.245935E+08   0.245910E+08   0.245909E+08   0.245997E+08  -0.458465E+00   0.992951E+07   0.992951E+07   0.745230E+01   0.925458E+06   0.504225E+00  -0.904118E+14
   0.121272E-04   0.245903E+08   0.245903E+08   0.327643E+08   0.327636E+08   0.245929E+08   0.245903E+08   0.245903E+08   0.245991E+08  -0.458454E+00   0.992937E+07   0.992937E+07   0.822837E+01   0.759066E+06   0.504207E+00  -0.818801E+14
   0.133906E-04   0.245896E+08   0.245896E+08   0.327583E+08   0.327575E+08   0.245921E+08   0.245896E+08   0.245896E+08   0.245984E+08  -0.458440E+00   0.992921E+07   0.992921E+07   0.908519E+01   0.622591E+06   0.504185E+00  -0.741532E+14
   0.147857E-04   0.245887E+08   0.245887E+08   0.327510E+08   0.327500E+08   0.245912E+08   0.245887E+08   0.245887E+08   0.245974E+08  -0.458422E+00   0.992900E+07   0.992900E+07   0.100311E+02   0.510655E+06   0.504159E+00  -0.671553E+14
   0.163261E-04   0.245876E+08   0.245876E+08   0.327420E+08   0.327409E+08   0.245901E+08   0.245876E+08   0.245876E+08   0.245963E+08  -0.458402E+00   0.992876E+07   0.992875E+07   0.110754E+02   0.418845E+06   0.504127E+00  -0.608175E+14
   0.180270E-04   0.245862E+08   0.245862E+08   0.327312E+08   0.327297E+08   0.245887E+08   0.245862E+08   0.245862E+08   0.245950E+08  -0.458376E+00   0.992845E+07   0.992845E+07   0.122282E+02   0.343543E+06   0.504088E+00  -0.550775E+14
   0.199051E-04   0.245846E+08   0.245846E+08   0.327179E+08   0.327162E+08   0.245870E+08   0.245846E+08   0.245846E+08   0.245933E+08  -0.458346E+00   0.992808E+07   0.992808E+07   0.135008E+02   0.281780E+06   0.504040E+00  -0.498790E+14
   0.219788E-04   0.245826E+08   0.245825E+08   0.327018E+08   0.326996E+08   0.245850E+08   0.245826E+08   0.245825E+08   0.245913E+08  -0.458308E+00   0.992764E+07   0.992763E+07   0.149054E+02   0.231123E+06   0.503982E+00  -0.451707E+14
   0.242687E-04   0.245801E+08   0.245801E+08   0.326821E+08   0.326795E+08   0.245825E+08   0.245801E+08   0.245801E+08   0.245888E+08  -0.458262E+00   0.992709E+07   0.992709E+07   0.164557E+02   0.189573E+06   0.503911E+00  -0.409065E+14
   0.267970E-04   0.245771E+08   0.245771E+08   0.326581E+08   0.326550E+08   0.245794E+08   0.245771E+08   0.245771E+08   0.245859E+08  -0.458206E+00   0.992642E+07   0.992642E+07   0.181666E+02   0.155495E+06   0.503825E+00  -0.370444E+14
   0.295888E-04   0.245735E+08   0.245735E+08   0.326289E+08   0.326251E+08   0.245757E+08   0.245735E+08   0.245735E+08   0.245822E+08  -0.458138E+00   0.992561E+07   0.992560E+07   0.200546E+02   0.127544E+06   0.503721E+00  -0.335464E+14
   0.326714E-04   0.245691E+08   0.245691E+08   0.325934E+08   0.325887E+08   0.245712E+08   0.245691E+08   0.245691E+08   0.245778E+08  -0.458056E+00   0.992462E+07   0.992462E+07   0.221377E+02   0.104618E+06   0.503594E+00  -0.303782E+14
   0.360752E-04   0.245637E+08   0.245637E+08   0.325501E+08   0.325444E+08   0.245657E+08   0.245637E+08   0.245637E+08   0.245724E+08  -0.457955E+00   0.992341E+07   0.992341E+07   0.244356E+02   0.858144E+05   0.503440E+00  -0.275086E+14
   0.398336E-04   0.245572E+08   0.245571E+08   0.324973E+08   0.324904E+08   0.245591E+08   0.245572E+08   0.245572E+08   0.245658E+08  -0.457833E+00   0.992195E+07   0.992194E+07   0.269700E+02   0.703917E+05   0.503253E+00  -0.249094E+14
   0.439836E-04   0.245492E+08   0.245492E+08   0.324332E+08   0.324247E+08   0.245510E+08   0.245492E+08   0.245492E+08   0.245579E+08  -0.457684E+00   0.992016E+07   0.992016E+07   0.297645E+02   0.577419E+05   0.503026E+00  -0.225551E+14
   0.485659E-04   0.245396E+08   0.245395E+08   0.323552E+08   0.323448E+08   0.245411E+08   0.245396E+08   0.245395E+08   0.245482E+08  -0.457504E+00   0.991800E+07   0.991799E+07   0.328449E+02   0.473664E+05   0.502751E+00  -0.204225E+14
   0.536256E-04   0.245278E+08   0.245278E+08   0.322603E+08   0.322477E+08   0.245292E+08   0.245278E+08   0.245278E+08   0.245364E+08  -0.457284E+00   0.991536E+07   0.991535E+07   0.362391E+02   0.388564E+05   0.502419E+00  -0.184906E+14
   0.592125E-04   0.245136E+08   0.245136E+08   0.321450E+08   0.321297E+08   0.245147E+08   0.245136E+08   0.245136E+08   0.245222E+08  -0.457019E+00   0.991216E+07   0.991215E+07   0.399774E+02   0.318763E+05   0.502019E+00  -0.167406E+14
   0.653814E-04   0.244964E+08   0.244964E+08   0.320050E+08   0.319864E+08   0.244972E+08   0.244964E+08   0.244964E+08   0.245050E+08  -0.456697E+00   0.990827E+07   0.990826E+07   0.440924E+02   0.261510E+05   0.501536E+00  -0.151551E+14
   0.721930E-04   0.244756E+08   0.244756E+08   0.318351E+08   0.318126E+08   0.244759E+08   0.244756E+08   0.244756E+08   0.244841E+08  -0.456307E+00   0.990356E+07   0.990355E+07   0.486189E+02   0.214548E+05   0.500957E+00  -0.137187E+14
   0.797142E-04   0.244504E+08   0.244504E+08   0.316293E+08   0.316020E+08   0.244503E+08   0.244504E+08   0.244504E+08   0.244589E+08  -0.455837E+00   0.989785E+07   0.989784E+07   0.535939E+02   0.176028E+05   0.500264E+00  -0.124171E+14
   0.880190E-04   0.244202E+08   0.244201E+08   0.313802E+08   0.313471E+08   0.244194E+08   0.244201E+08   0.244201E+08   0.244285E+08  -0.455270E+00   0.989095E+07   0.989094E+07   0.590564E+02   0.144430E+05   0.499437E+00  -0.112377E+14
   0.971891E-04   0.243837E+08   0.243837E+08   0.310792E+08   0.310391E+08   0.243823E+08   0.243837E+08   0.243837E+08   0.243920E+08  -0.454589E+00   0.988262E+07   0.988260E+07   0.650466E+02   0.118509E+05   0.498456E+00  -0.101688E+14
   0.107314E-03   0.243401E+08   0.243400E+08   0.307162E+08   0.306678E+08   0.243377E+08   0.243401E+08   0.243401E+08   0.243483E+08  -0.453773E+00   0.987259E+07   0.987257E+07   0.716056E+02   0.972434E+04   0.497297E+00  -0.920002E+13
   0.118495E-03   0.242879E+08   0.242878E+08   0.302795E+08   0.302210E+08   0.242845E+08   0.242879E+08   0.242879E+08   0.242960E+08  -0.452797E+00   0.986053E+07   0.986050E+07   0.787740E+02   0.797963E+04   0.495938E+00  -0.832179E+13
   0.130840E-03   0.242259E+08   0.242257E+08   0.297555E+08   0.296851E+08   0.242211E+08   0.242258E+08   0.242258E+08   0.242338E+08  -0.451636E+00   0.984608E+07   0.984604E+07   0.865906E+02   0.654799E+04   0.494355E+00  -0.752556E+13
   0.144471E-03   0.241524E+08   0.241522E+08   0.291290E+08   0.290444E+08   0.241459E+08   0.241523E+08   0.241523E+08   0.241601E+08  -0.450261E+00   0.982882E+07   0.982878E+07   0.950904E+02   0.537307E+04   0.492529E+00  -0.680356E+13
   0.159522E-03   0.240658E+08   0.240656E+08   0.283830E+08   0.282818E+08   0.240574E+08   0.240657E+08   0.240658E+08   0.240733E+08  -0.448641E+00   0.980829E+07   0.980824E+07   0.104302E+03   0.440865E+04   0.490443E+00  -0.614876E+13
   0.176142E-03   0.239644E+08   0.239642E+08   0.274991E+08   0.273787E+08   0.239537E+08   0.239644E+08   0.239644E+08   0.239717E+08  -0.446745E+00   0.978399E+07   0.978393E+07   0.114242E+03   0.361684E+04   0.488088E+00  -0.555481E+13
   0.194493E-03   0.238467E+08   0.238464E+08   0.264583E+08   0.263155E+08   0.238329E+08   0.238466E+08   0.238466E+08   0.238536E+08  -0.444540E+00   0.975537E+07   0.975530E+07   0.124914E+03   0.296658E+04   0.485464E+00  -0.501598E+13
   0.214755E-03   0.237109E+08   0.237105E+08   0.252416E+08   0.250734E+08   0.236936E+08   0.237107E+08   0.237108E+08   0.237175E+08  -0.441999E+00   0.972187E+07   0.972178E+07   0.136298E+03   0.243241E+04   0.482586E+00  -0.452711E+13
   0.237129E-03   0.235557E+08   0.235553E+08   0.238319E+08   0.236353E+08   0.235341E+08   0.235555E+08   0.235556E+08   0.235619E+08  -0.439094E+00   0.968294E+07   0.968284E+07   0.148348E+03   0.199351E+04   0.479479E+00  -0.408355E+13
   0.261834E-03   0.233801E+08   0.233796E+08   0.222161E+08   0.219885E+08   0.233532E+08   0.233799E+08   0.233800E+08   0.233858E+08  -0.435807E+00   0.963805E+07   0.963792E+07   0.160976E+03   0.163279E+04   0.476188E+00  -0.368110E+13
   0.289112E-03   0.231835E+08   0.231830E+08   0.203885E+08   0.201280E+08   0.231502E+08   0.231833E+08   0.231834E+08   0.231887E+08  -0.432126E+00   0.958672E+07   0.958657E+07   0.174050E+03   0.133632E+04   0.472767E+00  -0.331603E+13
   0.319233E-03   0.229659E+08   0.229653E+08   0.183545E+08   0.180605E+08   0.229249E+08   0.229656E+08   0.229658E+08   0.229705E+08  -0.428051E+00   0.952859E+07   0.952841E+07   0.187377E+03   0.109267E+04   0.469286E+00  -0.298494E+13
   0.352491E-03   0.227279E+08   0.227271E+08   0.161356E+08   0.158095E+08   0.226774E+08   0.227275E+08   0.227278E+08   0.227318E+08  -0.423593E+00   0.946342E+07   0.946321E+07   0.200695E+03   0.892491E+03   0.465818E+00  -0.268481E+13
   0.389215E-03   0.224707E+08   0.224697E+08   0.137745E+08   0.134204E+08   0.224087E+08   0.224702E+08   0.224705E+08   0.224739E+08  -0.418774E+00   0.939115E+07   0.939090E+07   0.213666E+03   0.728126E+03   0.462440E+00  -0.241292E+13
   0.429764E-03   0.221962E+08   0.221950E+08   0.113393E+08   0.109646E+08   0.221204E+08   0.221956E+08   0.221960E+08   0.221986E+08  -0.413632E+00   0.931190E+07   0.931160E+07   0.225871E+03   0.593289E+03   0.459220E+00  -0.216681E+13
   0.474538E-03   0.219068E+08   0.219055E+08   0.892553E+07   0.854130E+07   0.218142E+08   0.219061E+08   0.219066E+08   0.219085E+08  -0.408211E+00   0.922600E+07   0.922566E+07   0.236821E+03   0.482808E+03   0.456217E+00  -0.194427E+13
   0.523976E-03   0.216055E+08   0.216039E+08   0.665205E+07   0.627269E+07   0.214926E+08   0.216047E+08   0.216052E+08   0.216064E+08  -0.402567E+00   0.913401E+07   0.913362E+07   0.245974E+03   0.392413E+03   0.453475E+00  -0.174326E+13
   0.578566E-03   0.212955E+08   0.212936E+08   0.464953E+07   0.429115E+07   0.211582E+08   0.212945E+08   0.212952E+08   0.212957E+08  -0.396761E+00   0.903667E+07   0.903623E+07   0.252772E+03   0.318575E+03   0.451021E+00  -0.156195E+13
   0.638842E-03   0.209801E+08   0.209780E+08   0.303731E+07   0.271465E+07   0.208132E+08   0.209790E+08   0.209797E+08   0.209797E+08  -0.390857E+00   0.893488E+07   0.893438E+07   0.256702E+03   0.258366E+03   0.448866E+00  -0.139864E+13
   0.705398E-03   0.206627E+08   0.206603E+08   0.189072E+07   0.161266E+07   0.204605E+08   0.206614E+08   0.206623E+08   0.206618E+08  -0.384919E+00   0.882967E+07   0.882912E+07   0.257360E+03   0.209357E+03   0.447006E+00  -0.125176E+13
   0.778888E-03   0.203465E+08   0.203438E+08   0.120666E+07   0.971324E+06   0.201019E+08   0.203449E+08   0.203461E+08   0.203452E+08  -0.379007E+00   0.872214E+07   0.872154E+07   0.254525E+03   0.169531E+03   0.445426E+00  -0.111985E+13
   0.860035E-03   0.200344E+08   0.200314E+08   0.885121E+06   0.677135E+06   0.197392E+08   0.200325E+08   0.200339E+08   0.200328E+08  -0.373175E+00   0.861340E+07   0.861276E+07   0.248201E+03   0.137217E+03   0.444102E+00  -0.100154E+13
   0.949635E-03   0.197290E+08   0.197256E+08   0.750335E+06   0.543737E+06   0.193736E+08   0.197267E+08   0.197284E+08   0.197269E+08  -0.367470E+00   0.850452E+07   0.850384E+07   0.238620E+03   0.111032E+03   0.443006E+00  -0.895578E+12
   0.104857E-02   0.194321E+08   0.194285E+08   0.624164E+06   0.393250E+06   0.190055E+08   0.194295E+08   0.194315E+08   0.194297E+08  -0.361928E+00   0.839646E+07   0.839574E+07   0.226181E+03   0.898327E+02   0.442107E+00  -0.800771E+12
   0.115781E-02   0.191455E+08   0.191416E+08   0.424951E+06   0.160479E+06   0.186350E+08   0.191424E+08   0.191448E+08   0.191425E+08  -0.356575E+00   0.829000E+07   0.828927E+07   0.211374E+03   0.726820E+02   0.441374E+00  -0.716021E+12
   0.127844E-02   0.188699E+08   0.188658E+08   0.212222E+06  -0.672825E+05   0.182616E+08   0.188663E+08   0.188692E+08   0.188664E+08  -0.351429E+00   0.818577E+07   0.818502E+07   0.194728E+03   0.588123E+02   0.440780E+00  -0.640309E+12
   0.141163E-02   0.186057E+08   0.186016E+08   0.995178E+05  -0.155180E+06   0.178849E+08   0.186016E+08   0.186050E+08   0.186016E+08  -0.346494E+00   0.808414E+07   0.808339E+07   0.176859E+03   0.475983E+02   0.440300E+00  -0.572694E+12
   0.155869E-02   0.183528E+08   0.183486E+08   0.910720E+05   0.461744E+06   0.175037E+08   0.183481E+08   0.183521E+08   0.183481E+08  -0.341770E+00   0.798524E+07   0.798450E+07   0.158545E+03   0.385330E+02   0.439910E+00  -0.512314E+12
   0.172108E-02   0.181104E+08   0.181062E+08   0.664366E+05   0.373718E+06   0.171166E+08   0.181050E+08   0.181097E+08   0.181050E+08  -0.337240E+00   0.788905E+07   0.788832E+07   0.140693E+03   0.312020E+02   0.439596E+00  -0.458387E+12
   0.190039E-02   0.178772E+08   0.178731E+08  -0.821997E+04   0.302576E+06   0.167225E+08   0.178711E+08   0.178765E+08   0.178711E+08  -0.332882E+00   0.779526E+07   0.779455E+07   0.124137E+03   0.252716E+02   0.439341E+00  -0.410201E+12
   0.209838E-02   0.176517E+08   0.176476E+08  -0.230942E+05   0.245042E+06   0.163203E+08   0.176447E+08   0.176510E+08   0.176447E+08  -0.328664E+00   0.770337E+07   0.770268E+07   0.109473E+03   0.204718E+02   0.439132E+00  -0.367119E+12
   0.231699E-02   0.174319E+08   0.174277E+08  -0.345958E+03   0.198479E+06   0.159090E+08   0.174240E+08   0.174312E+08   0.174240E+08  -0.324552E+00   0.761272E+07   0.761205E+07   0.970270E+02   0.165852E+02   0.438960E+00  -0.328568E+12
   0.255838E-02   0.172154E+08   0.172112E+08  -0.277156E+05   0.160771E+06   0.154879E+08   0.172066E+08   0.172147E+08   0.172066E+08  -0.320501E+00   0.752252E+07   0.752186E+07   0.867597E+02   0.134363E+02   0.438817E+00  -0.294041E+12
   0.282492E-02   0.170000E+08   0.169956E+08  -0.187894E+05   0.130213E+06   0.150562E+08   0.169901E+08   0.169993E+08   0.169901E+08  -0.316468E+00   0.743187E+07   0.743121E+07   0.781873E+02   0.108837E+02   0.438698E+00  -0.263088E+12
   0.311923E-02   0.167831E+08   0.167784E+08  -0.199195E+05   0.105437E+06   0.146124E+08   0.167720E+08   0.167823E+08   0.167720E+08  -0.312406E+00   0.733981E+07   0.733915E+07   0.706539E+02   0.881349E+01   0.438596E+00  -0.235314E+12
   0.344419E-02   0.165620E+08   0.165572E+08  -0.165502E+05   0.853404E+05   0.141547E+08   0.165498E+08   0.165612E+08   0.165498E+08  -0.308267E+00   0.724536E+07   0.724471E+07   0.636131E+02   0.713389E+01   0.438508E+00  -0.210369E+12
   0.380302E-02   0.163345E+08   0.163293E+08  -0.175842E+05   0.690339E+05   0.136811E+08   0.163210E+08   0.163336E+08   0.163211E+08  -0.304005E+00   0.714751E+07   0.714686E+07   0.569212E+02   0.577091E+01   0.438432E+00  -0.187947E+12
   0.419923E-02   0.160978E+08   0.160924E+08  -0.710124E+04   0.558010E+05   0.131900E+08   0.160832E+08   0.160969E+08   0.160832E+08  -0.299574E+00   0.704527E+07   0.704463E+07   0.508096E+02   0.466471E+01   0.438364E+00  -0.167779E+12
   0.463671E-02   0.158498E+08   0.158440E+08  -0.948193E+04   0.450624E+05   0.126800E+08   0.158338E+08   0.158488E+08   0.158338E+08  -0.294929E+00   0.693767E+07   0.693703E+07   0.455247E+02   0.376696E+01   0.438303E+00  -0.149628E+12
   0.511978E-02   0.155881E+08   0.155817E+08  -0.114485E+05   0.363494E+05   0.121516E+08   0.155707E+08   0.155870E+08   0.155707E+08  -0.290029E+00   0.682376E+07   0.682314E+07   0.409723E+02   0.303853E+01   0.438246E+00  -0.133285E+12
   0.565317E-02   0.153109E+08   0.153040E+08  -0.837669E+04   0.292835E+05   0.115818E+08   0.152921E+08   0.153098E+08   0.152921E+08  -0.284839E+00   0.670284E+07   0.670222E+07   0.368462E+02   0.244776E+01   0.438192E+00  -0.118570E+12
   0.624213E-02   0.150154E+08   0.150077E+08  -0.763402E+04   0.235544E+05   0.110009E+08   0.149952E+08   0.150141E+08   0.149952E+08  -0.279307E+00   0.657368E+07   0.657306E+07   0.330469E+02   0.196878E+01   0.438140E+00  -0.105314E+12
   0.689245E-02   0.147000E+08   0.146915E+08  -0.545739E+04   0.189133E+05   0.103969E+08   0.146782E+08   0.146986E+08   0.146782E+08  -0.273404E+00   0.643562E+07   0.643500E+07   0.297024E+02   0.158075E+01   0.438090E+00  -0.933739E+11
   0.761052E-02   0.143630E+08   0.143533E+08  -0.536202E+04   0.151567E+05   0.977805E+07   0.143396E+08   0.143613E+08   0.143396E+08  -0.267097E+00   0.628791E+07   0.628730E+07   0.267604E+02   0.126669E+01   0.438042E+00  -0.826230E+11
   0.840340E-02   0.140024E+08   0.139915E+08  -0.504378E+04   0.121192E+05   0.915248E+07   0.139776E+08   0.140006E+08   0.139776E+08  -0.260354E+00   0.612984E+07   0.612923E+07   0.240998E+02   0.101276E+01   0.437994E+00  -0.729462E+11
   0.927889E-02   0.136169E+08   0.136045E+08  -0.352629E+04   0.966623E+04   0.851942E+07   0.135907E+08   0.136148E+08   0.135907E+08  -0.253147E+00   0.596074E+07   0.596014E+07   0.217452E+02   0.807717E+00   0.437949E+00  -0.642411E+11
   0.102456E-01   0.132050E+08   0.131908E+08  -0.326268E+04   0.768818E+04   0.787832E+07   0.131774E+08   0.132026E+08   0.131774E+08  -0.245449E+00   0.578002E+07   0.577941E+07   0.196538E+02   0.642377E+00   0.437903E+00  -0.564158E+11
   0.113130E-01   0.127652E+08   0.127490E+08  -0.278456E+04   0.609563E+04   0.723549E+07   0.127364E+08   0.127625E+08   0.127364E+08  -0.237233E+00   0.558705E+07   0.558645E+07   0.177952E+02   0.509271E+00   0.437858E+00  -0.493870E+11
   0.124916E-01   0.122964E+08   0.122778E+08  -0.206557E+04   0.481580E+04   0.659802E+07   0.122663E+08   0.122933E+08   0.122663E+08  -0.228479E+00   0.538131E+07   0.538071E+07   0.161474E+02   0.402311E+00   0.437814E+00  -0.430802E+11
   0.137930E-01   0.117975E+08   0.117762E+08  -0.190227E+04   0.378947E+04   0.597077E+07   0.117664E+08   0.117940E+08   0.117664E+08  -0.219166E+00   0.516239E+07   0.516179E+07   0.146839E+02   0.316544E+00   0.437771E+00  -0.374282E+11
   0.152300E-01   0.112680E+08   0.112436E+08  -0.149974E+04   0.296842E+04   0.535565E+07   0.112359E+08   0.112639E+08   0.112359E+08  -0.209285E+00   0.493003E+07   0.492942E+07   0.133792E+02   0.247939E+00   0.437729E+00  -0.323710E+11
   0.168167E-01   0.107201E+08   0.106924E+08  -0.115130E+04   0.231615E+04   0.476684E+07   0.106873E+08   0.107155E+08   0.106873E+08  -0.199067E+00   0.468968E+07   0.468906E+07   0.122195E+02   0.193442E+00   0.437688E+00  -0.278874E+11
   0.185687E-01   0.101328E+08   0.101013E+08  -0.100801E+04   0.179546E+04   0.419736E+07   0.100994E+08   0.101275E+08   0.100994E+08  -0.188116E+00   0.443202E+07   0.443140E+07   0.111613E+02   0.149942E+00   0.437649E+00  -0.238685E+11
   0.205033E-01   0.951832E+07   0.948306E+07  -0.640048E+03   0.138319E+04   0.365779E+07   0.948470E+07   0.951240E+07   0.948470E+07  -0.176666E+00   0.416255E+07   0.416192E+07   0.101879E+02   0.115505E+00   0.437610E+00  -0.203021E+11
   0.226393E-01   0.887186E+07   0.883276E+07  -0.567341E+03   0.105731E+04   0.314928E+07   0.883824E+07   0.886529E+07   0.883824E+07  -0.164625E+00   0.387911E+07   0.387848E+07   0.926939E+01   0.882859E-01   0.437574E+00  -0.171345E+11
   0.249980E-01   0.821637E+07   0.817367E+07  -0.430803E+03   0.803026E+03   0.268288E+07   0.818305E+07   0.820920E+07   0.818305E+07  -0.152421E+00   0.359179E+07   0.359116E+07   0.838917E+01   0.670487E-01   0.437539E+00  -0.143684E+11
   0.276023E-01   0.755955E+07   0.751381E+07  -0.305102E+03   0.605901E+03   0.226091E+07   0.752683E+07   0.755187E+07   0.752683E+07  -0.140198E+00   0.330397E+07   0.330334E+07   0.752466E+01   0.505868E-01   0.437506E+00  -0.119700E+11
   0.304780E-01   0.690419E+07   0.685641E+07  -0.259678E+03   0.453809E+03   0.188329E+07   0.687245E+07   0.689617E+07   0.687245E+07  -0.128009E+00   0.301691E+07   0.301630E+07   0.665203E+01   0.378867E-01   0.437474E+00  -0.989867E+10
   0.336533E-01   0.626800E+07   0.621961E+07  -0.176252E+03   0.337870E+03   0.155275E+07   0.623760E+07   0.625988E+07   0.623760E+07  -0.116184E+00   0.273838E+07   0.273780E+07   0.576191E+01   0.282061E-01   0.437445E+00  -0.813706E+10
   0.371593E-01   0.567388E+07   0.562674E+07  -0.133258E+03   0.250828E+03   0.127119E+07   0.564517E+07   0.566597E+07   0.564517E+07  -0.105149E+00   0.247844E+07   0.247789E+07   0.485709E+01   0.209388E-01   0.437418E+00  -0.666975E+10
   0.410307E-01   0.513635E+07   0.509261E+07  -0.115770E+03   0.186232E+03   0.103643E+07   0.510964E+07   0.512901E+07   0.510964E+07  -0.951743E-01   0.224343E+07   0.224295E+07   0.395232E+01   0.155458E-01   0.437392E+00  -0.546770E+10
   0.451338E-01   0.468737E+07   0.464884E+07   0.140464E+03   0.140464E+03   0.851997E+06   0.466278E+07   0.468090E+07   0.466278E+07  -0.868510E-01   0.204728E+07   0.204685E+07   0.318689E+01   0.117256E-01   0.437359E+00  -0.453604E+10
   0.492368E-01   0.433258E+07   0.430016E+07   0.109108E+03   0.109108E+03   0.713591E+06   0.431004E+07   0.432714E+07   0.431004E+07  -0.802806E-01   0.189247E+07   0.189211E+07   0.247217E+01   0.910793E-02   0.437341E+00  -0.384363E+10
   0.533399E-01   0.404669E+07   0.402037E+07   0.868478E+02   0.868478E+02   0.607100E+06   0.402601E+07   0.404227E+07   0.402601E+07  -0.749902E-01   0.176782E+07   0.176751E+07   0.190264E+01   0.724957E-02   0.437324E+00  -0.331428E+10
   0.574430E-01   0.380598E+07   0.378501E+07   0.704415E+02   0.704415E+02   0.522528E+06   0.378693E+07   0.380246E+07   0.378693E+07  -0.705371E-01   0.166288E+07   0.166263E+07   0.147497E+01   0.587998E-02   0.437311E+00  -0.289488E+10
   0.615460E-01   0.359193E+07   0.357506E+07   0.579192E+02   0.579192E+02   0.453186E+06   0.357425E+07   0.358909E+07   0.357425E+07  -0.665756E-01   0.156953E+07   0.156931E+07   0.117628E+01   0.483465E-02   0.437299E+00  -0.255021E+10
   0.656491E-01   0.339025E+07   0.337600E+07   0.480513E+02   0.480513E+02   0.394564E+06   0.337369E+07   0.338786E+07   0.337369E+07  -0.628398E-01   0.148149E+07   0.148130E+07   0.985652E+00   0.401092E-02   0.437288E+00  -0.225672E+10
   0.697522E-01   0.319082E+07   0.317772E+07   0.400613E+02   0.400613E+02   0.343716E+06   0.317516E+07   0.318862E+07   0.317516E+07  -0.591418E-01   0.139434E+07   0.139416E+07   0.877171E+00   0.334396E-02   0.437279E+00  -0.199902E+10
   0.738552E-01   0.299531E+07   0.298216E+07   0.335426E+02   0.335426E+02   0.299584E+06   0.298036E+07   0.299310E+07   0.298036E+07  -0.555134E-01   0.130882E+07   0.130864E+07   0.824895E+00   0.279982E-02   0.437271E+00  -0.177217E+10
   0.779583E-01   0.279741E+07   0.278340E+07   0.281128E+02   0.281128E+02   0.260526E+06   0.278306E+07   0.279506E+07   0.278306E+07  -0.518385E-01   0.122220E+07   0.122202E+07   0.802013E+00   0.234658E-02   0.437264E+00  -0.156778E+10
   0.820614E-01   0.260677E+07   0.259156E+07   0.236395E+02   0.236395E+02   0.226659E+06   0.259297E+07   0.260422E+07   0.259297E+07  -0.482977E-01   0.113874E+07   0.113855E+07   0.788833E+00   0.197318E-02   0.437258E+00  -0.138768E+10
   0.861644E-01   0.242864E+07   0.241233E+07   0.199735E+02   0.199735E+02   0.197645E+06   0.241536E+07   0.242590E+07   0.241536E+07  -0.449895E-01   0.106076E+07   0.106056E+07   0.770432E+00   0.166718E-02   0.437252E+00  -0.123109E+10
   0.912856E-01   0.223055E+07   0.221348E+07   0.163413E+02   0.163413E+02   0.167674E+06   0.221793E+07   0.222768E+07   0.221793E+07  -0.413121E-01   0.974073E+06   0.973874E+06   0.727664E+00   0.136400E-02   0.437246E+00  -0.106706E+10
   0.964067E-01   0.206533E+07   0.204851E+07   0.135649E+02   0.135649E+02   0.143893E+06   0.205342E+07   0.206250E+07   0.205342E+07  -0.382480E-01   0.901839E+06   0.901648E+06   0.659862E+00   0.113226E-02   0.437240E+00  -0.935454E+09
   0.101528E+00   0.193502E+07   0.191947E+07   0.114595E+02   0.114595E+02   0.125339E+06   0.192386E+07   0.193241E+07   0.192386E+07  -0.358346E-01   0.844944E+06   0.844770E+06   0.573632E+00   0.956517E-03   0.437235E+00  -0.832231E+09
   0.106649E+00   0.183488E+07   0.182130E+07   0.984900E+01   0.984900E+01   0.110816E+06   0.182445E+07   0.183260E+07   0.182445E+07  -0.339831E-01   0.801294E+06   0.801140E+06   0.480968E+00   0.822088E-03   0.437231E+00  -0.751341E+09
   0.111770E+00   0.175506E+07   0.174372E+07   0.857841E+01   0.857841E+01   0.990871E+05   0.174533E+07   0.175316E+07   0.174533E+07  -0.325092E-01   0.766547E+06   0.766415E+06   0.394469E+00   0.716033E-03   0.437227E+00  -0.685830E+09
   0.116891E+00   0.168493E+07   0.167562E+07   0.753097E+01   0.753097E+01   0.891394E+05   0.167582E+07   0.168336E+07   0.167582E+07  -0.312145E-01   0.736022E+06   0.735909E+06   0.323858E+00   0.628604E-03   0.437223E+00  -0.629671E+09
   0.122012E+00   0.161617E+07   0.160835E+07   0.663077E+01   0.663077E+01   0.802932E+05   0.160760E+07   0.161486E+07   0.160760E+07  -0.299438E-01   0.706064E+06   0.705964E+06   0.274046E+00   0.553465E-03   0.437220E+00  -0.578689E+09
   0.127134E+00   0.154393E+07   0.153688E+07   0.583461E+01   0.583461E+01   0.721745E+05   0.153579E+07   0.154275E+07   0.153579E+07  -0.286062E-01   0.674530E+06   0.674436E+06   0.244793E+00   0.487010E-03   0.437217E+00  -0.530575E+09
   0.132255E+00   0.146686E+07   0.145991E+07   0.512221E+01   0.512221E+01   0.646413E+05   0.145906E+07   0.146569E+07   0.145906E+07  -0.271771E-01   0.640835E+06   0.640743E+06   0.231758E+00   0.427547E-03   0.437214E+00  -0.484552E+09
   0.137376E+00   0.138652E+07   0.137921E+07   0.448701E+01   0.448701E+01   0.576987E+05   0.137901E+07   0.138529E+07   0.137901E+07  -0.256860E-01   0.605680E+06   0.605586E+06   0.228358E+00   0.374528E-03   0.437212E+00  -0.440897E+09
   0.142497E+00   0.130636E+07   0.129850E+07   0.392871E+01   0.392871E+01   0.514211E+05   0.129911E+07   0.130504E+07   0.129911E+07  -0.241977E-01   0.570592E+06   0.570495E+06   0.227801E+00   0.327927E-03   0.437210E+00  -0.400427E+09
   0.147618E+00   0.123079E+07   0.122246E+07   0.344864E+01   0.344864E+01   0.458970E+05   0.122379E+07   0.122939E+07   0.122379E+07  -0.227948E-01   0.537516E+06   0.537416E+06   0.224739E+00   0.287856E-03   0.437208E+00  -0.364128E+09
   0.152739E+00   0.116397E+07   0.115545E+07   0.304610E+01   0.304610E+01   0.411841E+05   0.115724E+07   0.116254E+07   0.115724E+07  -0.215552E-01   0.508286E+06   0.508187E+06   0.216193E+00   0.254257E-03   0.437206E+00  -0.332782E+09
   0.157860E+00   0.110821E+07   0.109988E+07   0.271497E+01   0.271497E+01   0.372591E+05   0.110175E+07   0.110681E+07   0.110175E+07  -0.205217E-01   0.483919E+06   0.483824E+06   0.201655E+00   0.226618E-03   0.437204E+00  -0.306550E+09
   0.162982E+00   0.106310E+07   0.105530E+07   0.244343E+01   0.244343E+01   0.340103E+05   0.105693E+07   0.106179E+07   0.105693E+07  -0.196868E-01   0.464232E+06   0.464143E+06   0.182590E+00   0.203952E-03   0.437203E+00  -0.284838E+09
   0.168103E+00   0.102630E+07   0.101926E+07   0.221749E+01   0.221749E+01   0.312828E+05   0.102041E+07   0.102512E+07   0.102041E+07  -0.190066E-01   0.448195E+06   0.448114E+06   0.161612E+00   0.185093E-03   0.437201E+00  -0.266621E+09
   0.173224E+00   0.994860E+06   0.988658E+06   0.202455E+01   0.202455E+01   0.289281E+05   0.989252E+06   0.993819E+06   0.989252E+06  -0.184262E-01   0.434509E+06   0.434436E+06   0.141579E+00   0.168989E-03   0.437200E+00  -0.250839E+09
   0.178345E+00   0.965800E+06   0.960336E+06   0.185434E+01   0.185434E+01   0.268201E+05   0.960443E+06   0.964882E+06   0.960443E+06  -0.178896E-01   0.421856E+06   0.421789E+06   0.124778E+00   0.154782E-03   0.437199E+00  -0.236542E+09
   0.183466E+00   0.936342E+06   0.931414E+06   0.169893E+01   0.169893E+01   0.248586E+05   0.931205E+06   0.935514E+06   0.931205E+06  -0.173450E-01   0.409015E+06   0.408953E+06   0.112430E+00   0.141810E-03   0.437197E+00  -0.222940E+09
   0.188587E+00   0.904695E+06   0.900051E+06   0.155360E+01   0.155360E+01   0.229849E+05   0.899746E+06   0.903915E+06   0.899746E+06  -0.167591E-01   0.395198E+06   0.395139E+06   0.104594E+00   0.129680E-03   0.437196E+00  -0.209560E+09
   0.193708E+00   0.870679E+06   0.866090E+06   0.141714E+01   0.141714E+01   0.211884E+05   0.865892E+06   0.869908E+06   0.865892E+06  -0.161285E-01   0.380329E+06   0.380271E+06   0.100398E+00   0.118289E-03   0.437195E+00  -0.196343E+09
   0.198830E+00   0.835408E+06   0.830716E+06   0.129052E+01   0.129052E+01   0.194909E+05   0.830763E+06   0.834620E+06   0.830763E+06  -0.154741E-01   0.364901E+06   0.364842E+06   0.984203E-01   0.107720E-03   0.437194E+00  -0.183526E+09
   0.203951E+00   0.800433E+06   0.795577E+06   0.117508E+01   0.117508E+01   0.179198E+05   0.795918E+06   0.799617E+06   0.795918E+06  -0.148251E-01   0.349597E+06   0.349538E+06   0.971183E-01   0.980847E-04   0.437194E+00  -0.171414E+09
   0.209072E+00   0.767260E+06   0.762274E+06   0.107180E+01   0.107180E+01   0.164966E+05   0.762874E+06   0.766423E+06   0.762874E+06  -0.142096E-01   0.335084E+06   0.335025E+06   0.952204E-01   0.894638E-04   0.437193E+00  -0.160273E+09
   0.214193E+00   0.737177E+06   0.732164E+06   0.981076E+00   0.981076E+00   0.152348E+05   0.732923E+06   0.736335E+06   0.732923E+06  -0.136517E-01   0.321930E+06   0.321870E+06   0.919790E-01   0.818909E-04   0.437192E+00  -0.150300E+09
   0.219314E+00   0.710962E+06   0.706054E+06   0.902500E+00   0.902500E+00   0.141343E+05   0.706844E+06   0.710138E+06   0.706844E+06  -0.131660E-01   0.310476E+06   0.310418E+06   0.872373E-01   0.753322E-04   0.437191E+00  -0.141567E+09
   0.224435E+00   0.688609E+06   0.683927E+06   0.834703E+00   0.834703E+00   0.131798E+05   0.684630E+06   0.687823E+06   0.684630E+06  -0.127522E-01   0.300719E+06   0.300664E+06   0.813309E-01   0.696732E-04   0.437191E+00  -0.133990E+09
   0.229556E+00   0.669405E+06   0.665029E+06   0.775658E+00   0.775658E+00   0.123440E+05   0.665564E+06   0.668670E+06   0.665564E+06  -0.123971E-01   0.292344E+06   0.292293E+06   0.748951E-01   0.647447E-04   0.437190E+00  -0.127353E+09
   0.234678E+00   0.652263E+06   0.648219E+06   0.723211E+00   0.723211E+00   0.115967E+05   0.648555E+06   0.651584E+06   0.648555E+06  -0.120803E-01   0.284874E+06   0.284825E+06   0.686447E-01   0.603669E-04   0.437189E+00  -0.121390E+09
   0.239799E+00   0.636029E+06   0.632286E+06   0.675447E+00   0.675447E+00   0.109098E+05   0.632445E+06   0.635400E+06   0.632445E+06  -0.117802E-01   0.277797E+06   0.277752E+06   0.631769E-01   0.563801E-04   0.437189E+00  -0.115847E+09
   0.244920E+00   0.619722E+06   0.616211E+06   0.630918E+00   0.630918E+00   0.102621E+05   0.616251E+06   0.619132E+06   0.616251E+06  -0.114786E-01   0.270684E+06   0.270641E+06   0.588421E-01   0.526633E-04   0.437188E+00  -0.110521E+09
   0.250041E+00   0.602771E+06   0.599403E+06   0.588789E+00   0.588789E+00   0.964168E+04   0.599401E+06   0.602205E+06   0.599401E+06  -0.111647E-01   0.263284E+06   0.263242E+06   0.557025E-01   0.491468E-04   0.437188E+00  -0.105297E+09
   0.255162E+00   0.585111E+06   0.581805E+06   0.548822E+00   0.548822E+00   0.904582E+04   0.581833E+06   0.584556E+06   0.581833E+06  -0.108375E-01   0.255567E+06   0.255526E+06   0.535703E-01   0.458107E-04   0.437187E+00  -0.100160E+09
   0.260283E+00   0.567071E+06   0.563768E+06   0.511161E+00   0.511161E+00   0.847814E+04   0.563876E+06   0.566516E+06   0.563876E+06  -0.105030E-01   0.247680E+06   0.247639E+06   0.520974E-01   0.426671E-04   0.437187E+00  -0.951588E+08
   0.265404E+00   0.549166E+06   0.545840E+06   0.476083E+00   0.476083E+00   0.794431E+04   0.546049E+06   0.548608E+06   0.546049E+06  -0.101709E-01   0.239850E+06   0.239810E+06   0.508862E-01   0.397392E-04   0.437186E+00  -0.903724E+08
   0.270526E+00   0.531959E+06   0.528618E+06   0.443855E+00   0.443855E+00   0.745001E+04   0.528919E+06   0.531398E+06   0.528919E+06  -0.985187E-02   0.232326E+06   0.232286E+06   0.495928E-01   0.370491E-04   0.437186E+00  -0.858803E+08
   0.275647E+00   0.515945E+06   0.512621E+06   0.414634E+00   0.414634E+00   0.699900E+04   0.512981E+06   0.515387E+06   0.512981E+06  -0.955500E-02   0.225326E+06   0.225286E+06   0.479981E-01   0.346100E-04   0.437185E+00  -0.817451E+08
   0.280768E+00   0.501416E+06   0.498153E+06   0.388388E+00   0.388388E+00   0.659193E+04   0.498529E+06   0.500868E+06   0.498529E+06  -0.928582E-02   0.218978E+06   0.218940E+06   0.460324E-01   0.324193E-04   0.437185E+00  -0.779933E+08
   0.285889E+00   0.488386E+06   0.485226E+06   0.364866E+00   0.364866E+00   0.622556E+04   0.485576E+06   0.487855E+06   0.485576E+06  -0.904455E-02   0.213289E+06   0.213252E+06   0.437601E-01   0.304559E-04   0.437185E+00  -0.746061E+08
   0.291010E+00   0.476625E+06   0.473598E+06   0.343664E+00   0.343664E+00   0.589389E+04   0.473891E+06   0.476117E+06   0.473891E+06  -0.882690E-02   0.208157E+06   0.208121E+06   0.413361E-01   0.286861E-04   0.437184E+00  -0.715296E+08
   0.296131E+00   0.465771E+06   0.462889E+06   0.324332E+00   0.324332E+00   0.559002E+04   0.463112E+06   0.465287E+06   0.463112E+06  -0.862611E-02   0.203422E+06   0.203387E+06   0.389490E-01   0.270725E-04   0.437184E+00  -0.686937E+08
   0.301252E+00   0.455430E+06   0.452684E+06   0.306449E+00   0.306449E+00   0.530721E+04   0.452841E+06   0.454969E+06   0.452841E+06  -0.843480E-02   0.198910E+06   0.198877E+06   0.367672E-01   0.255797E-04   0.437184E+00  -0.660284E+08
   0.306374E+00   0.445250E+06   0.442617E+06   0.289673E+00   0.289673E+00   0.504011E+04   0.442727E+06   0.444808E+06   0.442727E+06  -0.824642E-02   0.194468E+06   0.194436E+06   0.348995E-01   0.241794E-04   0.437183E+00  -0.634747E+08
   0.311495E+00   0.434997E+06   0.432448E+06   0.273776E+00   0.273776E+00   0.478506E+04   0.432535E+06   0.434569E+06   0.432535E+06  -0.805659E-02   0.189992E+06   0.189960E+06   0.333794E-01   0.228525E-04   0.437183E+00  -0.609941E+08
   0.316616E+00   0.424603E+06   0.422107E+06   0.258658E+00   0.258658E+00   0.454068E+04   0.422198E+06   0.424184E+06   0.422198E+06  -0.786403E-02   0.185451E+06   0.185420E+06   0.321704E-01   0.215906E-04   0.437183E+00  -0.585733E+08
   0.321737E+00   0.414150E+06   0.411685E+06   0.244320E+00   0.244320E+00   0.430725E+04   0.411798E+06   0.413736E+06   0.411798E+06  -0.767033E-02   0.180883E+06   0.180853E+06   0.311870E-01   0.203938E-04   0.437182E+00  -0.562213E+08
   0.326858E+00   0.403815E+06   0.401369E+06   0.230812E+00   0.230812E+00   0.408594E+04   0.401514E+06   0.403404E+06   0.401514E+06  -0.747877E-02   0.176366E+06   0.176336E+06   0.303224E-01   0.192663E-04   0.437182E+00  -0.539584E+08
   0.331979E+00   0.393795E+06   0.391367E+06   0.218190E+00   0.218190E+00   0.387802E+04   0.391544E+06   0.393387E+06   0.391544E+06  -0.729306E-02   0.171987E+06   0.171957E+06   0.294773E-01   0.182127E-04   0.437182E+00  -0.518068E+08
   0.337100E+00   0.384259E+06   0.381857E+06   0.206484E+00   0.206484E+00   0.368427E+04   0.382056E+06   0.383855E+06   0.382056E+06  -0.711634E-02   0.167819E+06   0.167791E+06   0.285815E-01   0.172356E-04   0.437182E+00  -0.497836E+08
   0.342222E+00   0.375314E+06   0.372953E+06   0.195685E+00   0.195685E+00   0.350483E+04   0.373159E+06   0.374917E+06   0.373159E+06  -0.695063E-02   0.163912E+06   0.163883E+06   0.276039E-01   0.163342E-04   0.437181E+00  -0.478967E+08
   0.347343E+00   0.366985E+06   0.364678E+06   0.185742E+00   0.185742E+00   0.333900E+04   0.364878E+06   0.366597E+06   0.364878E+06  -0.679638E-02   0.160274E+06   0.160246E+06   0.265521E-01   0.155042E-04   0.437181E+00  -0.461433E+08
   0.352464E+00   0.359214E+06   0.356973E+06   0.176566E+00   0.176566E+00   0.318542E+04   0.357154E+06   0.358838E+06   0.357154E+06  -0.665251E-02   0.156881E+06   0.156855E+06   0.254615E-01   0.147383E-04   0.437181E+00  -0.445103E+08
   0.357585E+00   0.351886E+06   0.349715E+06   0.168047E+00   0.168047E+00   0.304231E+04   0.349872E+06   0.351521E+06   0.349872E+06  -0.651686E-02   0.153683E+06   0.153656E+06   0.243815E-01   0.140272E-04   0.437181E+00  -0.429783E+08
   0.362706E+00   0.344864E+06   0.342762E+06   0.160078E+00   0.160078E+00   0.290787E+04   0.342894E+06   0.344511E+06   0.342894E+06  -0.638689E-02   0.150618E+06   0.150592E+06   0.233604E-01   0.133620E-04   0.437181E+00  -0.415264E+08
   0.367827E+00   0.338024E+06   0.335983E+06   0.152565E+00   0.152565E+00   0.278058E+04   0.336096E+06   0.337681E+06   0.336096E+06  -0.626027E-02   0.147632E+06   0.147607E+06   0.224333E-01   0.127349E-04   0.437180E+00  -0.401365E+08
   0.372948E+00   0.331271E+06   0.329283E+06   0.145441E+00   0.145441E+00   0.265925E+04   0.329384E+06   0.330937E+06   0.329384E+06  -0.613524E-02   0.144683E+06   0.144659E+06   0.216155E-01   0.121402E-04   0.437180E+00  -0.387948E+08
   0.378070E+00   0.324558E+06   0.322611E+06   0.138659E+00   0.138659E+00   0.254321E+04   0.322709E+06   0.324231E+06   0.322709E+06  -0.601092E-02   0.141751E+06   0.141728E+06   0.209021E-01   0.115742E-04   0.437180E+00  -0.374938E+08
   0.383191E+00   0.317892E+06   0.315977E+06   0.132205E+00   0.132205E+00   0.243223E+04   0.316079E+06   0.317571E+06   0.316079E+06  -0.588743E-02   0.138839E+06   0.138816E+06   0.202726E-01   0.110354E-04   0.437180E+00  -0.362328E+08
   0.388312E+00   0.311329E+06   0.309439E+06   0.126082E+00   0.126082E+00   0.232649E+04   0.309550E+06   0.311011E+06   0.309550E+06  -0.576582E-02   0.135972E+06   0.135949E+06   0.196988E-01   0.105243E-04   0.437180E+00  -0.350164E+08
   0.393433E+00   0.304932E+06   0.303066E+06   0.120296E+00   0.120296E+00   0.222618E+04   0.303188E+06   0.304619E+06   0.303188E+06  -0.564730E-02   0.133177E+06   0.133154E+06   0.191515E-01   0.100414E-04   0.437180E+00  -0.338502E+08
   0.398554E+00   0.298754E+06   0.296914E+06   0.114849E+00   0.114849E+00   0.213139E+04   0.297043E+06   0.298445E+06   0.297043E+06  -0.553285E-02   0.130478E+06   0.130456E+06   0.186074E-01   0.958671E-05   0.437179E+00  -0.327381E+08
   0.403675E+00   0.292832E+06   0.291021E+06   0.109734E+00   0.109734E+00   0.204208E+04   0.291153E+06   0.292528E+06   0.291153E+06  -0.542314E-02   0.127891E+06   0.127869E+06   0.180532E-01   0.915972E-05   0.437179E+00  -0.316819E+08
   0.408796E+00   0.287184E+06   0.285407E+06   0.104938E+00   0.104938E+00   0.195809E+04   0.285537E+06   0.286886E+06   0.285537E+06  -0.531854E-02   0.125424E+06   0.125403E+06   0.174869E-01   0.875940E-05   0.437179E+00  -0.306816E+08
   0.413918E+00   0.281806E+06   0.280066E+06   0.100441E+00   0.100441E+00   0.187910E+04   0.280190E+06   0.281514E+06   0.280190E+06  -0.521895E-02   0.123075E+06   0.123054E+06   0.169156E-01   0.838401E-05   0.437179E+00  -0.297345E+08
   0.419039E+00   0.276662E+06   0.274961E+06   0.962122E-01   0.962122E-01   0.180461E+04   0.275077E+06   0.276376E+06   0.275077E+06  -0.512370E-02   0.120829E+06   0.120809E+06   0.163514E-01   0.803105E-05   0.437179E+00  -0.288351E+08
   0.424160E+00   0.271700E+06   0.270038E+06   0.922194E-01   0.922194E-01   0.173406E+04   0.270145E+06   0.271421E+06   0.270145E+06  -0.503183E-02   0.118663E+06   0.118643E+06   0.158076E-01   0.769776E-05   0.437179E+00  -0.279762E+08
   0.429281E+00   0.266875E+06   0.265250E+06   0.884337E-01   0.884337E-01   0.166694E+04   0.265348E+06   0.266602E+06   0.265348E+06  -0.494249E-02   0.116556E+06   0.116536E+06   0.152952E-01   0.738177E-05   0.437179E+00  -0.271517E+08
   0.434402E+00   0.262154E+06   0.260563E+06   0.848336E-01   0.848336E-01   0.160290E+04   0.260655E+06   0.261887E+06   0.260655E+06  -0.485508E-02   0.114495E+06   0.114475E+06   0.148204E-01   0.708126E-05   0.437179E+00  -0.263571E+08
   0.439523E+00   0.257516E+06   0.255955E+06   0.814022E-01   0.814022E-01   0.154166E+04   0.256044E+06   0.257254E+06   0.256044E+06  -0.476919E-02   0.112469E+06   0.112450E+06   0.143839E-01   0.679484E-05   0.437178E+00  -0.255891E+08
   0.444644E+00   0.252952E+06   0.251417E+06   0.781280E-01   0.781280E-01   0.148303E+04   0.251505E+06   0.252694E+06   0.251505E+06  -0.468464E-02   0.110475E+06   0.110457E+06   0.139812E-01   0.652153E-05   0.437178E+00  -0.248460E+08
   0.449766E+00   0.248466E+06   0.246954E+06   0.750046E-01   0.750046E-01   0.142692E+04   0.247044E+06   0.248212E+06   0.247044E+06  -0.460155E-02   0.108516E+06   0.108498E+06   0.136049E-01   0.626081E-05   0.437178E+00  -0.241274E+08
   0.454887E+00   0.244077E+06   0.242588E+06   0.720299E-01   0.720299E-01   0.137332E+04   0.242680E+06   0.243827E+06   0.242680E+06  -0.452025E-02   0.106599E+06   0.106581E+06   0.132464E-01   0.601251E-05   0.437178E+00  -0.234344E+08
   0.460008E+00   0.239808E+06   0.238340E+06   0.692028E-01   0.692028E-01   0.132224E+04   0.238434E+06   0.239561E+06   0.238434E+06  -0.444117E-02   0.104734E+06   0.104716E+06   0.128982E-01   0.577653E-05   0.437178E+00  -0.227681E+08
   0.465129E+00   0.235673E+06   0.234227E+06   0.665201E-01   0.665201E-01   0.127363E+04   0.234322E+06   0.235430E+06   0.234322E+06  -0.436458E-02   0.102928E+06   0.102910E+06   0.125552E-01   0.555260E-05   0.437178E+00  -0.221291E+08
   0.470250E+00   0.231677E+06   0.230254E+06   0.639756E-01   0.639756E-01   0.122742E+04   0.230349E+06   0.231438E+06   0.230349E+06  -0.429057E-02   0.101182E+06   0.101165E+06   0.122151E-01   0.534020E-05   0.437178E+00  -0.215169E+08
   0.475371E+00   0.227816E+06   0.226417E+06   0.615612E-01   0.615612E-01   0.118346E+04   0.226509E+06   0.227581E+06   0.226509E+06  -0.421906E-02   0.994961E+05   0.994791E+05   0.118784E-01   0.513867E-05   0.437178E+00  -0.209304E+08
   0.480492E+00   0.224081E+06   0.222707E+06   0.592682E-01   0.592682E-01   0.114160E+04   0.222796E+06   0.223850E+06   0.222796E+06  -0.414990E-02   0.978651E+05   0.978485E+05   0.115478E-01   0.494727E-05   0.437178E+00  -0.203678E+08
   0.485614E+00   0.220462E+06   0.219113E+06   0.570877E-01   0.570877E-01   0.110171E+04   0.219198E+06   0.220235E+06   0.219198E+06  -0.408288E-02   0.962847E+05   0.962683E+05   0.112266E-01   0.476526E-05   0.437178E+00  -0.198276E+08
   0.490735E+00   0.216942E+06   0.215618E+06   0.550101E-01   0.550101E-01   0.106360E+04   0.215699E+06   0.216720E+06   0.215699E+06  -0.401771E-02   0.947477E+05   0.947317E+05   0.109183E-01   0.459184E-05   0.437178E+00  -0.193075E+08
   0.495856E+00   0.213504E+06   0.212203E+06   0.530260E-01   0.530260E-01   0.102713E+04   0.212281E+06   0.213286E+06   0.212281E+06  -0.395404E-02   0.932464E+05   0.932306E+05   0.106248E-01   0.442622E-05   0.437177E+00  -0.188053E+08
   0.500977E+00   0.210135E+06   0.208856E+06   0.511278E-01   0.511278E-01   0.992135E+03   0.208932E+06   0.209921E+06   0.208932E+06  -0.389165E-02   0.917751E+05   0.917596E+05   0.103467E-01   0.426777E-05   0.437177E+00  -0.183194E+08
   0.506098E+00   0.206832E+06   0.205572E+06   0.493106E-01   0.493106E-01   0.958560E+03   0.205647E+06   0.206620E+06   0.205647E+06  -0.383046E-02   0.903321E+05   0.903168E+05   0.100835E-01   0.411609E-05   0.437177E+00  -0.178489E+08
   0.511219E+00   0.203595E+06   0.202354E+06   0.475713E-01   0.475713E-01   0.926347E+03   0.202428E+06   0.203387E+06   0.202428E+06  -0.377052E-02   0.889185E+05   0.889034E+05   0.983340E-02   0.397090E-05   0.437177E+00  -0.173936E+08
   0.516340E+00   0.200428E+06   0.199205E+06   0.459069E-01   0.459069E-01   0.895447E+03   0.199279E+06   0.200222E+06   0.199279E+06  -0.371186E-02   0.875351E+05   0.875203E+05   0.959383E-02   0.383197E-05   0.437177E+00  -0.169531E+08
   0.521462E+00   0.197332E+06   0.196126E+06   0.443143E-01   0.443143E-01   0.865818E+03   0.196201E+06   0.197129E+06   0.196201E+06  -0.365452E-02   0.861829E+05   0.861682E+05   0.936236E-02   0.369904E-05   0.437177E+00  -0.165273E+08
   0.526583E+00   0.194311E+06   0.193123E+06   0.427913E-01   0.427913E-01   0.837417E+03   0.193197E+06   0.194111E+06   0.193197E+06  -0.359856E-02   0.848634E+05   0.848490E+05   0.913701E-02   0.357190E-05   0.437177E+00  -0.161160E+08
   0.531704E+00   0.191370E+06   0.190199E+06   0.413357E-01   0.413357E-01   0.810222E+03   0.190272E+06   0.191173E+06   0.190272E+06  -0.354409E-02   0.835789E+05   0.835647E+05   0.891667E-02   0.345040E-05   0.437177E+00  -0.157192E+08
   0.536825E+00   0.188510E+06   0.187356E+06   0.399448E-01   0.399448E-01   0.784182E+03   0.187429E+06   0.188316E+06   0.187429E+06  -0.349113E-02   0.823298E+05   0.823159E+05   0.870100E-02   0.333430E-05   0.437177E+00  -0.153366E+08
   0.541946E+00   0.185727E+06   0.184591E+06   0.386148E-01   0.386148E-01   0.759236E+03   0.184662E+06   0.185536E+06   0.184662E+06  -0.343958E-02   0.811143E+05   0.811005E+05   0.849022E-02   0.322328E-05   0.437177E+00  -0.149674E+08
   0.547067E+00   0.183013E+06   0.181894E+06   0.373416E-01   0.373416E-01   0.735306E+03   0.181964E+06   0.182825E+06   0.181964E+06  -0.338933E-02   0.799293E+05   0.799157E+05   0.828500E-02   0.311700E-05   0.437177E+00  -0.146106E+08
   0.559946E+00   0.176472E+06   0.175395E+06   0.343697E-01   0.343697E-01   0.679261E+03   0.175460E+06   0.176291E+06   0.175460E+06  -0.326819E-02   0.770724E+05   0.770593E+05   0.779836E-02   0.286893E-05   0.437177E+00  -0.137644E+08
   0.593872E+00   0.160802E+06   0.159819E+06   0.278418E-01   0.278418E-01   0.555137E+03   0.159879E+06   0.160637E+06   0.159879E+06  -0.297797E-02   0.702285E+05   0.702165E+05   0.671382E-02   0.232403E-05   0.437176E+00  -0.118256E+08
   0.629853E+00   0.146485E+06   0.145590E+06   0.225479E-01   0.225479E-01   0.453331E+03   0.145644E+06   0.146334E+06   0.145644E+06  -0.271283E-02   0.639757E+05   0.639648E+05   0.576987E-02   0.188214E-05   0.437176E+00  -0.101573E+08
   0.879031E+00   0.856305E+05   0.851078E+05   0.676725E-02   0.676725E-02   0.141318E+03   0.851385E+05   0.855427E+05   0.851385E+05  -0.158583E-02   0.373982E+05   0.373917E+05   0.244346E-02   0.564885E-06   0.437175E+00  -0.425451E+07
   0.122679E+01   0.494525E+05   0.491506E+05   0.200652E-02   0.200652E-02   0.429708E+02   0.491682E+05   0.494018E+05   0.491682E+05  -0.915829E-03   0.215978E+05   0.215940E+05   0.103303E-02   0.167491E-06   0.437174E+00  -0.176053E+07
   0.171212E+01   0.282625E+05   0.280898E+05   0.588755E-03   0.588755E-03   0.128114E+02   0.280999E+05   0.282335E+05   0.280999E+05  -0.523401E-03   0.123433E+05   0.123410E+05   0.440745E-03   0.491455E-07   0.437173E+00  -0.720942E+06
   0.238945E+01   0.160075E+05   0.159095E+05   0.171205E-03   0.171205E-03   0.376143E+01   0.159154E+05   0.159911E+05   0.159154E+05  -0.296447E-03   0.699108E+04   0.698970E+04   0.192956E-03   0.142912E-07   0.437172E+00  -0.292582E+06
