#          k/h    CDM            baryon         photon         nu             mass_nu        total          no_nu          total_de       Weyl           v_CDM          v_b            v_b-v_c        ISW            log_grow       pert_vel    
   0.994668E-05   0.229705E+08   0.229705E+08   0.306125E+08   0.306120E+08   0.229730E+08   0.229706E+08   0.229705E+08   0.229787E+08  -0.458494E+00   0.992967E+07   0.992967E+07   0.660920E+01   0.112833E+07   0.498708E+00  -0.998327E+14
   0.109829E-04   0.229702E+08   0.229702E+08   0.306088E+08   0.306083E+08   0.229727E+08   0.229703E+08   0.229702E+08   0.229784E+08  -0.458488E+00   0.992960E+07   0.992960E+07   0.729753E+01   0.925454E+06   0.498699E+00  -0.904126E+14
   0.121272E-04   0.229699E+08   0.229699E+08   0.306044E+08   0.306037E+08   0.229724E+08   0.229699E+08   0.229699E+08   0.229781E+08  -0.458481E+00   0.992951E+07   0.992951E+07   0.805750E+01   0.759059E+06   0.498688E+00  -0.818812E+14
   0.133906E-04   0.229694E+08   0.229694E+08   0.305989E+08   0.305981E+08   0.229719E+08   0.229695E+08   0.229694E+08   0.229776E+08  -0.458472E+00   0.992941E+07   0.992941E+07   0.889653E+01   0.622583E+06   0.498675E+00  -0.741547E+14
   0.147857E-04   0.229689E+08   0.229689E+08   0.305923E+08   0.305913E+08   0.229714E+08   0.229689E+08   0.229689E+08   0.229771E+08  -0.458462E+00   0.992928E+07   0.992928E+07   0.982284E+01   0.510645E+06   0.498658E+00  -0.671571E+14
   0.163261E-04   0.229683E+08   0.229683E+08   0.305842E+08   0.305830E+08   0.229707E+08   0.229683E+08   0.229683E+08   0.229764E+08  -0.458449E+00   0.992912E+07   0.992912E+07   0.108455E+02   0.418834E+06   0.498639E+00  -0.608197E+14
   0.180270E-04   0.229675E+08   0.229675E+08   0.305743E+08   0.305729E+08   0.229699E+08   0.229675E+08   0.229675E+08   0.229757E+08  -0.458433E+00   0.992893E+07   0.992893E+07   0.119743E+02   0.343531E+06   0.498614E+00  -0.550802E+14
   0.199051E-04   0.229665E+08   0.229665E+08   0.305623E+08   0.305606E+08   0.229689E+08   0.229665E+08   0.229665E+08   0.229747E+08  -0.458413E+00   0.992869E+07   0.992869E+07   0.132205E+02   0.281767E+06   0.498585E+00  -0.498820E+14
   0.219788E-04   0.229653E+08   0.229653E+08   0.305477E+08   0.305456E+08   0.229677E+08   0.229653E+08   0.229653E+08   0.229735E+08  -0.458390E+00   0.992841E+07   0.992841E+07   0.145960E+02   0.231109E+06   0.498549E+00  -0.451742E+14
   0.242687E-04   0.229639E+08   0.229639E+08   0.305298E+08   0.305273E+08   0.229662E+08   0.229639E+08   0.229639E+08   0.229721E+08  -0.458361E+00   0.992806E+07   0.992806E+07   0.161142E+02   0.189559E+06   0.498506E+00  -0.409105E+14
   0.267970E-04   0.229621E+08   0.229621E+08   0.305081E+08   0.305050E+08   0.229644E+08   0.229622E+08   0.229621E+08   0.229703E+08  -0.458326E+00   0.992764E+07   0.992764E+07   0.177897E+02   0.155480E+06   0.498453E+00  -0.370489E+14
   0.295888E-04   0.229600E+08   0.229600E+08   0.304816E+08   0.304778E+08   0.229622E+08   0.229600E+08   0.229600E+08   0.229682E+08  -0.458283E+00   0.992712E+07   0.992712E+07   0.196386E+02   0.127529E+06   0.498388E+00  -0.335515E+14
   0.326714E-04   0.229574E+08   0.229574E+08   0.304494E+08   0.304447E+08   0.229595E+08   0.229574E+08   0.229574E+08   0.229656E+08  -0.458231E+00   0.992649E+07   0.992649E+07   0.216786E+02   0.104603E+06   0.498310E+00  -0.303839E+14
   0.360752E-04   0.229543E+08   0.229543E+08   0.304101E+08   0.304044E+08   0.229563E+08   0.229543E+08   0.229543E+08   0.229624E+08  -0.458168E+00   0.992573E+07   0.992573E+07   0.239290E+02   0.857991E+05   0.498214E+00  -0.275150E+14
   0.398336E-04   0.229504E+08   0.229504E+08   0.303623E+08   0.303554E+08   0.229523E+08   0.229504E+08   0.229504E+08   0.229586E+08  -0.458091E+00   0.992480E+07   0.992480E+07   0.264111E+02   0.703763E+05   0.498099E+00  -0.249165E+14
   0.439836E-04   0.229458E+08   0.229458E+08   0.303040E+08   0.302957E+08   0.229475E+08   0.229458E+08   0.229458E+08   0.229539E+08  -0.457997E+00   0.992366E+07   0.992366E+07   0.291480E+02   0.577265E+05   0.497959E+00  -0.225630E+14
   0.485659E-04   0.229401E+08   0.229401E+08   0.302332E+08   0.302230E+08   0.229416E+08   0.229401E+08   0.229401E+08   0.229482E+08  -0.457883E+00   0.992229E+07   0.992228E+07   0.321650E+02   0.473510E+05   0.497789E+00  -0.204313E+14
   0.536256E-04   0.229332E+08   0.229332E+08   0.301471E+08   0.301347E+08   0.229345E+08   0.229332E+08   0.229332E+08   0.229413E+08  -0.457745E+00   0.992061E+07   0.992060E+07   0.354895E+02   0.388411E+05   0.497584E+00  -0.185004E+14
   0.592125E-04   0.229249E+08   0.229249E+08   0.300424E+08   0.300273E+08   0.229259E+08   0.229249E+08   0.229249E+08   0.229329E+08  -0.457578E+00   0.991858E+07   0.991857E+07   0.391513E+02   0.318611E+05   0.497336E+00  -0.167514E+14
   0.653814E-04   0.229148E+08   0.229147E+08   0.299153E+08   0.298969E+08   0.229155E+08   0.229148E+08   0.229148E+08   0.229227E+08  -0.457375E+00   0.991610E+07   0.991610E+07   0.431822E+02   0.261360E+05   0.497037E+00  -0.151671E+14
   0.721930E-04   0.229025E+08   0.229025E+08   0.297610E+08   0.297387E+08   0.229028E+08   0.229025E+08   0.229025E+08   0.229105E+08  -0.457129E+00   0.991310E+07   0.991310E+07   0.476167E+02   0.214402E+05   0.496678E+00  -0.137319E+14
   0.797142E-04   0.228877E+08   0.228877E+08   0.295739E+08   0.295468E+08   0.228875E+08   0.228877E+08   0.228877E+08   0.228956E+08  -0.456832E+00   0.990947E+07   0.990946E+07   0.524910E+02   0.175885E+05   0.496248E+00  -0.124317E+14
   0.880190E-04   0.228699E+08   0.228698E+08   0.293474E+08   0.293145E+08   0.228691E+08   0.228698E+08   0.228698E+08   0.228777E+08  -0.456473E+00   0.990507E+07   0.990506E+07   0.578435E+02   0.144292E+05   0.495734E+00  -0.112537E+14
   0.971891E-04   0.228484E+08   0.228483E+08   0.290735E+08   0.290337E+08   0.228469E+08   0.228483E+08   0.228484E+08   0.228561E+08  -0.456042E+00   0.989976E+07   0.989974E+07   0.637140E+02   0.118376E+05   0.495124E+00  -0.101865E+14
   0.107314E-03   0.228226E+08   0.228225E+08   0.287429E+08   0.286949E+08   0.228202E+08   0.228225E+08   0.228226E+08   0.228302E+08  -0.455524E+00   0.989335E+07   0.989333E+07   0.701430E+02   0.971177E+04   0.494402E+00  -0.921937E+13
   0.118495E-03   0.227917E+08   0.227916E+08   0.283448E+08   0.282869E+08   0.227882E+08   0.227917E+08   0.227917E+08   0.227992E+08  -0.454904E+00   0.988564E+07   0.988561E+07   0.771707E+02   0.796784E+04   0.493553E+00  -0.834299E+13
   0.130840E-03   0.227549E+08   0.227547E+08   0.278667E+08   0.277969E+08   0.227501E+08   0.227548E+08   0.227548E+08   0.227623E+08  -0.454165E+00   0.987638E+07   0.987635E+07   0.848360E+02   0.653710E+04   0.492563E+00  -0.754873E+13
   0.144471E-03   0.227111E+08   0.227110E+08   0.272943E+08   0.272106E+08   0.227048E+08   0.227111E+08   0.227111E+08   0.227184E+08  -0.453287E+00   0.986531E+07   0.986527E+07   0.931738E+02   0.536322E+04   0.491417E+00  -0.682882E+13
   0.159522E-03   0.226595E+08   0.226593E+08   0.266119E+08   0.265117E+08   0.226512E+08   0.226594E+08   0.226595E+08   0.226665E+08  -0.452250E+00   0.985211E+07   0.985206E+07   0.102213E+03   0.439995E+04   0.490104E+00  -0.617623E+13
   0.176142E-03   0.225988E+08   0.225986E+08   0.258020E+08   0.256827E+08   0.225881E+08   0.225988E+08   0.225988E+08   0.226056E+08  -0.451031E+00   0.983644E+07   0.983638E+07   0.111972E+03   0.360941E+04   0.488617E+00  -0.558459E+13
   0.194493E-03   0.225280E+08   0.225278E+08   0.248467E+08   0.247052E+08   0.225144E+08   0.225279E+08   0.225280E+08   0.225346E+08  -0.449609E+00   0.981793E+07   0.981786E+07   0.122454E+03   0.296052E+04   0.486953E+00  -0.504815E+13
   0.214755E-03   0.224461E+08   0.224458E+08   0.237276E+08   0.235610E+08   0.224289E+08   0.224459E+08   0.224460E+08   0.224523E+08  -0.447962E+00   0.979619E+07   0.979610E+07   0.133645E+03   0.242780E+04   0.485120E+00  -0.456172E+13
   0.237129E-03   0.223519E+08   0.223515E+08   0.224282E+08   0.222335E+08   0.223305E+08   0.223517E+08   0.223518E+08   0.223577E+08  -0.446070E+00   0.977082E+07   0.977072E+07   0.145498E+03   0.199038E+04   0.483132E+00  -0.412061E+13
   0.261834E-03   0.222447E+08   0.222443E+08   0.209353E+08   0.207100E+08   0.222181E+08   0.222445E+08   0.222447E+08   0.222501E+08  -0.443917E+00   0.974143E+07   0.974130E+07   0.157934E+03   0.163115E+04   0.481013E+00  -0.372059E+13
   0.289112E-03   0.221240E+08   0.221235E+08   0.192425E+08   0.189847E+08   0.220910E+08   0.221238E+08   0.221239E+08   0.221289E+08  -0.441490E+00   0.970765E+07   0.970750E+07   0.170824E+03   0.133612E+04   0.478800E+00  -0.335786E+13
   0.319233E-03   0.219894E+08   0.219887E+08   0.173537E+08   0.170629E+08   0.219487E+08   0.219891E+08   0.219893E+08   0.219937E+08  -0.438784E+00   0.966917E+07   0.966899E+07   0.183983E+03   0.109380E+04   0.476534E+00  -0.302898E+13
   0.352491E-03   0.218410E+08   0.218402E+08   0.152879E+08   0.149656E+08   0.217909E+08   0.218406E+08   0.218409E+08   0.218447E+08  -0.435800E+00   0.962575E+07   0.962554E+07   0.197158E+03   0.894810E+03   0.474263E+00  -0.273087E+13
   0.389215E-03   0.216793E+08   0.216784E+08   0.130841E+08   0.127345E+08   0.216179E+08   0.216789E+08   0.216792E+08   0.216823E+08  -0.432548E+00   0.957725E+07   0.957700E+07   0.210022E+03   0.731455E+03   0.472037E+00  -0.246074E+13
   0.429764E-03   0.215052E+08   0.215041E+08   0.108057E+08   0.104366E+08   0.214300E+08   0.215047E+08   0.215050E+08   0.215075E+08  -0.429046E+00   0.952365E+07   0.952336E+07   0.222167E+03   0.597422E+03   0.469901E+00  -0.221609E+13
   0.474538E-03   0.213199E+08   0.213186E+08   0.854227E+07   0.816531E+07   0.212280E+08   0.213193E+08   0.213197E+08   0.213215E+08  -0.425320E+00   0.946506E+07   0.946473E+07   0.233115E+03   0.487526E+03   0.467898E+00  -0.199465E+13
   0.523976E-03   0.211250E+08   0.211235E+08   0.640639E+07   0.603667E+07   0.210130E+08   0.211242E+08   0.211248E+08   0.211259E+08  -0.421401E+00   0.940174E+07   0.940135E+07   0.242333E+03   0.397502E+03   0.466058E+00  -0.179436E+13
   0.578566E-03   0.209223E+08   0.209205E+08   0.452214E+07   0.417693E+07   0.207859E+08   0.209214E+08   0.209220E+08   0.209226E+08  -0.417327E+00   0.933406E+07   0.933363E+07   0.249273E+03   0.323835E+03   0.464402E+00  -0.161336E+13
   0.638842E-03   0.207138E+08   0.207117E+08   0.300319E+07   0.269889E+07   0.205479E+08   0.207126E+08   0.207134E+08   0.207134E+08  -0.413138E+00   0.926254E+07   0.926206E+07   0.253424E+03   0.263623E+03   0.462939E+00  -0.144994E+13
   0.705398E-03   0.205014E+08   0.204990E+08   0.192123E+07   0.166885E+07   0.203002E+08   0.205000E+08   0.205010E+08   0.205005E+08  -0.408875E+00   0.918779E+07   0.918725E+07   0.254384E+03   0.214467E+03   0.461671E+00  -0.130253E+13
   0.778888E-03   0.202870E+08   0.202843E+08   0.127277E+07   0.107287E+07   0.200436E+08   0.202854E+08   0.202866E+08   0.202858E+08  -0.404577E+00   0.911045E+07   0.910986E+07   0.251920E+03   0.174384E+03   0.460588E+00  -0.116970E+13
   0.860035E-03   0.200726E+08   0.200696E+08   0.961501E+06   0.800975E+06   0.197787E+08   0.200707E+08   0.200721E+08   0.200710E+08  -0.400282E+00   0.903122E+07   0.903058E+07   0.246023E+03   0.141735E+03   0.459676E+00  -0.105013E+13
   0.949635E-03   0.198597E+08   0.198564E+08   0.819344E+06   0.673299E+06   0.195056E+08   0.198575E+08   0.198591E+08   0.198577E+08  -0.396020E+00   0.895076E+07   0.895009E+07   0.236903E+03   0.115165E+03   0.458919E+00  -0.942571E+12
   0.104857E-02   0.196495E+08   0.196459E+08   0.678132E+06   0.519498E+06   0.192242E+08   0.196469E+08   0.196489E+08   0.196471E+08  -0.391815E+00   0.886969E+07   0.886898E+07   0.224935E+03   0.935581E+02   0.458294E+00  -0.845904E+12
   0.115781E-02   0.194431E+08   0.194393E+08   0.465338E+06   0.279921E+06   0.189338E+08   0.194400E+08   0.194424E+08   0.194401E+08  -0.387684E+00   0.878848E+07   0.878775E+07   0.210585E+03   0.759957E+02   0.457783E+00  -0.759076E+12
   0.127844E-02   0.192409E+08   0.192369E+08   0.245269E+06   0.429888E+05   0.186336E+08   0.192374E+08   0.192402E+08   0.192374E+08  -0.383638E+00   0.870751E+07   0.870677E+07   0.194365E+03   0.617256E+02   0.457365E+00  -0.681122E+12
   0.141163E-02   0.190432E+08   0.190390E+08   0.130295E+06  -0.592691E+05   0.183230E+08   0.190391E+08   0.190425E+08   0.190391E+08  -0.379680E+00   0.862698E+07   0.862623E+07   0.176879E+03   0.501336E+02   0.457025E+00  -0.611151E+12
   0.155869E-02   0.188496E+08   0.188454E+08   0.119841E+06   0.474244E+06   0.180007E+08   0.188449E+08   0.188489E+08   0.188449E+08  -0.375805E+00   0.854688E+07   0.854614E+07   0.158900E+03   0.407192E+02   0.456748E+00  -0.548348E+12
   0.172108E-02   0.186596E+08   0.186554E+08   0.902453E+05   0.385052E+06   0.176653E+08   0.186541E+08   0.186588E+08   0.186542E+08  -0.372000E+00   0.846713E+07   0.846640E+07   0.141331E+03   0.330722E+02   0.456522E+00  -0.491976E+12
   0.190039E-02   0.184720E+08   0.184679E+08   0.928927E+04   0.312644E+06   0.173158E+08   0.184658E+08   0.184713E+08   0.184659E+08  -0.368243E+00   0.838738E+07   0.838667E+07   0.125006E+03   0.268600E+02   0.456336E+00  -0.441361E+12
   0.209838E-02   0.182856E+08   0.182815E+08  -0.980336E+04   0.253842E+06   0.169515E+08   0.182786E+08   0.182849E+08   0.182786E+08  -0.364508E+00   0.830718E+07   0.830648E+07   0.110518E+03   0.218123E+02   0.456183E+00  -0.395895E+12
   0.231699E-02   0.180988E+08   0.180946E+08   0.107832E+05   0.206073E+06   0.165716E+08   0.180909E+08   0.180981E+08   0.180909E+08  -0.360762E+00   0.822590E+07   0.822522E+07   0.981963E+02   0.177101E+02   0.456055E+00  -0.355033E+12
   0.255838E-02   0.179096E+08   0.179053E+08  -0.190142E+05   0.167254E+06   0.161758E+08   0.179007E+08   0.179089E+08   0.179007E+08  -0.356969E+00   0.814284E+07   0.814217E+07   0.880062E+02   0.143754E+02   0.455947E+00  -0.318288E+12
   0.282492E-02   0.177161E+08   0.177117E+08  -0.126909E+05   0.135698E+06   0.157635E+08   0.177061E+08   0.177153E+08   0.177061E+08  -0.353088E+00   0.805719E+07   0.805652E+07   0.794699E+02   0.116640E+02   0.455855E+00  -0.285225E+12
   0.311923E-02   0.175162E+08   0.175115E+08  -0.159888E+05   0.110043E+06   0.153337E+08   0.175050E+08   0.175154E+08   0.175051E+08  -0.349078E+00   0.796810E+07   0.796742E+07   0.719378E+02   0.945925E+01   0.455775E+00  -0.255457E+12
   0.344419E-02   0.173077E+08   0.173028E+08  -0.150941E+05   0.891827E+05   0.148850E+08   0.172954E+08   0.173069E+08   0.172954E+08  -0.344897E+00   0.787468E+07   0.787401E+07   0.648703E+02   0.766624E+01   0.455705E+00  -0.228641E+12
   0.380302E-02   0.170885E+08   0.170834E+08  -0.178255E+05   0.722210E+05   0.144156E+08   0.170750E+08   0.170877E+08   0.170750E+08  -0.340502E+00   0.777603E+07   0.777537E+07   0.581299E+02   0.620822E+01   0.455642E+00  -0.204474E+12
   0.419923E-02   0.168566E+08   0.168511E+08  -0.741849E+04   0.584313E+05   0.139243E+08   0.168418E+08   0.168557E+08   0.168418E+08  -0.335851E+00   0.767126E+07   0.767061E+07   0.519539E+02   0.502278E+01   0.455585E+00  -0.182687E+12
   0.463671E-02   0.166099E+08   0.166040E+08  -0.936410E+04   0.472234E+05   0.134098E+08   0.165938E+08   0.166089E+08   0.165938E+08  -0.330904E+00   0.755948E+07   0.755883E+07   0.465943E+02   0.405925E+01   0.455533E+00  -0.163039E+12
   0.511978E-02   0.163463E+08   0.163399E+08  -0.112618E+05   0.381177E+05   0.128732E+08   0.163288E+08   0.163453E+08   0.163288E+08  -0.325621E+00   0.743983E+07   0.743918E+07   0.419617E+02   0.327643E+01   0.455484E+00  -0.145319E+12
   0.565317E-02   0.160645E+08   0.160575E+08  -0.814819E+04   0.307249E+05   0.122910E+08   0.160455E+08   0.160634E+08   0.160455E+08  -0.319971E+00   0.731166E+07   0.731102E+07   0.377535E+02   0.264084E+01   0.455434E+00  -0.129340E+12
   0.624213E-02   0.157617E+08   0.157540E+08  -0.751170E+04   0.247252E+05   0.116945E+08   0.157412E+08   0.157604E+08   0.157412E+08  -0.313901E+00   0.717377E+07   0.717313E+07   0.338728E+02   0.212505E+01   0.455387E+00  -0.114928E+12
   0.689245E-02   0.154365E+08   0.154279E+08  -0.557471E+04   0.198609E+05   0.110715E+08   0.154144E+08   0.154350E+08   0.154144E+08  -0.307385E+00   0.702555E+07   0.702492E+07   0.304494E+02   0.170687E+01   0.455341E+00  -0.101933E+12
   0.761052E-02   0.150872E+08   0.150776E+08  -0.551236E+04   0.159211E+05   0.104307E+08   0.150636E+08   0.150856E+08   0.150636E+08  -0.300389E+00   0.686629E+07   0.686567E+07   0.274322E+02   0.136818E+01   0.455295E+00  -0.902230E+11
   0.840340E-02   0.147123E+08   0.147014E+08  -0.496469E+04   0.127337E+05   0.978018E+07   0.146872E+08   0.147105E+08   0.146872E+08  -0.292883E+00   0.669528E+07   0.669465E+07   0.247004E+02   0.109419E+01   0.455249E+00  -0.796751E+11
   0.927889E-02   0.143103E+08   0.142979E+08  -0.355184E+04   0.101585E+05   0.911947E+07   0.142837E+08   0.143082E+08   0.142837E+08  -0.284837E+00   0.651186E+07   0.651124E+07   0.222798E+02   0.872847E+00   0.455205E+00  -0.701808E+11
   0.102456E-01   0.138799E+08   0.138657E+08  -0.328360E+04   0.808117E+04   0.844822E+07   0.138518E+08   0.138775E+08   0.138518E+08  -0.276224E+00   0.631545E+07   0.631483E+07   0.201274E+02   0.694298E+00   0.455160E+00  -0.616419E+11
   0.113130E-01   0.134196E+08   0.134033E+08  -0.277322E+04   0.640814E+04   0.777294E+07   0.133901E+08   0.134168E+08   0.133901E+08  -0.267018E+00   0.610542E+07   0.610480E+07   0.182127E+02   0.550514E+00   0.455115E+00  -0.539692E+11
   0.124916E-01   0.129282E+08   0.129096E+08  -0.206253E+04   0.506329E+04   0.710099E+07   0.128975E+08   0.129251E+08   0.128975E+08  -0.257194E+00   0.588122E+07   0.588061E+07   0.165137E+02   0.434944E+00   0.455071E+00  -0.470823E+11
   0.137930E-01   0.124048E+08   0.123835E+08  -0.188886E+04   0.398460E+04   0.643758E+07   0.123730E+08   0.124013E+08   0.123730E+08  -0.246735E+00   0.564246E+07   0.564184E+07   0.150037E+02   0.342254E+00   0.455028E+00  -0.409089E+11
   0.152300E-01   0.118489E+08   0.118245E+08  -0.148904E+04   0.312151E+04   0.578496E+07   0.118161E+08   0.118448E+08   0.118161E+08  -0.235630E+00   0.538888E+07   0.538826E+07   0.136568E+02   0.268098E+00   0.454985E+00  -0.353839E+11
   0.168167E-01   0.112735E+08   0.112457E+08  -0.114018E+04   0.243576E+04   0.515825E+07   0.112399E+08   0.112688E+08   0.112399E+08  -0.224140E+00   0.512644E+07   0.512582E+07   0.124595E+02   0.209185E+00   0.454943E+00  -0.304847E+11
   0.185687E-01   0.106563E+08   0.106248E+08  -0.996510E+03   0.188827E+04   0.455013E+07   0.106221E+08   0.106510E+08   0.106221E+08  -0.211820E+00   0.484501E+07   0.484438E+07   0.113672E+02   0.162154E+00   0.454902E+00  -0.260927E+11
   0.205033E-01   0.100105E+08   0.997519E+07  -0.630254E+03   0.145475E+04   0.397216E+07   0.997601E+07   0.100046E+08   0.997601E+07  -0.198935E+00   0.455060E+07   0.454996E+07   0.103634E+02   0.124917E+00   0.454862E+00  -0.221948E+11
   0.226393E-01   0.933084E+07   0.929171E+07  -0.558169E+03   0.111205E+04   0.342582E+07   0.929636E+07   0.932427E+07   0.929636E+07  -0.185382E+00   0.424085E+07   0.424022E+07   0.941779E+01   0.954836E-01   0.454824E+00  -0.187325E+11
   0.249980E-01   0.864162E+07   0.859888E+07  -0.424734E+03   0.844623E+03   0.292333E+07   0.860741E+07   0.863444E+07   0.860741E+07  -0.171644E+00   0.392682E+07   0.392619E+07   0.851377E+01   0.725171E-01   0.454787E+00  -0.157087E+11
   0.276023E-01   0.795091E+07   0.790514E+07  -0.301525E+03   0.637299E+03   0.246754E+07   0.791731E+07   0.794322E+07   0.791731E+07  -0.157882E+00   0.361222E+07   0.361159E+07   0.762861E+01   0.547139E-01   0.454753E+00  -0.130867E+11
   0.304780E-01   0.726169E+07   0.721387E+07  -0.256544E+03   0.477334E+03   0.205863E+07   0.722908E+07   0.725366E+07   0.722908E+07  -0.144158E+00   0.329842E+07   0.329780E+07   0.673808E+01   0.409784E-01   0.454720E+00  -0.108224E+11
   0.336533E-01   0.659260E+07   0.654417E+07  -0.174127E+03   0.355389E+03   0.169990E+07   0.656135E+07   0.658447E+07   0.656135E+07  -0.130842E+00   0.299393E+07   0.299334E+07   0.583270E+01   0.305083E-01   0.454689E+00  -0.889644E+10
   0.371593E-01   0.596774E+07   0.592058E+07  -0.131789E+03   0.263837E+03   0.139371E+07   0.593821E+07   0.595982E+07   0.593821E+07  -0.118416E+00   0.270974E+07   0.270920E+07   0.491516E+01   0.226482E-01   0.454659E+00  -0.729225E+10
   0.410307E-01   0.540240E+07   0.535864E+07  -0.114651E+03   0.195892E+03   0.113793E+07   0.537490E+07   0.539505E+07   0.537490E+07  -0.107183E+00   0.245282E+07   0.245233E+07   0.399994E+01   0.168151E-01   0.454632E+00  -0.597804E+10
   0.451338E-01   0.493032E+07   0.489178E+07   0.147754E+03   0.147754E+03   0.936702E+06   0.490498E+07   0.492385E+07   0.490498E+07  -0.978120E-01   0.223844E+07   0.223800E+07   0.320431E+01   0.126833E-01   0.454601E+00  -0.495958E+10
   0.492368E-01   0.455719E+07   0.452476E+07   0.114772E+03   0.114772E+03   0.785448E+06   0.453392E+07   0.455174E+07   0.453392E+07  -0.904125E-01   0.206918E+07   0.206881E+07   0.248693E+01   0.985187E-02   0.454580E+00  -0.420253E+10
   0.533399E-01   0.425652E+07   0.423020E+07   0.913559E+02   0.913559E+02   0.668925E+06   0.423514E+07   0.425210E+07   0.423514E+07  -0.844545E-01   0.193289E+07   0.193258E+07   0.191537E+01   0.784175E-02   0.454563E+00  -0.362375E+10
   0.574430E-01   0.400337E+07   0.398240E+07   0.740981E+02   0.740981E+02   0.576276E+06   0.398364E+07   0.399985E+07   0.398364E+07  -0.794393E-01   0.181816E+07   0.181790E+07   0.148610E+01   0.636031E-02   0.454548E+00  -0.316519E+10
   0.615460E-01   0.377825E+07   0.376138E+07   0.609259E+02   0.609259E+02   0.500219E+06   0.375991E+07   0.377541E+07   0.375991E+07  -0.749778E-01   0.171609E+07   0.171587E+07   0.118608E+01   0.522961E-02   0.454535E+00  -0.278834E+10
   0.656491E-01   0.356613E+07   0.355187E+07   0.505458E+02   0.505458E+02   0.435845E+06   0.354893E+07   0.356373E+07   0.354893E+07  -0.707705E-01   0.161983E+07   0.161963E+07   0.994333E+00   0.433860E-02   0.454524E+00  -0.246745E+10
   0.697522E-01   0.335636E+07   0.334326E+07   0.421411E+02   0.421411E+02   0.379941E+06   0.334008E+07   0.335416E+07   0.334008E+07  -0.666058E-01   0.152454E+07   0.152435E+07   0.884862E+00   0.361716E-02   0.454514E+00  -0.218568E+10
   0.738552E-01   0.315070E+07   0.313754E+07   0.352840E+02   0.352840E+02   0.331368E+06   0.313516E+07   0.314849E+07   0.313516E+07  -0.625193E-01   0.143103E+07   0.143085E+07   0.831715E+00   0.302857E-02   0.454505E+00  -0.193765E+10
   0.779583E-01   0.294252E+07   0.292851E+07   0.295723E+02   0.295723E+02   0.288335E+06   0.292762E+07   0.294017E+07   0.292762E+07  -0.583807E-01   0.133633E+07   0.133614E+07   0.808048E+00   0.253831E-02   0.454498E+00  -0.171418E+10
   0.820614E-01   0.274198E+07   0.272676E+07   0.248667E+02   0.248667E+02   0.250989E+06   0.272764E+07   0.273942E+07   0.272764E+07  -0.543930E-01   0.124507E+07   0.124488E+07   0.794175E+00   0.213441E-02   0.454491E+00  -0.151726E+10
   0.861644E-01   0.255459E+07   0.253827E+07   0.210105E+02   0.210105E+02   0.218971E+06   0.254081E+07   0.255185E+07   0.254081E+07  -0.506672E-01   0.115981E+07   0.115961E+07   0.775172E+00   0.180341E-02   0.454484E+00  -0.134605E+10
   0.912856E-01   0.234620E+07   0.232913E+07   0.171897E+02   0.171897E+02   0.185874E+06   0.233312E+07   0.234333E+07   0.233312E+07  -0.465257E-01   0.106502E+07   0.106482E+07   0.731774E+00   0.147545E-02   0.454478E+00  -0.116670E+10
   0.964067E-01   0.217241E+07   0.215559E+07   0.142692E+02   0.142692E+02   0.159597E+06   0.216007E+07   0.216958E+07   0.216007E+07  -0.430748E-01   0.986044E+06   0.985853E+06   0.663466E+00   0.122478E-02   0.454472E+00  -0.102280E+10
   0.101528E+00   0.203535E+07   0.201979E+07   0.120545E+02   0.120545E+02   0.139086E+06   0.202377E+07   0.203274E+07   0.202377E+07  -0.403568E-01   0.923837E+06   0.923662E+06   0.576839E+00   0.103468E-02   0.454466E+00  -0.909939E+09
   0.106649E+00   0.193003E+07   0.191645E+07   0.103603E+02   0.103603E+02   0.123027E+06   0.191921E+07   0.192775E+07   0.191921E+07  -0.382716E-01   0.876111E+06   0.875956E+06   0.483864E+00   0.889266E-03   0.454461E+00  -0.821496E+09
   0.111770E+00   0.184608E+07   0.183474E+07   0.902378E+01   0.902378E+01   0.110052E+06   0.183597E+07   0.184418E+07   0.183597E+07  -0.366117E-01   0.838120E+06   0.837987E+06   0.397112E+00   0.774545E-03   0.454457E+00  -0.749868E+09
   0.116891E+00   0.177232E+07   0.176301E+07   0.792196E+01   0.792196E+01   0.990427E+05   0.176285E+07   0.177076E+07   0.176285E+07  -0.351536E-01   0.804745E+06   0.804631E+06   0.326285E+00   0.679972E-03   0.454453E+00  -0.688465E+09
   0.122012E+00   0.170001E+07   0.169218E+07   0.697502E+01   0.697502E+01   0.892469E+05   0.169108E+07   0.169870E+07   0.169108E+07  -0.337225E-01   0.771989E+06   0.771888E+06   0.276277E+00   0.598694E-03   0.454450E+00  -0.632723E+09
   0.127134E+00   0.162403E+07   0.161697E+07   0.613753E+01   0.613753E+01   0.802510E+05   0.161554E+07   0.162284E+07   0.161554E+07  -0.322161E-01   0.737510E+06   0.737416E+06   0.246840E+00   0.526809E-03   0.454446E+00  -0.580115E+09
   0.132255E+00   0.154295E+07   0.153600E+07   0.538814E+01   0.538814E+01   0.718985E+05   0.153483E+07   0.154178E+07   0.153483E+07  -0.306066E-01   0.700669E+06   0.700576E+06   0.233627E+00   0.462487E-03   0.454444E+00  -0.529795E+09
   0.137376E+00   0.145844E+07   0.145112E+07   0.471996E+01   0.471996E+01   0.641965E+05   0.145062E+07   0.145721E+07   0.145062E+07  -0.289273E-01   0.662231E+06   0.662136E+06   0.230059E+00   0.405135E-03   0.454441E+00  -0.482064E+09
   0.142497E+00   0.137412E+07   0.136625E+07   0.413268E+01   0.413268E+01   0.572287E+05   0.136657E+07   0.137279E+07   0.136657E+07  -0.272512E-01   0.623867E+06   0.623769E+06   0.229346E+00   0.354726E-03   0.454439E+00  -0.437815E+09
   0.147618E+00   0.129462E+07   0.128628E+07   0.362769E+01   0.362769E+01   0.510951E+05   0.128734E+07   0.129322E+07   0.128734E+07  -0.256713E-01   0.587702E+06   0.587602E+06   0.226144E+00   0.311381E-03   0.454436E+00  -0.398126E+09
   0.152739E+00   0.122433E+07   0.121581E+07   0.320425E+01   0.320425E+01   0.458606E+05   0.121733E+07   0.122290E+07   0.121733E+07  -0.242752E-01   0.555743E+06   0.555644E+06   0.217477E+00   0.275036E-03   0.454434E+00  -0.363853E+09
   0.157860E+00   0.116568E+07   0.115734E+07   0.285593E+01   0.285593E+01   0.415004E+05   0.115896E+07   0.116428E+07   0.115896E+07  -0.231113E-01   0.529101E+06   0.529005E+06   0.202839E+00   0.245138E-03   0.454432E+00  -0.335172E+09
   0.162982E+00   0.111822E+07   0.111043E+07   0.257028E+01   0.257028E+01   0.378910E+05   0.111181E+07   0.111692E+07   0.111181E+07  -0.221710E-01   0.507576E+06   0.507486E+06   0.183690E+00   0.220620E-03   0.454431E+00  -0.311433E+09
   0.168103E+00   0.107952E+07   0.107248E+07   0.233261E+01   0.233261E+01   0.348603E+05   0.107340E+07   0.107834E+07   0.107340E+07  -0.214050E-01   0.490041E+06   0.489959E+06   0.162642E+00   0.200220E-03   0.454429E+00  -0.291515E+09
   0.173224E+00   0.104646E+07   0.104025E+07   0.212966E+01   0.212966E+01   0.322434E+05   0.104062E+07   0.104542E+07   0.104062E+07  -0.207514E-01   0.475078E+06   0.475004E+06   0.142548E+00   0.182800E-03   0.454428E+00  -0.274259E+09
   0.178345E+00   0.101589E+07   0.101043E+07   0.195061E+01   0.195061E+01   0.299002E+05   0.101031E+07   0.101498E+07   0.101031E+07  -0.201470E-01   0.461243E+06   0.461176E+06   0.125692E+00   0.167432E-03   0.454426E+00  -0.258627E+09
   0.183466E+00   0.984911E+06   0.979982E+06   0.178714E+01   0.178714E+01   0.277190E+05   0.979558E+06   0.984084E+06   0.979558E+06  -0.195337E-01   0.447202E+06   0.447140E+06   0.113292E+00   0.153400E-03   0.454425E+00  -0.243755E+09
   0.188587E+00   0.951624E+06   0.946979E+06   0.163426E+01   0.163426E+01   0.256347E+05   0.946465E+06   0.950844E+06   0.946465E+06  -0.188738E-01   0.432096E+06   0.432036E+06   0.105405E+00   0.140278E-03   0.454424E+00  -0.229126E+09
   0.193708E+00   0.915842E+06   0.911252E+06   0.149072E+01   0.149072E+01   0.236355E+05   0.910852E+06   0.915071E+06   0.910852E+06  -0.181636E-01   0.415839E+06   0.415780E+06   0.101158E+00   0.127957E-03   0.454423E+00  -0.214675E+09
   0.198830E+00   0.878739E+06   0.874046E+06   0.135752E+01   0.135752E+01   0.217459E+05   0.873899E+06   0.877951E+06   0.873899E+06  -0.174267E-01   0.398970E+06   0.398911E+06   0.991305E-01   0.116524E-03   0.454422E+00  -0.200662E+09
   0.203951E+00   0.841947E+06   0.837090E+06   0.123609E+01   0.123609E+01   0.199964E+05   0.837245E+06   0.841131E+06   0.837245E+06  -0.166958E-01   0.382237E+06   0.382178E+06   0.977819E-01   0.106101E-03   0.454421E+00  -0.187418E+09
   0.209072E+00   0.807050E+06   0.802064E+06   0.112745E+01   0.112745E+01   0.184114E+05   0.802485E+06   0.806213E+06   0.802485E+06  -0.160026E-01   0.366369E+06   0.366309E+06   0.958410E-01   0.967756E-04   0.454420E+00  -0.175238E+09
   0.214193E+00   0.775405E+06   0.770391E+06   0.103201E+01   0.103201E+01   0.170058E+05   0.770978E+06   0.774564E+06   0.770978E+06  -0.153744E-01   0.351986E+06   0.351927E+06   0.925611E-01   0.885838E-04   0.454419E+00  -0.164333E+09
   0.219314E+00   0.747831E+06   0.742921E+06   0.949355E+00   0.949355E+00   0.157799E+05   0.743546E+06   0.747006E+06   0.743546E+06  -0.148273E-01   0.339463E+06   0.339405E+06   0.877858E-01   0.814890E-04   0.454418E+00  -0.154785E+09
   0.224435E+00   0.724319E+06   0.719636E+06   0.878038E+00   0.878038E+00   0.147165E+05   0.720178E+06   0.723533E+06   0.720178E+06  -0.143613E-01   0.328795E+06   0.328740E+06   0.818501E-01   0.753676E-04   0.454417E+00  -0.146500E+09
   0.229556E+00   0.704120E+06   0.699743E+06   0.815928E+00   0.815928E+00   0.137852E+05   0.700122E+06   0.703385E+06   0.700122E+06  -0.139614E-01   0.319639E+06   0.319587E+06   0.753888E-01   0.700364E-04   0.454417E+00  -0.139243E+09
   0.234678E+00   0.686092E+06   0.682046E+06   0.760758E+00   0.760758E+00   0.129524E+05   0.682230E+06   0.685412E+06   0.682230E+06  -0.136046E-01   0.311470E+06   0.311422E+06   0.691154E-01   0.653008E-04   0.454416E+00  -0.132724E+09
   0.239799E+00   0.669017E+06   0.665273E+06   0.710514E+00   0.710514E+00   0.121868E+05   0.665283E+06   0.668388E+06   0.665283E+06  -0.132666E-01   0.303734E+06   0.303688E+06   0.636263E-01   0.609881E-04   0.454415E+00  -0.126663E+09
   0.244920E+00   0.651865E+06   0.648353E+06   0.663673E+00   0.663673E+00   0.114649E+05   0.648248E+06   0.651276E+06   0.648248E+06  -0.129269E-01   0.295956E+06   0.295913E+06   0.592710E-01   0.569675E-04   0.454415E+00  -0.120840E+09
   0.250041E+00   0.634035E+06   0.630667E+06   0.619357E+00   0.619357E+00   0.107731E+05   0.630523E+06   0.633470E+06   0.630523E+06  -0.125735E-01   0.287865E+06   0.287822E+06   0.561112E-01   0.531636E-04   0.454414E+00  -0.115128E+09
   0.255162E+00   0.615460E+06   0.612153E+06   0.577315E+00   0.577315E+00   0.101085E+05   0.612042E+06   0.614905E+06   0.612042E+06  -0.122050E-01   0.279428E+06   0.279387E+06   0.539593E-01   0.495549E-04   0.454414E+00  -0.109511E+09
   0.260283E+00   0.596483E+06   0.593179E+06   0.537699E+00   0.537699E+00   0.947528E+04   0.593153E+06   0.595928E+06   0.593153E+06  -0.118283E-01   0.270804E+06   0.270763E+06   0.524671E-01   0.461544E-04   0.454413E+00  -0.104043E+09
   0.265404E+00   0.577648E+06   0.574322E+06   0.500800E+00   0.500800E+00   0.887969E+04   0.574401E+06   0.577090E+06   0.574401E+06  -0.114543E-01   0.262244E+06   0.262203E+06   0.512374E-01   0.429872E-04   0.454413E+00  -0.988101E+08
   0.270526E+00   0.559548E+06   0.556206E+06   0.466898E+00   0.466898E+00   0.832811E+04   0.556381E+06   0.558987E+06   0.556381E+06  -0.110950E-01   0.254017E+06   0.253977E+06   0.499267E-01   0.400772E-04   0.454412E+00  -0.938986E+08
   0.275647E+00   0.542702E+06   0.539377E+06   0.436160E+00   0.436160E+00   0.782480E+04   0.539615E+06   0.542144E+06   0.539615E+06  -0.107607E-01   0.246363E+06   0.246323E+06   0.483160E-01   0.374388E-04   0.454412E+00  -0.893772E+08
   0.280768E+00   0.527420E+06   0.524156E+06   0.408552E+00   0.408552E+00   0.737047E+04   0.524413E+06   0.526872E+06   0.524413E+06  -0.104575E-01   0.239423E+06   0.239384E+06   0.463358E-01   0.350690E-04   0.454411E+00  -0.852751E+08
   0.285889E+00   0.513714E+06   0.510554E+06   0.383809E+00   0.383809E+00   0.696153E+04   0.510788E+06   0.513183E+06   0.510788E+06  -0.101858E-01   0.233202E+06   0.233165E+06   0.440505E-01   0.329451E-04   0.454411E+00  -0.815717E+08
   0.291010E+00   0.501343E+06   0.498316E+06   0.361506E+00   0.361506E+00   0.659131E+04   0.498496E+06   0.500835E+06   0.498496E+06  -0.994069E-02   0.227591E+06   0.227554E+06   0.416146E-01   0.310308E-04   0.454410E+00  -0.782079E+08
   0.296131E+00   0.489927E+06   0.487044E+06   0.341170E+00   0.341170E+00   0.625208E+04   0.487156E+06   0.489443E+06   0.487156E+06  -0.971456E-02   0.222414E+06   0.222379E+06   0.392166E-01   0.292852E-04   0.454410E+00  -0.751072E+08
   0.301252E+00   0.479050E+06   0.476303E+06   0.322358E+00   0.322358E+00   0.593633E+04   0.476352E+06   0.478589E+06   0.476352E+06  -0.949911E-02   0.217481E+06   0.217448E+06   0.370245E-01   0.276704E-04   0.454410E+00  -0.721931E+08
   0.306374E+00   0.468343E+06   0.465710E+06   0.304711E+00   0.304711E+00   0.563808E+04   0.465713E+06   0.467901E+06   0.465713E+06  -0.928695E-02   0.212624E+06   0.212592E+06   0.351470E-01   0.261557E-04   0.454409E+00  -0.694010E+08
   0.311495E+00   0.457559E+06   0.455009E+06   0.287989E+00   0.287989E+00   0.535325E+04   0.454993E+06   0.457131E+06   0.454993E+06  -0.907317E-02   0.207730E+06   0.207698E+06   0.336173E-01   0.247203E-04   0.454409E+00  -0.666888E+08
   0.316616E+00   0.446625E+06   0.444129E+06   0.272087E+00   0.272087E+00   0.508029E+04   0.444118E+06   0.446206E+06   0.444118E+06  -0.885632E-02   0.202765E+06   0.202734E+06   0.323990E-01   0.233553E-04   0.454409E+00  -0.640420E+08
   0.321737E+00   0.435630E+06   0.433164E+06   0.257004E+00   0.257004E+00   0.481952E+04   0.433179E+06   0.435216E+06   0.433179E+06  -0.863817E-02   0.197771E+06   0.197740E+06   0.314064E-01   0.220606E-04   0.454408E+00  -0.614704E+08
   0.326858E+00   0.424758E+06   0.422311E+06   0.242795E+00   0.242795E+00   0.457226E+04   0.422361E+06   0.424347E+06   0.422361E+06  -0.842245E-02   0.192832E+06   0.192802E+06   0.305331E-01   0.208410E-04   0.454408E+00  -0.589962E+08
   0.331979E+00   0.414218E+06   0.411790E+06   0.229518E+00   0.229518E+00   0.433994E+04   0.411872E+06   0.413810E+06   0.411872E+06  -0.821330E-02   0.188044E+06   0.188014E+06   0.296797E-01   0.197013E-04   0.454408E+00  -0.566438E+08
   0.337100E+00   0.404187E+06   0.401785E+06   0.217204E+00   0.217204E+00   0.412343E+04   0.401892E+06   0.403784E+06   0.401892E+06  -0.801428E-02   0.183487E+06   0.183458E+06   0.287760E-01   0.186443E-04   0.454408E+00  -0.544316E+08
   0.342222E+00   0.394778E+06   0.392416E+06   0.205845E+00   0.205845E+00   0.392290E+04   0.392534E+06   0.394382E+06   0.392534E+06  -0.782766E-02   0.179215E+06   0.179186E+06   0.277912E-01   0.176693E-04   0.454407E+00  -0.523685E+08
   0.347343E+00   0.386017E+06   0.383710E+06   0.195385E+00   0.195385E+00   0.373756E+04   0.383822E+06   0.385630E+06   0.383822E+06  -0.765394E-02   0.175238E+06   0.175210E+06   0.267326E-01   0.167715E-04   0.454407E+00  -0.504514E+08
   0.352464E+00   0.377844E+06   0.375602E+06   0.185732E+00   0.185732E+00   0.356591E+04   0.375698E+06   0.377467E+06   0.375698E+06  -0.749192E-02   0.171528E+06   0.171501E+06   0.256357E-01   0.159429E-04   0.454407E+00  -0.486660E+08
   0.357585E+00   0.370135E+06   0.367964E+06   0.176771E+00   0.176771E+00   0.340594E+04   0.368037E+06   0.369771E+06   0.368037E+06  -0.733916E-02   0.168031E+06   0.168004E+06   0.245498E-01   0.151737E-04   0.454407E+00  -0.469909E+08
   0.362706E+00   0.362750E+06   0.360647E+06   0.168388E+00   0.168388E+00   0.325565E+04   0.360697E+06   0.362396E+06   0.360697E+06  -0.719278E-02   0.164680E+06   0.164654E+06   0.235231E-01   0.144541E-04   0.454406E+00  -0.454035E+08
   0.367827E+00   0.355555E+06   0.353514E+06   0.160486E+00   0.160486E+00   0.311334E+04   0.353546E+06   0.355212E+06   0.353546E+06  -0.705018E-02   0.161415E+06   0.161390E+06   0.225906E-01   0.137758E-04   0.454406E+00  -0.438838E+08
   0.372948E+00   0.348452E+06   0.346463E+06   0.152991E+00   0.152991E+00   0.297768E+04   0.346485E+06   0.348118E+06   0.346485E+06  -0.690938E-02   0.158191E+06   0.158167E+06   0.217676E-01   0.131325E-04   0.454406E+00  -0.424168E+08
   0.378070E+00   0.341391E+06   0.339443E+06   0.145858E+00   0.145858E+00   0.284794E+04   0.339464E+06   0.341064E+06   0.339464E+06  -0.676937E-02   0.154986E+06   0.154962E+06   0.210492E-01   0.125202E-04   0.454406E+00  -0.409944E+08
   0.383191E+00   0.334380E+06   0.332463E+06   0.139069E+00   0.139069E+00   0.272383E+04   0.332490E+06   0.334058E+06   0.332490E+06  -0.663030E-02   0.151802E+06   0.151778E+06   0.204149E-01   0.119374E-04   0.454406E+00  -0.396156E+08
   0.388312E+00   0.327475E+06   0.325585E+06   0.132628E+00   0.132628E+00   0.260557E+04   0.325622E+06   0.327158E+06   0.325622E+06  -0.649334E-02   0.148666E+06   0.148643E+06   0.198363E-01   0.113845E-04   0.454406E+00  -0.382857E+08
   0.393433E+00   0.320747E+06   0.318881E+06   0.126542E+00   0.126542E+00   0.249337E+04   0.318929E+06   0.320433E+06   0.318929E+06  -0.635987E-02   0.145610E+06   0.145588E+06   0.192845E-01   0.108621E-04   0.454405E+00  -0.370106E+08
   0.398554E+00   0.314249E+06   0.312408E+06   0.120812E+00   0.120812E+00   0.238734E+04   0.312465E+06   0.313940E+06   0.312465E+06  -0.623098E-02   0.142660E+06   0.142637E+06   0.187361E-01   0.103703E-04   0.454405E+00  -0.357946E+08
   0.403675E+00   0.308019E+06   0.306208E+06   0.115431E+00   0.115431E+00   0.228744E+04   0.306269E+06   0.307715E+06   0.306269E+06  -0.610743E-02   0.139831E+06   0.139809E+06   0.181778E-01   0.990839E-05   0.454405E+00  -0.346398E+08
   0.408796E+00   0.302078E+06   0.300301E+06   0.110386E+00   0.110386E+00   0.219347E+04   0.300362E+06   0.301780E+06   0.300362E+06  -0.598963E-02   0.137134E+06   0.137112E+06   0.176077E-01   0.947535E-05   0.454405E+00  -0.335461E+08
   0.413918E+00   0.296421E+06   0.294681E+06   0.105655E+00   0.105655E+00   0.210510E+04   0.294738E+06   0.296129E+06   0.294738E+06  -0.587747E-02   0.134566E+06   0.134545E+06   0.170327E-01   0.906928E-05   0.454405E+00  -0.325107E+08
   0.419039E+00   0.291010E+06   0.289309E+06   0.101207E+00   0.101207E+00   0.202176E+04   0.289358E+06   0.290725E+06   0.289358E+06  -0.577020E-02   0.132110E+06   0.132089E+06   0.164650E-01   0.868747E-05   0.454405E+00  -0.315273E+08
   0.424160E+00   0.285791E+06   0.284129E+06   0.970070E-01   0.970070E-01   0.194281E+04   0.284170E+06   0.285512E+06   0.284170E+06  -0.566674E-02   0.129741E+06   0.129721E+06   0.159179E-01   0.832694E-05   0.454404E+00  -0.305882E+08
   0.429281E+00   0.280716E+06   0.279091E+06   0.930249E-01   0.930249E-01   0.186771E+04   0.279125E+06   0.280443E+06   0.279125E+06  -0.556613E-02   0.127438E+06   0.127418E+06   0.154023E-01   0.798512E-05   0.454404E+00  -0.296867E+08
   0.434402E+00   0.275751E+06   0.274159E+06   0.892378E-01   0.892378E-01   0.179605E+04   0.274188E+06   0.275483E+06   0.274188E+06  -0.546768E-02   0.125184E+06   0.125165E+06   0.149244E-01   0.766005E-05   0.454404E+00  -0.288179E+08
   0.439523E+00   0.270872E+06   0.269311E+06   0.856283E-01   0.856283E-01   0.172752E+04   0.269338E+06   0.270610E+06   0.269338E+06  -0.537096E-02   0.122969E+06   0.122950E+06   0.144849E-01   0.735022E-05   0.454404E+00  -0.279782E+08
   0.444644E+00   0.266071E+06   0.264535E+06   0.821841E-01   0.821841E-01   0.166189E+04   0.264563E+06   0.265813E+06   0.264563E+06  -0.527574E-02   0.120790E+06   0.120771E+06   0.140794E-01   0.705457E-05   0.454404E+00  -0.271657E+08
   0.449766E+00   0.261352E+06   0.259840E+06   0.788985E-01   0.788985E-01   0.159909E+04   0.259870E+06   0.261098E+06   0.259870E+06  -0.518216E-02   0.118647E+06   0.118629E+06   0.137003E-01   0.677255E-05   0.454404E+00  -0.263800E+08
   0.454887E+00   0.256736E+06   0.255246E+06   0.757694E-01   0.757694E-01   0.153909E+04   0.255279E+06   0.256486E+06   0.255279E+06  -0.509061E-02   0.116551E+06   0.116533E+06   0.133391E-01   0.650395E-05   0.454404E+00  -0.256223E+08
   0.460008E+00   0.252245E+06   0.250777E+06   0.727956E-01   0.727956E-01   0.148191E+04   0.250813E+06   0.251999E+06   0.250813E+06  -0.500155E-02   0.114512E+06   0.114494E+06   0.129883E-01   0.624868E-05   0.454404E+00  -0.248938E+08
   0.465129E+00   0.247896E+06   0.246450E+06   0.699736E-01   0.699736E-01   0.142750E+04   0.246488E+06   0.247653E+06   0.246488E+06  -0.491530E-02   0.112537E+06   0.112520E+06   0.126428E-01   0.600645E-05   0.454404E+00  -0.241951E+08
   0.470250E+00   0.243692E+06   0.242269E+06   0.672970E-01   0.672970E-01   0.137575E+04   0.242308E+06   0.243453E+06   0.242308E+06  -0.483195E-02   0.110629E+06   0.110612E+06   0.123004E-01   0.577669E-05   0.454403E+00  -0.235258E+08
   0.475371E+00   0.239631E+06   0.238232E+06   0.647572E-01   0.647572E-01   0.132654E+04   0.238269E+06   0.239396E+06   0.238269E+06  -0.475141E-02   0.108785E+06   0.108768E+06   0.119614E-01   0.555868E-05   0.454403E+00  -0.228845E+08
   0.480492E+00   0.235702E+06   0.234329E+06   0.623452E-01   0.623452E-01   0.127968E+04   0.234363E+06   0.235472E+06   0.234363E+06  -0.467353E-02   0.107002E+06   0.106985E+06   0.116286E-01   0.535164E-05   0.454403E+00  -0.222695E+08
   0.485614E+00   0.231896E+06   0.230547E+06   0.600515E-01   0.600515E-01   0.123501E+04   0.230579E+06   0.231669E+06   0.230579E+06  -0.459805E-02   0.105274E+06   0.105257E+06   0.113054E-01   0.515475E-05   0.454403E+00  -0.216788E+08
   0.490735E+00   0.228194E+06   0.226869E+06   0.578660E-01   0.578660E-01   0.119234E+04   0.226898E+06   0.227971E+06   0.226898E+06  -0.452465E-02   0.103593E+06   0.103577E+06   0.109950E-01   0.496716E-05   0.454403E+00  -0.211101E+08
   0.495856E+00   0.224577E+06   0.223276E+06   0.557789E-01   0.557789E-01   0.115149E+04   0.223303E+06   0.224359E+06   0.223303E+06  -0.445296E-02   0.101952E+06   0.101936E+06   0.106995E-01   0.478800E-05   0.454403E+00  -0.205610E+08
   0.500977E+00   0.221034E+06   0.219754E+06   0.537821E-01   0.537821E-01   0.111230E+04   0.219779E+06   0.220819E+06   0.219779E+06  -0.438269E-02   0.100343E+06   0.100328E+06   0.104196E-01   0.461660E-05   0.454403E+00  -0.200297E+08
   0.506098E+00   0.217558E+06   0.216298E+06   0.518706E-01   0.518706E-01   0.107470E+04   0.216323E+06   0.217347E+06   0.216323E+06  -0.431378E-02   0.987656E+05   0.987502E+05   0.101546E-01   0.445252E-05   0.454403E+00  -0.195153E+08
   0.511219E+00   0.214154E+06   0.212913E+06   0.500410E-01   0.500410E-01   0.103862E+04   0.212938E+06   0.213946E+06   0.212938E+06  -0.424627E-02   0.972200E+05   0.972048E+05   0.990270E-02   0.429547E-05   0.454403E+00  -0.190175E+08
   0.516340E+00   0.210823E+06   0.209599E+06   0.482902E-01   0.482902E-01   0.100401E+04   0.209625E+06   0.210617E+06   0.209625E+06  -0.418021E-02   0.957075E+05   0.956925E+05   0.966142E-02   0.414518E-05   0.454403E+00  -0.185359E+08
   0.521462E+00   0.207566E+06   0.206360E+06   0.466150E-01   0.466150E-01   0.970825E+03   0.206387E+06   0.207364E+06   0.206387E+06  -0.411563E-02   0.942290E+05   0.942143E+05   0.942830E-02   0.400138E-05   0.454403E+00  -0.180704E+08
   0.526583E+00   0.204388E+06   0.203200E+06   0.450128E-01   0.450128E-01   0.939012E+03   0.203227E+06   0.204189E+06   0.203227E+06  -0.405262E-02   0.927863E+05   0.927718E+05   0.920136E-02   0.386386E-05   0.454402E+00  -0.176207E+08
   0.531704E+00   0.201295E+06   0.200124E+06   0.434816E-01   0.434816E-01   0.908548E+03   0.200151E+06   0.201098E+06   0.200151E+06  -0.399128E-02   0.913819E+05   0.913676E+05   0.897948E-02   0.373242E-05   0.454402E+00  -0.171868E+08
   0.536825E+00   0.198287E+06   0.197133E+06   0.420185E-01   0.420185E-01   0.879376E+03   0.197160E+06   0.198093E+06   0.197160E+06  -0.393163E-02   0.900162E+05   0.900021E+05   0.876231E-02   0.360683E-05   0.454402E+00  -0.167684E+08
   0.541946E+00   0.195359E+06   0.194223E+06   0.406195E-01   0.406195E-01   0.851429E+03   0.194249E+06   0.195168E+06   0.194249E+06  -0.387358E-02   0.886872E+05   0.886734E+05   0.855011E-02   0.348674E-05   0.454402E+00  -0.163648E+08
   0.547067E+00   0.192505E+06   0.191386E+06   0.392802E-01   0.392802E-01   0.824620E+03   0.191411E+06   0.192317E+06   0.191411E+06  -0.381699E-02   0.873916E+05   0.873779E+05   0.834350E-02   0.337178E-05   0.454402E+00  -0.159747E+08
   0.559946E+00   0.185624E+06   0.184547E+06   0.361540E-01   0.361540E-01   0.761827E+03   0.184569E+06   0.185443E+06   0.184569E+06  -0.368056E-02   0.842680E+05   0.842548E+05   0.785357E-02   0.310343E-05   0.454402E+00  -0.150495E+08
   0.593872E+00   0.169141E+06   0.168159E+06   0.292872E-01   0.292872E-01   0.622731E+03   0.168179E+06   0.168976E+06   0.168179E+06  -0.335373E-02   0.767851E+05   0.767730E+05   0.676150E-02   0.251399E-05   0.454402E+00  -0.129297E+08
   0.629853E+00   0.154082E+06   0.153187E+06   0.237184E-01   0.237184E-01   0.508620E+03   0.153205E+06   0.153932E+06   0.153205E+06  -0.305512E-02   0.699485E+05   0.699375E+05   0.581105E-02   0.203598E-05   0.454401E+00  -0.111056E+08
   0.879031E+00   0.900715E+05   0.895487E+05   0.711858E-02   0.711858E-02   0.158682E+03   0.895586E+05   0.899837E+05   0.895586E+05  -0.178592E-02   0.408897E+05   0.408832E+05   0.246153E-02   0.611057E-06   0.454400E+00  -0.465172E+07
   0.122679E+01   0.520173E+05   0.517153E+05   0.211069E-02   0.211069E-02   0.482768E+02   0.517209E+05   0.519666E+05   0.517209E+05  -0.103138E-02   0.236142E+05   0.236104E+05   0.104117E-02   0.181182E-06   0.454399E+00  -0.192490E+07
   0.171212E+01   0.297283E+05   0.295555E+05   0.619320E-03   0.619320E-03   0.143983E+02   0.295588E+05   0.296993E+05   0.295588E+05  -0.589442E-03   0.134957E+05   0.134934E+05   0.444606E-03   0.531627E-07   0.454398E+00  -0.788251E+06
   0.238945E+01   0.168377E+05   0.167397E+05   0.180094E-03   0.180094E-03   0.422821E+01   0.167417E+05   0.168212E+05   0.167417E+05  -0.333851E-03   0.764377E+04   0.764237E+04   0.194941E-03   0.154593E-07   0.454397E+00  -0.319898E+06
