#          k/h    CDM            baryon         photon         nu             mass_nu        total          no_nu          total_de       Weyl           v_CDM          v_b            v_b-v_c        ISW            log_grow       pert_vel    
   0.994668E-05   0.215104E+08   0.215104E+08   0.286557E+08   0.286552E+08   0.215131E+08   0.215104E+08   0.215104E+08   0.215181E+08  -0.231272E+00   0.182569E+08   0.182569E+08   0.966903E+01   0.215572E+06  -0.136790E+01  -0.183555E+15
   0.109829E-04   0.215200E+08   0.215200E+08   0.286630E+08   0.286624E+08   0.215227E+08   0.215200E+08   0.215200E+08   0.215277E+08  -0.231375E+00   0.182578E+08   0.182578E+08   0.106759E+02   0.176873E+06  -0.136695E+01  -0.166244E+15
   0.121272E-04   0.215317E+08   0.215317E+08   0.286720E+08   0.286712E+08   0.215344E+08   0.215317E+08   0.215317E+08   0.215394E+08  -0.231501E+00   0.182589E+08   0.182589E+08   0.117876E+02   0.145132E+06  -0.136580E+01  -0.150567E+15
   0.133906E-04   0.215460E+08   0.215460E+08   0.286829E+08   0.286819E+08   0.215486E+08   0.215460E+08   0.215460E+08   0.215536E+08  -0.231654E+00   0.182602E+08   0.182602E+08   0.130149E+02   0.119097E+06  -0.136439E+01  -0.136371E+15
   0.147857E-04   0.215633E+08   0.215633E+08   0.286961E+08   0.286949E+08   0.215659E+08   0.215633E+08   0.215633E+08   0.215710E+08  -0.231840E+00   0.182618E+08   0.182618E+08   0.143698E+02   0.977438E+05  -0.136267E+01  -0.123514E+15
   0.163261E-04   0.215845E+08   0.215845E+08   0.287123E+08   0.287108E+08   0.215871E+08   0.215845E+08   0.215845E+08   0.215922E+08  -0.232067E+00   0.182637E+08   0.182637E+08   0.158656E+02   0.802297E+05  -0.136057E+01  -0.111872E+15
   0.180270E-04   0.216102E+08   0.216102E+08   0.287320E+08   0.287302E+08   0.216128E+08   0.216102E+08   0.216102E+08   0.216179E+08  -0.232344E+00   0.182660E+08   0.182660E+08   0.175166E+02   0.658645E+05  -0.135800E+01  -0.101330E+15
   0.199051E-04   0.216416E+08   0.216416E+08   0.287559E+08   0.287537E+08   0.216441E+08   0.216416E+08   0.216416E+08   0.216493E+08  -0.232680E+00   0.182688E+08   0.182688E+08   0.193390E+02   0.540820E+05  -0.135485E+01  -0.917832E+14
   0.219788E-04   0.216797E+08   0.216797E+08   0.287849E+08   0.287823E+08   0.216822E+08   0.216797E+08   0.216797E+08   0.216874E+08  -0.233090E+00   0.182723E+08   0.182723E+08   0.213505E+02   0.444177E+05  -0.135101E+01  -0.831389E+14
   0.242687E-04   0.217261E+08   0.217261E+08   0.288202E+08   0.288170E+08   0.217286E+08   0.217261E+08   0.217261E+08   0.217338E+08  -0.233588E+00   0.182764E+08   0.182764E+08   0.235703E+02   0.364908E+05  -0.134631E+01  -0.753116E+14
   0.267970E-04   0.217826E+08   0.217826E+08   0.288631E+08   0.288592E+08   0.217849E+08   0.217826E+08   0.217826E+08   0.217903E+08  -0.234194E+00   0.182815E+08   0.182815E+08   0.260198E+02   0.299889E+05  -0.134056E+01  -0.682245E+14
   0.295888E-04   0.218511E+08   0.218511E+08   0.289151E+08   0.289103E+08   0.218534E+08   0.218511E+08   0.218511E+08   0.218589E+08  -0.234931E+00   0.182875E+08   0.182875E+08   0.287225E+02   0.246556E+05  -0.133353E+01  -0.618079E+14
   0.326714E-04   0.219344E+08   0.219344E+08   0.289781E+08   0.289722E+08   0.219366E+08   0.219344E+08   0.219344E+08   0.219421E+08  -0.235825E+00   0.182949E+08   0.182949E+08   0.317038E+02   0.202808E+05  -0.132494E+01  -0.559986E+14
   0.360752E-04   0.220354E+08   0.220354E+08   0.290543E+08   0.290471E+08   0.220375E+08   0.220354E+08   0.220354E+08   0.220432E+08  -0.236909E+00   0.183036E+08   0.183036E+08   0.349919E+02   0.166920E+05  -0.131446E+01  -0.507393E+14
   0.398336E-04   0.221577E+08   0.221577E+08   0.291461E+08   0.291374E+08   0.221596E+08   0.221577E+08   0.221577E+08   0.221655E+08  -0.238223E+00   0.183142E+08   0.183142E+08   0.386175E+02   0.137478E+05  -0.130167E+01  -0.459783E+14
   0.439836E-04   0.223057E+08   0.223057E+08   0.292567E+08   0.292461E+08   0.223074E+08   0.223057E+08   0.223057E+08   0.223135E+08  -0.239812E+00   0.183267E+08   0.183267E+08   0.426138E+02   0.113321E+05  -0.128611E+01  -0.416686E+14
   0.485659E-04   0.224842E+08   0.224842E+08   0.293892E+08   0.293763E+08   0.224857E+08   0.224842E+08   0.224842E+08   0.224921E+08  -0.241729E+00   0.183416E+08   0.183415E+08   0.470172E+02   0.934984E+04  -0.126718E+01  -0.377677E+14
   0.536256E-04   0.226991E+08   0.226991E+08   0.295474E+08   0.295317E+08   0.227004E+08   0.226991E+08   0.226991E+08   0.227070E+08  -0.244036E+00   0.183591E+08   0.183590E+08   0.518668E+02   0.772281E+04  -0.124425E+01  -0.342369E+14
   0.592125E-04   0.229568E+08   0.229568E+08   0.297350E+08   0.297160E+08   0.229577E+08   0.229568E+08   0.229568E+08   0.229647E+08  -0.246804E+00   0.183795E+08   0.183795E+08   0.572046E+02   0.638692E+04  -0.121655E+01  -0.310411E+14
   0.653814E-04   0.232645E+08   0.232645E+08   0.299558E+08   0.299327E+08   0.232651E+08   0.232645E+08   0.232645E+08   0.232725E+08  -0.250108E+00   0.184031E+08   0.184031E+08   0.630759E+02   0.528957E+04  -0.118327E+01  -0.281484E+14
   0.721930E-04   0.236298E+08   0.236298E+08   0.302129E+08   0.301848E+08   0.236299E+08   0.236298E+08   0.236298E+08   0.236379E+08  -0.254031E+00   0.184301E+08   0.184301E+08   0.695282E+02   0.438754E+04  -0.114352E+01  -0.255299E+14
   0.797142E-04   0.240604E+08   0.240604E+08   0.305083E+08   0.304742E+08   0.240599E+08   0.240604E+08   0.240604E+08   0.240686E+08  -0.258654E+00   0.184604E+08   0.184603E+08   0.766116E+02   0.364538E+04  -0.109645E+01  -0.231590E+14
   0.880190E-04   0.245635E+08   0.245634E+08   0.308413E+08   0.308001E+08   0.245622E+08   0.245634E+08   0.245634E+08   0.245717E+08  -0.264056E+00   0.184935E+08   0.184935E+08   0.843777E+02   0.303397E+04  -0.104132E+01  -0.210116E+14
   0.971891E-04   0.251445E+08   0.251444E+08   0.312079E+08   0.311580E+08   0.251424E+08   0.251445E+08   0.251445E+08   0.251528E+08  -0.270294E+00   0.185289E+08   0.185289E+08   0.928786E+02   0.252940E+04  -0.977613E+00  -0.190655E+14
   0.107314E-03   0.258065E+08   0.258064E+08   0.315982E+08   0.315380E+08   0.258034E+08   0.258065E+08   0.258065E+08   0.258149E+08  -0.277403E+00   0.185652E+08   0.185651E+08   0.102166E+03   0.211209E+04  -0.905184E+00  -0.173004E+14
   0.118495E-03   0.265485E+08   0.265484E+08   0.319948E+08   0.319223E+08   0.265441E+08   0.265484E+08   0.265485E+08   0.265570E+08  -0.285369E+00   0.186002E+08   0.186002E+08   0.112288E+03   0.176602E+04  -0.824390E+00  -0.156977E+14
   0.130840E-03   0.273638E+08   0.273637E+08   0.323708E+08   0.322837E+08   0.273579E+08   0.273638E+08   0.273638E+08   0.273724E+08  -0.294123E+00   0.186311E+08   0.186311E+08   0.123287E+03   0.147810E+04  -0.736180E+00  -0.142402E+14
   0.144471E-03   0.282395E+08   0.282393E+08   0.326882E+08   0.325840E+08   0.282316E+08   0.282394E+08   0.282394E+08   0.282481E+08  -0.303523E+00   0.186540E+08   0.186539E+08   0.135197E+03   0.123770E+04  -0.642092E+00  -0.129124E+14
   0.159522E-03   0.291550E+08   0.291547E+08   0.328973E+08   0.327731E+08   0.291447E+08   0.291549E+08   0.291549E+08   0.291636E+08  -0.313350E+00   0.186639E+08   0.186639E+08   0.148036E+03   0.103623E+04  -0.544160E+00  -0.117003E+14
   0.176142E-03   0.300828E+08   0.300825E+08   0.329376E+08   0.327903E+08   0.300698E+08   0.300827E+08   0.300828E+08   0.300915E+08  -0.323310E+00   0.186552E+08   0.186552E+08   0.161804E+03   0.866796E+03  -0.444729E+00  -0.105914E+14
   0.194493E-03   0.309897E+08   0.309894E+08   0.327402E+08   0.325665E+08   0.309732E+08   0.309896E+08   0.309896E+08   0.309983E+08  -0.333042E+00   0.186215E+08   0.186214E+08   0.176472E+03   0.723860E+03  -0.346220E+00  -0.957475E+13
   0.214755E-03   0.318386E+08   0.318382E+08   0.322328E+08   0.320295E+08   0.318180E+08   0.318385E+08   0.318386E+08   0.318471E+08  -0.342150E+00   0.185562E+08   0.185561E+08   0.191976E+03   0.603020E+03  -0.250887E+00  -0.864093E+13
   0.237129E-03   0.325919E+08   0.325914E+08   0.313459E+08   0.311100E+08   0.325662E+08   0.325917E+08   0.325918E+08   0.326001E+08  -0.350229E+00   0.184529E+08   0.184528E+08   0.208205E+03   0.500762E+03  -0.160629E+00  -0.778209E+13
   0.261834E-03   0.332144E+08   0.332138E+08   0.300205E+08   0.297499E+08   0.331825E+08   0.332142E+08   0.332143E+08   0.332222E+08  -0.356901E+00   0.183063E+08   0.183061E+08   0.224991E+03   0.414266E+03  -0.768712E-01  -0.699180E+13
   0.289112E-03   0.336768E+08   0.336761E+08   0.282172E+08   0.279109E+08   0.336375E+08   0.336765E+08   0.336767E+08   0.336840E+08  -0.361851E+00   0.181120E+08   0.181118E+08   0.242099E+03   0.341239E+03  -0.528395E-03  -0.626492E+13
   0.319233E-03   0.339579E+08   0.339571E+08   0.259252E+08   0.255839E+08   0.339096E+08   0.339575E+08   0.339578E+08   0.339644E+08  -0.364852E+00   0.178679E+08   0.178676E+08   0.259215E+03   0.279781E+03   0.679623E-01  -0.559732E+13
   0.352491E-03   0.340464E+08   0.340454E+08   0.231704E+08   0.227978E+08   0.339872E+08   0.340459E+08   0.340462E+08   0.340521E+08  -0.365781E+00   0.175735E+08   0.175732E+08   0.275939E+03   0.228289E+03   0.128569E+00  -0.498567E+13
   0.389215E-03   0.339409E+08   0.339398E+08   0.200231E+08   0.196260E+08   0.338687E+08   0.339404E+08   0.339407E+08   0.339457E+08  -0.364625E+00   0.172308E+08   0.172304E+08   0.291777E+03   0.185376E+03   0.181570E+00  -0.442720E+13
   0.429764E-03   0.336498E+08   0.336484E+08   0.166020E+08   0.161912E+08   0.335618E+08   0.336492E+08   0.336496E+08   0.336536E+08  -0.361474E+00   0.168436E+08   0.168432E+08   0.306152E+03   0.149825E+03   0.227457E+00  -0.391941E+13
   0.474538E-03   0.331893E+08   0.331877E+08   0.130740E+08   0.126637E+08   0.330824E+08   0.331885E+08   0.331890E+08   0.331920E+08  -0.356502E+00   0.164179E+08   0.164174E+08   0.318417E+03   0.120561E+03   0.266852E+00  -0.345987E+13
   0.523976E-03   0.325817E+08   0.325798E+08   0.964526E+07   0.925217E+07   0.324522E+08   0.325808E+08   0.325814E+08   0.325833E+08  -0.349950E+00   0.159606E+08   0.159601E+08   0.327888E+03   0.966266E+02   0.300437E+00  -0.304615E+13
   0.578566E-03   0.318532E+08   0.318510E+08   0.654154E+07   0.618163E+07   0.316966E+08   0.318521E+08   0.318528E+08   0.318538E+08  -0.342100E+00   0.154799E+08   0.154793E+08   0.333902E+03   0.771734E+02   0.328904E+00  -0.267564E+13
   0.638842E-03   0.310318E+08   0.310293E+08   0.397383E+07   0.365750E+07   0.308429E+08   0.310305E+08   0.310314E+08   0.310316E+08  -0.333255E+00   0.149842E+08   0.149835E+08   0.335885E+03   0.614567E+02   0.352916E+00  -0.234559E+13
   0.705398E-03   0.301455E+08   0.301426E+08   0.209170E+07   0.181749E+07   0.299180E+08   0.301439E+08   0.301450E+08   0.301444E+08  -0.323714E+00   0.144819E+08   0.144812E+08   0.333444E+03   0.488279E+02   0.373092E+00  -0.205307E+13
   0.778888E-03   0.292204E+08   0.292171E+08   0.933881E+06   0.682762E+06   0.289471E+08   0.292185E+08   0.292198E+08   0.292188E+08  -0.313761E+00   0.139810E+08   0.139803E+08   0.326446E+03   0.387292E+02   0.389989E+00  -0.179505E+13
   0.860035E-03   0.282803E+08   0.282767E+08   0.397711E+06   0.131964E+06   0.279527E+08   0.282781E+08   0.282797E+08   0.282782E+08  -0.303651E+00   0.134888E+08   0.134880E+08   0.315065E+03   0.306864E+02   0.404105E+00  -0.156845E+13
   0.949635E-03   0.273455E+08   0.273416E+08   0.256772E+06  -0.716027E+05   0.269539E+08   0.273430E+08   0.273448E+08   0.273430E+08  -0.293602E+00   0.130115E+08   0.130106E+08   0.299773E+03   0.243013E+02   0.415870E+00  -0.137019E+13
   0.104857E-02   0.264327E+08   0.264285E+08   0.245368E+06  -0.183186E+06   0.259658E+08   0.264298E+08   0.264320E+08   0.264298E+08  -0.283791E+00   0.125540E+08   0.125531E+08   0.281254E+03   0.192440E+02   0.425658E+00  -0.119728E+13
   0.115781E-02   0.255550E+08   0.255506E+08   0.185065E+06  -0.342864E+06   0.250000E+08   0.255517E+08   0.255543E+08   0.255517E+08  -0.274359E+00   0.121203E+08   0.121194E+08   0.260277E+03   0.152447E+02   0.433789E+00  -0.104685E+13
   0.127844E-02   0.247218E+08   0.247172E+08   0.660690E+05  -0.504030E+06   0.240644E+08   0.247179E+08   0.247210E+08   0.247179E+08  -0.265404E+00   0.117129E+08   0.117120E+08   0.237612E+03   0.120852E+02   0.440534E+00  -0.916212E+12
   0.141163E-02   0.239392E+08   0.239344E+08  -0.136935E+05  -0.526219E+06   0.231647E+08   0.239347E+08   0.239384E+08   0.239347E+08  -0.256992E+00   0.113334E+08   0.113324E+08   0.214041E+03   0.959095E+01   0.446122E+00  -0.802876E+12
   0.155869E-02   0.232104E+08   0.232056E+08  -0.181452E+05   0.583960E+06   0.223028E+08   0.232053E+08   0.232096E+08   0.232054E+08  -0.249160E+00   0.109820E+08   0.109812E+08   0.190439E+03   0.762219E+01   0.450746E+00  -0.704583E+12
   0.172108E-02   0.225361E+08   0.225314E+08  -0.290556E+05   0.465048E+06   0.214790E+08   0.225303E+08   0.225353E+08   0.225304E+08  -0.241911E+00   0.106585E+08   0.106577E+08   0.167768E+03   0.606692E+01   0.454568E+00  -0.619306E+12
   0.190039E-02   0.219150E+08   0.219103E+08  -0.746281E+05   0.370919E+06   0.206919E+08   0.219084E+08   0.219142E+08   0.219085E+08  -0.235233E+00   0.103615E+08   0.103607E+08   0.146899E+03   0.483667E+01   0.457723E+00  -0.545244E+12
   0.209838E-02   0.213440E+08   0.213393E+08  -0.665343E+05   0.296299E+06   0.199391E+08   0.213366E+08   0.213432E+08   0.213366E+08  -0.229092E+00   0.100892E+08   0.100884E+08   0.128448E+03   0.386208E+01   0.460323E+00  -0.480820E+12
   0.231699E-02   0.208187E+08   0.208141E+08  -0.348692E+05   0.237043E+06   0.192172E+08   0.208104E+08   0.208180E+08   0.208104E+08  -0.223441E+00   0.983914E+07   0.983836E+07   0.112740E+03   0.308875E+01   0.462464E+00  -0.424662E+12
   0.255838E-02   0.203341E+08   0.203294E+08  -0.541680E+05   0.189895E+06   0.185224E+08   0.203247E+08   0.203333E+08   0.203247E+08  -0.218226E+00   0.960873E+07   0.960796E+07   0.997016E+02   0.247368E+01   0.464224E+00  -0.375587E+12
   0.282492E-02   0.198842E+08   0.198793E+08  -0.349518E+05   0.152305E+06   0.178505E+08   0.198737E+08   0.198834E+08   0.198737E+08  -0.213383E+00   0.939507E+07   0.939432E+07   0.888088E+02   0.198348E+01   0.465670E+00  -0.332586E+12
   0.311923E-02   0.194630E+08   0.194580E+08  -0.278986E+05   0.122274E+06   0.171964E+08   0.194514E+08   0.194621E+08   0.194514E+08  -0.208849E+00   0.919518E+07   0.919444E+07   0.793585E+02   0.159205E+01   0.466854E+00  -0.294797E+12
   0.344419E-02   0.190644E+08   0.190592E+08  -0.147397E+05   0.982347E+05   0.165546E+08   0.190516E+08   0.190635E+08   0.190516E+08  -0.204556E+00   0.900611E+07   0.900538E+07   0.707514E+02   0.127877E+01   0.467824E+00  -0.261493E+12
   0.380302E-02   0.186823E+08   0.186769E+08  -0.973553E+04   0.789570E+05   0.159194E+08   0.186684E+08   0.186814E+08   0.186684E+08  -0.200441E+00   0.882496E+07   0.882424E+07   0.627917E+02   0.102764E+01   0.468616E+00  -0.232057E+12
   0.419923E-02   0.183111E+08   0.183054E+08  -0.135020E+04   0.634732E+05   0.152857E+08   0.182958E+08   0.183101E+08   0.182958E+08  -0.196440E+00   0.864895E+07   0.864825E+07   0.556613E+02   0.825977E+00   0.469261E+00  -0.205970E+12
   0.463671E-02   0.179451E+08   0.179391E+08  -0.767524E+04   0.510199E+05   0.146489E+08   0.179285E+08   0.179441E+08   0.179285E+08  -0.192497E+00   0.847548E+07   0.847480E+07   0.495584E+02   0.663813E+00   0.469784E+00  -0.182795E+12
   0.511978E-02   0.175794E+08   0.175728E+08  -0.108322E+05   0.409933E+05   0.140067E+08   0.175614E+08   0.175783E+08   0.175614E+08  -0.188555E+00   0.830214E+07   0.830145E+07   0.443470E+02   0.533281E+00   0.470208E+00  -0.162162E+12
   0.565317E-02   0.172097E+08   0.172025E+08  -0.843918E+04   0.329152E+05   0.133323E+08   0.171902E+08   0.172085E+08   0.171902E+08  -0.184569E+00   0.812688E+07   0.812621E+07   0.396870E+02   0.428130E+00   0.470547E+00  -0.143761E+12
   0.624213E-02   0.168307E+08   0.168228E+08  -0.724177E+04   0.264022E+05   0.126552E+08   0.168096E+08   0.168294E+08   0.168096E+08  -0.180483E+00   0.794723E+07   0.794657E+07   0.354514E+02   0.343365E+00   0.470819E+00  -0.127319E+12
   0.689245E-02   0.164389E+08   0.164302E+08  -0.401815E+04   0.211507E+05   0.119607E+08   0.164162E+08   0.164374E+08   0.164163E+08  -0.176259E+00   0.776154E+07   0.776089E+07   0.317472E+02   0.275028E+00   0.471033E+00  -0.112612E+12
   0.761052E-02   0.160308E+08   0.160210E+08  -0.409160E+04   0.169169E+05   0.112554E+08   0.160066E+08   0.160292E+08   0.160066E+08  -0.171861E+00   0.756816E+07   0.756751E+07   0.285062E+02   0.219942E+00   0.471201E+00  -0.994456E+11
   0.840340E-02   0.156032E+08   0.155922E+08  -0.466027E+04   0.135049E+05   0.105458E+08   0.155775E+08   0.156014E+08   0.155775E+08  -0.167253E+00   0.736557E+07   0.736493E+07   0.255968E+02   0.175555E+00   0.471332E+00  -0.876518E+11
   0.927889E-02   0.151534E+08   0.151408E+08  -0.278249E+04   0.107571E+05   0.983022E+07   0.151261E+08   0.151513E+08   0.151261E+08  -0.162407E+00   0.715246E+07   0.715182E+07   0.230300E+02   0.139816E+00   0.471431E+00  -0.770848E+11
   0.102456E-01   0.146787E+08   0.146644E+08  -0.274564E+04   0.854633E+04   0.910710E+07   0.146499E+08   0.146763E+08   0.146499E+08  -0.157294E+00   0.692764E+07   0.692700E+07   0.207579E+02   0.111065E+00   0.471504E+00  -0.676173E+11
   0.113130E-01   0.141768E+08   0.141605E+08  -0.237487E+04   0.676981E+04   0.838216E+07   0.141467E+08   0.141741E+08   0.141467E+08  -0.151891E+00   0.669000E+07   0.668936E+07   0.187448E+02   0.879655E-01   0.471555E+00  -0.591367E+11
   0.124916E-01   0.136457E+08   0.136271E+08  -0.175460E+04   0.534438E+04   0.766207E+07   0.136143E+08   0.136426E+08   0.136143E+08  -0.146175E+00   0.643858E+07   0.643795E+07   0.169633E+02   0.694335E-01   0.471590E+00  -0.515443E+11
   0.137930E-01   0.130839E+08   0.130625E+08  -0.165614E+04   0.420276E+04   0.695170E+07   0.130513E+08   0.130803E+08   0.130513E+08  -0.140129E+00   0.617264E+07   0.617200E+07   0.153842E+02   0.545936E-01   0.471611E+00  -0.447528E+11
   0.152300E-01   0.124900E+08   0.124656E+08  -0.132723E+04   0.329047E+04   0.625304E+07   0.124564E+08   0.124859E+08   0.124564E+08  -0.133743E+00   0.589164E+07   0.589101E+07   0.139785E+02   0.427366E-01   0.471620E+00  -0.386852E+11
   0.168167E-01   0.118776E+08   0.118498E+08  -0.101194E+04   0.256634E+04   0.558163E+07   0.118432E+08   0.118729E+08   0.118432E+08  -0.127158E+00   0.560192E+07   0.560127E+07   0.127315E+02   0.333267E-01   0.471621E+00  -0.333122E+11
   0.185687E-01   0.112228E+08   0.111912E+08  -0.902458E+03   0.198869E+04   0.492939E+07   0.111877E+08   0.112175E+08   0.111877E+08  -0.120121E+00   0.529219E+07   0.529154E+07   0.115964E+02   0.258216E-01   0.471614E+00  -0.285010E+11
   0.205033E-01   0.105390E+08   0.105037E+08  -0.567865E+03   0.153161E+04   0.430857E+07   0.105036E+08   0.105331E+08   0.105036E+08  -0.112776E+00   0.496891E+07   0.496826E+07   0.105558E+02   0.198839E-01   0.471602E+00  -0.242351E+11
   0.226393E-01   0.982077E+07   0.978159E+07  -0.523424E+03   0.117048E+04   0.372071E+07   0.978535E+07   0.981419E+07   0.978535E+07  -0.105064E+00   0.462939E+07   0.462874E+07   0.957845E+01   0.151935E-01   0.471586E+00  -0.204487E+11
   0.249980E-01   0.909324E+07   0.905046E+07  -0.392318E+03   0.888800E+03   0.317909E+07   0.905810E+07   0.908606E+07   0.905810E+07  -0.972554E-01   0.428559E+07   0.428494E+07   0.864725E+01   0.115355E-01   0.471568E+00  -0.171440E+11
   0.276023E-01   0.836482E+07   0.831901E+07  -0.271896E+03   0.670508E+03   0.268692E+07   0.833029E+07   0.835712E+07   0.833029E+07  -0.894410E-01   0.394148E+07   0.394084E+07   0.773902E+01   0.870122E-02   0.471548E+00  -0.142797E+11
   0.304780E-01   0.763849E+07   0.759064E+07  -0.237629E+03   0.502130E+03   0.224458E+07   0.760497E+07   0.763046E+07   0.760497E+07  -0.816533E-01   0.359851E+07   0.359789E+07   0.682882E+01   0.651534E-02   0.471526E+00  -0.118070E+11
   0.336533E-01   0.693376E+07   0.688531E+07  -0.158728E+03   0.373803E+03   0.185583E+07   0.690163E+07   0.692562E+07   0.690163E+07  -0.741017E-01   0.326589E+07   0.326530E+07   0.590692E+01   0.484966E-02   0.471504E+00  -0.970460E+10
   0.371593E-01   0.627588E+07   0.622869E+07  -0.120146E+03   0.277478E+03   0.152347E+07   0.624551E+07   0.626796E+07   0.624551E+07  -0.670570E-01   0.295557E+07   0.295502E+07   0.497575E+01   0.359955E-02   0.471482E+00  -0.795382E+10
   0.410307E-01   0.568085E+07   0.563706E+07  -0.106142E+03   0.206002E+03   0.124542E+07   0.565254E+07   0.567350E+07   0.565254E+07  -0.606904E-01   0.267510E+07   0.267460E+07   0.404945E+01   0.267205E-02   0.471461E+00  -0.651979E+10
   0.451338E-01   0.518431E+07   0.514576E+07   0.155376E+03   0.155376E+03   0.102645E+07   0.515819E+07   0.517784E+07   0.515819E+07  -0.553826E-01   0.244125E+07   0.244082E+07   0.322250E+01   0.201519E-02   0.471441E+00  -0.540897E+10
   0.492368E-01   0.479173E+07   0.475930E+07   0.120686E+03   0.120686E+03   0.861594E+06   0.476771E+07   0.478628E+07   0.476771E+07  -0.511901E-01   0.225653E+07   0.225617E+07   0.250229E+01   0.156514E-02   0.471423E+00  -0.458307E+10
   0.533399E-01   0.447544E+07   0.444911E+07   0.960593E+02   0.960593E+02   0.734459E+06   0.445333E+07   0.447102E+07   0.445333E+07  -0.478147E-01   0.210781E+07   0.210750E+07   0.192857E+01   0.124568E-02   0.471408E+00  -0.395171E+10
   0.574430E-01   0.420916E+07   0.418818E+07   0.779105E+02   0.779105E+02   0.633265E+06   0.418873E+07   0.420564E+07   0.418873E+07  -0.449737E-01   0.198263E+07   0.198237E+07   0.149760E+01   0.101026E-02   0.471395E+00  -0.345153E+10
   0.615460E-01   0.397239E+07   0.395551E+07   0.640589E+02   0.640589E+02   0.550104E+06   0.395337E+07   0.396955E+07   0.395337E+07  -0.424467E-01   0.187127E+07   0.187105E+07   0.119620E+01   0.830605E-03   0.471383E+00  -0.304050E+10
   0.656491E-01   0.374930E+07   0.373504E+07   0.531438E+02   0.531438E+02   0.479642E+06   0.373144E+07   0.374691E+07   0.373144E+07  -0.400639E-01   0.176627E+07   0.176607E+07   0.100327E+01   0.689045E-03   0.471373E+00  -0.269052E+10
   0.697522E-01   0.352869E+07   0.351559E+07   0.443063E+02   0.443063E+02   0.418386E+06   0.351178E+07   0.352649E+07   0.351178E+07  -0.377054E-01   0.166233E+07   0.166214E+07   0.892769E+00   0.574436E-03   0.471364E+00  -0.238324E+10
   0.738552E-01   0.331242E+07   0.329926E+07   0.370963E+02   0.370963E+02   0.365111E+06   0.329627E+07   0.331021E+07   0.329627E+07  -0.353915E-01   0.156035E+07   0.156016E+07   0.838717E+00   0.480940E-03   0.471356E+00  -0.211275E+10
   0.779583E-01   0.309350E+07   0.307948E+07   0.310908E+02   0.310908E+02   0.317867E+06   0.307802E+07   0.309114E+07   0.307802E+07  -0.330482E-01   0.145706E+07   0.145687E+07   0.814237E+00   0.403068E-03   0.471348E+00  -0.186906E+10
   0.820614E-01   0.288261E+07   0.286740E+07   0.261433E+02   0.261433E+02   0.276834E+06   0.286774E+07   0.288006E+07   0.286774E+07  -0.307904E-01   0.135755E+07   0.135735E+07   0.799649E+00   0.338918E-03   0.471342E+00  -0.165433E+10
   0.861644E-01   0.268557E+07   0.266924E+07   0.220889E+02   0.220889E+02   0.241631E+06   0.267128E+07   0.268283E+07   0.267128E+07  -0.286810E-01   0.126457E+07   0.126436E+07   0.780025E+00   0.286349E-03   0.471336E+00  -0.146763E+10
   0.912856E-01   0.246645E+07   0.244938E+07   0.180718E+02   0.180718E+02   0.205218E+06   0.245290E+07   0.246359E+07   0.245290E+07  -0.263364E-01   0.116121E+07   0.116101E+07   0.735978E+00   0.234266E-03   0.471329E+00  -0.127207E+10
   0.964067E-01   0.228372E+07   0.226690E+07   0.150013E+02   0.150013E+02   0.176293E+06   0.227094E+07   0.228090E+07   0.227094E+07  -0.243827E-01   0.107509E+07   0.107489E+07   0.667149E+00   0.194458E-03   0.471323E+00  -0.111516E+10
   0.101528E+00   0.213963E+07   0.212407E+07   0.126728E+02   0.126728E+02   0.153707E+06   0.212763E+07   0.213701E+07   0.212763E+07  -0.228440E-01   0.100725E+07   0.100708E+07   0.580115E+00   0.164271E-03   0.471318E+00  -0.992103E+09
   0.106649E+00   0.202891E+07   0.201532E+07   0.108917E+02   0.108917E+02   0.136017E+06   0.201768E+07   0.202663E+07   0.201768E+07  -0.216635E-01   0.955211E+06   0.955056E+06   0.486820E+00   0.141181E-03   0.471313E+00  -0.895667E+09
   0.111770E+00   0.194066E+07   0.192932E+07   0.948658E+01   0.948658E+01   0.121720E+06   0.193016E+07   0.193876E+07   0.193016E+07  -0.207238E-01   0.913785E+06   0.913651E+06   0.399810E+00   0.122964E-03   0.471309E+00  -0.817567E+09
   0.116891E+00   0.186313E+07   0.185381E+07   0.832821E+01   0.832821E+01   0.109584E+06   0.185327E+07   0.186157E+07   0.185327E+07  -0.198983E-01   0.877392E+06   0.877277E+06   0.328762E+00   0.107948E-03   0.471305E+00  -0.750617E+09
   0.122012E+00   0.178712E+07   0.177928E+07   0.733268E+01   0.733268E+01   0.987798E+05   0.177782E+07   0.178580E+07   0.177782E+07  -0.190881E-01   0.841675E+06   0.841574E+06   0.278553E+00   0.950424E-04   0.471302E+00  -0.689839E+09
   0.127134E+00   0.170724E+07   0.170018E+07   0.645222E+01   0.645222E+01   0.888519E+05   0.169840E+07   0.170605E+07   0.169840E+07  -0.182354E-01   0.804081E+06   0.803986E+06   0.248926E+00   0.836291E-04   0.471299E+00  -0.632480E+09
   0.132255E+00   0.162200E+07   0.161505E+07   0.566439E+01   0.566439E+01   0.796286E+05   0.161354E+07   0.162083E+07   0.161354E+07  -0.173243E-01   0.763912E+06   0.763818E+06   0.235533E+00   0.734169E-04   0.471296E+00  -0.577616E+09
   0.137376E+00   0.153314E+07   0.152583E+07   0.496194E+01   0.496194E+01   0.711192E+05   0.152500E+07   0.153191E+07   0.152500E+07  -0.163737E-01   0.722001E+06   0.721906E+06   0.231793E+00   0.643116E-04   0.471293E+00  -0.525574E+09
   0.142497E+00   0.144449E+07   0.143662E+07   0.434453E+01   0.434453E+01   0.634175E+05   0.143664E+07   0.144317E+07   0.143664E+07  -0.154250E-01   0.680172E+06   0.680074E+06   0.230921E+00   0.563088E-04   0.471291E+00  -0.477330E+09
   0.147618E+00   0.136091E+07   0.135257E+07   0.381364E+01   0.381364E+01   0.566353E+05   0.135334E+07   0.135951E+07   0.135334E+07  -0.145306E-01   0.640741E+06   0.640641E+06   0.227576E+00   0.494275E-04   0.471288E+00  -0.434058E+09
   0.152739E+00   0.128701E+07   0.127849E+07   0.336849E+01   0.336849E+01   0.508460E+05   0.127974E+07   0.128558E+07   0.127974E+07  -0.137403E-01   0.605897E+06   0.605797E+06   0.218786E+00   0.436577E-04   0.471286E+00  -0.396691E+09
   0.157860E+00   0.122535E+07   0.121702E+07   0.300231E+01   0.300231E+01   0.460226E+05   0.121838E+07   0.122395E+07   0.121838E+07  -0.130815E-01   0.576849E+06   0.576752E+06   0.204045E+00   0.389114E-04   0.471285E+00  -0.365420E+09
   0.162982E+00   0.117547E+07   0.116767E+07   0.270202E+01   0.270202E+01   0.420294E+05   0.116880E+07   0.117416E+07   0.116880E+07  -0.125493E-01   0.553380E+06   0.553290E+06   0.184811E+00   0.350192E-04   0.471283E+00  -0.339538E+09
   0.168103E+00   0.113479E+07   0.112775E+07   0.245216E+01   0.245216E+01   0.386761E+05   0.112842E+07   0.113360E+07   0.112842E+07  -0.121157E-01   0.534262E+06   0.534180E+06   0.163691E+00   0.317807E-04   0.471281E+00  -0.317822E+09
   0.173224E+00   0.110004E+07   0.109383E+07   0.223881E+01   0.223881E+01   0.357802E+05   0.109396E+07   0.109899E+07   0.109396E+07  -0.117457E-01   0.517948E+06   0.517873E+06   0.143535E+00   0.290154E-04   0.471280E+00  -0.299009E+09
   0.178345E+00   0.106791E+07   0.106244E+07   0.205058E+01   0.205058E+01   0.331864E+05   0.106210E+07   0.106699E+07   0.106210E+07  -0.114036E-01   0.502864E+06   0.502796E+06   0.126623E+00   0.265758E-04   0.471278E+00  -0.281965E+09
   0.183466E+00   0.103534E+07   0.103041E+07   0.187872E+01   0.187872E+01   0.307714E+05   0.102977E+07   0.103452E+07   0.102977E+07  -0.110564E-01   0.487556E+06   0.487493E+06   0.114169E+00   0.243483E-04   0.471277E+00  -0.265751E+09
   0.188587E+00   0.100035E+07   0.995705E+06   0.171801E+01   0.171801E+01   0.284627E+05   0.994976E+06   0.999572E+06   0.994976E+06  -0.106829E-01   0.471086E+06   0.471025E+06   0.106230E+00   0.222654E-04   0.471276E+00  -0.249801E+09
   0.193708E+00   0.962735E+06   0.958144E+06   0.156711E+01   0.156711E+01   0.262476E+05   0.957536E+06   0.961964E+06   0.957536E+06  -0.102809E-01   0.453361E+06   0.453302E+06   0.101931E+00   0.203096E-04   0.471275E+00  -0.234046E+09
   0.198830E+00   0.923730E+06   0.919035E+06   0.142708E+01   0.142708E+01   0.241532E+05   0.918688E+06   0.922941E+06   0.918688E+06  -0.986380E-02   0.434969E+06   0.434910E+06   0.998531E-01   0.184948E-04   0.471274E+00  -0.218768E+09
   0.203951E+00   0.885049E+06   0.880191E+06   0.129943E+01   0.129943E+01   0.222137E+05   0.880154E+06   0.884234E+06   0.880154E+06  -0.945007E-02   0.416726E+06   0.416666E+06   0.984569E-01   0.168404E-04   0.471273E+00  -0.204330E+09
   0.209072E+00   0.848363E+06   0.843375E+06   0.118522E+01   0.118522E+01   0.204561E+05   0.843611E+06   0.847526E+06   0.843611E+06  -0.905771E-02   0.399426E+06   0.399366E+06   0.964723E-01   0.153601E-04   0.471272E+00  -0.191049E+09
   0.214193E+00   0.815096E+06   0.810080E+06   0.108489E+01   0.108489E+01   0.188973E+05   0.810489E+06   0.814253E+06   0.810489E+06  -0.870209E-02   0.383745E+06   0.383685E+06   0.931533E-01   0.140598E-04   0.471271E+00  -0.179160E+09
   0.219314E+00   0.786108E+06   0.781197E+06   0.998000E+00   0.998000E+00   0.175376E+05   0.781650E+06   0.785283E+06   0.781650E+06  -0.839245E-02   0.370091E+06   0.370033E+06   0.883437E-01   0.129337E-04   0.471270E+00  -0.168751E+09
   0.224435E+00   0.761393E+06   0.756708E+06   0.923029E+00   0.923029E+00   0.163580E+05   0.757084E+06   0.760606E+06   0.757084E+06  -0.812869E-02   0.358461E+06   0.358405E+06   0.823783E-01   0.119621E-04   0.471269E+00  -0.159718E+09
   0.229556E+00   0.740162E+06   0.735784E+06   0.857736E+00   0.857736E+00   0.153250E+05   0.736000E+06   0.739426E+06   0.736000E+06  -0.790230E-02   0.348478E+06   0.348426E+06   0.758909E-01   0.111159E-04   0.471268E+00  -0.151807E+09
   0.234678E+00   0.721211E+06   0.717165E+06   0.799738E+00   0.799738E+00   0.144010E+05   0.717190E+06   0.720532E+06   0.717190E+06  -0.770035E-02   0.339572E+06   0.339523E+06   0.695942E-01   0.103642E-04   0.471268E+00  -0.144699E+09
   0.239799E+00   0.703264E+06   0.699519E+06   0.746919E+00   0.746919E+00   0.135515E+05   0.699374E+06   0.702635E+06   0.699374E+06  -0.750906E-02   0.331137E+06   0.331091E+06   0.640834E-01   0.967967E-05   0.471267E+00  -0.138092E+09
   0.244920E+00   0.685235E+06   0.681722E+06   0.697678E+00   0.697678E+00   0.127503E+05   0.681466E+06   0.684645E+06   0.681466E+06  -0.731678E-02   0.322658E+06   0.322615E+06   0.597072E-01   0.904150E-05   0.471266E+00  -0.131742E+09
   0.250041E+00   0.666493E+06   0.663123E+06   0.651091E+00   0.651091E+00   0.119824E+05   0.662832E+06   0.665927E+06   0.662832E+06  -0.711672E-02   0.313836E+06   0.313794E+06   0.565269E-01   0.843773E-05   0.471266E+00  -0.125516E+09
   0.255162E+00   0.646966E+06   0.643658E+06   0.606894E+00   0.606894E+00   0.112445E+05   0.643404E+06   0.646410E+06   0.643404E+06  -0.690812E-02   0.304638E+06   0.304597E+06   0.543548E-01   0.786496E-05   0.471265E+00  -0.119392E+09
   0.260283E+00   0.627016E+06   0.623711E+06   0.565248E+00   0.565248E+00   0.105413E+05   0.623546E+06   0.626461E+06   0.623546E+06  -0.669491E-02   0.295236E+06   0.295195E+06   0.528430E-01   0.732523E-05   0.471265E+00  -0.113430E+09
   0.265404E+00   0.607216E+06   0.603888E+06   0.526459E+00   0.526459E+00   0.987976E+04   0.603833E+06   0.606657E+06   0.603833E+06  -0.648325E-02   0.285903E+06   0.285862E+06   0.515945E-01   0.682253E-05   0.471264E+00  -0.107725E+09
   0.270526E+00   0.588188E+06   0.584845E+06   0.490820E+00   0.490820E+00   0.926703E+04   0.584890E+06   0.587627E+06   0.584890E+06  -0.627986E-02   0.276934E+06   0.276894E+06   0.502662E-01   0.636066E-05   0.471264E+00  -0.102370E+09
   0.275647E+00   0.570479E+06   0.567153E+06   0.458507E+00   0.458507E+00   0.870787E+04   0.567264E+06   0.569920E+06   0.567264E+06  -0.609062E-02   0.268590E+06   0.268549E+06   0.486392E-01   0.594190E-05   0.471263E+00  -0.974410E+08
   0.280768E+00   0.554414E+06   0.551149E+06   0.429484E+00   0.429484E+00   0.820308E+04   0.551283E+06   0.553866E+06   0.551283E+06  -0.591904E-02   0.261023E+06   0.260984E+06   0.466443E-01   0.556577E-05   0.471263E+00  -0.929687E+08
   0.285889E+00   0.540006E+06   0.536845E+06   0.403473E+00   0.403473E+00   0.774869E+04   0.536959E+06   0.539476E+06   0.536959E+06  -0.576524E-02   0.254241E+06   0.254203E+06   0.443457E-01   0.522868E-05   0.471262E+00  -0.889311E+08
   0.291010E+00   0.527003E+06   0.523975E+06   0.380028E+00   0.380028E+00   0.733730E+04   0.524038E+06   0.526495E+06   0.524038E+06  -0.562651E-02   0.248123E+06   0.248087E+06   0.418977E-01   0.492484E-05   0.471262E+00  -0.852638E+08
   0.296131E+00   0.515003E+06   0.512119E+06   0.358650E+00   0.358650E+00   0.696030E+04   0.512117E+06   0.514519E+06   0.512117E+06  -0.549851E-02   0.242479E+06   0.242444E+06   0.394886E-01   0.464779E-05   0.471262E+00  -0.818834E+08
   0.301252E+00   0.503570E+06   0.500822E+06   0.338874E+00   0.338874E+00   0.660938E+04   0.500759E+06   0.503109E+06   0.500759E+06  -0.537656E-02   0.237102E+06   0.237068E+06   0.372861E-01   0.439150E-05   0.471261E+00  -0.787063E+08
   0.306374E+00   0.492315E+06   0.489681E+06   0.320323E+00   0.320323E+00   0.627784E+04   0.489575E+06   0.491873E+06   0.489575E+06  -0.525648E-02   0.231806E+06   0.231774E+06   0.353985E-01   0.415109E-05   0.471261E+00  -0.756623E+08
   0.311495E+00   0.480979E+06   0.478428E+06   0.302744E+00   0.302744E+00   0.596120E+04   0.478305E+06   0.480551E+06   0.478305E+06  -0.513548E-02   0.226470E+06   0.226439E+06   0.338591E-01   0.392328E-05   0.471261E+00  -0.727053E+08
   0.316616E+00   0.469485E+06   0.466988E+06   0.286026E+00   0.286026E+00   0.565769E+04   0.466873E+06   0.469066E+06   0.466873E+06  -0.501273E-02   0.221058E+06   0.221027E+06   0.326313E-01   0.370663E-05   0.471260E+00  -0.698198E+08
   0.321737E+00   0.457927E+06   0.455460E+06   0.270171E+00   0.270171E+00   0.536771E+04   0.455373E+06   0.457513E+06   0.455373E+06  -0.488926E-02   0.215613E+06   0.215582E+06   0.316295E-01   0.350115E-05   0.471260E+00  -0.670161E+08
   0.326858E+00   0.446498E+06   0.444051E+06   0.255234E+00   0.255234E+00   0.509272E+04   0.444000E+06   0.446087E+06   0.444000E+06  -0.476716E-02   0.210228E+06   0.210198E+06   0.307473E-01   0.330758E-05   0.471260E+00  -0.643187E+08
   0.331979E+00   0.435418E+06   0.432989E+06   0.241277E+00   0.241277E+00   0.483432E+04   0.432975E+06   0.435010E+06   0.432975E+06  -0.464878E-02   0.205008E+06   0.204978E+06   0.298854E-01   0.312670E-05   0.471259E+00  -0.617540E+08
   0.337100E+00   0.424874E+06   0.422471E+06   0.228332E+00   0.228332E+00   0.459348E+04   0.422483E+06   0.424470E+06   0.422483E+06  -0.453613E-02   0.200041E+06   0.200011E+06   0.289738E-01   0.295895E-05   0.471259E+00  -0.593423E+08
   0.342222E+00   0.414983E+06   0.412620E+06   0.216390E+00   0.216390E+00   0.437041E+04   0.412645E+06   0.414586E+06   0.412645E+06  -0.443050E-02   0.195382E+06   0.195354E+06   0.279816E-01   0.280419E-05   0.471259E+00  -0.570931E+08
   0.347343E+00   0.405773E+06   0.403466E+06   0.205395E+00   0.205395E+00   0.416422E+04   0.403487E+06   0.405386E+06   0.403487E+06  -0.433217E-02   0.191046E+06   0.191018E+06   0.269161E-01   0.266170E-05   0.471259E+00  -0.550030E+08
   0.352464E+00   0.397181E+06   0.394939E+06   0.195247E+00   0.195247E+00   0.397324E+04   0.394946E+06   0.396805E+06   0.394946E+06  -0.424047E-02   0.187002E+06   0.186975E+06   0.258128E-01   0.253020E-05   0.471258E+00  -0.530564E+08
   0.357585E+00   0.389079E+06   0.386907E+06   0.185827E+00   0.185827E+00   0.379525E+04   0.386893E+06   0.388714E+06   0.386893E+06  -0.415400E-02   0.183189E+06   0.183163E+06   0.247209E-01   0.240812E-05   0.471258E+00  -0.512302E+08
   0.362706E+00   0.381315E+06   0.379212E+06   0.177015E+00   0.177015E+00   0.362802E+04   0.379176E+06   0.380962E+06   0.379176E+06  -0.407115E-02   0.179536E+06   0.179510E+06   0.236884E-01   0.229392E-05   0.471258E+00  -0.494996E+08
   0.367827E+00   0.373752E+06   0.371711E+06   0.168708E+00   0.168708E+00   0.346965E+04   0.371659E+06   0.373410E+06   0.371659E+06  -0.399044E-02   0.175977E+06   0.175951E+06   0.227505E-01   0.218627E-05   0.471258E+00  -0.478428E+08
   0.372948E+00   0.366286E+06   0.364297E+06   0.160829E+00   0.160829E+00   0.331867E+04   0.364236E+06   0.365952E+06   0.364236E+06  -0.391074E-02   0.172462E+06   0.172438E+06   0.219223E-01   0.208417E-05   0.471258E+00  -0.462435E+08
   0.378070E+00   0.358864E+06   0.356915E+06   0.153330E+00   0.153330E+00   0.317426E+04   0.356855E+06   0.358537E+06   0.356855E+06  -0.383149E-02   0.168967E+06   0.168943E+06   0.211987E-01   0.198699E-05   0.471257E+00  -0.446927E+08
   0.383191E+00   0.351493E+06   0.349577E+06   0.146193E+00   0.146193E+00   0.303611E+04   0.349524E+06   0.351172E+06   0.349524E+06  -0.375278E-02   0.165496E+06   0.165473E+06   0.205594E-01   0.189450E-05   0.471257E+00  -0.431895E+08
   0.388312E+00   0.344235E+06   0.342345E+06   0.139422E+00   0.139422E+00   0.290445E+04   0.342304E+06   0.343918E+06   0.342304E+06  -0.367526E-02   0.162078E+06   0.162055E+06   0.199761E-01   0.180675E-05   0.471257E+00  -0.417396E+08
   0.393433E+00   0.337162E+06   0.335296E+06   0.133024E+00   0.133024E+00   0.277954E+04   0.335268E+06   0.336849E+06   0.335268E+06  -0.359971E-02   0.158746E+06   0.158723E+06   0.194197E-01   0.172384E-05   0.471257E+00  -0.403495E+08
   0.398554E+00   0.330332E+06   0.328491E+06   0.127001E+00   0.127001E+00   0.266149E+04   0.328473E+06   0.330022E+06   0.328473E+06  -0.352676E-02   0.155529E+06   0.155507E+06   0.188669E-01   0.164578E-05   0.471257E+00  -0.390238E+08
   0.403675E+00   0.323783E+06   0.321971E+06   0.121344E+00   0.121344E+00   0.255025E+04   0.321960E+06   0.323479E+06   0.321960E+06  -0.345683E-02   0.152445E+06   0.152423E+06   0.183045E-01   0.157248E-05   0.471256E+00  -0.377648E+08
   0.408796E+00   0.317538E+06   0.315760E+06   0.116041E+00   0.116041E+00   0.244562E+04   0.315750E+06   0.317240E+06   0.315750E+06  -0.339015E-02   0.149505E+06   0.149483E+06   0.177304E-01   0.150375E-05   0.471256E+00  -0.365724E+08
   0.413918E+00   0.311592E+06   0.309851E+06   0.111068E+00   0.111068E+00   0.234721E+04   0.309837E+06   0.311299E+06   0.309837E+06  -0.332667E-02   0.146705E+06   0.146684E+06   0.171517E-01   0.143930E-05   0.471256E+00  -0.354436E+08
   0.419039E+00   0.305904E+06   0.304202E+06   0.106392E+00   0.106392E+00   0.225439E+04   0.304182E+06   0.305618E+06   0.304182E+06  -0.326596E-02   0.144028E+06   0.144007E+06   0.165805E-01   0.137871E-05   0.471256E+00  -0.343715E+08
   0.424160E+00   0.300418E+06   0.298755E+06   0.101977E+00   0.101977E+00   0.216647E+04   0.298729E+06   0.300139E+06   0.298729E+06  -0.320740E-02   0.141446E+06   0.141425E+06   0.160300E-01   0.132149E-05   0.471256E+00  -0.333477E+08
   0.429281E+00   0.295083E+06   0.293457E+06   0.977904E-01   0.977904E-01   0.208283E+04   0.293425E+06   0.294810E+06   0.293425E+06  -0.315045E-02   0.138934E+06   0.138914E+06   0.155111E-01   0.126724E-05   0.471256E+00  -0.323648E+08
   0.434402E+00   0.289863E+06   0.288271E+06   0.938093E-01   0.938093E-01   0.200300E+04   0.288235E+06   0.289596E+06   0.288235E+06  -0.309473E-02   0.136477E+06   0.136457E+06   0.150301E-01   0.121565E-05   0.471256E+00  -0.314176E+08
   0.439523E+00   0.284735E+06   0.283173E+06   0.900149E-01   0.900149E-01   0.192666E+04   0.283136E+06   0.284473E+06   0.283136E+06  -0.303998E-02   0.134063E+06   0.134043E+06   0.145876E-01   0.116648E-05   0.471255E+00  -0.305022E+08
   0.444644E+00   0.279688E+06   0.278152E+06   0.863942E-01   0.863942E-01   0.185355E+04   0.278116E+06   0.279430E+06   0.278116E+06  -0.298609E-02   0.131686E+06   0.131667E+06   0.141792E-01   0.111956E-05   0.471255E+00  -0.296164E+08
   0.449766E+00   0.274728E+06   0.273215E+06   0.829403E-01   0.829403E-01   0.178359E+04   0.273183E+06   0.274474E+06   0.273183E+06  -0.293312E-02   0.129350E+06   0.129332E+06   0.137973E-01   0.107480E-05   0.471255E+00  -0.287599E+08
   0.454887E+00   0.269875E+06   0.268385E+06   0.796509E-01   0.796509E-01   0.171674E+04   0.268357E+06   0.269625E+06   0.268357E+06  -0.288130E-02   0.127065E+06   0.127047E+06   0.134333E-01   0.103218E-05   0.471255E+00  -0.279337E+08
   0.460008E+00   0.265155E+06   0.263686E+06   0.765248E-01   0.765248E-01   0.165303E+04   0.263662E+06   0.264908E+06   0.263662E+06  -0.283090E-02   0.124842E+06   0.124824E+06   0.130799E-01   0.991664E-06   0.471255E+00  -0.271395E+08
   0.465129E+00   0.260583E+06   0.259136E+06   0.735582E-01   0.735582E-01   0.159240E+04   0.259115E+06   0.260340E+06   0.259115E+06  -0.278208E-02   0.122689E+06   0.122672E+06   0.127319E-01   0.953220E-06   0.471255E+00  -0.263778E+08
   0.470250E+00   0.256164E+06   0.254741E+06   0.707444E-01   0.707444E-01   0.153474E+04   0.254721E+06   0.255925E+06   0.254721E+06  -0.273490E-02   0.120609E+06   0.120591E+06   0.123871E-01   0.916757E-06   0.471255E+00  -0.256481E+08
   0.475371E+00   0.251894E+06   0.250495E+06   0.680746E-01   0.680746E-01   0.147989E+04   0.250476E+06   0.251660E+06   0.250476E+06  -0.268931E-02   0.118599E+06   0.118581E+06   0.120458E-01   0.882159E-06   0.471255E+00  -0.249489E+08
   0.480492E+00   0.247765E+06   0.246391E+06   0.655390E-01   0.655390E-01   0.142767E+04   0.246370E+06   0.247534E+06   0.246370E+06  -0.264523E-02   0.116655E+06   0.116638E+06   0.117108E-01   0.849301E-06   0.471254E+00  -0.242784E+08
   0.485614E+00   0.243763E+06   0.242414E+06   0.631278E-01   0.631278E-01   0.137789E+04   0.242391E+06   0.243537E+06   0.242391E+06  -0.260251E-02   0.114771E+06   0.114754E+06   0.113854E-01   0.818054E-06   0.471254E+00  -0.236344E+08
   0.490735E+00   0.239872E+06   0.238547E+06   0.608304E-01   0.608304E-01   0.133033E+04   0.238522E+06   0.239649E+06   0.238522E+06  -0.256097E-02   0.112939E+06   0.112922E+06   0.110730E-01   0.788282E-06   0.471254E+00  -0.230145E+08
   0.495856E+00   0.236071E+06   0.234769E+06   0.586363E-01   0.586363E-01   0.128480E+04   0.234742E+06   0.235852E+06   0.234742E+06  -0.252039E-02   0.111149E+06   0.111133E+06   0.107755E-01   0.759849E-06   0.471254E+00  -0.224159E+08
   0.500977E+00   0.232346E+06   0.231065E+06   0.565372E-01   0.565372E-01   0.124113E+04   0.231038E+06   0.232131E+06   0.231038E+06  -0.248062E-02   0.109395E+06   0.109379E+06   0.104937E-01   0.732648E-06   0.471254E+00  -0.218367E+08
   0.506098E+00   0.228693E+06   0.227432E+06   0.545278E-01   0.545278E-01   0.119921E+04   0.227405E+06   0.228481E+06   0.227405E+06  -0.244161E-02   0.107675E+06   0.107660E+06   0.102269E-01   0.706608E-06   0.471254E+00  -0.212758E+08
   0.511219E+00   0.225114E+06   0.223872E+06   0.526045E-01   0.526045E-01   0.115899E+04   0.223847E+06   0.224905E+06   0.223847E+06  -0.240340E-02   0.105990E+06   0.105975E+06   0.997314E-02   0.681684E-06   0.471254E+00  -0.207331E+08
   0.516340E+00   0.221612E+06   0.220388E+06   0.507640E-01   0.507640E-01   0.112041E+04   0.220364E+06   0.221406E+06   0.220364E+06  -0.236601E-02   0.104341E+06   0.104326E+06   0.973013E-02   0.657833E-06   0.471254E+00  -0.202081E+08
   0.521462E+00   0.218189E+06   0.216983E+06   0.490029E-01   0.490029E-01   0.108341E+04   0.216960E+06   0.217986E+06   0.216960E+06  -0.232946E-02   0.102729E+06   0.102714E+06   0.949532E-02   0.635012E-06   0.471254E+00  -0.197005E+08
   0.526583E+00   0.214848E+06   0.213660E+06   0.473187E-01   0.473187E-01   0.104794E+04   0.213638E+06   0.214649E+06   0.213638E+06  -0.229379E-02   0.101157E+06   0.101142E+06   0.926676E-02   0.613187E-06   0.471254E+00  -0.192102E+08
   0.531704E+00   0.211596E+06   0.210425E+06   0.457091E-01   0.457091E-01   0.101398E+04   0.210404E+06   0.211400E+06   0.210404E+06  -0.225907E-02   0.996254E+05   0.996109E+05   0.904331E-02   0.592328E-06   0.471254E+00  -0.187372E+08
   0.536825E+00   0.208434E+06   0.207280E+06   0.441710E-01   0.441710E-01   0.981450E+03   0.207260E+06   0.208241E+06   0.207260E+06  -0.222531E-02   0.981365E+05   0.981223E+05   0.882464E-02   0.572397E-06   0.471254E+00  -0.182811E+08
   0.541946E+00   0.205357E+06   0.204220E+06   0.427003E-01   0.427003E-01   0.950288E+03   0.204200E+06   0.205166E+06   0.204200E+06  -0.219246E-02   0.966876E+05   0.966736E+05   0.861098E-02   0.553338E-06   0.471253E+00  -0.178410E+08
   0.547067E+00   0.202357E+06   0.201237E+06   0.412924E-01   0.412924E-01   0.920394E+03   0.201216E+06   0.202169E+06   0.201216E+06  -0.216043E-02   0.952751E+05   0.952613E+05   0.840296E-02   0.535093E-06   0.471253E+00  -0.174158E+08
   0.559946E+00   0.195124E+06   0.194046E+06   0.380061E-01   0.380061E-01   0.850370E+03   0.194024E+06   0.194943E+06   0.194024E+06  -0.208321E-02   0.918697E+05   0.918564E+05   0.790970E-02   0.492506E-06   0.471253E+00  -0.164071E+08
   0.593872E+00   0.177797E+06   0.176814E+06   0.307875E-01   0.307875E-01   0.695233E+03   0.176795E+06   0.177632E+06   0.176795E+06  -0.189822E-02   0.837117E+05   0.836996E+05   0.680996E-02   0.398963E-06   0.471253E+00  -0.140961E+08
   0.629853E+00   0.161967E+06   0.161072E+06   0.249334E-01   0.249334E-01   0.567932E+03   0.161054E+06   0.161817E+06   0.161054E+06  -0.172921E-02   0.762584E+05   0.762474E+05   0.585291E-02   0.323102E-06   0.471252E+00  -0.121075E+08
   0.879031E+00   0.946810E+05   0.941580E+05   0.748322E-02   0.748322E-02   0.177324E+03   0.941463E+05   0.945932E+05   0.941463E+05  -0.101083E-02   0.445782E+05   0.445717E+05   0.247991E-02   0.969713E-07   0.471251E+00  -0.507135E+07
   0.122679E+01   0.546793E+05   0.543772E+05   0.221880E-02   0.221880E-02   0.539765E+02   0.543703E+05   0.546285E+05   0.543703E+05  -0.583764E-03   0.257443E+05   0.257405E+05   0.104945E-02   0.287523E-07   0.471250E+00  -0.209854E+07
   0.171212E+01   0.312496E+05   0.310768E+05   0.651044E-03   0.651044E-03   0.161035E+02   0.310729E+05   0.312206E+05   0.310729E+05  -0.333625E-03   0.147131E+05   0.147108E+05   0.448540E-03   0.843651E-08   0.471249E+00  -0.859357E+06
   0.238945E+01   0.176994E+05   0.176013E+05   0.189319E-03   0.189319E-03   0.472989E+01   0.175992E+05   0.176829E+05   0.175992E+05  -0.188960E-03   0.833328E+04   0.833186E+04   0.196966E-03   0.245327E-08   0.471249E+00  -0.348755E+06
