#          k/h    CDM            baryon         photon         nu             mass_nu        total          no_nu          total_de       Weyl           v_CDM          v_b            v_b-v_c        ISW            log_grow       pert_vel    
   0.994668E-05   0.418963E+08   0.418963E+08   0.558413E+08   0.558408E+08   0.418996E+08   0.418963E+08   0.418963E+08   0.419112E+08  -0.450212E+00   0.110881E+08   0.110881E+08   0.818739E+01   0.122861E+07   0.451866E+00  -0.111479E+15
   0.109829E-04   0.418923E+08   0.418923E+08   0.558315E+08   0.558309E+08   0.418955E+08   0.418923E+08   0.418923E+08   0.419072E+08  -0.450169E+00   0.110874E+08   0.110874E+08   0.904000E+01   0.100768E+07   0.451821E+00  -0.100955E+15
   0.121272E-04   0.418874E+08   0.418874E+08   0.558196E+08   0.558188E+08   0.418906E+08   0.418874E+08   0.418874E+08   0.419023E+08  -0.450117E+00   0.110867E+08   0.110867E+08   0.998130E+01   0.826468E+06   0.451767E+00  -0.914237E+14
   0.133906E-04   0.418814E+08   0.418814E+08   0.558050E+08   0.558041E+08   0.418847E+08   0.418814E+08   0.418814E+08   0.418963E+08  -0.450053E+00   0.110858E+08   0.110858E+08   0.110205E+02   0.677840E+06   0.451702E+00  -0.827909E+14
   0.147857E-04   0.418742E+08   0.418742E+08   0.557872E+08   0.557862E+08   0.418774E+08   0.418742E+08   0.418742E+08   0.418891E+08  -0.449975E+00   0.110847E+08   0.110847E+08   0.121677E+02   0.555935E+06   0.451622E+00  -0.749719E+14
   0.163261E-04   0.418653E+08   0.418653E+08   0.557656E+08   0.557643E+08   0.418685E+08   0.418653E+08   0.418653E+08   0.418802E+08  -0.449880E+00   0.110834E+08   0.110834E+08   0.134341E+02   0.455949E+06   0.451524E+00  -0.678899E+14
   0.180270E-04   0.418546E+08   0.418546E+08   0.557392E+08   0.557376E+08   0.418577E+08   0.418546E+08   0.418546E+08   0.418695E+08  -0.449764E+00   0.110817E+08   0.110817E+08   0.148321E+02   0.373940E+06   0.451406E+00  -0.614753E+14
   0.199051E-04   0.418415E+08   0.418414E+08   0.557071E+08   0.557052E+08   0.418446E+08   0.418415E+08   0.418415E+08   0.418563E+08  -0.449623E+00   0.110797E+08   0.110797E+08   0.163751E+02   0.306677E+06   0.451261E+00  -0.556649E+14
   0.219788E-04   0.418255E+08   0.418255E+08   0.556680E+08   0.556656E+08   0.418286E+08   0.418255E+08   0.418255E+08   0.418404E+08  -0.449451E+00   0.110773E+08   0.110773E+08   0.180781E+02   0.251508E+06   0.451086E+00  -0.504017E+14
   0.242687E-04   0.418061E+08   0.418061E+08   0.556204E+08   0.556175E+08   0.418091E+08   0.418061E+08   0.418061E+08   0.418209E+08  -0.449243E+00   0.110744E+08   0.110744E+08   0.199574E+02   0.206259E+06   0.450872E+00  -0.456341E+14
   0.267970E-04   0.417824E+08   0.417824E+08   0.555624E+08   0.555589E+08   0.417854E+08   0.417825E+08   0.417824E+08   0.417973E+08  -0.448989E+00   0.110708E+08   0.110708E+08   0.220312E+02   0.169145E+06   0.450613E+00  -0.413150E+14
   0.295888E-04   0.417537E+08   0.417537E+08   0.554918E+08   0.554876E+08   0.417566E+08   0.417537E+08   0.417537E+08   0.417685E+08  -0.448680E+00   0.110664E+08   0.110664E+08   0.243191E+02   0.138704E+06   0.450299E+00  -0.374020E+14
   0.326714E-04   0.417188E+08   0.417188E+08   0.554060E+08   0.554008E+08   0.417216E+08   0.417188E+08   0.417188E+08   0.417336E+08  -0.448304E+00   0.110611E+08   0.110611E+08   0.268429E+02   0.113736E+06   0.449918E+00  -0.338567E+14
   0.360752E-04   0.416764E+08   0.416764E+08   0.553016E+08   0.552953E+08   0.416791E+08   0.416764E+08   0.416764E+08   0.416912E+08  -0.447849E+00   0.110546E+08   0.110546E+08   0.296262E+02   0.932578E+05   0.449457E+00  -0.306443E+14
   0.398336E-04   0.416249E+08   0.416249E+08   0.551748E+08   0.551672E+08   0.416275E+08   0.416249E+08   0.416249E+08   0.416397E+08  -0.447295E+00   0.110468E+08   0.110467E+08   0.326948E+02   0.764611E+05   0.448899E+00  -0.277332E+14
   0.439836E-04   0.415625E+08   0.415625E+08   0.550208E+08   0.550115E+08   0.415649E+08   0.415625E+08   0.415625E+08   0.415772E+08  -0.446625E+00   0.110372E+08   0.110372E+08   0.360771E+02   0.626842E+05   0.448226E+00  -0.250948E+14
   0.485659E-04   0.414870E+08   0.414870E+08   0.548340E+08   0.548227E+08   0.414892E+08   0.414870E+08   0.414870E+08   0.415017E+08  -0.445813E+00   0.110256E+08   0.110256E+08   0.398034E+02   0.513840E+05   0.447415E+00  -0.227032E+14
   0.536256E-04   0.413957E+08   0.413957E+08   0.546077E+08   0.545939E+08   0.413976E+08   0.413957E+08   0.413957E+08   0.414103E+08  -0.444832E+00   0.110116E+08   0.110116E+08   0.439069E+02   0.421152E+05   0.446442E+00  -0.205350E+14
   0.592125E-04   0.412855E+08   0.412855E+08   0.543337E+08   0.543169E+08   0.412872E+08   0.412855E+08   0.412855E+08   0.413000E+08  -0.443647E+00   0.109946E+08   0.109946E+08   0.484230E+02   0.345125E+05   0.445276E+00  -0.185688E+14
   0.653814E-04   0.411528E+08   0.411528E+08   0.540025E+08   0.539822E+08   0.411541E+08   0.411528E+08   0.411528E+08   0.411673E+08  -0.442221E+00   0.109741E+08   0.109741E+08   0.533897E+02   0.282762E+05   0.443886E+00  -0.167854E+14
   0.721930E-04   0.409935E+08   0.409934E+08   0.536031E+08   0.535783E+08   0.409943E+08   0.409935E+08   0.409935E+08   0.410078E+08  -0.440508E+00   0.109494E+08   0.109493E+08   0.588471E+02   0.231606E+05   0.442235E+00  -0.151674E+14
   0.797142E-04   0.408026E+08   0.408026E+08   0.531223E+08   0.530923E+08   0.408029E+08   0.408026E+08   0.408026E+08   0.408168E+08  -0.438456E+00   0.109196E+08   0.109196E+08   0.648375E+02   0.189641E+05   0.440284E+00  -0.136989E+14
   0.880190E-04   0.405750E+08   0.405749E+08   0.525450E+08   0.525087E+08   0.405745E+08   0.405749E+08   0.405749E+08   0.405890E+08  -0.436009E+00   0.108838E+08   0.108838E+08   0.714043E+02   0.155213E+05   0.437996E+00  -0.123658E+14
   0.971891E-04   0.403044E+08   0.403044E+08   0.518541E+08   0.518101E+08   0.403032E+08   0.403044E+08   0.403044E+08   0.403183E+08  -0.433101E+00   0.108410E+08   0.108410E+08   0.785917E+02   0.126968E+05   0.435329E+00  -0.111550E+14
   0.107314E-03   0.399847E+08   0.399846E+08   0.510301E+08   0.509769E+08   0.399825E+08   0.399846E+08   0.399847E+08   0.399983E+08  -0.429663E+00   0.107900E+08   0.107900E+08   0.864433E+02   0.103793E+05   0.432250E+00  -0.100550E+14
   0.118495E-03   0.396088E+08   0.396087E+08   0.500515E+08   0.499873E+08   0.396054E+08   0.396088E+08   0.396088E+08   0.396222E+08  -0.425623E+00   0.107295E+08   0.107295E+08   0.950007E+02   0.847764E+04   0.428729E+00  -0.905515E+13
   0.130840E-03   0.391701E+08   0.391699E+08   0.488950E+08   0.488177E+08   0.391652E+08   0.391700E+08   0.391700E+08   0.391831E+08  -0.420906E+00   0.106580E+08   0.106579E+08   0.104301E+03   0.691721E+04   0.424749E+00  -0.814612E+13
   0.144471E-03   0.386617E+08   0.386616E+08   0.475358E+08   0.474431E+08   0.386550E+08   0.386617E+08   0.386617E+08   0.386743E+08  -0.415441E+00   0.105740E+08   0.105740E+08   0.114374E+03   0.563678E+04   0.420309E+00  -0.731939E+13
   0.159522E-03   0.380778E+08   0.380776E+08   0.459488E+08   0.458380E+08   0.380690E+08   0.380778E+08   0.380778E+08   0.380900E+08  -0.409163E+00   0.104761E+08   0.104760E+08   0.125238E+03   0.458625E+04   0.415427E+00  -0.656739E+13
   0.176142E-03   0.374136E+08   0.374134E+08   0.441095E+08   0.439776E+08   0.374021E+08   0.374135E+08   0.374136E+08   0.374253E+08  -0.402022E+00   0.103627E+08   0.103626E+08   0.136897E+03   0.372459E+04   0.410148E+00  -0.588338E+13
   0.194493E-03   0.366660E+08   0.366657E+08   0.419955E+08   0.418393E+08   0.366513E+08   0.366659E+08   0.366660E+08   0.366771E+08  -0.393984E+00   0.102326E+08   0.102325E+08   0.149331E+03   0.301826E+04   0.404539E+00  -0.526136E+13
   0.214755E-03   0.358342E+08   0.358339E+08   0.395889E+08   0.394050E+08   0.358157E+08   0.358341E+08   0.358342E+08   0.358447E+08  -0.385040E+00   0.100846E+08   0.100845E+08   0.162490E+03   0.243978E+04   0.398694E+00  -0.469603E+13
   0.237129E-03   0.349202E+08   0.349197E+08   0.368789E+08   0.366640E+08   0.348969E+08   0.349200E+08   0.349201E+08   0.349298E+08  -0.375211E+00   0.991811E+07   0.991798E+07   0.176289E+03   0.196668E+04   0.392727E+00  -0.418272E+13
   0.261834E-03   0.339287E+08   0.339282E+08   0.338646E+08   0.336159E+08   0.338997E+08   0.339284E+08   0.339286E+08   0.339375E+08  -0.364548E+00   0.973276E+07   0.973261E+07   0.190592E+03   0.158048E+04   0.386766E+00  -0.371728E+13
   0.289112E-03   0.328677E+08   0.328671E+08   0.305598E+08   0.302750E+08   0.328318E+08   0.328674E+08   0.328676E+08   0.328755E+08  -0.353137E+00   0.952887E+07   0.952869E+07   0.205206E+03   0.126602E+04   0.380943E+00  -0.329602E+13
   0.319233E-03   0.317479E+08   0.317472E+08   0.269965E+08   0.266746E+08   0.317037E+08   0.317476E+08   0.317478E+08   0.317548E+08  -0.341094E+00   0.930735E+07   0.930714E+07   0.219868E+03   0.101076E+04   0.375384E+00  -0.291563E+13
   0.352491E-03   0.305826E+08   0.305817E+08   0.232305E+08   0.228723E+08   0.305283E+08   0.305822E+08   0.305824E+08   0.305884E+08  -0.328559E+00   0.906973E+07   0.906949E+07   0.234241E+03   0.804282E+03   0.370200E+00  -0.257312E+13
   0.389215E-03   0.293865E+08   0.293854E+08   0.193456E+08   0.189543E+08   0.293200E+08   0.293860E+08   0.293863E+08   0.293911E+08  -0.315692E+00   0.881818E+07   0.881789E+07   0.247902E+03   0.637944E+03   0.365477E+00  -0.226570E+13
   0.429764E-03   0.281753E+08   0.281741E+08   0.154569E+08   0.150381E+08   0.280942E+08   0.281747E+08   0.281751E+08   0.281788E+08  -0.302662E+00   0.855535E+07   0.855502E+07   0.260350E+03   0.504512E+03   0.361277E+00  -0.199077E+13
   0.474538E-03   0.269649E+08   0.269635E+08   0.117098E+08   0.112718E+08   0.268662E+08   0.269642E+08   0.269647E+08   0.269673E+08  -0.289640E+00   0.828435E+07   0.828396E+07   0.271021E+03   0.397946E+03   0.357627E+00  -0.174582E+13
   0.523976E-03   0.257704E+08   0.257687E+08   0.827319E+07   0.782573E+07   0.256505E+08   0.257696E+08   0.257701E+08   0.257718E+08  -0.276789E+00   0.800851E+07   0.800807E+07   0.279310E+03   0.313203E+03   0.354533E+00  -0.152845E+13
   0.578566E-03   0.246056E+08   0.246036E+08   0.532194E+07   0.487392E+07   0.244603E+08   0.246045E+08   0.246052E+08   0.246059E+08  -0.264257E+00   0.773128E+07   0.773079E+07   0.284629E+03   0.246087E+03   0.351971E+00  -0.133632E+13
   0.638842E-03   0.234822E+08   0.234799E+08   0.300730E+07   0.256311E+07   0.233065E+08   0.234810E+08   0.234818E+08   0.234818E+08  -0.252173E+00   0.745606E+07   0.745551E+07   0.286463E+03   0.193130E+03   0.349903E+00  -0.116715E+13
   0.705398E-03   0.224102E+08   0.224075E+08   0.141632E+07   0.971345E+06   0.221982E+08   0.224087E+08   0.224097E+08   0.224091E+08  -0.240642E+00   0.718600E+07   0.718540E+07   0.284459E+03   0.151478E+03   0.348279E+00  -0.101874E+13
   0.778888E-03   0.213968E+08   0.213939E+08   0.530475E+06   0.675847E+05   0.211417E+08   0.213951E+08   0.213964E+08   0.213952E+08  -0.229746E+00   0.692395E+07   0.692330E+07   0.278490E+03   0.118803E+03   0.347038E+00  -0.888972E+12
   0.860035E-03   0.204475E+08   0.204443E+08   0.203968E+06  -0.305585E+06   0.201411E+08   0.204455E+08   0.204470E+08   0.204456E+08  -0.219541E+00   0.667234E+07   0.667165E+07   0.268703E+03   0.932212E+02   0.346121E+00  -0.775838E+12
   0.949635E-03   0.195654E+08   0.195618E+08   0.189241E+06  -0.398070E+06   0.191983E+08   0.195630E+08   0.195648E+08   0.195630E+08  -0.210059E+00   0.643311E+07   0.643238E+07   0.255502E+03   0.732180E+02   0.345470E+00  -0.677442E+12
   0.104857E-02   0.187515E+08   0.187477E+08   0.225159E+06  -0.454186E+06   0.183131E+08   0.187488E+08   0.187509E+08   0.187488E+08  -0.201314E+00   0.620768E+07   0.620693E+07   0.239470E+03   0.575856E+02   0.345030E+00  -0.592024E+12
   0.115781E-02   0.180056E+08   0.180016E+08   0.159823E+06  -0.586004E+06   0.174835E+08   0.180025E+08   0.180049E+08   0.180025E+08  -0.193298E+00   0.599700E+07   0.599623E+07   0.221251E+03   0.453673E+02   0.344751E+00  -0.517967E+12
   0.127844E-02   0.173257E+08   0.173215E+08   0.194691E+05  -0.716999E+06   0.167065E+08   0.173221E+08   0.173250E+08   0.173220E+08  -0.185991E+00   0.580148E+07   0.580071E+07   0.201490E+03   0.358105E+02   0.344593E+00  -0.453801E+12
   0.141163E-02   0.167089E+08   0.167045E+08  -0.699343E+05  -0.691852E+06   0.159785E+08   0.167047E+08   0.167081E+08   0.167046E+08  -0.179360E+00   0.562113E+07   0.562036E+07   0.180857E+03   0.283265E+02   0.344522E+00  -0.398207E+12
   0.155869E-02   0.161511E+08   0.161467E+08  -0.650906E+05   0.406347E+06   0.152946E+08   0.161463E+08   0.161503E+08   0.161463E+08  -0.173365E+00   0.545551E+07   0.545476E+07   0.160147E+03   0.224572E+02   0.344509E+00  -0.350010E+12
   0.172108E-02   0.156477E+08   0.156434E+08  -0.593216E+05   0.322897E+06   0.146498E+08   0.156422E+08   0.156470E+08   0.156423E+08  -0.167952E+00   0.530393E+07   0.530320E+07   0.140265E+03   0.178434E+02   0.344535E+00  -0.308178E+12
   0.190039E-02   0.151936E+08   0.151894E+08  -0.945739E+05   0.257154E+06   0.140392E+08   0.151874E+08   0.151929E+08   0.151874E+08  -0.163068E+00   0.516537E+07   0.516468E+07   0.122048E+03   0.142083E+02   0.344583E+00  -0.271810E+12
   0.209838E-02   0.147834E+08   0.147792E+08  -0.838799E+05   0.205222E+06   0.134581E+08   0.147764E+08   0.147827E+08   0.147764E+08  -0.158655E+00   0.503862E+07   0.503795E+07   0.106086E+03   0.113371E+02   0.344642E+00  -0.240123E+12
   0.231699E-02   0.144114E+08   0.144073E+08  -0.500958E+05   0.164087E+06   0.129023E+08   0.144036E+08   0.144107E+08   0.144036E+08  -0.154651E+00   0.492231E+07   0.492167E+07   0.926800E+02   0.906308E+01   0.344704E+00  -0.212447E+12
   0.255838E-02   0.140721E+08   0.140679E+08  -0.653172E+05   0.131414E+06   0.123679E+08   0.140633E+08   0.140714E+08   0.140633E+08  -0.150997E+00   0.481499E+07   0.481436E+07   0.817524E+02   0.725717E+01   0.344763E+00  -0.188207E+12
   0.282492E-02   0.137598E+08   0.137555E+08  -0.427557E+05   0.105394E+06   0.118512E+08   0.137500E+08   0.137591E+08   0.137500E+08  -0.147634E+00   0.471515E+07   0.471453E+07   0.727792E+02   0.581917E+01   0.344816E+00  -0.166915E+12
   0.311923E-02   0.134693E+08   0.134648E+08  -0.329565E+05   0.846185E+05   0.113483E+08   0.134585E+08   0.134686E+08   0.134585E+08  -0.144503E+00   0.462129E+07   0.462068E+07   0.650642E+02   0.467130E+01   0.344862E+00  -0.148157E+12
   0.344419E-02   0.131956E+08   0.131909E+08  -0.168672E+05   0.679931E+05   0.108553E+08   0.131837E+08   0.131948E+08   0.131837E+08  -0.141553E+00   0.453196E+07   0.453136E+07   0.580184E+02   0.375288E+01   0.344900E+00  -0.131585E+12
   0.380302E-02   0.129339E+08   0.129289E+08  -0.982873E+04   0.546614E+05   0.103681E+08   0.129209E+08   0.129330E+08   0.129209E+08  -0.138731E+00   0.444576E+07   0.444517E+07   0.514593E+02   0.301657E+01   0.344930E+00  -0.116902E+12
   0.419923E-02   0.126798E+08   0.126745E+08  -0.936497E+03   0.439522E+05   0.988345E+07   0.126657E+08   0.126789E+08   0.126657E+08  -0.135990E+00   0.436135E+07   0.436078E+07   0.455830E+02   0.242519E+01   0.344952E+00  -0.103862E+12
   0.463671E-02   0.124293E+08   0.124237E+08  -0.742222E+04   0.353371E+05   0.939866E+07   0.124140E+08   0.124284E+08   0.124140E+08  -0.133288E+00   0.427751E+07   0.427694E+07   0.406019E+02   0.194954E+01   0.344966E+00  -0.922544E+11
   0.511978E-02   0.121788E+08   0.121726E+08  -0.106194E+05   0.283989E+05   0.891291E+07   0.121623E+08   0.121777E+08   0.121623E+08  -0.130585E+00   0.419309E+07   0.419253E+07   0.363937E+02   0.156654E+01   0.344974E+00  -0.819010E+11
   0.565317E-02   0.119252E+08   0.119185E+08  -0.826305E+04   0.228076E+05   0.840380E+07   0.119074E+08   0.119241E+08   0.119075E+08  -0.127849E+00   0.410715E+07   0.410660E+07   0.326311E+02   0.125793E+01   0.344973E+00  -0.726533E+11
   0.624213E-02   0.116649E+08   0.116575E+08  -0.716264E+04   0.182982E+05   0.789782E+07   0.116459E+08   0.116637E+08   0.116459E+08  -0.125040E+00   0.401852E+07   0.401797E+07   0.291991E+02   0.100908E+01   0.344967E+00  -0.643782E+11
   0.689245E-02   0.113955E+08   0.113872E+08  -0.379585E+04   0.146612E+05   0.738327E+07   0.113751E+08   0.113941E+08   0.113751E+08  -0.122133E+00   0.392642E+07   0.392587E+07   0.262147E+02   0.808398E+00   0.344956E+00  -0.569677E+11
   0.761052E-02   0.111145E+08   0.111051E+08  -0.375632E+04   0.117283E+05   0.686753E+07   0.110928E+08   0.111129E+08   0.110928E+08  -0.119102E+00   0.383008E+07   0.382954E+07   0.236189E+02   0.646593E+00   0.344941E+00  -0.503267E+11
   0.840340E-02   0.108197E+08   0.108090E+08  -0.472922E+04   0.936418E+04   0.635786E+07   0.107968E+08   0.108179E+08   0.107968E+08  -0.115924E+00   0.372878E+07   0.372825E+07   0.212884E+02   0.516185E+00   0.344923E+00  -0.443728E+11
   0.927889E-02   0.105092E+08   0.104970E+08  -0.275585E+04   0.745984E+04   0.585259E+07   0.104851E+08   0.105071E+08   0.104851E+08  -0.112577E+00   0.362192E+07   0.362138E+07   0.192401E+02   0.411157E+00   0.344903E+00  -0.390344E+11
   0.102456E-01   0.101812E+08   0.101673E+08  -0.267680E+04   0.592741E+04   0.535021E+07   0.101561E+08   0.101789E+08   0.101561E+08  -0.109044E+00   0.350891E+07   0.350838E+07   0.174329E+02   0.326653E+00   0.344880E+00  -0.342484E+11
   0.113130E-01   0.983429E+07   0.981834E+07  -0.241031E+04   0.469577E+04   0.485599E+07   0.980807E+07   0.983161E+07   0.980807E+07  -0.105308E+00   0.338925E+07   0.338871E+07   0.158364E+02   0.258745E+00   0.344856E+00  -0.299592E+11
   0.124916E-01   0.946692E+07   0.944859E+07  -0.174995E+04   0.370739E+04   0.437593E+07   0.943977E+07   0.946385E+07   0.943977E+07  -0.101353E+00   0.326246E+07   0.326192E+07   0.144279E+02   0.204258E+00   0.344830E+00  -0.261174E+11
   0.137930E-01   0.907804E+07   0.905698E+07  -0.168884E+04   0.291569E+04   0.391313E+07   0.905008E+07   0.907451E+07   0.905008E+07  -0.971693E-01   0.312820E+07   0.312765E+07   0.131826E+02   0.160621E+00   0.344805E+00  -0.226797E+11
   0.152300E-01   0.866688E+07   0.864275E+07  -0.134198E+04   0.228295E+04   0.346787E+07   0.863825E+07   0.866283E+07   0.863825E+07  -0.927475E-01   0.298620E+07   0.298565E+07   0.120752E+02   0.125749E+00   0.344779E+00  -0.196075E+11
   0.168167E-01   0.824274E+07   0.821520E+07  -0.103224E+04   0.178067E+04   0.305026E+07   0.821357E+07   0.823812E+07   0.821357E+07  -0.881878E-01   0.283971E+07   0.283915E+07   0.110924E+02   0.980719E-01   0.344753E+00  -0.168863E+11
   0.185687E-01   0.778904E+07   0.775783E+07  -0.926125E+03   0.137996E+04   0.265456E+07   0.775953E+07   0.778380E+07   0.775953E+07  -0.833128E-01   0.268300E+07   0.268243E+07   0.101939E+02   0.759944E-01   0.344728E+00  -0.144490E+11
   0.205033E-01   0.731524E+07   0.728018E+07  -0.585226E+03   0.106285E+04   0.228703E+07   0.728559E+07   0.730936E+07   0.728559E+07  -0.782242E-01   0.251936E+07   0.251878E+07   0.936311E+01   0.585255E-01   0.344704E+00  -0.122876E+11
   0.226393E-01   0.681737E+07   0.677845E+07  -0.536982E+03   0.812289E+03   0.194722E+07   0.678782E+07   0.681084E+07   0.678782E+07  -0.728797E-01   0.234743E+07   0.234685E+07   0.857198E+01   0.447246E-01   0.344681E+00  -0.103688E+11
   0.249980E-01   0.631299E+07   0.627044E+07  -0.402645E+03   0.616839E+03   0.164108E+07   0.628377E+07   0.630584E+07   0.628377E+07  -0.674678E-01   0.217329E+07   0.217270E+07   0.780359E+01   0.339603E-01   0.344658E+00  -0.869378E+10
   0.276023E-01   0.580788E+07   0.576229E+07  -0.278197E+03   0.465363E+03   0.136865E+07   0.577925E+07   0.580022E+07   0.577925E+07  -0.620509E-01   0.199894E+07   0.199836E+07   0.703608E+01   0.256188E-01   0.344638E+00  -0.724185E+10
   0.304780E-01   0.530411E+07   0.525646E+07  -0.242563E+03   0.348516E+03   0.112868E+07   0.527639E+07   0.529611E+07   0.527639E+07  -0.566517E-01   0.182513E+07   0.182456E+07   0.624756E+01   0.191849E-01   0.344618E+00  -0.598827E+10
   0.336533E-01   0.481520E+07   0.476692E+07  -0.162387E+03   0.259457E+03   0.921636E+06   0.478870E+07   0.480709E+07   0.478870E+07  -0.514155E-01   0.165654E+07   0.165600E+07   0.542913E+01   0.142816E-01   0.344600E+00  -0.492230E+10
   0.371593E-01   0.435866E+07   0.431163E+07  -0.122436E+03   0.192605E+03   0.747546E+06   0.433371E+07   0.435076E+07   0.433371E+07  -0.465303E-01   0.149923E+07   0.149872E+07   0.458413E+01   0.106011E-01   0.344584E+00  -0.403452E+10
   0.410307E-01   0.394559E+07   0.390195E+07  -0.107959E+03   0.142996E+03   0.604045E+06   0.392248E+07   0.393826E+07   0.392248E+07  -0.421150E-01   0.135704E+07   0.135658E+07   0.372841E+01   0.787024E-02   0.344568E+00  -0.330730E+10
   0.451338E-01   0.360022E+07   0.356173E+07   0.107841E+03   0.107841E+03   0.492388E+06   0.357908E+07   0.359376E+07   0.357908E+07  -0.384280E-01   0.123822E+07   0.123780E+07   0.310376E+01   0.593561E-02   0.344536E+00  -0.274339E+10
   0.492368E-01   0.332751E+07   0.329513E+07   0.837659E+02   0.837659E+02   0.409386E+06   0.330829E+07   0.332208E+07   0.330829E+07  -0.355206E-01   0.114457E+07   0.114422E+07   0.240168E+01   0.461034E-02   0.344525E+00  -0.232460E+10
   0.533399E-01   0.310773E+07   0.308144E+07   0.666745E+02   0.666745E+02   0.346018E+06   0.309027E+07   0.310332E+07   0.309027E+07  -0.331797E-01   0.106917E+07   0.106888E+07   0.184182E+01   0.366955E-02   0.344516E+00  -0.200443E+10
   0.574430E-01   0.292268E+07   0.290175E+07   0.540783E+02   0.540783E+02   0.296070E+06   0.290675E+07   0.291917E+07   0.290675E+07  -0.312093E-01   0.100570E+07   0.100546E+07   0.142183E+01   0.297623E-02   0.344508E+00  -0.175078E+10
   0.615460E-01   0.275817E+07   0.274133E+07   0.444644E+02   0.444644E+02   0.255421E+06   0.274351E+07   0.275534E+07   0.274351E+07  -0.294566E-01   0.949239E+06   0.949030E+06   0.112945E+01   0.244708E-02   0.344501E+00  -0.154232E+10
   0.656491E-01   0.260322E+07   0.258899E+07   0.368886E+02   0.368886E+02   0.221311E+06   0.258957E+07   0.260083E+07   0.258957E+07  -0.278038E-01   0.895993E+06   0.895807E+06   0.944202E+00   0.203011E-02   0.344495E+00  -0.136482E+10
   0.697522E-01   0.245006E+07   0.243698E+07   0.307545E+02   0.307545E+02   0.191938E+06   0.243719E+07   0.244786E+07   0.243719E+07  -0.261677E-01   0.843283E+06   0.843107E+06   0.840444E+00   0.169251E-02   0.344489E+00  -0.120897E+10
   0.738552E-01   0.229996E+07   0.228683E+07   0.257501E+02   0.257501E+02   0.166619E+06   0.228767E+07   0.229775E+07   0.228767E+07  -0.245623E-01   0.791563E+06   0.791388E+06   0.792327E+00   0.141708E-02   0.344485E+00  -0.107178E+10
   0.779583E-01   0.214806E+07   0.213407E+07   0.215816E+02   0.215816E+02   0.144354E+06   0.213624E+07   0.214571E+07   0.213624E+07  -0.229364E-01   0.739180E+06   0.738999E+06   0.773195E+00   0.118767E-02   0.344481E+00  -0.948170E+09
   0.820614E-01   0.200175E+07   0.198656E+07   0.181475E+02   0.181475E+02   0.125155E+06   0.199033E+07   0.199920E+07   0.199033E+07  -0.213699E-01   0.688705E+06   0.688517E+06   0.763320E+00   0.998675E-03   0.344477E+00  -0.839249E+09
   0.861644E-01   0.186504E+07   0.184874E+07   0.153332E+02   0.153332E+02   0.108784E+06   0.185401E+07   0.186231E+07   0.185401E+07  -0.199062E-01   0.641544E+06   0.641351E+06   0.747793E+00   0.843795E-03   0.344474E+00  -0.744548E+09
   0.912856E-01   0.171299E+07   0.169594E+07   0.125448E+02   0.125448E+02   0.919467E+05   0.170247E+07   0.171013E+07   0.170247E+07  -0.182792E-01   0.589118E+06   0.588924E+06   0.708038E+00   0.690340E-03   0.344470E+00  -0.645346E+09
   0.964067E-01   0.158615E+07   0.156935E+07   0.104134E+02   0.104134E+02   0.786377E+05   0.157621E+07   0.158333E+07   0.157621E+07  -0.169235E-01   0.545432E+06   0.545247E+06   0.642653E+00   0.573048E-03   0.344467E+00  -0.565750E+09
   0.101528E+00   0.148606E+07   0.147053E+07   0.879714E+01   0.879714E+01   0.682822E+05   0.147676E+07   0.148345E+07   0.147676E+07  -0.158557E-01   0.511023E+06   0.510853E+06   0.558319E+00   0.484101E-03   0.344464E+00  -0.503324E+09
   0.106649E+00   0.140911E+07   0.139555E+07   0.756078E+01   0.756078E+01   0.601948E+05   0.140046E+07   0.140683E+07   0.140046E+07  -0.150365E-01   0.484624E+06   0.484474E+06   0.467140E+00   0.416063E-03   0.344462E+00  -0.454403E+09
   0.111770E+00   0.134775E+07   0.133642E+07   0.658538E+01   0.658538E+01   0.536773E+05   0.133973E+07   0.134584E+07   0.133973E+07  -0.143844E-01   0.463609E+06   0.463481E+06   0.381844E+00   0.362386E-03   0.344460E+00  -0.414784E+09
   0.116891E+00   0.129383E+07   0.128453E+07   0.578129E+01   0.578129E+01   0.481662E+05   0.128638E+07   0.129226E+07   0.128638E+07  -0.138116E-01   0.445147E+06   0.445038E+06   0.312264E+00   0.318136E-03   0.344458E+00  -0.380820E+09
   0.122012E+00   0.124099E+07   0.123317E+07   0.509023E+01   0.509023E+01   0.432832E+05   0.123401E+07   0.123968E+07   0.123401E+07  -0.132494E-01   0.427028E+06   0.426932E+06   0.263389E+00   0.280107E-03   0.344456E+00  -0.349987E+09
   0.127134E+00   0.118550E+07   0.117846E+07   0.447904E+01   0.447904E+01   0.388200E+05   0.117890E+07   0.118432E+07   0.117890E+07  -0.126576E-01   0.407957E+06   0.407867E+06   0.235020E+00   0.246474E-03   0.344454E+00  -0.320889E+09
   0.132255E+00   0.112633E+07   0.111939E+07   0.393215E+01   0.393215E+01   0.346953E+05   0.112000E+07   0.112516E+07   0.112000E+07  -0.120253E-01   0.387579E+06   0.387491E+06   0.222831E+00   0.216379E-03   0.344453E+00  -0.293055E+09
   0.137376E+00   0.106467E+07   0.105737E+07   0.344453E+01   0.344453E+01   0.309076E+05   0.105855E+07   0.106344E+07   0.105855E+07  -0.113655E-01   0.366318E+06   0.366228E+06   0.220233E+00   0.189546E-03   0.344452E+00  -0.266653E+09
   0.142497E+00   0.100316E+07   0.995301E+06   0.301594E+01   0.301594E+01   0.274933E+05   0.997225E+06   0.100184E+07   0.997225E+06  -0.107070E-01   0.345098E+06   0.345004E+06   0.220420E+00   0.165961E-03   0.344451E+00  -0.242177E+09
   0.147618E+00   0.945161E+06   0.936836E+06   0.264741E+01   0.264741E+01   0.244961E+05   0.939412E+06   0.943763E+06   0.939412E+06  -0.100863E-01   0.325094E+06   0.324998E+06   0.218026E+00   0.145681E-03   0.344449E+00  -0.220224E+09
   0.152739E+00   0.893874E+06   0.885364E+06   0.233839E+01   0.233839E+01   0.219438E+05   0.888325E+06   0.892445E+06   0.888325E+06  -0.953780E-02   0.307417E+06   0.307321E+06   0.210056E+00   0.128676E-03   0.344448E+00  -0.201266E+09
   0.157860E+00   0.851061E+06   0.842740E+06   0.208419E+01   0.208419E+01   0.198205E+05   0.845737E+06   0.849664E+06   0.845737E+06  -0.908053E-02   0.292680E+06   0.292587E+06   0.196001E+00   0.114688E-03   0.344448E+00  -0.185401E+09
   0.162982E+00   0.816408E+06   0.808621E+06   0.187574E+01   0.187574E+01   0.180647E+05   0.811329E+06   0.815101E+06   0.811329E+06  -0.871110E-02   0.280773E+06   0.280686E+06   0.177335E+00   0.103217E-03   0.344447E+00  -0.172270E+09
   0.168103E+00   0.788126E+06   0.781102E+06   0.170229E+01   0.170229E+01   0.165917E+05   0.783301E+06   0.786947E+06   0.783301E+06  -0.841017E-02   0.271073E+06   0.270994E+06   0.156692E+00   0.936727E-04   0.344446E+00  -0.161253E+09
   0.173224E+00   0.763962E+06   0.757767E+06   0.155418E+01   0.155418E+01   0.153215E+05   0.759383E+06   0.762922E+06   0.759383E+06  -0.815337E-02   0.262796E+06   0.262725E+06   0.136949E+00   0.855226E-04   0.344445E+00  -0.151708E+09
   0.178345E+00   0.741624E+06   0.736168E+06   0.142352E+01   0.142352E+01   0.141861E+05   0.737269E+06   0.740708E+06   0.737269E+06  -0.791594E-02   0.255143E+06   0.255079E+06   0.120411E+00   0.783324E-04   0.344445E+00  -0.143061E+09
   0.183466E+00   0.718989E+06   0.714068E+06   0.130421E+01   0.130421E+01   0.131318E+05   0.714827E+06   0.718163E+06   0.714827E+06  -0.767497E-02   0.247377E+06   0.247317E+06   0.108313E+00   0.717674E-04   0.344444E+00  -0.134835E+09
   0.188587E+00   0.694684E+06   0.690047E+06   0.119265E+01   0.119265E+01   0.121271E+05   0.690679E+06   0.693906E+06   0.690679E+06  -0.741571E-02   0.239020E+06   0.238963E+06   0.100723E+00   0.656283E-04   0.344443E+00  -0.126742E+09
   0.193708E+00   0.668569E+06   0.663986E+06   0.108789E+01   0.108789E+01   0.111662E+05   0.664692E+06   0.667799E+06   0.664692E+06  -0.713668E-02   0.230028E+06   0.229972E+06   0.967706E-01   0.598638E-04   0.344443E+00  -0.118749E+09
   0.198830E+00   0.641497E+06   0.636811E+06   0.990688E+00   0.990688E+00   0.102600E+05   0.637726E+06   0.640710E+06   0.637726E+06  -0.684716E-02   0.220697E+06   0.220640E+06   0.950285E-01   0.545148E-04   0.344442E+00  -0.110997E+09
   0.203951E+00   0.614654E+06   0.609804E+06   0.902073E+00   0.902073E+00   0.942275E+04   0.610979E+06   0.613840E+06   0.610979E+06  -0.655998E-02   0.211441E+06   0.211384E+06   0.939496E-01   0.496386E-04   0.344442E+00  -0.103672E+09
   0.209072E+00   0.589193E+06   0.584214E+06   0.822787E+00   0.822787E+00   0.866539E+04   0.585614E+06   0.588357E+06   0.585614E+06  -0.628764E-02   0.202664E+06   0.202606E+06   0.922567E-01   0.452756E-04   0.344441E+00  -0.969340E+08
   0.214193E+00   0.566101E+06   0.561094E+06   0.753139E+00   0.753139E+00   0.799454E+04   0.562623E+06   0.565260E+06   0.562623E+06  -0.604079E-02   0.194708E+06   0.194651E+06   0.891989E-01   0.414431E-04   0.344441E+00  -0.909020E+08
   0.219314E+00   0.545973E+06   0.541070E+06   0.692819E+00   0.692819E+00   0.740989E+04   0.542604E+06   0.545149E+06   0.542604E+06  -0.582585E-02   0.187781E+06   0.187725E+06   0.846180E-01   0.381238E-04   0.344441E+00  -0.856207E+08
   0.224435E+00   0.528804E+06   0.524127E+06   0.640774E+00   0.640774E+00   0.690308E+04   0.525553E+06   0.528019E+06   0.525553E+06  -0.564277E-02   0.181880E+06   0.181827E+06   0.788510E-01   0.352599E-04   0.344440E+00  -0.810378E+08
   0.229556E+00   0.514050E+06   0.509679E+06   0.595447E+00   0.595447E+00   0.645950E+04   0.510917E+06   0.513316E+06   0.510917E+06  -0.548563E-02   0.176815E+06   0.176765E+06   0.725373E-01   0.327657E-04   0.344440E+00  -0.770237E+08
   0.234678E+00   0.500878E+06   0.496838E+06   0.555185E+00   0.555185E+00   0.606314E+04   0.497861E+06   0.500199E+06   0.497861E+06  -0.534545E-02   0.172296E+06   0.172249E+06   0.663966E-01   0.305502E-04   0.344440E+00  -0.734176E+08
   0.239799E+00   0.488403E+06   0.484666E+06   0.518518E+00   0.518518E+00   0.569922E+04   0.485494E+06   0.487776E+06   0.485494E+06  -0.521267E-02   0.168016E+06   0.167972E+06   0.610309E-01   0.285325E-04   0.344439E+00  -0.700651E+08
   0.244920E+00   0.475876E+06   0.472370E+06   0.484335E+00   0.484335E+00   0.535655E+04   0.473063E+06   0.475287E+06   0.473063E+06  -0.507920E-02   0.163714E+06   0.163673E+06   0.567941E-01   0.266515E-04   0.344439E+00  -0.668436E+08
   0.250041E+00   0.462858E+06   0.459495E+06   0.451994E+00   0.451994E+00   0.502876E+04   0.460129E+06   0.462293E+06   0.460129E+06  -0.494033E-02   0.159238E+06   0.159198E+06   0.537506E-01   0.248719E-04   0.344439E+00  -0.636845E+08
   0.255162E+00   0.449299E+06   0.445997E+06   0.421312E+00   0.421312E+00   0.471439E+04   0.446643E+06   0.448745E+06   0.446643E+06  -0.479553E-02   0.154571E+06   0.154532E+06   0.517130E-01   0.231836E-04   0.344438E+00  -0.605773E+08
   0.260283E+00   0.435450E+06   0.432151E+06   0.392401E+00   0.392401E+00   0.441530E+04   0.432859E+06   0.434896E+06   0.432859E+06  -0.464753E-02   0.149801E+06   0.149762E+06   0.503323E-01   0.215927E-04   0.344438E+00  -0.575527E+08
   0.265404E+00   0.421706E+06   0.418384E+06   0.365474E+00   0.365474E+00   0.413434E+04   0.419175E+06   0.421148E+06   0.419175E+06  -0.450061E-02   0.145066E+06   0.145027E+06   0.492092E-01   0.201109E-04   0.344438E+00  -0.546579E+08
   0.270526E+00   0.408497E+06   0.405160E+06   0.340733E+00   0.340733E+00   0.387443E+04   0.406025E+06   0.407937E+06   0.406025E+06  -0.435942E-02   0.140515E+06   0.140476E+06   0.479986E-01   0.187495E-04   0.344438E+00  -0.519411E+08
   0.275647E+00   0.396203E+06   0.392883E+06   0.318301E+00   0.318301E+00   0.363745E+04   0.393790E+06   0.395645E+06   0.393790E+06  -0.422806E-02   0.136281E+06   0.136243E+06   0.464801E-01   0.175151E-04   0.344438E+00  -0.494401E+08
   0.280768E+00   0.385047E+06   0.381788E+06   0.298153E+00   0.298153E+00   0.342368E+04   0.382697E+06   0.384500E+06   0.382697E+06  -0.410895E-02   0.132442E+06   0.132405E+06   0.445836E-01   0.164064E-04   0.344437E+00  -0.471710E+08
   0.285889E+00   0.375040E+06   0.371885E+06   0.280096E+00   0.280096E+00   0.323137E+04   0.372754E+06   0.374511E+06   0.372754E+06  -0.400219E-02   0.129001E+06   0.128965E+06   0.423737E-01   0.154128E-04   0.344437E+00  -0.451224E+08
   0.291010E+00   0.366007E+06   0.362984E+06   0.263820E+00   0.263820E+00   0.305735E+04   0.363784E+06   0.365499E+06   0.363784E+06  -0.390589E-02   0.125897E+06   0.125862E+06   0.400063E-01   0.145172E-04   0.344437E+00  -0.432617E+08
   0.296131E+00   0.357669E+06   0.354790E+06   0.248979E+00   0.248979E+00   0.289801E+04   0.355509E+06   0.357186E+06   0.355509E+06  -0.381704E-02   0.123033E+06   0.123000E+06   0.376715E-01   0.137006E-04   0.344437E+00  -0.415465E+08
   0.301252E+00   0.349725E+06   0.346982E+06   0.235251E+00   0.235251E+00   0.274981E+04   0.347625E+06   0.349264E+06   0.347625E+06  -0.373239E-02   0.120305E+06   0.120273E+06   0.355387E-01   0.129451E-04   0.344437E+00  -0.399346E+08
   0.306374E+00   0.341906E+06   0.339277E+06   0.222372E+00   0.222372E+00   0.260996E+04   0.339861E+06   0.341465E+06   0.339861E+06  -0.364903E-02   0.117618E+06   0.117587E+06   0.337181E-01   0.122365E-04   0.344436E+00  -0.383901E+08
   0.311495E+00   0.334032E+06   0.331486E+06   0.210169E+00   0.210169E+00   0.247654E+04   0.332038E+06   0.333605E+06   0.332038E+06  -0.356503E-02   0.114911E+06   0.114880E+06   0.322437E-01   0.115649E-04   0.344436E+00  -0.368898E+08
   0.316616E+00   0.326050E+06   0.323558E+06   0.198563E+00   0.198563E+00   0.234882E+04   0.324102E+06   0.325632E+06   0.324102E+06  -0.347983E-02   0.112164E+06   0.112135E+06   0.310793E-01   0.109263E-04   0.344436E+00  -0.354257E+08
   0.321737E+00   0.318025E+06   0.315563E+06   0.187556E+00   0.187556E+00   0.222693E+04   0.316119E+06   0.317612E+06   0.316119E+06  -0.339412E-02   0.109402E+06   0.109373E+06   0.301392E-01   0.103206E-04   0.344436E+00  -0.340032E+08
   0.326858E+00   0.310090E+06   0.307647E+06   0.177187E+00   0.177187E+00   0.211145E+04   0.308224E+06   0.309680E+06   0.308224E+06  -0.330936E-02   0.106670E+06   0.106641E+06   0.293164E-01   0.975006E-05   0.344436E+00  -0.326346E+08
   0.331979E+00   0.302398E+06   0.299973E+06   0.167498E+00   0.167498E+00   0.200304E+04   0.300571E+06   0.301990E+06   0.300571E+06  -0.322718E-02   0.104021E+06   0.103993E+06   0.285110E-01   0.921688E-05   0.344436E+00  -0.313333E+08
   0.337100E+00   0.295076E+06   0.292678E+06   0.158511E+00   0.158511E+00   0.190205E+04   0.293288E+06   0.294673E+06   0.293288E+06  -0.314898E-02   0.101501E+06   0.101473E+06   0.276525E-01   0.872238E-05   0.344436E+00  -0.301096E+08
   0.342222E+00   0.288208E+06   0.285850E+06   0.150221E+00   0.150221E+00   0.180859E+04   0.286458E+06   0.287812E+06   0.286458E+06  -0.307565E-02   0.991371E+05   0.991097E+05   0.267098E-01   0.826621E-05   0.344436E+00  -0.289684E+08
   0.347343E+00   0.281812E+06   0.279508E+06   0.142588E+00   0.142588E+00   0.172224E+04   0.280101E+06   0.281425E+06   0.280101E+06  -0.300740E-02   0.969371E+05   0.969104E+05   0.256903E-01   0.784619E-05   0.344435E+00  -0.279079E+08
   0.352464E+00   0.275844E+06   0.273605E+06   0.135544E+00   0.135544E+00   0.164231E+04   0.274172E+06   0.275468E+06   0.274172E+06  -0.294374E-02   0.948852E+05   0.948592E+05   0.246298E-01   0.745855E-05   0.344435E+00  -0.269203E+08
   0.357585E+00   0.270215E+06   0.268047E+06   0.129004E+00   0.129004E+00   0.156786E+04   0.268582E+06   0.269851E+06   0.268582E+06  -0.288372E-02   0.929505E+05   0.929252E+05   0.235780E-01   0.709869E-05   0.344435E+00  -0.259937E+08
   0.362706E+00   0.264822E+06   0.262723E+06   0.122886E+00   0.122886E+00   0.149795E+04   0.263225E+06   0.264470E+06   0.263225E+06  -0.282620E-02   0.910967E+05   0.910722E+05   0.225837E-01   0.676205E-05   0.344435E+00  -0.251156E+08
   0.367827E+00   0.259569E+06   0.257531E+06   0.117120E+00   0.117120E+00   0.143180E+04   0.258007E+06   0.259227E+06   0.258007E+06  -0.277018E-02   0.892908E+05   0.892668E+05   0.216822E-01   0.644473E-05   0.344435E+00  -0.242750E+08
   0.372948E+00   0.254383E+06   0.252397E+06   0.111650E+00   0.111650E+00   0.136878E+04   0.252854E+06   0.254050E+06   0.252854E+06  -0.271485E-02   0.875075E+05   0.874842E+05   0.208892E-01   0.614375E-05   0.344435E+00  -0.234635E+08
   0.378070E+00   0.249229E+06   0.247283E+06   0.106444E+00   0.106444E+00   0.130855E+04   0.247730E+06   0.248902E+06   0.247730E+06  -0.265984E-02   0.857343E+05   0.857114E+05   0.201998E-01   0.585730E-05   0.344435E+00  -0.226767E+08
   0.383191E+00   0.244110E+06   0.242197E+06   0.101490E+00   0.101490E+00   0.125098E+04   0.242641E+06   0.243789E+06   0.242641E+06  -0.260520E-02   0.839731E+05   0.839506E+05   0.195936E-01   0.558466E-05   0.344435E+00  -0.219140E+08
   0.388312E+00   0.239070E+06   0.237183E+06   0.967889E-01   0.967889E-01   0.119616E+04   0.237629E+06   0.238753E+06   0.237629E+06  -0.255138E-02   0.822386E+05   0.822165E+05   0.190423E-01   0.532599E-05   0.344435E+00  -0.211783E+08
   0.393433E+00   0.234159E+06   0.232296E+06   0.923476E-01   0.923476E-01   0.114417E+04   0.232745E+06   0.233846E+06   0.232745E+06  -0.249894E-02   0.805482E+05   0.805264E+05   0.185165E-01   0.508160E-05   0.344435E+00  -0.204730E+08
   0.398554E+00   0.229415E+06   0.227578E+06   0.881660E-01   0.881660E-01   0.109507E+04   0.228028E+06   0.229107E+06   0.228028E+06  -0.244830E-02   0.789159E+05   0.788944E+05   0.179929E-01   0.485150E-05   0.344434E+00  -0.198004E+08
   0.403675E+00   0.224868E+06   0.223059E+06   0.842391E-01   0.842391E-01   0.104883E+04   0.223506E+06   0.224564E+06   0.223506E+06  -0.239975E-02   0.773512E+05   0.773300E+05   0.174583E-01   0.463542E-05   0.344434E+00  -0.191616E+08
   0.408796E+00   0.220531E+06   0.218756E+06   0.805574E-01   0.805574E-01   0.100535E+04   0.219195E+06   0.220233E+06   0.219195E+06  -0.235346E-02   0.758592E+05   0.758385E+05   0.169105E-01   0.443282E-05   0.344434E+00  -0.185566E+08
   0.413918E+00   0.216401E+06   0.214663E+06   0.771051E-01   0.771051E-01   0.964482E+03   0.215091E+06   0.216109E+06   0.215091E+06  -0.230940E-02   0.744388E+05   0.744185E+05   0.163566E-01   0.424285E-05   0.344434E+00  -0.179838E+08
   0.419039E+00   0.212450E+06   0.210752E+06   0.738590E-01   0.738590E-01   0.925950E+03   0.211165E+06   0.212165E+06   0.211165E+06  -0.226725E-02   0.730803E+05   0.730604E+05   0.158091E-01   0.406423E-05   0.344434E+00  -0.174398E+08
   0.424160E+00   0.208640E+06   0.206980E+06   0.707938E-01   0.707938E-01   0.889472E+03   0.207379E+06   0.208361E+06   0.207379E+06  -0.222660E-02   0.717700E+05   0.717506E+05   0.152811E-01   0.389556E-05   0.344434E+00  -0.169204E+08
   0.429281E+00   0.204934E+06   0.203312E+06   0.678877E-01   0.678877E-01   0.854786E+03   0.203697E+06   0.204662E+06   0.203697E+06  -0.218707E-02   0.704957E+05   0.704767E+05   0.147839E-01   0.373565E-05   0.344434E+00  -0.164217E+08
   0.434402E+00   0.201309E+06   0.199720E+06   0.651240E-01   0.651240E-01   0.821701E+03   0.200095E+06   0.201042E+06   0.200095E+06  -0.214838E-02   0.692489E+05   0.692303E+05   0.143238E-01   0.358357E-05   0.344434E+00  -0.159411E+08
   0.439523E+00   0.197748E+06   0.196188E+06   0.624899E-01   0.624899E-01   0.790080E+03   0.196555E+06   0.197486E+06   0.196555E+06  -0.211038E-02   0.680239E+05   0.680056E+05   0.139015E-01   0.343862E-05   0.344434E+00  -0.154766E+08
   0.444644E+00   0.194242E+06   0.192709E+06   0.599763E-01   0.599763E-01   0.759811E+03   0.193071E+06   0.193985E+06   0.193071E+06  -0.207297E-02   0.668180E+05   0.668000E+05   0.135126E-01   0.330031E-05   0.344434E+00  -0.150272E+08
   0.449766E+00   0.190798E+06   0.189288E+06   0.575786E-01   0.575786E-01   0.730865E+03   0.189646E+06   0.190544E+06   0.189646E+06  -0.203620E-02   0.656329E+05   0.656151E+05   0.131496E-01   0.316837E-05   0.344434E+00  -0.145926E+08
   0.454887E+00   0.187428E+06   0.185940E+06   0.552950E-01   0.552950E-01   0.703218E+03   0.186296E+06   0.187178E+06   0.186296E+06  -0.200023E-02   0.644734E+05   0.644559E+05   0.128038E-01   0.304271E-05   0.344434E+00  -0.141734E+08
   0.460008E+00   0.184150E+06   0.182684E+06   0.531248E-01   0.531248E-01   0.676881E+03   0.183037E+06   0.183904E+06   0.183037E+06  -0.196523E-02   0.633455E+05   0.633283E+05   0.124680E-01   0.292329E-05   0.344434E+00  -0.137704E+08
   0.465129E+00   0.180975E+06   0.179531E+06   0.510654E-01   0.510654E-01   0.651828E+03   0.179880E+06   0.180732E+06   0.179880E+06  -0.193134E-02   0.622531E+05   0.622362E+05   0.121368E-01   0.280997E-05   0.344434E+00  -0.133839E+08
   0.470250E+00   0.177906E+06   0.176485E+06   0.491120E-01   0.491120E-01   0.628014E+03   0.176830E+06   0.177668E+06   0.176830E+06  -0.189859E-02   0.611975E+05   0.611808E+05   0.118080E-01   0.270248E-05   0.344434E+00  -0.130137E+08
   0.475371E+00   0.174941E+06   0.173544E+06   0.472586E-01   0.472586E-01   0.605371E+03   0.173882E+06   0.174706E+06   0.173882E+06  -0.186695E-02   0.601775E+05   0.601611E+05   0.114822E-01   0.260049E-05   0.344434E+00  -0.126589E+08
   0.480492E+00   0.172073E+06   0.170701E+06   0.454983E-01   0.454983E-01   0.583818E+03   0.171032E+06   0.171843E+06   0.171032E+06  -0.183634E-02   0.591911E+05   0.591750E+05   0.111620E-01   0.250363E-05   0.344434E+00  -0.123187E+08
   0.485614E+00   0.169294E+06   0.167947E+06   0.438244E-01   0.438244E-01   0.563283E+03   0.168270E+06   0.169068E+06   0.168270E+06  -0.180669E-02   0.582352E+05   0.582194E+05   0.108509E-01   0.241152E-05   0.344434E+00  -0.119920E+08
   0.490735E+00   0.166591E+06   0.165268E+06   0.422295E-01   0.422295E-01   0.543670E+03   0.165584E+06   0.166369E+06   0.165584E+06  -0.177785E-02   0.573056E+05   0.572901E+05   0.105521E-01   0.232376E-05   0.344433E+00  -0.116774E+08
   0.495856E+00   0.163951E+06   0.162651E+06   0.407064E-01   0.407064E-01   0.524903E+03   0.162960E+06   0.163733E+06   0.162960E+06  -0.174968E-02   0.563976E+05   0.563823E+05   0.102679E-01   0.223994E-05   0.344433E+00  -0.113737E+08
   0.500977E+00   0.161364E+06   0.160086E+06   0.392491E-01   0.392491E-01   0.506906E+03   0.160389E+06   0.161149E+06   0.160389E+06  -0.172207E-02   0.555077E+05   0.554927E+05   0.999888E-02   0.215976E-05   0.344433E+00  -0.110798E+08
   0.506098E+00   0.158827E+06   0.157569E+06   0.378542E-01   0.378542E-01   0.489642E+03   0.157867E+06   0.158616E+06   0.157867E+06  -0.169499E-02   0.546350E+05   0.546202E+05   0.974440E-02   0.208300E-05   0.344433E+00  -0.107952E+08
   0.511219E+00   0.156341E+06   0.155102E+06   0.365190E-01   0.365190E-01   0.473085E+03   0.155397E+06   0.156133E+06   0.155397E+06  -0.166847E-02   0.537800E+05   0.537654E+05   0.950269E-02   0.200953E-05   0.344433E+00  -0.105198E+08
   0.516340E+00   0.153909E+06   0.152688E+06   0.352412E-01   0.352412E-01   0.457206E+03   0.152979E+06   0.153704E+06   0.152979E+06  -0.164251E-02   0.529433E+05   0.529289E+05   0.927128E-02   0.193922E-05   0.344433E+00  -0.102535E+08
   0.521462E+00   0.151532E+06   0.150328E+06   0.340187E-01   0.340187E-01   0.441987E+03   0.150616E+06   0.151330E+06   0.150616E+06  -0.161714E-02   0.521254E+05   0.521113E+05   0.904770E-02   0.187194E-05   0.344433E+00  -0.999594E+07
   0.526583E+00   0.149212E+06   0.148026E+06   0.328495E-01   0.328495E-01   0.427400E+03   0.148310E+06   0.149013E+06   0.148310E+06  -0.159238E-02   0.513274E+05   0.513134E+05   0.882998E-02   0.180761E-05   0.344433E+00  -0.974717E+07
   0.531704E+00   0.146954E+06   0.145784E+06   0.317321E-01   0.317321E-01   0.413438E+03   0.146065E+06   0.146758E+06   0.146065E+06  -0.156828E-02   0.505505E+05   0.505367E+05   0.861700E-02   0.174612E-05   0.344433E+00  -0.950718E+07
   0.536825E+00   0.144758E+06   0.143606E+06   0.306643E-01   0.306643E-01   0.400071E+03   0.143882E+06   0.144564E+06   0.143882E+06  -0.154484E-02   0.497950E+05   0.497815E+05   0.840841E-02   0.168736E-05   0.344433E+00  -0.927576E+07
   0.541946E+00   0.142621E+06   0.141486E+06   0.296433E-01   0.296433E-01   0.387270E+03   0.141758E+06   0.142430E+06   0.141758E+06  -0.152203E-02   0.490599E+05   0.490465E+05   0.820449E-02   0.163118E-05   0.344433E+00  -0.905245E+07
   0.547067E+00   0.140537E+06   0.139419E+06   0.286659E-01   0.286659E-01   0.374993E+03   0.139687E+06   0.140349E+06   0.139687E+06  -0.149979E-02   0.483431E+05   0.483300E+05   0.800588E-02   0.157740E-05   0.344433E+00  -0.883670E+07
   0.559946E+00   0.135513E+06   0.134438E+06   0.263845E-01   0.263845E-01   0.346250E+03   0.134694E+06   0.135333E+06   0.134694E+06  -0.144619E-02   0.466152E+05   0.466026E+05   0.753492E-02   0.145186E-05   0.344433E+00  -0.832488E+07
   0.593872E+00   0.123480E+06   0.122499E+06   0.213732E-01   0.213732E-01   0.282661E+03   0.122733E+06   0.123316E+06   0.122733E+06  -0.131777E-02   0.424759E+05   0.424643E+05   0.648639E-02   0.117610E-05   0.344433E+00  -0.715230E+07
   0.629853E+00   0.112486E+06   0.111593E+06   0.173093E-01   0.173093E-01   0.230581E+03   0.111806E+06   0.112336E+06   0.111806E+06  -0.120044E-02   0.386940E+05   0.386835E+05   0.557346E-02   0.952476E-06   0.344433E+00  -0.614329E+07
   0.879031E+00   0.657561E+05   0.652341E+05   0.519500E-02   0.519500E-02   0.715335E+02   0.653580E+05   0.656684E+05   0.653580E+05  -0.701738E-03   0.226193E+05   0.226131E+05   0.235737E-02   0.285865E-06   0.344432E+00  -0.257319E+07
   0.122679E+01   0.379749E+05   0.376734E+05   0.154034E-02   0.154034E-02   0.216815E+02   0.377449E+05   0.379242E+05   0.377449E+05  -0.405260E-03   0.130629E+05   0.130593E+05   0.994327E-03   0.847602E-07   0.344431E+00  -0.106480E+07
   0.171212E+01   0.217029E+05   0.215305E+05   0.451968E-03   0.451968E-03   0.645112E+01   0.215714E+05   0.216740E+05   0.215714E+05  -0.231609E-03   0.746554E+04   0.746337E+04   0.422445E-03   0.248705E-07   0.344431E+00  -0.436036E+06
   0.238945E+01   0.122923E+05   0.121944E+05   0.131429E-03   0.131429E-03   0.189174E+01   0.122177E+05   0.122758E+05   0.122177E+05  -0.131180E-03   0.422838E+04   0.422707E+04   0.183590E-03   0.723215E-08   0.344430E+00  -0.176957E+06
